{
"lowlevel": {
    "average_loudness": 0.675488650799,
    "barkbands_crest": {
        "mean": 11.0772533417,
        "var": 21.3206710815
    },
    "barkbands_flatness_db": {
        "mean": 0.172140449286,
        "var": 0.00280131422915
    },
    "barkbands_kurtosis": {
        "mean": 5.81201887131,
        "var": 243.613021851
    },
    "barkbands_skewness": {
        "mean": 1.58260953426,
        "var": 1.82997226715
    },
    "barkbands_spread": {
        "mean": 18.2684001923,
        "var": 90.1032485962
    },
    "dissonance": {
        "mean": 0.446415930986,
        "var": 0.00158402707893
    },
    "dynamic_complexity": 9.35874176025,
    "erbbands_crest": {
        "mean": 12.2261886597,
        "var": 37.8912239075
    },
    "erbbands_flatness_db": {
        "mean": 0.201261296868,
        "var": 0.00288603361696
    },
    "erbbands_kurtosis": {
        "mean": 2.27325820923,
        "var": 73.5913085938
    },
    "erbbands_skewness": {
        "mean": 0.435066252947,
        "var": 1.55197548866
    },
    "erbbands_spread": {
        "mean": 28.8853111267,
        "var": 162.784912109
    },
    "hfc": {
        "mean": 16.4518489838,
        "var": 347.760314941
    },
    "melbands_crest": {
        "mean": 15.7958669662,
        "var": 36.7332115173
    },
    "melbands_flatness_db": {
        "mean": 0.22674266994,
        "var": 0.00406855950132
    },
    "melbands_kurtosis": {
        "mean": 11.4934396744,
        "var": 300.585784912
    },
    "melbands_skewness": {
        "mean": 2.35773801804,
        "var": 1.85951638222
    },
    "melbands_spread": {
        "mean": 21.1967945099,
        "var": 217.309402466
    },
    "pitch_salience": {
        "mean": 0.46510836482,
        "var": 0.0165156666189
    },
    "silence_rate_20dB": {
        "mean": 1,
        "var": 0
    },
    "silence_rate_30dB": {
        "mean": 0.958826541901,
        "var": 0.039477840066
    },
    "silence_rate_60dB": {
        "mean": 0.374163657427,
        "var": 0.23415748775
    },
    "spectral_centroid": {
        "mean": 1228.51635742,
        "var": 435415.21875
    },
    "spectral_complexity": {
        "mean": 12.2321157455,
        "var": 91.7725067139
    },
    "spectral_decrease": {
        "mean": -7.15655446015e-009,
        "var": 8.70469025416e-017
    },
    "spectral_energy": {
        "mean": 0.0285026896745,
        "var": 0.00133648561314
    },
    "spectral_energyband_high": {
        "mean": 0.000432535394793,
        "var": 4.53948757695e-007
    },
    "spectral_energyband_low": {
        "mean": 0.0159015785903,
        "var": 0.000736422662158
    },
    "spectral_energyband_middle_high": {
        "mean": 0.00616722181439,
        "var": 5.64100737392e-005
    },
    "spectral_energyband_middle_low": {
        "mean": 0.00683656800538,
        "var": 6.66014384478e-005
    },
    "spectral_entropy": {
        "mean": 7.13360071182,
        "var": 0.198480829597
    },
    "spectral_flux": {
        "mean": 0.0638532266021,
        "var": 0.00435396749526
    },
    "spectral_kurtosis": {
        "mean": 4.96261167526,
        "var": 9.68022251129
    },
    "spectral_rms": {
        "mean": 0.00404512835667,
        "var": 1.14444501378e-005
    },
    "spectral_rolloff": {
        "mean": 1249.50817871,
        "var": 1208262.5
    },
    "spectral_skewness": {
        "mean": 1.55014157295,
        "var": 0.248219057918
    },
    "spectral_spread": {
        "mean": 3791428,
        "var": 3.12150615654e+012
    },
    "spectral_strongpeak": {
        "mean": 0.927637994289,
        "var": 2.57041454315
    },
    "zerocrossingrate": {
        "mean": 0.0479975678027,
        "var": 0.000808634038549
    },
    "barkbands": {
        "mean": [0.000145967278513, 0.00859486777335, 0.00646748999134, 0.000869865238201, 0.00100678519811, 0.00132732396014, 0.00125645415392, 0.000957450363785, 0.00120939721819, 0.000591053103562, 0.000360939069651, 0.000474913511425, 0.00197194027714, 0.00064197886968, 0.000974735536147, 0.000580411870033, 0.000251265562838, 0.000172662519617, 0.000127690887894, 0.000207472752663, 0.000162470707437, 9.04528351384e-005, 3.21974257531e-005, 1.52590982907e-005, 6.42306667942e-006, 5.0770654525e-006, 2.045876073e-007],
        "var": [1.49502440649e-007, 0.000268130650511, 0.00016995043552, 2.88892533717e-006, 2.71073463409e-006, 5.43738087799e-006, 5.90228000874e-006, 3.75387799068e-006, 9.35498064791e-006, 3.91810453948e-006, 1.14069848678e-006, 1.80699464636e-006, 1.67171456269e-005, 5.32849480805e-006, 3.87585942008e-006, 2.69442261924e-006, 1.99166976245e-007, 1.21092924132e-007, 4.09601668139e-008, 1.24376313693e-007, 8.3415983454e-008, 3.12951371484e-008, 4.07528144564e-009, 8.0236606248e-010, 2.16766243843e-010, 1.54446094802e-010, 4.99612937827e-013]
    },
    "erbbands": {
        "mean": [0.192089363933, 2.16347002983, 7.59637403488, 4.86206912994, 2.08420228958, 3.74380087852, 8.38600826263, 11.6181106567, 16.6149635315, 14.3300065994, 25.5302944183, 34.9954795837, 17.0570640564, 18.59009552, 18.7418079376, 23.4685211182, 81.6479034424, 56.6732177734, 58.9811668396, 30.1851272583, 23.5603370667, 10.5567102432, 12.2474813461, 6.29552984238, 7.42382287979, 9.98265266418, 8.76523017883, 5.72354364395, 2.86329674721, 0.959520757198, 0.956908166409, 0.524778842926, 0.214838445187, 0.0894789844751, 0.0394878387451, 0.0356786027551, 0.00498360395432, 0.000846082286444, 3.76127209165e-005, 3.3777741919e-005],
        "var": [0.183816045523, 15.8670520782, 230.740615845, 72.3241500854, 12.183883667, 42.3000640869, 254.160446167, 624.46697998, 808.58795166, 1360.16809082, 2200.73999023, 7099.14599609, 4213.54785156, 2173.59106445, 3606.65869141, 3026.20288086, 29820.4667969, 14409.8291016, 11562.3496094, 3617.00830078, 3489.93066406, 289.993103027, 627.436950684, 94.9423522949, 144.673324585, 306.187103271, 241.894821167, 104.018539429, 23.9825935364, 2.98666954041, 3.86209392548, 0.834188818932, 0.19647821784, 0.037129599601, 0.00883674994111, 0.00898669939488, 0.000137035618536, 5.73319675823e-006, 6.21916917964e-009, 1.77117887024e-009]
    },
    "gfcc": {
        "mean": [-115.508209229, 112.500839233, -142.184738159, 31.3523330688, -60.8552360535, 6.46502065659, -35.2289237976, -1.32862997055, -14.4907217026, 9.35408973694, -11.2603731155, -8.79892444611, -7.60717201233],
        "cov": [[33402.03125, 361.695281982, -1284.26550293, 1547.38659668, 1940.67932129, 1248.39257813, 1455.40466309, -324.394836426, 393.299163818, 452.243347168, -187.398086548, -156.133331299, -364.643218994], [361.695281982, 737.262573242, 115.348770142, 100.63608551, 217.665328979, -39.059211731, 61.4676971436, -88.21534729, -5.92256784439, -69.8907928467, 44.7770423889, -94.6896209717, 41.5446929932], [-1284.26550293, 115.348770142, 1500.80847168, 299.057403564, 479.005462646, 565.422363281, -23.629486084, 249.707244873, -40.6039810181, 165.512023926, 39.9127197266, 123.721931458, -197.139328003], [1547.38659668, 100.63608551, 299.057403564, 378.732574463, 304.27230835, 231.176193237, 106.098823547, 36.4125442505, 19.7959003448, 57.6550979614, 9.9456577301, 16.7857131958, -25.054233551], [1940.67932129, 217.665328979, 479.005462646, 304.27230835, 601.720214844, 425.19909668, 220.109634399, 94.8658981323, 57.622718811, 109.75907135, 6.21779823303, -7.82723283768, -109.61769104], [1248.39257813, -39.059211731, 565.422363281, 231.176193237, 425.19909668, 544.963134766, 191.845733643, 164.00680542, 31.2341842651, 123.918022156, 15.5190629959, 41.7021369934, -127.487480164], [1455.40466309, 61.4676971436, -23.629486084, 106.098823547, 220.109634399, 191.845733643, 291.403747559, 64.9711532593, 61.6045227051, -10.3404569626, -26.5026836395, -55.4765052795, -23.1948108673], [-324.394836426, -88.21534729, 249.707244873, 36.4125442505, 94.8658981323, 164.00680542, 64.9711532593, 192.898742676, 48.1962089539, 40.0775146484, -25.6470737457, 9.6122636795, -44.3779945374], [393.299163818, -5.92256784439, -40.6039810181, 19.7959003448, 57.622718811, 31.2341842651, 61.6045227051, 48.1962089539, 121.151229858, 22.015789032, -23.305524826, -38.4801597595, -21.1459541321], [452.243347168, -69.8907928467, 165.512023926, 57.6550979614, 109.75907135, 123.918022156, -10.3404569626, 40.0775146484, 22.015789032, 163.837280273, 55.5753364563, 30.0694122314, -71.2704849243], [-187.398086548, 44.7770423889, 39.9127197266, 9.9456577301, 6.21779823303, 15.5190629959, -26.5026836395, -25.6470737457, -23.305524826, 55.5753364563, 127.588752747, 32.7495651245, 6.33206892014], [-156.133331299, -94.6896209717, 123.721931458, 16.7857131958, -7.82723283768, 41.7021369934, -55.4765052795, 9.6122636795, -38.4801597595, 30.0694122314, 32.7495651245, 137.822860718, 14.7188558578], [-364.643218994, 41.5446929932, -197.139328003, -25.054233551, -109.61769104, -127.487480164, -23.1948108673, -44.3779945374, -21.1459541321, -71.2704849243, 6.33206892014, 14.7188558578, 165.398742676]],
        "icov": [[7.35691719456e-005, -5.65921072848e-005, 0.000207861798117, -0.000234485036344, -6.7020097049e-005, -0.000141239856021, -0.000163554941537, 0.000214673273149, -1.92182824321e-006, -0.000244411203312, 0.000255015620496, -0.000181505645742, 0.000170845145476], [-5.65921072848e-005, 0.00314378202893, -0.00106343033258, 0.000425916514359, -0.00240556173958, 0.00206016167067, -0.000158395734616, 0.00103841605596, -0.000106268853415, 0.00212553981692, -0.00232028774917, 0.00227552745491, -0.00107869377825], [0.000207861798117, -0.00106343033258, 0.00290032778867, -0.00127982441336, -0.000527914147824, -0.00219441647641, 0.00181512441486, -0.00174393120687, 0.00110817723908, -0.000304423971102, 0.00081104610581, -0.00147044134792, 0.00184404966421], [-0.000234485036344, 0.000425916514359, -0.00127982441336, 0.00563635956496, -0.00189615308773, 0.00022850134701, 4.14096903114e-005, 0.000542536668945, -0.000350661634002, 0.000320935883792, -0.000573285971768, 0.000489628699142, -0.00215291348286], [-6.7020097049e-005, -0.00240556173958, -0.000527914147824, -0.00189615308773, 0.00803133100271, -0.00362979527563, -0.00215715053491, 0.00101179257035, -0.00116959644947, -0.00275712297298, 0.00199205777608, -0.000679302669596, 0.000680541212205], [-0.000141239856021, 0.00206016167067, -0.00219441647641, 0.00022850134701, -0.00362979527563, 0.00918761081994, -0.0033363411203, -0.00181217596401, 0.00122410827316, -0.0001162399858, -0.00195220834576, -0.000229036770179, 0.000513730105013], [-0.000163554941537, -0.000158395734616, 0.00181512441486, 4.14096903114e-005, -0.00215715053491, -0.0033363411203, 0.00951567478478, -0.00290403445251, -0.000960340315942, 0.00389156071469, -0.00127712346148, 0.00219777715392, -0.000189657803276], [0.000214673273149, 0.00103841605596, -0.00174393120687, 0.000542536668945, 0.00101179257035, -0.00181217596401, -0.00290403445251, 0.0116000976413, -0.00392509065568, -0.00167378690094, 0.00244934763759, -0.000110084394692, -0.0011120729614], [-1.92182824321e-006, -0.000106268853415, 0.00110817723908, -0.000350661634002, -0.00116959644947, 0.00122410827316, -0.000960340315942, -0.00392509065568, 0.0124876592308, -0.00263626500964, 0.00150735874195, 0.00207442371175, 0.000488994468469], [-0.000244411203312, 0.00212553981692, -0.000304423971102, 0.000320935883792, -0.00275712297298, -0.0001162399858, 0.00389156071469, -0.00167378690094, -0.00263626500964, 0.0145746218041, -0.00752929644659, 0.000534763152245, 0.00297664967366], [0.000255015620496, -0.00232028774917, 0.00081104610581, -0.000573285971768, 0.00199205777608, -0.00195220834576, -0.00127712346148, 0.00244934763759, 0.00150735874195, -0.00752929644659, 0.0135582173243, -0.00299745146185, -0.000985534745269], [-0.000181505645742, 0.00227552745491, -0.00147044134792, 0.000489628699142, -0.000679302669596, -0.000229036770179, 0.00219777715392, -0.000110084394692, 0.00207442371175, 0.000534763152245, -0.00299745146185, 0.0123439505696, -0.00348634412512], [0.000170845145476, -0.00107869377825, 0.00184404966421, -0.00215291348286, 0.000680541212205, 0.000513730105013, -0.000189657803276, -0.0011120729614, 0.000488994468469, 0.00297664967366, -0.000985534745269, -0.00348634412512, 0.0107805682346]]
    },
    "melbands": {
        "mean": [0.00205468502827, 0.00365423387848, 0.000781335635111, 0.00020571652567, 0.000258223037235, 0.000244680675678, 0.000265500508249, 0.000150701263919, 0.000208006298635, 0.000210438636714, 7.88492252468e-005, 7.41209078114e-005, 5.56071026949e-005, 5.42273191968e-005, 7.26292855688e-005, 0.000227355805691, 8.96277633728e-005, 8.84528635652e-005, 5.43535134057e-005, 5.04615600221e-005, 2.0887271603e-005, 1.05045683085e-005, 1.33874191306e-005, 8.87164333108e-006, 4.48270657216e-006, 4.75445813208e-006, 5.72366343476e-006, 6.97371297065e-006, 5.81270660405e-006, 4.6939189815e-006, 3.04892478198e-006, 1.98418001673e-006, 7.67196809193e-007, 4.00087088792e-007, 4.44492371798e-007, 6.64691754082e-007, 2.13292423723e-007, 1.65056178503e-007, 9.79233405474e-008, 6.68341897381e-008],
        "var": [1.70614912349e-005, 4.52410276921e-005, 1.77578385774e-006, 1.40446616115e-007, 2.07407566677e-007, 2.45664693921e-007, 2.18321048351e-007, 1.51289270889e-007, 1.37363258546e-007, 2.86839110686e-007, 1.06420266377e-007, 3.85848686335e-008, 2.67363517992e-008, 2.17233075972e-008, 3.39037136143e-008, 2.29392682627e-007, 6.10457320249e-008, 2.61067540919e-008, 1.40033797891e-008, 2.02065475463e-008, 2.16898499161e-009, 3.41405986815e-010, 8.33826729885e-010, 2.983703562e-010, 5.89663665118e-011, 7.31378915764e-011, 7.97510252282e-011, 1.74439698797e-010, 1.17000464872e-010, 7.72862190912e-011, 3.88045741373e-011, 1.33096962271e-011, 1.91007257754e-012, 5.68925440612e-013, 6.78805644506e-013, 2.59358246685e-012, 1.60288435628e-013, 1.22521472677e-013, 5.64005053327e-014, 2.11622203322e-014]
    },
    "mfcc": {
        "mean": [-741.550231934, 125.181549072, -15.8295564651, 24.2306118011, -4.02667713165, 8.16949272156, -8.40598201752, -11.1126976013, -0.282546520233, 6.28839159012, 1.22788703442, 5.81061172485, -2.8545396328],
        "cov": [[27095.0332031, 2148.25927734, -2385.70605469, 1244.06091309, 295.735351563, 1876.78808594, 644.213195801, 456.704284668, 506.286560059, 789.712768555, -17.5239963531, 346.322723389, -214.637481689], [2148.25927734, 882.847839355, -148.868942261, 168.916137695, 137.599105835, 172.609329224, 96.2512435913, 4.18771934509, 15.4131031036, 46.1984672546, -12.4531059265, 0.367162287235, -30.9892444611], [-2385.70605469, -148.868942261, 1035.35949707, 37.7378997803, 404.430389404, 117.889709473, 184.890289307, 142.683868408, -32.8140296936, 49.0392417908, 115.440383911, 50.1739120483, 85.3360824585], [1244.06091309, 168.916137695, 37.7378997803, 272.586212158, 159.044235229, 179.351745605, 105.267997742, 68.411605835, 61.7436943054, 71.067024231, 9.41806793213, 27.5792789459, -3.47860836983], [295.735351563, 137.599105835, 404.430389404, 159.044235229, 435.39263916, 287.690460205, 219.770935059, 139.920730591, 54.9527511597, 140.527587891, 104.870529175, 80.8375015259, 22.9524230957], [1876.78808594, 172.609329224, 117.889709473, 179.351745605, 287.690460205, 436.750732422, 240.469497681, 166.659698486, 67.9016647339, 164.392379761, 87.8592910767, 97.4517288208, -3.12168264389], [644.213195801, 96.2512435913, 184.890289307, 105.267997742, 219.770935059, 240.469497681, 293.142089844, 137.572509766, 59.1144943237, 101.63407135, 66.3347396851, 74.391166687, 17.9814319611], [456.704284668, 4.18771934509, 142.683868408, 68.411605835, 139.920730591, 166.659698486, 137.572509766, 217.35017395, 98.7203369141, 86.9508590698, 39.1241950989, 28.8792114258, -9.21162414551], [506.286560059, 15.4131031036, -32.8140296936, 61.7436943054, 54.9527511597, 67.9016647339, 59.1144943237, 98.7203369141, 159.136550903, 95.847076416, 17.4561271667, -6.01180791855, -41.0674133301], [789.712768555, 46.1984672546, 49.0392417908, 71.067024231, 140.527587891, 164.392379761, 101.63407135, 86.9508590698, 95.847076416, 190.00062561, 99.9160232544, 47.4455909729, -41.692855835], [-17.5239963531, -12.4531059265, 115.440383911, 9.41806793213, 104.870529175, 87.8592910767, 66.3347396851, 39.1241950989, 17.4561271667, 99.9160232544, 177.957244873, 86.1706161499, -16.9310474396], [346.322723389, 0.367162287235, 50.1739120483, 27.5792789459, 80.8375015259, 97.4517288208, 74.391166687, 28.8792114258, -6.01180791855, 47.4455909729, 86.1706161499, 134.036437988, 35.0322189331], [-214.637481689, -30.9892444611, 85.3360824585, -3.47860836983, 22.9524230957, -3.12168264389, 17.9814319611, -9.21162414551, -41.0674133301, -41.692855835, -16.9310474396, 35.0322189331, 111.665367126]],
        "icov": [[0.000118602416478, -0.000132338449475, 0.000252495054156, -0.000232936581597, 0.000177769732545, -0.000476892892038, 8.34425882204e-005, -7.14469788363e-005, 4.85169548483e-005, -0.000270665244898, 0.000166208439623, -0.000127828621771, -9.60855832091e-005], [-0.000132338449475, 0.00168050639331, 0.000285885646008, -0.000312809395837, -0.00108035269659, 0.000399637763621, -0.000446919584647, 0.000402269070037, 0.000413961533923, 0.000489656988066, -0.000123495279695, 0.000626149005257, 0.000442067423137], [0.000252495054156, 0.000285885646008, 0.00306933326647, -0.000362658000086, -0.00264693680219, 0.000381112942705, -0.000339727703249, -0.00156089989468, 0.00177695951425, -0.000303610780975, -0.000738821690902, 0.00109987554606, -0.00122850819025], [-0.000232936581597, -0.000312809395837, -0.000362658000086, 0.0065171555616, -0.001772400341, -0.000789683079347, -7.48497257064e-007, 0.000850440002978, -0.00205757538788, 0.00097242987249, 0.000836221966892, -0.000152717053425, 0.000139193958603], [0.000177769732545, -0.00108035269659, -0.00264693680219, -0.001772400341, 0.00924332719296, -0.00373109080829, -0.00075179990381, 0.000721723365132, -0.00109251530375, -0.00198286981322, -0.000255597464275, -0.000679484452121, -0.000781879469287], [-0.000476892892038, 0.000399637763621, 0.000381112942705, -0.000789683079347, -0.00373109080829, 0.0101611660793, -0.00283595756628, -0.00302909943275, 0.00338172237389, -0.0024796591606, 0.000338040932547, -0.0010674475925, 0.00084016949404], [8.34425882204e-005, -0.000446919584647, -0.000339727703249, -7.48497257064e-007, -0.00075179990381, -0.00283595756628, 0.00786269363016, -0.00167508877348, -0.00101478712168, -5.00349415233e-006, 0.000242821100983, -0.00154259835836, -0.000887409492861], [-7.14469788363e-005, 0.000402269070037, -0.00156089989468, 0.000850440002978, 0.000721723365132, -0.00302909943275, -0.00167508877348, 0.0106192473322, -0.00625343807042, 0.00160282512661, 0.000122323239339, -3.88213848055e-005, 0.000435721158283], [4.85169548483e-005, 0.000413961533923, 0.00177695951425, -0.00205757538788, -0.00109251530375, 0.00338172237389, -0.00101478712168, -0.00625343807042, 0.0150525141507, -0.00729063898325, 0.00171275611501, 0.00154673401266, 0.00134092313237], [-0.000270665244898, 0.000489656988066, -0.000303610780975, 0.00097242987249, -0.00198286981322, -0.0024796591606, -5.00349415233e-006, 0.00160282512661, -0.00729063898325, 0.0162665508687, -0.00620077596977, 0.00047606730368, 0.00265189097263], [0.000166208439623, -0.000123495279695, -0.000738821690902, 0.000836221966892, -0.000255597464275, 0.000338040932547, 0.000242821100983, 0.000122323239339, 0.00171275611501, -0.00620077596977, 0.0134336771443, -0.00792088732123, 0.00374538544565], [-0.000127828621771, 0.000626149005257, 0.00109987554606, -0.000152717053425, -0.000679484452121, -0.0010674475925, -0.00154259835836, -3.88213848055e-005, 0.00154673401266, 0.00047606730368, -0.00792088732123, 0.0160327814519, -0.00604648562148], [-9.60855832091e-005, 0.000442067423137, -0.00122850819025, 0.000139193958603, -0.000781879469287, 0.00084016949404, -0.000887409492861, 0.000435721158283, 0.00134092313237, 0.00265189097263, 0.00374538544565, -0.00604648562148, 0.0141476597637]]
    },
    "spectral_contrast_coeffs": {
        "mean": [-0.649869859219, -0.706737041473, -0.716434955597, -0.713932514191, -0.758595049381, -0.714314877987],
        "var": [0.00896056462079, 0.00563316326588, 0.00870713032782, 0.00864418316633, 0.00485838996246, 0.0062343343161]
    },
    "spectral_contrast_valleys": {
        "mean": [-8.65289974213, -7.70385122299, -8.83486652374, -8.93932342529, -9.02335834503, -12.0806465149],
        "var": [4.98214006424, 2.84383964539, 2.98057389259, 3.04017114639, 2.99046802521, 2.36390256882]
    }
},
"metadata": {
    "audio_properties": {
        "analysis_sample_rate": 44100,
        "bit_rate": 106838,
        "equal_loudness": 0,
        "length": 45.0873451233,
        "lossless": 0,
        "replay_gain": -8.73675346375,
        "sample_rate": 44100,
        "codec": "mp3",
        "downmix": "mix",
        "md5_encoded": "f885a9a9dc01c6e12818a3b1e2fb3d8b"
    },
    "tags": {
        "file_name": "732.mp3"
    },
    "version": {
        "essentia": "2.1-beta2",
        "essentia_git_sha": "v2.1_beta2",
        "extractor": "music 1.0"
    }
},
"rhythm": {
    "beats_count": 93,
    "beats_loudness": {
        "mean": 0.0425836741924,
        "var": 0.00212958059274
    },
    "bpm": 133.172958374,
    "bpm_histogram_first_peak_bpm": {
        "mean": 133,
        "var": 0
    },
    "bpm_histogram_first_peak_spread": {
        "mean": 0.597014963627,
        "var": 0
    },
    "bpm_histogram_first_peak_weight": {
        "mean": 0.293478250504,
        "var": 0
    },
    "bpm_histogram_second_peak_bpm": {
        "mean": 140,
        "var": 0
    },
    "bpm_histogram_second_peak_spread": {
        "mean": 0,
        "var": 0
    },
    "bpm_histogram_second_peak_weight": {
        "mean": 0.0869565233588,
        "var": 0
    },
    "danceability": 1.04147422314,
    "onset_rate": 2.8156671524,
    "beats_loudness_band_ratio": {
        "mean": [0.371619224548, 0.154138088226, 0.235916152596, 0.129391923547, 0.0978037640452, 0.03234763816],
        "var": [0.0819868594408, 0.027479255572, 0.0470990166068, 0.0156850274652, 0.00867435149848, 0.00132348120678]
    },
    "beats_position": [0.66176867485, 1.33514738083, 2.02013611794, 2.69351458549, 3.3785033226, 4.06349182129, 4.67882061005, 5.2941493988, 5.90947818756, 6.52480697632, 7.12852573395, 7.58131504059, 8.04571437836, 8.498503685, 8.95129203796, 9.4040813446, 9.85687065125, 10.2980499268, 10.7392292023, 11.1687984467, 11.6099767685, 12.0743761063, 12.5271654129, 12.9799547195, 13.5372333527, 14.0945119858, 14.6517915726, 15.1858501434, 15.7199087143, 16.2539672852, 16.6835365295, 17.1131057739, 17.5542850494, 17.9838542938, 18.4134235382, 18.8429927826, 19.272562027, 19.7137413025, 20.1433105469, 20.5844898224, 21.0488891602, 21.5248966217, 21.9892959595, 22.430475235, 22.8716545105, 23.3244438171, 23.7772331238, 24.2416324615, 24.6828117371, 25.1239910126, 25.5651702881, 26.0063495636, 26.4475269318, 26.8887062073, 27.3414955139, 27.7942848206, 28.2470741272, 28.6998634338, 29.1410427094, 29.593832016, 30.0350112915, 30.4878005981, 30.9289798737, 31.3701572418, 31.8113365173, 32.2525177002, 32.6936950684, 33.1348762512, 33.5876655579, 34.0404510498, 34.4816322327, 34.9460296631, 35.3872108459, 35.8516082764, 36.3160095215, 36.7571868896, 37.2099761963, 37.6627655029, 38.1271629333, 38.57995224, 39.0327415466, 39.4971427917, 39.9499320984, 40.402721405, 40.8671188354, 41.3199081421, 41.7726974487, 42.2254867554, 42.6666641235, 43.1194534302, 43.5838546753, 44.0482521057, 44.5126533508]
},
"tonal": {
    "chords_changes_rate": 0.00617283955216,
    "chords_number_rate": 0.00514403311536,
    "chords_strength": {
        "mean": 0.623854339123,
        "var": 0.00606317725033
    },
    "hpcp_entropy": {
        "mean": 1.81048071384,
        "var": 0.387216597795
    },
    "key_strength": 0.782904624939,
    "tuning_diatonic_strength": 0.632200837135,
    "tuning_equal_tempered_deviation": 0.192694813013,
    "tuning_frequency": 439.745910645,
    "tuning_nontempered_energy_ratio": 0.901858150959,
    "hpcp": {
        "mean": [0.411956071854, 0.37159088254, 0.12109670788, 0.100220456719, 0.116728790104, 0.0642538443208, 0.0448731891811, 0.0458660684526, 0.0697820186615, 0.118590191007, 0.104996003211, 0.0572149269283, 0.0688674226403, 0.087326683104, 0.163000255823, 0.391584962606, 0.368019193411, 0.116174563766, 0.0270372573286, 0.0175330583006, 0.0344959422946, 0.105778999627, 0.123128555715, 0.0907257795334, 0.201522782445, 0.241929262877, 0.108931951225, 0.039972871542, 0.0336604714394, 0.0595178157091, 0.137057855725, 0.133285731077, 0.063292466104, 0.0605490989983, 0.112822115421, 0.209153786302],
        "var": [0.132273837924, 0.120538711548, 0.0315995998681, 0.048779476434, 0.0741324201226, 0.0170867927372, 0.0132631920278, 0.0130557380617, 0.0211177896708, 0.0387497991323, 0.0351887643337, 0.0146949663758, 0.0312641859055, 0.0451351106167, 0.0480216629803, 0.120954960585, 0.109858937562, 0.0255040451884, 0.00793507881463, 0.00632953969762, 0.0108335921541, 0.0427354089916, 0.057769946754, 0.023700369522, 0.0676430463791, 0.111637443304, 0.0242064427584, 0.00722294393927, 0.0108917746693, 0.0217958688736, 0.0702957957983, 0.0617456547916, 0.0245278235525, 0.0257024187595, 0.0603598617017, 0.0740978717804]
    },
    "chords_histogram": [82.7160491943, 0, 0, 0, 1.13168728352, 0, 0, 0, 0, 7.71604919434, 0, 0, 0, 0, 0, 0, 0, 0, 0, 0, 0, 0, 7.40740728378, 1.02880656719],
    "thpcp": [1, 0.902015805244, 0.293955385685, 0.243279471993, 0.283352524042, 0.155972570181, 0.108927123249, 0.111337281764, 0.1693918854, 0.287870973349, 0.254871845245, 0.138885989785, 0.167171761394, 0.211980566382, 0.39567387104, 0.95055025816, 0.893345713615, 0.282007157803, 0.0656314119697, 0.0425605028868, 0.0837369412184, 0.256772518158, 0.298887580633, 0.220231682062, 0.489185124636, 0.587269544601, 0.264426141977, 0.0970318764448, 0.0817088857293, 0.144476115704, 0.332700163126, 0.323543548584, 0.153638869524, 0.146979510784, 0.273869276047, 0.507708966732],
    "chords_key": "D",
    "chords_scale": "minor",
    "key_key": "D",
    "key_scale": "minor"
}
}