{
"lowlevel": {
    "average_loudness": 0.896650373936,
    "barkbands_crest": {
        "mean": 12.6983699799,
        "var": 13.0666046143
    },
    "barkbands_flatness_db": {
        "mean": 0.253337264061,
        "var": 0.00310511817224
    },
    "barkbands_kurtosis": {
        "mean": 14.073964119,
        "var": 204.107650757
    },
    "barkbands_skewness": {
        "mean": 2.62058949471,
        "var": 1.92080926895
    },
    "barkbands_spread": {
        "mean": 6.77514314651,
        "var": 33.5811233521
    },
    "dissonance": {
        "mean": 0.411664694548,
        "var": 0.00215150858276
    },
    "dynamic_complexity": 2.21349096298,
    "erbbands_crest": {
        "mean": 13.4938077927,
        "var": 22.5195579529
    },
    "erbbands_flatness_db": {
        "mean": 0.237383395433,
        "var": 0.00216777739115
    },
    "erbbands_kurtosis": {
        "mean": 4.04203176498,
        "var": 25.6878986359
    },
    "erbbands_skewness": {
        "mean": 1.5148062706,
        "var": 0.7083761096
    },
    "erbbands_spread": {
        "mean": 24.5276126862,
        "var": 235.968643188
    },
    "hfc": {
        "mean": 10.9208431244,
        "var": 87.8857650757
    },
    "melbands_crest": {
        "mean": 16.7343997955,
        "var": 27.5427150726
    },
    "melbands_flatness_db": {
        "mean": 0.31856611371,
        "var": 0.00459270551801
    },
    "melbands_kurtosis": {
        "mean": 21.7390174866,
        "var": 452.62109375
    },
    "melbands_skewness": {
        "mean": 3.02179002762,
        "var": 2.68466806412
    },
    "melbands_spread": {
        "mean": 7.36981058121,
        "var": 58.2219963074
    },
    "pitch_salience": {
        "mean": 0.489013433456,
        "var": 0.0100688496605
    },
    "silence_rate_20dB": {
        "mean": 1,
        "var": 0
    },
    "silence_rate_30dB": {
        "mean": 0.985066950321,
        "var": 0.0147101581097
    },
    "silence_rate_60dB": {
        "mean": 0.00772399595007,
        "var": 0.00766435824335
    },
    "spectral_centroid": {
        "mean": 591.983215332,
        "var": 283829.5625
    },
    "spectral_complexity": {
        "mean": 9.96240997314,
        "var": 13.9115428925
    },
    "spectral_decrease": {
        "mean": -7.35552907472e-009,
        "var": 3.33634068738e-017
    },
    "spectral_energy": {
        "mean": 0.0287519954145,
        "var": 0.000504744471982
    },
    "spectral_energyband_high": {
        "mean": 0.000127005623654,
        "var": 2.57949892557e-007
    },
    "spectral_energyband_low": {
        "mean": 0.00582617521286,
        "var": 8.1578247773e-005
    },
    "spectral_energyband_middle_high": {
        "mean": 0.00154769478831,
        "var": 3.05894241137e-006
    },
    "spectral_energyband_middle_low": {
        "mean": 0.0240725558251,
        "var": 0.000423414690886
    },
    "spectral_entropy": {
        "mean": 6.33462285995,
        "var": 0.24373011291
    },
    "spectral_flux": {
        "mean": 0.0514064244926,
        "var": 0.0012602325296
    },
    "spectral_kurtosis": {
        "mean": 12.6417665482,
        "var": 101.102592468
    },
    "spectral_rms": {
        "mean": 0.00498775579035,
        "var": 3.17304147757e-006
    },
    "spectral_rolloff": {
        "mean": 592.063720703,
        "var": 855838.5
    },
    "spectral_skewness": {
        "mean": 2.59226346016,
        "var": 0.982605993748
    },
    "spectral_spread": {
        "mean": 3182083,
        "var": 3.01237639578e+012
    },
    "spectral_strongpeak": {
        "mean": 1.22656309605,
        "var": 0.586157143116
    },
    "zerocrossingrate": {
        "mean": 0.0274863112718,
        "var": 0.000662573089357
    },
    "barkbands": {
        "mean": [1.2424804936e-006, 7.40032919566e-005, 0.00302114267834, 0.00431903125718, 0.00927757844329, 0.00493883434683, 0.00170064996928, 0.00352819566615, 0.000159289440489, 0.000417003175244, 0.000446298683528, 0.000175438210135, 5.77551982133e-005, 4.14188762079e-005, 4.78973488498e-005, 3.64849147445e-005, 0.000130581960548, 9.84623839031e-005, 0.000128645071527, 3.70697343897e-005, 4.51192645414e-005, 3.35321856255e-005, 1.51952972374e-005, 9.11792631086e-006, 9.17107172427e-006, 2.74903754871e-006, 1.31191399078e-007],
        "var": [1.38264061658e-011, 2.43085551688e-008, 1.32061477416e-005, 0.000135577909532, 0.000119725889817, 2.85694914055e-005, 6.8302388172e-006, 4.7490138968e-005, 1.20745283994e-007, 9.84877829069e-007, 3.76207282216e-007, 1.11133360292e-007, 1.44065852581e-008, 1.48965169089e-008, 1.057498622e-008, 6.29468255298e-009, 8.65809255401e-008, 5.62823316841e-008, 5.95439892948e-008, 7.6644575131e-009, 1.52655523777e-008, 2.13228759094e-008, 5.31540367277e-009, 4.73067141016e-009, 5.20650500491e-009, 7.21851634022e-010, 3.74897378766e-012]
    },
    "erbbands": {
        "mean": [0.00108175410423, 0.0595491416752, 2.11445331573, 11.6643180847, 13.8343353271, 32.3000679016, 73.4608917236, 18.5680599213, 17.3793201447, 74.9099731445, 33.2517204285, 4.24490404129, 10.0793933868, 18.4162750244, 14.5529794693, 6.78643369675, 2.92892765999, 2.60724544525, 1.52498066425, 2.59990906715, 3.12804746628, 5.79666662216, 6.69311857224, 8.55175304413, 3.32574796677, 1.40247499943, 1.61280238628, 1.66291081905, 1.47034335136, 0.601338922977, 0.429952740669, 0.188518032432, 0.172661036253, 0.108394123614, 0.0644003376365, 0.0187880992889, 0.00348289962858, 0.000569267605897, 3.0167560908e-005, 3.27860179823e-005],
        "var": [1.2713049955e-006, 0.00406906194985, 5.89509820938, 577.629699707, 681.614624023, 1674.98217773, 5628.29199219, 366.028869629, 692.998657227, 15591.6347656, 3114.56567383, 26.5389022827, 239.875900269, 1801.34912109, 725.05657959, 183.73046875, 28.9996051788, 45.1217422485, 8.72135543823, 33.7098350525, 34.0326766968, 165.061889648, 194.418060303, 273.982666016, 39.2193374634, 10.2894868851, 26.1620311737, 22.8647251129, 31.4997291565, 11.3768663406, 4.28054332733, 1.04439842701, 1.76927924156, 0.699101567268, 0.339309841394, 0.0349160172045, 0.00118039653171, 3.37820601999e-005, 5.10275519616e-008, 7.27242710497e-010]
    },
    "gfcc": {
        "mean": [-72.6352615356, 140.98878479, -111.02961731, 22.7550563812, -78.3227539063, -19.3779392242, -46.3915748596, -9.36694717407, -34.0600776672, -20.4283237457, -14.1540079117, -7.32755470276, -9.52968215942],
        "cov": [[4478.10546875, -584.732177734, -610.890075684, 375.930908203, -295.035858154, -33.0399703979, -176.054870605, 73.6898880005, -217.288146973, 42.561756134, -81.4928131104, 156.282165527, -172.676620483], [-584.732177734, 1061.40258789, 211.899154663, -198.57800293, 167.771713257, -68.2367172241, 106.136451721, -105.630432129, 133.630950928, -138.925979614, 84.4030990601, -240.556793213, 93.2595062256], [-610.890075684, 211.899154663, 734.935852051, -90.7325439453, 136.318572998, 174.769515991, 1.86516439915, 9.23075962067, 17.8127193451, 63.6823005676, -96.985458374, -124.375015259, -95.7444763184], [375.930908203, -198.57800293, -90.7325439453, 289.45211792, 24.2525691986, 32.7405967712, 6.75795030594, -5.65787315369, -34.3285331726, -27.6099395752, 0.315624445677, 34.4428977966, -3.15051841736], [-295.035858154, 167.771713257, 136.318572998, 24.2525691986, 220.033859253, 39.492855072, 8.07855987549, -9.43289279938, -2.58475422859, -30.0995292664, -17.2818069458, -44.068271637, -2.04588294029], [-33.0399703979, -68.2367172241, 174.769515991, 32.7405967712, 39.492855072, 194.187728882, 11.6365337372, 22.1029243469, -6.19089412689, 50.4852752686, -39.4250144958, -34.6253700256, -58.7364616394], [-176.054870605, 106.136451721, 1.86516439915, 6.75795030594, 8.07855987549, 11.6365337372, 120.657478333, 18.3189811707, 21.8167972565, -14.3724002838, 24.6056098938, -32.4043769836, -22.0784397125], [73.6898880005, -105.630432129, 9.23075962067, -5.65787315369, -9.43289279938, 22.1029243469, 18.3189811707, 127.19002533, 5.65465593338, 24.8493843079, -11.444694519, 14.6307792664, -50.4551048279], [-217.288146973, 133.630950928, 17.8127193451, -34.3285331726, -2.58475422859, -6.19089412689, 21.8167972565, 5.65465593338, 103.53968811, 11.4866247177, 13.3873577118, -44.2332496643, 9.35422515869], [42.561756134, -138.925979614, 63.6823005676, -27.6099395752, -30.0995292664, 50.4852752686, -14.3724002838, 24.8493843079, 11.4866247177, 128.245880127, -16.1061687469, 20.3994903564, -56.7101898193], [-81.4928131104, 84.4030990601, -96.985458374, 0.315624445677, -17.2818069458, -39.4250144958, 24.6056098938, -11.444694519, 13.3873577118, -16.1061687469, 94.7034683228, 7.14752578735, 20.8510665894], [156.282165527, -240.556793213, -124.375015259, 34.4428977966, -44.068271637, -34.6253700256, -32.4043769836, 14.6307792664, -44.2332496643, 20.3994903564, 7.14752578735, 149.059738159, 20.8299827576], [-172.676620483, 93.2595062256, -95.7444763184, -3.15051841736, -2.04588294029, -58.7364616394, -22.0784397125, -50.4551048279, 9.35422515869, -56.7101898193, 20.8510665894, 20.8299827576, 146.000030518]],
        "icov": [[0.000601370120421, -0.00103708147071, 0.000788621371612, -0.0011892906623, 0.00115740811452, -0.000212034370634, 0.00139178417157, -0.000635896460153, 0.00140432477929, -0.000632122100797, 0.00137583410833, -0.000460718321847, 0.00132056477014], [-0.00103708147071, 0.00598292564973, -0.0023253604304, 0.00424922537059, -0.0040689567104, 0.0015467320336, -0.00434120511636, 0.0029905512929, -0.004733950831, 0.00362914078869, -0.00547629129142, 0.00461829081178, -0.00370309362188], [0.000788621371612, -0.0023253604304, 0.00378183298744, -0.0012034594547, 0.000875599856954, -0.0019413549453, 0.00240177218802, -0.00090753036784, 0.00237089232542, -0.00196026591584, 0.00400440348312, -0.00032632026705, 0.00271433964372], [-0.0011892906623, 0.00424922537059, -0.0012034594547, 0.00782511476427, -0.00406033173203, -0.0006408150075, -0.00405198475346, 0.0028375738766, -0.00355403008871, 0.00396035891026, -0.0040664258413, 0.00174377695657, -0.00259005418047], [0.00115740811452, -0.0040689567104, 0.000875599856954, -0.00406033173203, 0.00901427306235, -0.00143743492663, 0.00364089920186, -0.00214519910514, 0.0040743960999, -0.000809600576758, 0.00416998704895, -0.00206847954541, 0.00293590105139], [-0.000212034370634, 0.0015467320336, -0.0019413549453, -0.0006408150075, -0.00143743492663, 0.00880960188806, -0.00194630445912, 3.78279437427e-005, 9.56209842116e-005, -0.00216347235255, -0.000113396607048, 0.00284370197915, -0.000518956803717], [0.00139178417157, -0.00434120511636, 0.00240177218802, -0.00405198475346, 0.00364089920186, -0.00194630445912, 0.014664772898, -0.00372427492402, 0.00262247934006, -0.000550246390048, 0.00151704077143, -0.00136296311393, 0.00570134818554], [-0.000635896460153, 0.0029905512929, -0.00090753036784, 0.0028375738766, -0.00214519910514, 3.78279437427e-005, -0.00372427492402, 0.0115615157411, -0.00430450122803, 0.00229440885596, -0.00150605593808, -0.000237747197389, 0.00163717893884], [0.00140432477929, -0.004733950831, 0.00237089232542, -0.00355403008871, 0.0040743960999, 9.56209842116e-005, 0.00262247934006, -0.00430450122803, 0.0179543830454, -0.00666886661202, 0.00348930549808, 0.00188789912499, 0.000659098848701], [-0.000632122100797, 0.00362914078869, -0.00196026591584, 0.00396035891026, -0.000809600576758, -0.00216347235255, -0.000550246390048, 0.00229440885596, -0.00666886661202, 0.0155216259882, -0.00333048356697, -0.00143861398101, 0.00269931345247], [0.00137583410833, -0.00547629129142, 0.00400440348312, -0.0040664258413, 0.00416998704895, -0.000113396607048, 0.00151704077143, -0.00150605593808, 0.00348930549808, -0.00333048356697, 0.0193198658526, -0.00427005579695, 0.00371813960373], [-0.000460718321847, 0.00461829081178, -0.00032632026705, 0.00174377695657, -0.00206847954541, 0.00284370197915, -0.00136296311393, -0.000237747197389, 0.00188789912499, -0.00143861398101, -0.00427005579695, 0.0154223656282, -0.0051147332415], [0.00132056477014, -0.00370309362188, 0.00271433964372, -0.00259005418047, 0.00293590105139, -0.000518956803717, 0.00570134818554, 0.00163717893884, 0.000659098848701, 0.00269931345247, 0.00371813960373, -0.0051147332415, 0.0149659831077]]
    },
    "melbands": {
        "mean": [1.10258779387e-005, 0.000780616945121, 0.00200511910953, 0.00145778653678, 0.00242397026159, 0.000520927133039, 0.000281441112747, 0.000895212579053, 0.00020400089852, 2.08229321288e-005, 4.91891769343e-005, 7.22464392311e-005, 5.02342591062e-005, 2.63142501353e-005, 1.02217618405e-005, 6.25826396572e-006, 4.43285762231e-006, 1.81651557796e-006, 4.35352785644e-006, 2.45311593972e-006, 4.19602065449e-006, 5.24110555489e-006, 8.26749601401e-006, 4.81621009385e-006, 7.61030469221e-006, 3.14127623824e-006, 1.75763227617e-006, 6.94016932812e-007, 8.81779101292e-007, 1.1146498764e-006, 9.61067712524e-007, 9.1392826107e-007, 4.80389530821e-007, 2.7077987852e-007, 2.68321684871e-007, 1.70718195136e-007, 9.4765262304e-008, 1.20697464467e-007, 1.12319760603e-007, 8.38736440301e-008],
        "var": [5.10493092243e-010, 8.07358730981e-007, 1.60419640451e-005, 5.04526360601e-006, 5.44682325199e-006, 2.90685107984e-007, 2.0272229051e-007, 2.4635248792e-006, 1.09131370607e-007, 1.53294787975e-009, 6.15198780807e-009, 3.20735189518e-008, 5.29112575975e-009, 2.71932054652e-009, 4.65629618196e-010, 1.88429410963e-010, 1.40177522368e-010, 1.68259729066e-011, 8.26842760926e-011, 2.76429348162e-011, 7.50870754462e-011, 1.17540366329e-010, 4.79428607925e-010, 1.38057926202e-010, 2.37264236036e-010, 4.34575674058e-011, 1.83785226621e-011, 3.85691869068e-012, 9.33090063548e-012, 1.28423287629e-011, 7.93933929016e-012, 1.41291076061e-011, 7.67615658537e-012, 2.32568998781e-012, 2.02766818093e-012, 5.44505900871e-013, 4.11676687748e-013, 9.01620304024e-013, 7.83152405773e-013, 4.44166730305e-013]
    },
    "mfcc": {
        "mean": [-719.347229004, 164.643051147, 11.278468132, 29.9000434875, -13.9491376877, -16.3292064667, -14.6280574799, -4.82045173645, -17.2941875458, -22.2928905487, -12.803399086, -10.1951026917, -8.86282444],
        "cov": [[2812.78564453, -942.748413086, -331.844085693, 265.767089844, -100.733978271, -45.3915328979, -24.6321144104, 74.1415252686, -78.765083313, -175.595794678, 67.4227218628, 17.993888855, 20.1685180664], [-942.748413086, 1151.51831055, 119.171447754, -135.100494385, 72.8776779175, 1.41293537617, 19.9950942993, -71.5040664673, 12.2115440369, 97.7963943481, -69.9957809448, 3.54160237312, -40.9062690735], [-331.844085693, 119.171447754, 418.141815186, -90.5401382446, 63.8008422852, 93.6110153198, 38.0832023621, -37.2867889404, 29.3711605072, 82.4756622314, 27.3808479309, -6.55409383774, -24.1958255768], [265.767089844, -135.100494385, -90.5401382446, 221.156539917, 10.8240480423, -10.5917015076, 1.19230628014, 54.4933624268, -13.0954065323, -47.0760803223, 4.16286182404, -15.3582820892, -13.9713439941], [-100.733978271, 72.8776779175, 63.8008422852, 10.8240480423, 182.428833008, 53.5933837891, 32.3912734985, 4.70144414902, 18.8617420197, 15.7743024826, -3.50057053566, -9.85449123383, -41.9234924316], [-45.3915328979, 1.41293537617, 93.6110153198, -10.5917015076, 53.5933837891, 151.846862793, 40.5037345886, -17.7751026154, 10.3516111374, 16.4985733032, 14.7489881516, 1.81227421761, -19.1926422119], [-24.6321144104, 19.9950942993, 38.0832023621, 1.19230628014, 32.3912734985, 40.5037345886, 118.324783325, 34.9889335632, -5.00214862823, 7.15184497833, 16.4548244476, 12.2285346985, -24.7132034302], [74.1415252686, -71.5040664673, -37.2867889404, 54.4933624268, 4.70144414902, -17.7751026154, 34.9889335632, 112.792633057, 6.01858568192, -14.3366851807, 8.22075080872, 13.0456209183, -4.68056201935], [-78.765083313, 12.2115440369, 29.3711605072, -13.0954065323, 18.8617420197, 10.3516111374, -5.00214862823, 6.01858568192, 92.6101303101, 31.7808876038, -14.9254179001, 10.5107269287, 23.1755371094], [-175.595794678, 97.7963943481, 82.4756622314, -47.0760803223, 15.7743024826, 16.4985733032, 7.15184497833, -14.3366851807, 31.7808876038, 128.699447632, 13.790892601, -12.1661977768, 12.864317894], [67.4227218628, -69.9957809448, 27.3808479309, 4.16286182404, -3.50057053566, 14.7489881516, 16.4548244476, 8.22075080872, -14.9254179001, 13.790892601, 122.136795044, 19.9545650482, -15.5970849991], [17.993888855, 3.54160237312, -6.55409383774, -15.3582820892, -9.85449123383, 1.81227421761, 12.2285346985, 13.0456209183, 10.5107269287, -12.1661977768, 19.9545650482, 115.581672668, 24.6097393036], [20.1685180664, -40.9062690735, -24.1958255768, -13.9713439941, -41.9234924316, -19.1926422119, -24.7132034302, -4.68056201935, 23.1755371094, 12.864317894, -15.5970849991, 24.6097393036, 158.160507202]],
        "icov": [[0.000559201813303, 0.000378518656362, 0.000230958292377, -0.000348324276274, 6.24931417406e-005, -1.33769799504e-005, -4.91133905598e-005, 0.000158166643814, 0.000220939924475, 0.000157924572704, -0.000101491423266, -0.000126517814351, 7.5590310189e-006], [0.000378518656362, 0.00137287494726, 6.96761198924e-005, 0.000139695854159, -0.00034725345904, 0.00038096314529, -0.000317375088343, 0.000654006609693, 0.000428535364335, -0.000709414714947, 0.000762881769333, -0.000484673160827, 0.000399309734348], [0.000230958292377, 6.96761198924e-005, 0.00354803772643, 0.000806881929748, -0.000476830406114, -0.00145826907828, -0.000442093994934, 0.000502577866428, -0.000394761998905, -0.00123988033738, -0.00062136532506, 0.000188564008567, 0.000313152908348], [-0.000348324276274, 0.000139695854159, 0.000806881929748, 0.00640073046088, -0.000834854727145, -0.000453898479464, 0.000653772789519, -0.0027221115306, 0.000135590045829, 0.0011617426062, -0.000295754813123, 0.00124342588242, 0.000177624460775], [6.24931417406e-005, -0.00034725345904, -0.000476830406114, -0.000834854727145, 0.00708075985312, -0.0017964260187, -0.000852958124597, -0.000270230841124, -0.00145683065057, -7.00053715263e-005, 0.000415600690758, 0.00035417926847, 0.00147818564437], [-1.33769799504e-005, 0.00038096314529, -0.00145826907828, -0.000453898479464, -0.0017964260187, 0.00927641429007, -0.00294280005619, 0.00257159140892, -0.000788800010923, 0.000128602609038, -0.000411079498008, -0.000320129649481, 0.00021723525424], [-4.91133905598e-005, -0.000317375088343, -0.000442093994934, 0.000653772789519, -0.000852958124597, -0.00294280005619, 0.0117142377421, -0.00466310465708, 0.00165907805786, -0.000537804618943, -0.000467960111564, -0.000985439983197, 0.000931316812057], [0.000158166643814, 0.000654006609693, 0.000502577866428, -0.0027221115306, -0.000270230841124, 0.00257159140892, -0.00466310465708, 0.0128104453906, -0.00183857092634, 0.000129500112962, -0.000285448651994, -0.00122712377924, 0.000297982915072], [0.000220939924475, 0.000428535364335, -0.000394761998905, 0.000135590045829, -0.00145683065057, -0.000788800010923, 0.00165907805786, -0.00183857092634, 0.0137974275276, -0.0034246807918, 0.00234703347087, -0.00183950259816, -0.00146833446342], [0.000157924572704, -0.000709414714947, -0.00123988033738, 0.0011617426062, -7.00053715263e-005, 0.000128602609038, -0.000537804618943, 0.000129500112962, -0.0034246807918, 0.0112489545718, -0.00245651602745, 0.00233150529675, -0.00139199336991], [-0.000101491423266, 0.000762881769333, -0.00062136532506, -0.000295754813123, 0.000415600690758, -0.000411079498008, -0.000467960111564, -0.000285448651994, 0.00234703347087, -0.00245651602745, 0.0101050306112, -0.00245226011612, 0.00130175391678], [-0.000126517814351, -0.000484673160827, 0.000188564008567, 0.00124342588242, 0.00035417926847, -0.000320129649481, -0.000985439983197, -0.00122712377924, -0.00183950259816, 0.00233150529675, -0.00245226011612, 0.010377204977, -0.00188240793068], [7.5590310189e-006, 0.000399309734348, 0.000313152908348, 0.000177624460775, 0.00147818564437, 0.00021723525424, 0.000931316812057, 0.000297982915072, -0.00146833446342, -0.00139199336991, 0.00130175391678, -0.00188240793068, 0.00781077845022]]
    },
    "spectral_contrast_coeffs": {
        "mean": [-0.43668499589, -0.630447268486, -0.735861182213, -0.783545553684, -0.751432180405, -0.740344882011],
        "var": [0.00741319358349, 0.00601264834404, 0.00469184108078, 0.00240921927616, 0.00542901735753, 0.00488000549376]
    },
    "spectral_contrast_valleys": {
        "mean": [-8.55319690704, -6.88246631622, -8.01581382751, -8.9730091095, -9.01495933533, -11.8678588867],
        "var": [0.994044661522, 0.949458956718, 0.855701088905, 0.826042950153, 0.928739011288, 0.972243607044]
    }
},
"metadata": {
    "audio_properties": {
        "analysis_sample_rate": 44100,
        "bit_rate": 104250,
        "equal_loudness": 0,
        "length": 45.0612258911,
        "lossless": 0,
        "replay_gain": -9.40149497986,
        "sample_rate": 44100,
        "codec": "mp3",
        "downmix": "mix",
        "md5_encoded": "3c0e0c8c3c5744d6e3050f5367997ffa"
    },
    "tags": {
        "file_name": "733.mp3"
    },
    "version": {
        "essentia": "2.1-beta2",
        "essentia_git_sha": "v2.1_beta2",
        "extractor": "music 1.0"
    }
},
"rhythm": {
    "beats_count": 98,
    "beats_loudness": {
        "mean": 0.040525496006,
        "var": 0.000995800946839
    },
    "bpm": 133.173324585,
    "bpm_histogram_first_peak_bpm": {
        "mean": 133,
        "var": 0
    },
    "bpm_histogram_first_peak_spread": {
        "mean": 0.413793116808,
        "var": 0
    },
    "bpm_histogram_first_peak_weight": {
        "mean": 0.52577316761,
        "var": 0
    },
    "bpm_histogram_second_peak_bpm": {
        "mean": 126,
        "var": 0
    },
    "bpm_histogram_second_peak_spread": {
        "mean": 0,
        "var": 0
    },
    "bpm_histogram_second_peak_weight": {
        "mean": 0.0515463910997,
        "var": 0
    },
    "danceability": 1.12388980389,
    "onset_rate": 3.32730412483,
    "beats_loudness_band_ratio": {
        "mean": [0.346016287804, 0.481691449881, 0.175574868917, 0.0479364432395, 0.0136868422851, 0.00795480888337],
        "var": [0.055602312088, 0.0549065060914, 0.0243140626699, 0.00459694676101, 0.000490119622555, 0.000138420276926]
    },
    "beats_position": [0.487619042397, 0.986848056316, 1.49768710136, 1.99691605568, 2.49614500999, 2.97215414047, 3.44816327095, 3.92417216301, 4.40018129349, 4.85297060013, 5.30575942993, 5.75854873657, 6.19972801208, 6.64090681076, 7.08208608627, 7.5464849472, 7.99927425385, 8.44045352936, 8.88163280487, 9.31120204926, 9.75238037109, 10.1935596466, 10.6463489532, 11.0991382599, 11.5403175354, 11.9814968109, 12.4342851639, 12.8870744705, 13.328253746, 13.7694330215, 14.2106122971, 14.6750106812, 15.15102005, 15.6038093567, 16.0682086945, 16.5209980011, 16.9737873077, 17.426574707, 17.8793640137, 18.3437633514, 18.7965526581, 19.2493419647, 19.7021312714, 20.154920578, 20.5960998535, 21.0604991913, 21.5248966217, 21.9776859283, 22.430475235, 22.8716545105, 23.3244438171, 23.7888431549, 24.2416324615, 24.6944217682, 25.1472110748, 25.6000003815, 26.0527877808, 26.5055770874, 26.958366394, 27.4227657318, 27.8755550385, 28.3283443451, 28.7811336517, 29.2455329895, 29.6983222961, 30.1394996643, 30.5806789398, 31.0334682465, 31.4862575531, 31.9390468597, 32.391834259, 32.8330154419, 33.2741928101, 33.7153739929, 34.1565513611, 34.6093406677, 35.0621299744, 35.5033111572, 35.9444885254, 36.397277832, 36.8500671387, 37.3028564453, 37.7672538757, 38.2200431824, 38.672832489, 39.1256217957, 39.5784111023, 40.0312004089, 40.4839897156, 40.9367790222, 41.3895683289, 41.8423576355, 42.2835350037, 42.7247161865, 43.1658935547, 43.6070747375, 44.0598640442, 44.5126533508]
},
"tonal": {
    "chords_changes_rate": 0.031893003732,
    "chords_number_rate": 0.00925925932825,
    "chords_strength": {
        "mean": 0.465481519699,
        "var": 0.0061650769785
    },
    "hpcp_entropy": {
        "mean": 1.12989068031,
        "var": 0.502240419388
    },
    "key_strength": 0.594398319721,
    "tuning_diatonic_strength": 0.394930779934,
    "tuning_equal_tempered_deviation": 0.0147938644513,
    "tuning_frequency": 444.341888428,
    "tuning_nontempered_energy_ratio": 0.629061102867,
    "hpcp": {
        "mean": [0.0720876902342, 0.0438202396035, 0.0705402344465, 0.161431118846, 0.106724329293, 0.0349187217653, 0.0455601960421, 0.0666671842337, 0.352900743484, 0.527288794518, 0.239301651716, 0.0265426896513, 0.0130730457604, 0.0263576153666, 0.213863030076, 0.3510196805, 0.2002055794, 0.113660246134, 0.131217718124, 0.0804780200124, 0.0469868779182, 0.04694102332, 0.0287974756211, 0.0149638094008, 0.014859684743, 0.00916701275855, 0.00913928449154, 0.0188539214432, 0.0235067661852, 0.0907744839787, 0.144393354654, 0.0932308882475, 0.0422243438661, 0.0204995311797, 0.00988627132028, 0.0386539064348],
        "var": [0.0541100762784, 0.0180203635246, 0.0163487531245, 0.0924407467246, 0.0410451963544, 0.00630553113297, 0.0172278806567, 0.0140162911266, 0.114040374756, 0.21540620923, 0.0581963174045, 0.00834161136299, 0.00411361176521, 0.00429191207513, 0.0612563379109, 0.153338804841, 0.0586948916316, 0.0606380067766, 0.0805353149772, 0.0330378785729, 0.0193796399981, 0.021518426016, 0.0112931029871, 0.00364285265096, 0.00515680015087, 0.00182074354962, 0.00122925045434, 0.0077952016145, 0.00415224861354, 0.0162895377725, 0.0353961028159, 0.0269561819732, 0.0169170554727, 0.00538292434067, 0.00215400196612, 0.0149409398437]
    },
    "chords_histogram": [20.6790122986, 3.90946507454, 25, 0, 0, 3.90946507454, 0.411522626877, 28.6008224487, 0, 1.44032919407, 1.74897122383, 0, 0, 0, 0, 0, 0, 0, 13.271604538, 0, 0, 0, 0, 1.02880656719],
    "thpcp": [1, 0.453834116459, 0.0503380484879, 0.024792952463, 0.0499870590866, 0.405589938164, 0.665706694126, 0.379688680172, 0.2155559659, 0.248853608966, 0.152626082301, 0.0891103297472, 0.0890233665705, 0.054614238441, 0.0283787734807, 0.0281813014299, 0.0173851847649, 0.0173325967044, 0.0357563458383, 0.0445804409683, 0.172153264284, 0.273841112852, 0.176811814308, 0.080078214407, 0.0388772375882, 0.0187492538244, 0.0733068957925, 0.136713862419, 0.0831048190594, 0.133779123425, 0.306153148413, 0.202402040362, 0.0662231445313, 0.0864046365023, 0.126433908939, 0.669274091721],
    "chords_key": "C",
    "chords_scale": "major",
    "key_key": "C",
    "key_scale": "minor"
}
}