{
"lowlevel": {
    "average_loudness": 0.404936790466,
    "barkbands_crest": {
        "mean": 13.8855266571,
        "var": 23.9235420227
    },
    "barkbands_flatness_db": {
        "mean": 0.212296009064,
        "var": 0.00720794172958
    },
    "barkbands_kurtosis": {
        "mean": 21.2075176239,
        "var": 1246.48376465
    },
    "barkbands_skewness": {
        "mean": 3.04894351959,
        "var": 4.7330198288
    },
    "barkbands_spread": {
        "mean": 14.271440506,
        "var": 296.328094482
    },
    "dissonance": {
        "mean": 0.440963238478,
        "var": 0.00249427300878
    },
    "dynamic_complexity": 3.31911301613,
    "erbbands_crest": {
        "mean": 9.79329872131,
        "var": 18.9054851532
    },
    "erbbands_flatness_db": {
        "mean": 0.157072544098,
        "var": 0.00435253418982
    },
    "erbbands_kurtosis": {
        "mean": 3.82725143433,
        "var": 43.9745635986
    },
    "erbbands_skewness": {
        "mean": 1.22732889652,
        "var": 1.33018636703
    },
    "erbbands_spread": {
        "mean": 44.8053741455,
        "var": 1155.93017578
    },
    "hfc": {
        "mean": 16.8602390289,
        "var": 611.378601074
    },
    "melbands_crest": {
        "mean": 16.1438179016,
        "var": 24.6758460999
    },
    "melbands_flatness_db": {
        "mean": 0.309849739075,
        "var": 0.0104424189776
    },
    "melbands_kurtosis": {
        "mean": 44.6784324646,
        "var": 4078.81762695
    },
    "melbands_skewness": {
        "mean": 4.04915475845,
        "var": 7.51845502853
    },
    "melbands_spread": {
        "mean": 9.29640865326,
        "var": 157.468933105
    },
    "pitch_salience": {
        "mean": 0.522037267685,
        "var": 0.0186815727502
    },
    "silence_rate_20dB": {
        "mean": 0.997426688671,
        "var": 0.00256674643606
    },
    "silence_rate_30dB": {
        "mean": 0.950591862202,
        "var": 0.0469672121108
    },
    "silence_rate_60dB": {
        "mean": 0.0432321168482,
        "var": 0.0413632690907
    },
    "spectral_centroid": {
        "mean": 764.605224609,
        "var": 507723
    },
    "spectral_complexity": {
        "mean": 11.4791555405,
        "var": 95.8704833984
    },
    "spectral_decrease": {
        "mean": -1.0547617002e-008,
        "var": 1.43146199041e-016
    },
    "spectral_energy": {
        "mean": 0.0413384027779,
        "var": 0.00212302105501
    },
    "spectral_energyband_high": {
        "mean": 0.000863914494403,
        "var": 3.81303902941e-006
    },
    "spectral_energyband_low": {
        "mean": 0.0256587825716,
        "var": 0.00161191588268
    },
    "spectral_energyband_middle_high": {
        "mean": 0.00187262089457,
        "var": 2.16843254748e-005
    },
    "spectral_energyband_middle_low": {
        "mean": 0.014468553476,
        "var": 0.000212969942368
    },
    "spectral_entropy": {
        "mean": 7.09578371048,
        "var": 0.592029571533
    },
    "spectral_flux": {
        "mean": 0.0789808258414,
        "var": 0.00309459213167
    },
    "spectral_kurtosis": {
        "mean": 7.7627158165,
        "var": 149.324645996
    },
    "spectral_rms": {
        "mean": 0.00570283085108,
        "var": 7.80787559052e-006
    },
    "spectral_rolloff": {
        "mean": 781.692626953,
        "var": 3150393.5
    },
    "spectral_skewness": {
        "mean": 2.08550572395,
        "var": 1.33247685432
    },
    "spectral_spread": {
        "mean": 5552448.5,
        "var": 8.40249901056e+012
    },
    "spectral_strongpeak": {
        "mean": 0.601502716541,
        "var": 0.288005381823
    },
    "zerocrossingrate": {
        "mean": 0.0427222214639,
        "var": 0.00210288958624
    },
    "barkbands": {
        "mean": [0.000745388737414, 0.0203856118023, 0.00302091590129, 0.00256932433695, 0.00631427997723, 0.00128047983162, 0.00198423839174, 0.00158472417388, 0.00069540576078, 0.000233645972912, 0.000549312622752, 0.000153720044182, 0.000139135401696, 0.000115333168651, 0.000146858190419, 0.00011360616918, 0.00012899824651, 0.000128524901811, 0.000125607388327, 0.000124754864373, 0.000140285002999, 0.000106623905594, 8.77711427165e-005, 9.37302902457e-005, 0.000209965495742, 0.000151583080878, 8.6524814833e-006],
        "var": [1.55393240675e-006, 0.00137606624048, 1.74407177838e-005, 7.06916625859e-006, 7.39719689591e-005, 4.32118758908e-006, 8.00069574325e-006, 1.20948016047e-005, 3.15049737765e-006, 4.74120952276e-007, 4.09893027609e-006, 2.14380435182e-007, 1.73926594016e-007, 1.13022892378e-007, 4.47172624263e-007, 1.42982372608e-007, 2.04319746899e-007, 1.58276776574e-007, 1.18643818325e-007, 8.73485745956e-008, 9.69894031755e-008, 6.30025667192e-008, 3.19704973606e-008, 8.0270879721e-008, 5.18299259511e-007, 1.72498431539e-007, 8.6423673773e-010]
    },
    "erbbands": {
        "mean": [0.519935429096, 4.6693816185, 4.73612689972, 7.50396871567, 10.5848855972, 31.5345516205, 9.25752925873, 14.3080730438, 23.8410968781, 32.3183288574, 28.9032077789, 15.2471618652, 10.8472995758, 22.1292572021, 10.5620040894, 6.50400686264, 6.76538991928, 5.54881620407, 6.93005847931, 7.96439409256, 5.89057970047, 7.73169326782, 6.37392807007, 7.27957630157, 6.08259105682, 6.19758558273, 5.95536708832, 4.96266412735, 4.12181425095, 2.77860951424, 2.45236158371, 1.70013904572, 1.76007819176, 1.77247083187, 1.84487235546, 0.981377780437, 0.185013338923, 0.0302428733557, 0.000897047866601, 7.31956242817e-005],
        "var": [1.1492909193, 74.5238113403, 55.7413978577, 57.7450637817, 133.241241455, 2226.17431641, 147.852127075, 531.278198242, 877.332519531, 2559.21459961, 4764.52832031, 1329.18066406, 1102.97631836, 7352.14160156, 990.693054199, 335.384002686, 404.079406738, 225.197998047, 696.177124023, 1167.37805176, 281.98046875, 823.030639648, 349.84362793, 403.343933105, 256.07925415, 200.088119507, 200.33265686, 120.936164856, 95.9966659546, 31.8345413208, 24.2194099426, 21.8816623688, 28.5289592743, 44.5761947632, 39.1325187683, 7.09145069122, 0.261907815933, 0.00774156488478, 7.55753399062e-006, 9.06014641089e-009]
    },
    "gfcc": {
        "mean": [-40.9580688477, 109.007385254, -61.7435150146, 40.5146255493, -62.9347991943, 12.266494751, -32.8178901672, 10.6213283539, -21.9902420044, 8.95754432678, -14.4703092575, -0.931886255741, -10.5435848236],
        "cov": [[9136.82519531, -1892.25158691, -1228.29919434, 448.248016357, -31.0661048889, 401.611572266, -273.35736084, 459.285064697, -75.667427063, 325.966766357, -170.426712036, 267.859405518, -219.584213257], [-1892.25158691, 2737.72705078, -399.184692383, -339.950805664, -239.279541016, -271.146759033, 407.267059326, -471.842376709, 336.857666016, -408.938842773, 275.85836792, -371.082305908, 228.114135742], [-1228.29919434, -399.184692383, 1466.89233398, 153.070220947, 214.445419312, 63.8688774109, -133.632446289, 129.791931152, -112.388404846, 207.579666138, -19.7080612183, 139.245651245, -27.9736976624], [448.248016357, -339.950805664, 153.070220947, 461.83291626, 162.68258667, 55.0316200256, -3.21422481537, 34.6847648621, 20.9257106781, 31.8698196411, 16.3735542297, 42.3916893005, -20.8565273285], [-31.0661048889, -239.279541016, 214.445419312, 162.68258667, 355.960235596, 99.2798309326, 55.4442367554, 95.9357833862, 0.902490615845, 74.3581695557, 5.18914318085, 73.4845504761, 0.259619027376], [401.611572266, -271.146759033, 63.8688774109, 55.0316200256, 99.2798309326, 233.960296631, 51.5420188904, 116.77167511, -13.4183826447, 66.7444839478, -28.0325775146, 50.8167991638, -1.73052072525], [-273.35736084, 407.267059326, -133.632446289, -3.21422481537, 55.4442367554, 51.5420188904, 245.426559448, 7.22647094727, 116.346229553, -64.5113067627, 39.3999786377, -55.9180831909, 57.1632614136], [459.285064697, -471.842376709, 129.791931152, 34.6847648621, 95.9357833862, 116.77167511, 7.22647094727, 252.927719116, -15.1047716141, 117.573913574, -61.0526733398, 77.2274856567, -24.6319942474], [-75.667427063, 336.857666016, -112.388404846, 20.9257106781, 0.902490615845, -13.4183826447, 116.346229553, -15.1047716141, 153.133041382, -36.9561500549, 54.453578949, -56.6934967041, 32.4380531311], [325.966766357, -408.938842773, 207.579666138, 31.8698196411, 74.3581695557, 66.7444839478, -64.5113067627, 117.573913574, -36.9561500549, 173.549560547, -19.5442867279, 84.5699310303, -31.7371444702], [-170.426712036, 275.85836792, -19.7080612183, 16.3735542297, 5.18914318085, -28.0325775146, 39.3999786377, -61.0526733398, 54.453578949, -19.5442867279, 99.9650344849, -14.1866312027, 24.7598800659], [267.859405518, -371.082305908, 139.245651245, 42.3916893005, 73.4845504761, 50.8167991638, -55.9180831909, 77.2274856567, -56.6934967041, 84.5699310303, -14.1866312027, 125.264846802, -10.7420377731], [-219.584213257, 228.114135742, -27.9736976624, -20.8565273285, 0.259619027376, -1.73052072525, 57.1632614136, -24.6319942474, 32.4380531311, -31.7371444702, 24.7598800659, -10.7420377731, 76.153793335]],
        "icov": [[0.000228670061915, -0.000128666535602, 0.000344965839759, -0.000338247220498, 0.000159768766025, -0.00033342721872, 0.000409027416026, -0.000301149499137, -0.000112483598059, -0.000354484451236, 0.000241410234594, -0.000477519497508, 0.000420624710387], [-0.000128666535602, 0.00227351277135, -0.000652045360766, 0.0014482276747, -4.01678626076e-005, 0.000722829601727, -0.0017252539983, 0.00162421923596, -0.00104141328484, 0.00153654848691, -0.00300610088743, 0.00312427827157, -0.00268508726731], [0.000344965839759, -0.000652045360766, 0.00153207837138, -0.000940608384553, -0.000142268690979, -0.000450443447335, 0.00114773574751, -0.00082232040586, 0.000577003869694, -0.00168735755142, 0.000768535595853, -0.00121723290067, 0.000745208002627], [-0.000338247220498, 0.0014482276747, -0.000940608384553, 0.00406099809334, -0.00145876326133, 0.000237041036598, -0.000613463344052, 0.00145921274088, -0.00181081448682, 0.00209858757444, -0.00226839398965, 0.00169344805181, -0.000981571385637], [0.000159768766025, -4.01678626076e-005, -0.000142268690979, -0.00145876326133, 0.00473638344556, -0.00060360704083, -0.00179549388122, -0.000524992297869, 0.000569418130908, -0.000965797575191, -0.000319259881508, -0.00190666038543, 0.000467113364721], [-0.00033342721872, 0.000722829601727, -0.000450443447335, 0.000237041036598, -0.00060360704083, 0.00738705694675, -0.00369018735364, -0.000871143536642, 0.00172668218147, -0.000805618648883, -0.000308506219881, 0.000688613101374, -0.00144282996189], [0.000409027416026, -0.0017252539983, 0.00114773574751, -0.000613463344052, -0.00179549388122, -0.00369018735364, 0.0119961798191, -0.00321828387678, -0.0048028328456, 0.00193473987747, 0.0013560190564, -0.000593026983552, -0.00119492853992], [-0.000301149499137, 0.00162421923596, -0.00082232040586, 0.00145921274088, -0.000524992297869, -0.000871143536642, -0.00321828387678, 0.0103827668354, -0.00291871465743, -0.00275406055152, 0.00320081110112, -0.000476232729852, -0.000892347772606], [-0.000112483598059, -0.00104141328484, 0.000577003869694, -0.00181081448682, 0.000569418130908, 0.00172668218147, -0.0048028328456, -0.00291871465743, 0.015516391024, -0.00250800116919, -0.00463494472206, 0.0039054651279, -0.00038708304055], [-0.000354484451236, 0.00153654848691, -0.00168735755142, 0.00209858757444, -0.000965797575191, -0.000805618648883, 0.00193473987747, -0.00275406055152, -0.00250800116919, 0.0148736909032, -0.00419750390574, -0.00169050123077, 0.00036526034819], [0.000241410234594, -0.00300610088743, 0.000768535595853, -0.00226839398965, -0.000319259881508, -0.000308506219881, 0.0013560190564, 0.00320081110112, -0.00463494472206, -0.00419750390574, 0.020803404972, -0.00731692602858, 0.00180230184924], [-0.000477519497508, 0.00312427827157, -0.00121723290067, 0.00169344805181, -0.00190666038543, 0.000688613101374, -0.000593026983552, -0.000476232729852, 0.0039054651279, -0.00169050123077, -0.00731692602858, 0.0213546585292, -0.00738245574757], [0.000420624710387, -0.00268508726731, 0.000745208002627, -0.000981571385637, 0.000467113364721, -0.00144282996189, -0.00119492853992, -0.000892347772606, -0.00038708304055, 0.00036526034819, 0.00180230184924, -0.00738245574757, 0.021655805409]]
    },
    "melbands": {
        "mean": [0.00537204975262, 0.00401986017823, 0.0012569099199, 0.00158611813094, 0.000536320789251, 0.00030279729981, 0.000390892382711, 0.000380654237233, 0.000199855014216, 9.99231924652e-005, 5.04102317791e-005, 8.36323670228e-005, 4.93338957313e-005, 1.84820746654e-005, 1.49541356222e-005, 1.36794478749e-005, 1.00178722278e-005, 1.08130352601e-005, 1.18882981042e-005, 8.91972467798e-006, 6.29631813354e-006, 8.41135442897e-006, 5.27482688994e-006, 6.74735156281e-006, 5.8544364947e-006, 4.49728759122e-006, 4.32939668826e-006, 3.91714138459e-006, 3.83539099857e-006, 3.24884331349e-006, 2.72640318144e-006, 2.44491639023e-006, 1.80499603175e-006, 1.52958375566e-006, 1.5525715753e-006, 1.04899140752e-006, 1.04353898678e-006, 1.14248086902e-006, 1.41827729294e-006, 1.49322340803e-006],
        "var": [9.91683264147e-005, 4.6309796744e-005, 1.46788795519e-006, 5.00020496474e-006, 4.93885579544e-007, 2.24796878001e-007, 2.58316987356e-007, 3.83154656447e-007, 2.6346259574e-007, 6.13443660313e-008, 2.59563091021e-008, 1.03242626892e-007, 2.54946108669e-008, 3.73550212984e-009, 2.0487620489e-009, 1.50995604908e-009, 7.87235387989e-010, 1.6548391546e-009, 3.09847769664e-009, 1.13841891469e-009, 3.04356900793e-010, 1.09436926188e-009, 2.41644787513e-010, 5.19324028225e-010, 2.72025513226e-010, 1.50630438678e-010, 1.20993798314e-010, 8.15883124949e-011, 1.0203666384e-010, 4.7259824526e-011, 4.12775334746e-011, 3.54561206783e-011, 1.94084973787e-011, 1.06518439902e-011, 1.07015724407e-011, 5.71728818802e-012, 9.74888312438e-012, 1.11499984592e-011, 2.34903659024e-011, 4.03660958825e-011]
    },
    "mfcc": {
        "mean": [-699.491577148, 141.15536499, 48.6336288452, 35.5298919678, 2.74349164963, 6.8146648407, 1.75952637196, 0.0799076557159, 2.04890632629, 2.90571475029, 2.24103021622, 3.15365719795, 3.03720569611],
        "cov": [[8142.03466797, -1916.45898438, -1373.97302246, -156.684020996, -1.8975918293, 21.4157772064, -35.5064811707, 162.243927002, 92.2694091797, 131.087432861, 146.362045288, 111.423851013, 14.0947332382], [-1916.45898438, 2128.359375, 85.4470977783, -131.749649048, -373.716217041, 10.0063743591, -89.0686721802, -30.7825737, -56.6037712097, 9.5338602066, -22.5459651947, -59.5190887451, -59.480556488], [-1373.97302246, 85.4470977783, 915.578491211, 157.076400757, 197.229110718, 16.9535045624, 36.6981277466, -67.2380218506, -20.4016513824, -13.1510715485, -6.44026327133, 29.926486969, 41.6148452759], [-156.684020996, -131.749649048, 157.076400757, 354.083251953, 163.989440918, 63.7493209839, 29.9306793213, 22.4261436462, -3.44582462311, -2.94640350342, 34.4178886414, 31.623052597, 5.93737602234], [-1.8975918293, -373.716217041, 197.229110718, 163.989440918, 321.531890869, 66.0949630737, 93.4401092529, 15.9287900925, 24.5332965851, -6.41961622238, 25.1352844238, 47.5595626831, 57.0918426514], [21.4157772064, 10.0063743591, 16.9535045624, 63.7493209839, 66.0949630737, 167.125228882, 63.217464447, 39.2888374329, 16.2392444611, 20.0202922821, 19.8321914673, 2.65582752228, 2.95044231415], [-35.5064811707, -89.0686721802, 36.6981277466, 29.9306793213, 93.4401092529, 63.217464447, 136.34312439, 64.0524520874, 63.1911888123, 22.9403648376, 15.7084550858, 13.0968055725, 33.6900100708], [162.243927002, -30.7825737, -67.2380218506, 22.4261436462, 15.9287900925, 39.2888374329, 64.0524520874, 136.720184326, 75.809928894, 48.3480873108, 16.3070220947, 4.61221504211, 4.36816120148], [92.2694091797, -56.6037712097, -20.4016513824, -3.44582462311, 24.5332965851, 16.2392444611, 63.1911888123, 75.809928894, 144.290679932, 60.4245109558, 32.1072769165, 2.32860827446, 29.0893955231], [131.087432861, 9.5338602066, -13.1510715485, -2.94640350342, -6.41961622238, 20.0202922821, 22.9403648376, 48.3480873108, 60.4245109558, 94.8577880859, 34.2969741821, 18.6872444153, -6.29189968109], [146.362045288, -22.5459651947, -6.44026327133, 34.4178886414, 25.1352844238, 19.8321914673, 15.7084550858, 16.3070220947, 32.1072769165, 34.2969741821, 83.9191741943, 32.5833854675, 26.2861919403], [111.423851013, -59.5190887451, 29.926486969, 31.623052597, 47.5595626831, 2.65582752228, 13.0968055725, 4.61221504211, 2.32860827446, 18.6872444153, 32.5833854675, 70.8770294189, 26.0101795197], [14.0947332382, -59.480556488, 41.6148452759, 5.93737602234, 57.0918426514, 2.95044231415, 33.6900100708, 4.36816120148, 29.0893955231, -6.29189968109, 26.2861919403, 26.0101795197, 92.9225006104]],
        "icov": [[0.000242896989221, 0.000219513982302, 0.000313373690005, 9.07898429432e-005, 3.07591290039e-005, -0.000147626546095, 0.000265677052084, -0.000123490550322, 8.95320772543e-005, -0.000215697451495, -0.000205848613405, -0.000255935592577, -5.99666018388e-005], [0.000219513982302, 0.000865230511408, 1.15864777399e-005, 3.94879971282e-005, 0.00109032541513, -0.000519340799656, 0.000178529095137, -0.0001562168909, 0.000276057369774, -0.000230721518165, -0.00027546621277, -0.000129409789224, -0.000185853554285], [0.000313373690005, 1.15864777399e-005, 0.00192687858362, -0.000344490283169, -0.00100619939622, 0.000119961463497, 3.70781926904e-005, 0.000951583497226, 0.000111979665235, -0.000965247105341, 0.000450213643489, -0.000327953661326, -0.000460793176899], [9.07898429432e-005, 3.94879971282e-005, -0.000344490283169, 0.00439662206918, -0.00214025634341, -0.000921810278669, 0.00132928381208, -0.00148754322436, 0.000340092839906, 0.00113450479694, -0.00191325810738, -0.000581997039262, 0.00149157631677], [3.07591290039e-005, 0.00109032541513, -0.00100619939622, -0.00214025634341, 0.00791828427464, -0.00136714300606, -0.00321801123209, 0.00083230790915, -0.000184980264748, 0.00109434663318, 0.000521586858667, -0.00234650215134, -0.00177209766116], [-0.000147626546095, -0.000519340799656, 0.000119961463497, -0.000921810278669, -0.00136714300606, 0.00865824799985, -0.00382811948657, -0.000769685313571, 0.00198737788014, -0.0014574455563, -0.00154652667698, 0.00225438177586, 0.000769924139604], [0.000265677052084, 0.000178529095137, 3.70781926904e-005, 0.00132928381208, -0.00321801123209, -0.00382811948657, 0.0153222652152, -0.00452187238261, -0.00350047601387, 0.000758414913435, 0.000953723036218, -0.000842028879561, -0.00215845555067], [-0.000123490550322, -0.0001562168909, 0.000951583497226, -0.00148754322436, 0.00083230790915, -0.000769685313571, -0.00452187238261, 0.0137048298493, -0.00445179594681, -0.00307614938356, 0.00183780561201, -0.000477011722978, 0.000894877011888], [8.95320772543e-005, 0.000276057369774, 0.000111979665235, 0.000340092839906, -0.000184980264748, 0.00198737788014, -0.00350047601387, -0.00445179594681, 0.0151777528226, -0.00751786213368, -0.00244874227792, 0.00509218778461, -0.00437289802358], [-0.000215697451495, -0.000230721518165, -0.000965247105341, 0.00113450479694, 0.00109434663318, -0.0014574455563, 0.000758414913435, -0.00307614938356, -0.00751786213368, 0.020706275478, -0.00507224630564, -0.00576243037358, 0.00629170658067], [-0.000205848613405, -0.00027546621277, 0.000450213643489, -0.00191325810738, 0.000521586858667, -0.00154652667698, 0.000953723036218, 0.00183780561201, -0.00244874227792, -0.00507224630564, 0.0192748531699, -0.00567160034552, -0.00436986004934], [-0.000255935592577, -0.000129409789224, -0.000327953661326, -0.000581997039262, -0.00234650215134, 0.00225438177586, -0.000842028879561, -0.000477011722978, 0.00509218778461, -0.00576243037358, -0.00567160034552, 0.0221801251173, -0.00475051719695], [-5.99666018388e-005, -0.000185853554285, -0.000460793176899, 0.00149157631677, -0.00177209766116, 0.000769924139604, -0.00215845555067, 0.000894877011888, -0.00437289802358, 0.00629170658067, -0.00436986004934, -0.00475051719695, 0.0169285256416]]
    },
    "spectral_contrast_coeffs": {
        "mean": [-0.641767501831, -0.715808987617, -0.788284063339, -0.830093443394, -0.825949072838, -0.735799312592],
        "var": [0.0075256661512, 0.00546582462266, 0.00487879291177, 0.00119438860565, 0.00111405842472, 0.00352966762148]
    },
    "spectral_contrast_valleys": {
        "mean": [-6.77835321426, -6.87719106674, -7.97356081009, -8.55728435516, -8.38130283356, -11.0683479309],
        "var": [1.41323530674, 1.3141361475, 1.45488142967, 1.55866849422, 1.69986104965, 2.08261203766]
    }
},
"metadata": {
    "audio_properties": {
        "analysis_sample_rate": 44100,
        "bit_rate": 109731,
        "equal_loudness": 0,
        "length": 45.0873451233,
        "lossless": 0,
        "replay_gain": -6.60682296753,
        "sample_rate": 44100,
        "codec": "mp3",
        "downmix": "mix",
        "md5_encoded": "ddb7033a53569642ec2a4e0cd5f92dc0"
    },
    "tags": {
        "file_name": "735.mp3"
    },
    "version": {
        "essentia": "2.1-beta2",
        "essentia_git_sha": "v2.1_beta2",
        "extractor": "music 1.0"
    }
},
"rhythm": {
    "beats_count": 70,
    "beats_loudness": {
        "mean": 0.0666682347655,
        "var": 0.00278854882345
    },
    "bpm": 94.025932312,
    "bpm_histogram_first_peak_bpm": {
        "mean": 94,
        "var": 0
    },
    "bpm_histogram_first_peak_spread": {
        "mean": 0.257575750351,
        "var": 0
    },
    "bpm_histogram_first_peak_weight": {
        "mean": 0.710144937038,
        "var": 0
    },
    "bpm_histogram_second_peak_bpm": {
        "mean": 86,
        "var": 0
    },
    "bpm_histogram_second_peak_spread": {
        "mean": 0.666666686535,
        "var": 0
    },
    "bpm_histogram_second_peak_weight": {
        "mean": 0.0144927538931,
        "var": 0
    },
    "danceability": 1.17492210865,
    "onset_rate": 4.2789273262,
    "beats_loudness_band_ratio": {
        "mean": [0.626468539238, 0.158901721239, 0.120303668082, 0.0471855141222, 0.0270670764148, 0.0393166206777],
        "var": [0.0719898045063, 0.0198472235352, 0.0150342434645, 0.00656133703887, 0.00218590907753, 0.00252288626507]
    },
    "beats_position": [0.66176867485, 1.34675729275, 2.04335594177, 2.71673464775, 3.34367346764, 3.98222208023, 4.62077093124, 5.24770975113, 5.88625860214, 6.52480697632, 7.17496585846, 7.81351470947, 8.45206356049, 9.0906124115, 9.72916126251, 10.3560991287, 10.9830379486, 11.6331968307, 12.2833557129, 12.933514595, 13.5604534149, 14.1873922348, 14.8143310547, 15.4644899368, 16.0914287567, 16.7299766541, 17.3685264587, 18.0186843872, 18.6572322845, 19.2957820892, 19.9227199554, 20.5612697601, 21.1998176575, 21.8383674622, 22.4769153595, 23.1154651642, 23.7540130615, 24.3809528351, 25.0195007324, 25.6580486298, 26.2965984344, 26.9351463318, 27.5736961365, 28.2122440338, 28.8507938385, 29.4893417358, 30.1278915405, 30.7664394379, 31.4049873352, 32.0435371399, 32.6820869446, 33.3206329346, 33.9591827393, 34.5977325439, 35.2362823486, 35.8748283386, 36.5133781433, 37.151927948, 37.790473938, 38.4290237427, 39.0675735474, 39.7061233521, 40.344669342, 40.9832191467, 41.6217689514, 42.2603149414, 42.8988647461, 43.5374145508, 44.164352417, 44.8029022217]
},
"tonal": {
    "chords_changes_rate": 0.0226337444037,
    "chords_number_rate": 0.00925925932825,
    "chords_strength": {
        "mean": 0.493575543165,
        "var": 0.00960061233491
    },
    "hpcp_entropy": {
        "mean": 1.99828863144,
        "var": 0.413393676281
    },
    "key_strength": 0.551883399487,
    "tuning_diatonic_strength": 0.514998435974,
    "tuning_equal_tempered_deviation": 0.0629252791405,
    "tuning_frequency": 439.238189697,
    "tuning_nontempered_energy_ratio": 0.665078639984,
    "hpcp": {
        "mean": [0.0931390300393, 0.0673654451966, 0.215434744954, 0.430708646774, 0.279828071594, 0.0527577772737, 0.03801933676, 0.0398821681738, 0.0608157403767, 0.0908576026559, 0.108867220581, 0.182568669319, 0.278097748756, 0.200024873018, 0.0768521428108, 0.0817700698972, 0.190636843443, 0.26266220212, 0.16450612247, 0.0521684773266, 0.0223291628063, 0.0227167177945, 0.0321837887168, 0.0746091082692, 0.0868548005819, 0.0513138137758, 0.121617898345, 0.203666433692, 0.120898157358, 0.0293061248958, 0.0167295783758, 0.017168527469, 0.0480757020414, 0.103799402714, 0.130661919713, 0.122202195227],
        "var": [0.0445547103882, 0.0333088599145, 0.049125302583, 0.160899579525, 0.0779044628143, 0.0202363301069, 0.0197442658246, 0.0173936933279, 0.0271541588008, 0.040941093117, 0.0528960190713, 0.0666041523218, 0.0927267819643, 0.0600132159889, 0.0305495858192, 0.0353977307677, 0.0990631580353, 0.154391273856, 0.0726029351354, 0.0167367700487, 0.00650929426774, 0.00791562069207, 0.00975461769849, 0.0330334044993, 0.0345652252436, 0.0124176964164, 0.0279779396951, 0.0678705349565, 0.029405079782, 0.0102950008586, 0.00454791635275, 0.00565170589834, 0.013506019488, 0.031368046999, 0.0501491911709, 0.0658607780933]
    },
    "chords_histogram": [6.06995868683, 47.0164604187, 25.5144023895, 2.36625504494, 3.08641982079, 4.21810722351, 0, 0, 0, 0, 1.33744859695, 0, 0, 0, 0, 0.411522626877, 8.12757205963, 0, 1.85185182095, 0, 0, 0, 0, 0],
    "thpcp": [1, 0.649692237377, 0.122490637004, 0.0882715880871, 0.0925966277719, 0.14119926095, 0.210949108005, 0.252763032913, 0.423879742622, 0.645674884319, 0.464408785105, 0.178431853652, 0.189850077033, 0.442612051964, 0.609837293625, 0.381942927837, 0.121122427285, 0.0518428459764, 0.0527426563203, 0.0747228786349, 0.173224076629, 0.201655581594, 0.119138106704, 0.282366991043, 0.472863584757, 0.280695915222, 0.0680416449904, 0.0388419851661, 0.0398611165583, 0.111620008945, 0.240996792912, 0.303364992142, 0.283723562956, 0.216246023774, 0.156406059861, 0.500186741352],
    "chords_key": "F#",
    "chords_scale": "major",
    "key_key": "D#",
    "key_scale": "minor"
}
}