{
"lowlevel": {
    "average_loudness": 0.0410330109298,
    "barkbands_crest": {
        "mean": 12.5313215256,
        "var": 11.9850444794
    },
    "barkbands_flatness_db": {
        "mean": 0.372153192759,
        "var": 0.00598043529317
    },
    "barkbands_kurtosis": {
        "mean": 3.73219442368,
        "var": 17.5270938873
    },
    "barkbands_skewness": {
        "mean": 1.22159397602,
        "var": 0.847607493401
    },
    "barkbands_spread": {
        "mean": 5.23011398315,
        "var": 9.85885620117
    },
    "dissonance": {
        "mean": 0.320674628019,
        "var": 0.00641838135198
    },
    "dynamic_complexity": 4.94860506058,
    "erbbands_crest": {
        "mean": 16.138967514,
        "var": 41.5247764587
    },
    "erbbands_flatness_db": {
        "mean": 0.368487030268,
        "var": 0.00353821436875
    },
    "erbbands_kurtosis": {
        "mean": 2.64440560341,
        "var": 52.6219100952
    },
    "erbbands_skewness": {
        "mean": 0.547031998634,
        "var": 1.1702105999
    },
    "erbbands_spread": {
        "mean": 11.6074914932,
        "var": 31.6162223816
    },
    "hfc": {
        "mean": 6.39822244644,
        "var": 111.200439453
    },
    "melbands_crest": {
        "mean": 14.1536216736,
        "var": 18.4277648926
    },
    "melbands_flatness_db": {
        "mean": 0.456808686256,
        "var": 0.00929808896035
    },
    "melbands_kurtosis": {
        "mean": 4.68634700775,
        "var": 23.656627655
    },
    "melbands_skewness": {
        "mean": 1.42260670662,
        "var": 0.79973757267
    },
    "melbands_spread": {
        "mean": 7.81697654724,
        "var": 48.8186187744
    },
    "pitch_salience": {
        "mean": 0.451016873121,
        "var": 0.00831950455904
    },
    "silence_rate_20dB": {
        "mean": 1,
        "var": 0
    },
    "silence_rate_30dB": {
        "mean": 0.986103951931,
        "var": 0.0137028871104
    },
    "silence_rate_60dB": {
        "mean": 0.268142044544,
        "var": 0.196240976453
    },
    "spectral_centroid": {
        "mean": 487.647674561,
        "var": 207080.046875
    },
    "spectral_complexity": {
        "mean": 7.12506437302,
        "var": 9.75639343262
    },
    "spectral_decrease": {
        "mean": -3.59137564132e-009,
        "var": 2.88776659689e-017
    },
    "spectral_energy": {
        "mean": 0.0141350096092,
        "var": 0.000450138846645
    },
    "spectral_energyband_high": {
        "mean": 2.09235486182e-006,
        "var": 5.10323554248e-011
    },
    "spectral_energyband_low": {
        "mean": 0.0010069066193,
        "var": 1.00266925074e-006
    },
    "spectral_energyband_middle_high": {
        "mean": 0.00139329652302,
        "var": 8.10072288004e-006
    },
    "spectral_energyband_middle_low": {
        "mean": 0.012349082157,
        "var": 0.000366932275938
    },
    "spectral_entropy": {
        "mean": 5.3473982811,
        "var": 0.263972014189
    },
    "spectral_flux": {
        "mean": 0.0178432855755,
        "var": 0.000465028599137
    },
    "spectral_kurtosis": {
        "mean": 85.0024871826,
        "var": 7278.15673828
    },
    "spectral_rms": {
        "mean": 0.00312513369136,
        "var": 4.02378600484e-006
    },
    "spectral_rolloff": {
        "mean": 661.837646484,
        "var": 736664.4375
    },
    "spectral_skewness": {
        "mean": 6.21154117584,
        "var": 10.0816202164
    },
    "spectral_spread": {
        "mean": 1232905.375,
        "var": 2.62307577856e+012
    },
    "spectral_strongpeak": {
        "mean": 1.02063381672,
        "var": 0.789520204067
    },
    "zerocrossingrate": {
        "mean": 0.0231708679348,
        "var": 0.00051019678358
    },
    "barkbands": {
        "mean": [1.12561934884e-007, 8.35652372189e-006, 0.000638895202428, 0.000781282549724, 0.00174662075005, 0.00555327301845, 0.00165652250871, 0.000719565199688, 0.00131738407072, 0.000643830688205, 0.000527698604856, 0.000168227474205, 9.99632393359e-005, 9.58130549407e-005, 0.000102412617707, 2.54291026067e-005, 2.47390089498e-005, 1.47598839249e-005, 6.22269226369e-006, 3.01413251691e-006, 4.20858413008e-007, 2.72067012475e-007, 7.56774838351e-008, 8.66555467383e-008, 3.46059394474e-008, 1.18666996229e-008, 2.06017025661e-009],
        "var": [1.32989290153e-012, 1.2236711644e-010, 4.4778525421e-007, 2.20939909923e-006, 4.82692348669e-006, 0.000135441048769, 9.59501176112e-006, 4.23335268351e-006, 1.5704339603e-005, 4.32853858001e-006, 2.55949430539e-006, 2.1985232479e-007, 2.7297207339e-007, 4.95913532461e-008, 3.34798130552e-007, 4.87692775053e-009, 4.59519133855e-009, 1.61548707744e-009, 3.05120734234e-010, 8.4935447564e-011, 2.1547557575e-012, 1.14346032642e-012, 6.56341368516e-014, 7.95697261877e-014, 1.94232887966e-014, 9.82031025509e-015, 3.51848571268e-015]
    },
    "erbbands": {
        "mean": [0.000200535389013, 0.0103629902005, 0.429696828127, 2.00739336014, 3.8788356781, 5.76544046402, 27.9675979614, 42.9068450928, 33.1171798706, 14.5959033966, 28.0651950836, 24.4239692688, 26.7311954498, 18.5504169464, 9.62120342255, 7.54608774185, 5.76341199875, 4.25469636917, 4.89009904861, 4.23299026489, 1.50819194317, 1.07258856297, 0.902965664864, 0.473784834146, 0.231663808227, 0.116445496678, 0.0376862473786, 0.0121471397579, 0.0099630933255, 0.00514138257131, 0.0019601918757, 0.00192277214956, 0.00128857779782, 0.000513624458108, 0.000199733622139, 7.86870368756e-005, 2.02585761144e-005, 3.53507130058e-006, 7.11910979589e-006, 1.58871771418e-005],
        "var": [3.80131375266e-008, 9.21971222851e-005, 0.196761652827, 6.26569795609, 50.2192840576, 49.0101203918, 4588.52246094, 8570.50976563, 4304.73046875, 1373.49902344, 8011.4375, 4299.86230469, 6751.12304688, 2948.1862793, 1671.57128906, 494.389984131, 504.938476563, 111.611053467, 203.733795166, 407.04675293, 11.7996988297, 8.43488025665, 6.67474126816, 1.49449968338, 0.332518219948, 0.105785824358, 0.0169678386301, 0.00154501164798, 0.00157908024266, 0.000436737609562, 3.68856672139e-005, 3.9202037442e-005, 2.15471773117e-005, 3.98110978495e-006, 7.09449182068e-007, 1.83578251267e-007, 3.16720338844e-008, 3.55235263427e-009, 2.55329118959e-010, 5.71641844971e-010]
    },
    "gfcc": {
        "mean": [-224.482818604, 224.097686768, -119.907447815, -28.6324195862, -41.8758926392, -35.7808456421, -35.2278556824, -15.2733373642, -20.001947403, -29.0467739105, -10.0497913361, -23.3020954132, -3.1675055027],
        "cov": [[9493.16210938, -1154.81860352, -2928.20947266, 143.483764648, -541.778686523, -367.711639404, -939.071228027, -236.249481201, -7.09044933319, 515.95324707, 486.294036865, 8.84457683563, -273.222961426], [-1154.81860352, 870.898620605, 606.801025391, -366.847717285, 186.959014893, -47.3574104309, 230.289123535, -59.708114624, -49.8553276062, -202.275772095, -62.7383956909, 28.3959999084, 81.3370819092], [-2928.20947266, 606.801025391, 1525.94836426, -182.606079102, 73.7062988281, 191.593948364, 303.403198242, -41.28931427, -120.113998413, -139.603469849, -188.655548096, 71.6137924194, 126.638061523], [143.483764648, -366.847717285, -182.606079102, 554.578979492, 3.49390482903, 39.8095817566, -72.2755279541, 97.1972503662, 88.7633590698, 87.8463363647, -0.733240962029, -113.722900391, -72.4298171997], [-541.778686523, 186.959014893, 73.7062988281, 3.49390482903, 295.716308594, 60.1929283142, 41.2241859436, -5.16531848907, 56.5400619507, -1.22500622272, -27.8085765839, -18.3739395142, -31.5448074341], [-367.711639404, -47.3574104309, 191.593948364, 39.8095817566, 60.1929283142, 233.420150757, 21.6028175354, -39.3800582886, 8.20378780365, 66.4387283325, -52.4228401184, -27.4706401825, -26.1979045868], [-939.071228027, 230.289123535, 303.403198242, -72.2755279541, 41.2241859436, 21.6028175354, 361.895782471, 142.980255127, -79.7311019897, -157.138916016, -121.725646973, -16.4828720093, 99.3331985474], [-236.249481201, -59.708114624, -41.28931427, 97.1972503662, -5.16531848907, -39.3800582886, 142.980255127, 220.114807129, 5.15600681305, -88.1451263428, -70.9815292358, -35.1207427979, 40.3339157104], [-7.09044933319, -49.8553276062, -120.113998413, 88.7633590698, 56.5400619507, 8.20378780365, -79.7311019897, 5.15600681305, 121.544715881, 49.6054496765, 11.0414762497, -40.0970191956, -57.6899299622], [515.95324707, -202.275772095, -139.603469849, 87.8463363647, -1.22500622272, 66.4387283325, -157.138916016, -88.1451263428, 49.6054496765, 196.008865356, 69.7709655762, -22.0495071411, -85.0342636108], [486.294036865, -62.7383956909, -188.655548096, -0.733240962029, -27.8085765839, -52.4228401184, -121.725646973, -70.9815292358, 11.0414762497, 69.7709655762, 135.810562134, 21.2093448639, -52.2336769104], [8.84457683563, 28.3959999084, 71.6137924194, -113.722900391, -18.3739395142, -27.4706401825, -16.4828720093, -35.1207427979, -40.0970191956, -22.0495071411, 21.2093448639, 98.7467803955, 26.8030605316], [-273.222961426, 81.3370819092, 126.638061523, -72.4298171997, -31.5448074341, -26.1979045868, 99.3331985474, 40.3339157104, -57.6899299622, -85.0342636108, -52.2336769104, 26.8030605316, 111.531059265]],
        "icov": [[0.000707001716364, -0.00141017662827, 0.0017993018264, -0.000534465129022, 0.00132318167016, -0.000377958087483, 0.00107073481195, -0.000517995620612, 0.0022332824301, -0.00205065915361, 0.00140853878111, -0.00142760574818, 0.000483878859086], [-0.00141017662827, 0.00836247578263, -0.00551449973136, 0.0037645092234, -0.00559529755265, 0.00338965002447, -0.00354992737994, 0.0040416913107, -0.00574641348794, 0.00823543127626, -0.00484889326617, 0.0075428490527, -0.000710291205905], [0.0017993018264, -0.00551449973136, 0.00639417720959, -0.00247309543192, 0.00439926469699, -0.00252253259532, 0.00231309328228, -0.00128009426408, 0.00613946840167, -0.00634660897776, 0.00534080341458, -0.00635099224746, 0.000982031808235], [-0.000534465129022, 0.0037645092234, -0.00247309543192, 0.00481367018074, -0.00237324298359, 0.00119923171587, -0.000263531168457, -0.000489148020279, -0.00238270848058, 0.00272482540458, -0.00235547451302, 0.00607362436131, 0.000183786207344], [0.00132318167016, -0.00559529755265, 0.00439926469699, -0.00237324298359, 0.00853403378278, -0.00291672232561, 0.00122908246703, -0.00157982355449, 0.0018715999322, -0.00537891639397, 0.00404310179874, -0.00591248832643, 0.00217234739102], [-0.000377958087483, 0.00338965002447, -0.00252253259532, 0.00119923171587, -0.00291672232561, 0.00935142394155, -0.00234731449746, 0.00339532806538, -0.000803579401691, -0.00102940981742, 0.00283006345853, 0.00350168184377, 0.00176285102498], [0.00107073481195, -0.00354992737994, 0.00231309328228, -0.000263531168457, 0.00122908246703, -0.00234731449746, 0.0106202550232, -0.00613242574036, 0.00811544898897, -0.00157975254115, 0.00320757110603, 0.000545698567294, -0.000666023755912], [-0.000517995620612, 0.0040416913107, -0.00128009426408, -0.000489148020279, -0.00157982355449, 0.00339532806538, -0.00613242574036, 0.0127583835274, -0.0050441743806, 0.00548342475668, 0.00118292158004, 0.00242826924659, -0.0003400897549], [0.0022332824301, -0.00574641348794, 0.00613946840167, -0.00238270848058, 0.0018715999322, -0.000803579401691, 0.00811544898897, -0.0050441743806, 0.0234222784638, -0.0079786349088, 0.00725717237219, -0.00148081150837, 0.00586695270613], [-0.00205065915361, 0.00823543127626, -0.00634660897776, 0.00272482540458, -0.00537891639397, -0.00102940981742, -0.00157975254115, 0.00548342475668, -0.0079786349088, 0.0217308886349, -0.00899185612798, 0.00904817413539, 0.00166270381305], [0.00140853878111, -0.00484889326617, 0.00534080341458, -0.00235547451302, 0.00404310179874, 0.00283006345853, 0.00320757110603, 0.00118292158004, 0.00725717237219, -0.00899185612798, 0.0206613130867, -0.00806596688926, 0.00642954232171], [-0.00142760574818, 0.0075428490527, -0.00635099224746, 0.00607362436131, -0.00591248832643, 0.00350168184377, 0.000545698567294, 0.00242826924659, -0.00148081150837, 0.00904817413539, -0.00806596688926, 0.0246507562697, -0.00362546741962], [0.000483878859086, -0.000710291205905, 0.000982031808235, 0.000183786207344, 0.00217234739102, 0.00176285102498, -0.000666023755912, -0.0003400897549, 0.00586695270613, 0.00166270381305, 0.00642954232171, -0.00362546741962, 0.019603298977]]
    },
    "melbands": {
        "mean": [1.34818162678e-006, 0.000162613869179, 0.000418678420829, 0.000294801371638, 0.000820779125206, 0.00101689889561, 0.000461083895061, 0.000132072193082, 0.000277686456684, 0.00014405992988, 0.000125715654576, 6.488996587e-005, 4.25494763476e-005, 1.62358301168e-005, 1.89990842046e-005, 1.20886534205e-005, 7.69228063291e-006, 7.03620162312e-006, 1.05572562461e-005, 2.4882060643e-006, 1.56092426096e-006, 1.3266054566e-006, 8.08564095678e-007, 5.62569539397e-007, 3.78484429575e-007, 2.00799760819e-007, 1.26576551907e-007, 6.90833132921e-008, 2.79965099992e-008, 1.06914486153e-008, 5.5215778616e-009, 5.98997829115e-009, 5.23249577e-009, 1.92559679313e-009, 1.09635833745e-009, 1.09891962197e-009, 9.77871339458e-010, 1.12404863195e-009, 4.19697748777e-010, 4.27444468709e-010],
        "var": [3.74582266247e-012, 2.89018071697e-008, 3.52990667807e-007, 1.600539008e-007, 3.25228029396e-006, 4.36691834693e-006, 8.44865951422e-007, 1.5029087308e-007, 9.0470740588e-007, 1.38260560334e-007, 1.64169833283e-007, 3.9627444437e-008, 1.92222771034e-008, 4.02335276206e-009, 2.15198414644e-009, 5.16529663486e-009, 3.39515277004e-010, 3.39026612339e-010, 4.00699251557e-009, 5.06195502181e-011, 1.89521089794e-011, 1.20025066275e-011, 5.77464291662e-012, 2.23990552668e-012, 1.10326678349e-012, 2.77798075342e-013, 1.25112038243e-013, 5.08860328549e-014, 1.11785843372e-014, 1.67615792394e-015, 3.92297247941e-016, 6.60227401094e-016, 6.72955765193e-016, 5.26646506899e-017, 1.55454170099e-017, 1.12039289593e-017, 1.05151174652e-017, 1.9221480444e-017, 2.44895588461e-018, 3.2257808434e-018]
    },
    "mfcc": {
        "mean": [-849.309875488, 219.407943726, 9.5441532135, 1.54152691364, 0.849674105644, -25.0457649231, -16.3479194641, -7.67883443832, -12.3534345627, -10.2192630768, -13.8387975693, -19.1568660736, -15.5649032593],
        "cov": [[5403.67089844, 895.258056641, -2796.12915039, -108.384155273, -79.4382629395, -478.114013672, -226.748046875, -551.66192627, -672.381835938, -98.9792098999, 194.455764771, 339.723968506, 335.247802734], [895.258056641, 710.11138916, -327.107177734, -261.149017334, -39.6977729797, -125.654800415, -38.7581520081, -52.3124771118, -193.788208008, -175.759140015, -20.4012718201, 50.8331794739, 54.4716491699], [-2796.12915039, -327.107177734, 1846.53967285, 69.9041748047, -109.187294006, 320.509643555, 159.779067993, 260.176605225, 333.485687256, -30.5750274658, -214.515289307, -201.426773071, -131.154876709], [-108.384155273, -261.149017334, 69.9041748047, 343.998168945, 81.7378158569, -27.6017608643, 41.5595245361, 19.2197723389, 58.9727363586, 119.610969543, 28.3496875763, -13.6167449951, 8.42568874359], [-79.4382629395, -39.6977729797, -109.187294006, 81.7378158569, 292.426086426, 86.0679702759, -55.0518836975, -39.7283096313, -17.7405776978, 53.0191726685, 118.62348175, 79.9440460205, 22.9408550262], [-478.114013672, -125.654800415, 320.509643555, -27.6017608643, 86.0679702759, 315.5496521, 53.2659912109, -66.3706665039, 0.73557716608, -20.7064914703, 18.9967498779, 55.0285415649, 6.91740655899], [-226.748046875, -38.7581520081, 159.779067993, 41.5595245361, -55.0518836975, 53.2659912109, 153.253463745, 77.7188949585, 31.528421402, 10.3717784882, -37.9092903137, -47.8008613586, -28.1395645142], [-551.66192627, -52.3124771118, 260.176605225, 19.2197723389, -39.7283096313, -66.3706665039, 77.7188949585, 250.487365723, 184.607254028, 14.2044458389, -79.0595321655, -124.231925964, -98.5399398804], [-672.381835938, -193.788208008, 333.485687256, 58.9727363586, -17.7405776978, 0.73557716608, 31.528421402, 184.607254028, 262.883270264, 95.4987335205, -76.2390365601, -116.611320496, -83.3366241455], [-98.9792098999, -175.759140015, -30.5750274658, 119.610969543, 53.0191726685, -20.7064914703, 10.3717784882, 14.2044458389, 95.4987335205, 178.236083984, 58.0448265076, -28.0571327209, -5.84749746323], [194.455764771, -20.4012718201, -214.515289307, 28.3496875763, 118.62348175, 18.9967498779, -37.9092903137, -79.0595321655, -76.2390365601, 58.0448265076, 162.237960815, 107.799667358, 26.7581577301], [339.723968506, 50.8331794739, -201.426773071, -13.6167449951, 79.9440460205, 55.0285415649, -47.8008613586, -124.231925964, -116.611320496, -28.0571327209, 107.799667358, 176.059188843, 90.0426101685], [335.247802734, 54.4716491699, -131.154876709, 8.42568874359, 22.9408550262, 6.91740655899, -28.1395645142, -98.5399398804, -83.3366241455, -5.84749746323, 26.7581577301, 90.0426101685, 126.711250305]],
        "icov": [[0.00431517930701, -0.00492488173768, 0.00714745279402, -0.00656281737611, 0.00750485435128, -0.00688378326595, 0.00540881603956, -0.00186802796088, 0.00126610836014, -0.000997565919533, 0.00115324440412, 0.00115583790466, -0.00297799380496], [-0.00492488173768, 0.0092106750235, -0.00840534642339, 0.0104864304885, -0.010854027234, 0.011300153099, -0.00882216915488, 0.00353885418735, -0.00079138984438, 0.00306092854589, -0.00047447331599, -0.00156189431436, 0.00264504575171], [0.00714745279402, -0.00840534642339, 0.0131828906015, -0.011942634359, 0.0136578297243, -0.013875820674, 0.0100063402206, -0.00439945375547, 0.0011219563894, -0.00054856139468, 0.00109156116378, 0.00347413495183, -0.00575884943828], [-0.00656281737611, 0.0104864304885, -0.011942634359, 0.0177538301796, -0.0163607317954, 0.0167800951749, -0.0142907928675, 0.00687765982002, -0.00217262725346, 0.000164532335475, 0.00109940604307, -0.00399818457663, 0.00472229206935], [0.00750485435128, -0.010854027234, 0.0136578297243, -0.0163607317954, 0.023526025936, -0.0210703089833, 0.0188942644745, -0.0121507942677, 0.00606098584831, -0.00500173307955, -0.00220966269262, 0.00336496997625, -0.00649693608284], [-0.00688378326595, 0.011300153099, -0.013875820674, 0.0167800951749, -0.0210703089833, 0.028618555516, -0.0245755724609, 0.020919021219, -0.0138800265267, 0.0115880062804, -0.00447728671134, -0.00335285696201, 0.00567382853478], [0.00540881603956, -0.00882216915488, 0.0100063402206, -0.0142907928675, 0.0188942644745, -0.0245755724609, 0.0329952016473, -0.0268418118358, 0.0225106291473, -0.0187381245196, 0.011018615216, -0.00251609855331, -0.00143483525608], [-0.00186802796088, 0.00353885418735, -0.00439945375547, 0.00687765982002, -0.0121507942677, 0.020919021219, -0.0268418118358, 0.0395965278149, -0.0339920185506, 0.0269999820739, -0.0173142757267, 0.0103703746572, -0.00052309804596], [0.00126610836014, -0.00079138984438, 0.0011219563894, -0.00217262725346, 0.00606098584831, -0.0138800265267, 0.0225106291473, -0.0339920185506, 0.0445962063968, -0.0363224670291, 0.0296522602439, -0.0168496258557, 0.00988695025444], [-0.000997565919533, 0.00306092854589, -0.00054856139468, 0.000164532335475, -0.00500173307955, 0.0115880062804, -0.0187381245196, 0.0269999820739, -0.0363224670291, 0.0437938012183, -0.0347270406783, 0.024391207844, -0.0140135921538], [0.00115324440412, -0.00047447331599, 0.00109156116378, 0.00109940604307, -0.00220966269262, -0.00447728671134, 0.011018615216, -0.0173142757267, 0.0296522602439, -0.0347270406783, 0.0462203249335, -0.0309683941305, 0.0179814696312], [0.00115583790466, -0.00156189431436, 0.00347413495183, -0.00399818457663, 0.00336496997625, -0.00335285696201, -0.00251609855331, 0.0103703746572, -0.0168496258557, 0.024391207844, -0.0309683941305, 0.0357872396708, -0.0202923323959], [-0.00297799380496, 0.00264504575171, -0.00575884943828, 0.00472229206935, -0.00649693608284, 0.00567382853478, -0.00143483525608, -0.00052309804596, 0.00988695025444, -0.0140135921538, 0.0179814696312, -0.0202923323959, 0.0249788053334]]
    },
    "spectral_contrast_coeffs": {
        "mean": [-0.486470282078, -0.582432031631, -0.601128935814, -0.688380241394, -0.755596637726, -0.817921459675],
        "var": [0.00479401741177, 0.00916879437864, 0.00677362224087, 0.00559130683541, 0.00471110828221, 0.00292503205128]
    },
    "spectral_contrast_valleys": {
        "mean": [-9.37334728241, -8.18774700165, -9.88116836548, -10.7585010529, -11.1981277466, -14.4230413437],
        "var": [0.831576406956, 1.94716203213, 1.60003864765, 1.74764621258, 1.30230295658, 0.944215297699]
    }
},
"metadata": {
    "audio_properties": {
        "analysis_sample_rate": 44100,
        "bit_rate": 88047,
        "equal_loudness": 0,
        "length": 45.0873451233,
        "lossless": 0,
        "replay_gain": -3.32406616211,
        "sample_rate": 44100,
        "codec": "mp3",
        "downmix": "mix",
        "md5_encoded": "090c43497a14020ea0fdac3eb6429528"
    },
    "tags": {
        "file_name": "736.mp3"
    },
    "version": {
        "essentia": "2.1-beta2",
        "essentia_git_sha": "v2.1_beta2",
        "extractor": "music 1.0"
    }
},
"rhythm": {
    "beats_count": 90,
    "beats_loudness": {
        "mean": 0.0166665483266,
        "var": 0.000638311088551
    },
    "bpm": 129.53465271,
    "bpm_histogram_first_peak_bpm": {
        "mean": 129,
        "var": 0
    },
    "bpm_histogram_first_peak_spread": {
        "mean": 0.515151500702,
        "var": 0
    },
    "bpm_histogram_first_peak_weight": {
        "mean": 0.179775282741,
        "var": 0
    },
    "bpm_histogram_second_peak_bpm": {
        "mean": 117,
        "var": 0
    },
    "bpm_histogram_second_peak_spread": {
        "mean": 0.571428537369,
        "var": 0
    },
    "bpm_histogram_second_peak_weight": {
        "mean": 0.13483145833,
        "var": 0
    },
    "danceability": 0.750790894032,
    "onset_rate": 1.28589522839,
    "beats_loudness_band_ratio": {
        "mean": [0.251824647188, 0.438175231218, 0.338082849979, 0.0734094008803, 0.0155717395246, 0.000914892705623],
        "var": [0.0418121814728, 0.0525817237794, 0.0464732311666, 0.00566399144009, 0.00100030482281, 9.16727640288e-006]
    },
    "beats_position": [0.626938760281, 1.26548755169, 1.90403628349, 2.54258489609, 3.15791368484, 3.7732424736, 4.38857126236, 4.99229001999, 5.60761880875, 6.11845779419, 6.62929677963, 7.14013576508, 7.65097475052, 8.17342376709, 8.68426322937, 9.2067117691, 9.71755123138, 10.2399997711, 10.7043991089, 11.1571884155, 11.6099767685, 12.0627660751, 12.5271654129, 12.9915647507, 13.4443531036, 13.9087524414, 14.3731517792, 14.90721035, 15.4296598434, 15.9521083832, 16.4165077209, 16.8809070587, 17.3453063965, 17.7980957031, 18.2392749786, 18.6920623779, 19.1564617157, 19.6324710846, 20.0968704224, 20.5728797913, 21.0140590668, 21.4436283112, 21.8731975555, 22.3027667999, 22.7323360443, 23.1735134125, 23.6030826569, 24.0326519012, 24.4622211456, 24.89179039, 25.3561897278, 25.8205890656, 26.2849884033, 26.7493877411, 27.2137870789, 27.6665763855, 28.1193637848, 28.5837631226, 29.0365524292, 29.4893417358, 29.9769611359, 30.476190567, 30.9638080597, 31.474647522, 31.9738769531, 32.4731063843, 32.9491157532, 33.4251251221, 33.901134491, 34.4003639221, 34.8995895386, 35.3872108459, 35.8864402771, 36.3856697083, 36.8732872009, 37.3492965698, 37.8369140625, 38.3129234314, 38.8121528625, 39.3113822937, 39.8222198486, 40.309841156, 40.7974586487, 41.2850799561, 41.7843093872, 42.2951469421, 42.8059844971, 43.3168258667, 43.8392753601, 44.350112915]
},
"tonal": {
    "chords_changes_rate": 0.0411522649229,
    "chords_number_rate": 0.0102880662307,
    "chords_strength": {
        "mean": 0.455331146717,
        "var": 0.0129295233637
    },
    "hpcp_entropy": {
        "mean": 0.98360311985,
        "var": 0.302207618952
    },
    "key_strength": 0.799527823925,
    "tuning_diatonic_strength": 0.44562253356,
    "tuning_equal_tempered_deviation": 0.0316395685077,
    "tuning_frequency": 440.254241943,
    "tuning_nontempered_energy_ratio": 0.614962220192,
    "hpcp": {
        "mean": [0.00129598670173, 0.00152544293087, 0.0463404282928, 0.0864737331867, 0.042540602386, 0.0558878183365, 0.112203724682, 0.0825446769595, 0.26105427742, 0.351745456457, 0.116701968014, 0.00142023933586, 0.000970981316641, 0.00328497728333, 0.0500974133611, 0.0935900881886, 0.0542999878526, 0.124109126627, 0.223529070616, 0.108859732747, 0.00147306418512, 0.000545696646441, 0.0151084000245, 0.158867299557, 0.228114530444, 0.0847506970167, 0.0164229571819, 0.0332470759749, 0.0259636957198, 0.213811144233, 0.363560050726, 0.160578250885, 0.053814958781, 0.102456428111, 0.0523634515703, 0.002158052288],
        "var": [9.66594234342e-006, 6.56565243844e-005, 0.0161340478808, 0.0510889776051, 0.0117377527058, 0.0210662297904, 0.0846084877849, 0.0256219208241, 0.0849423334002, 0.138025179505, 0.0157477352768, 0.000155972098582, 0.000166614510817, 0.00124085508287, 0.0158048383892, 0.0489644818008, 0.0163710843772, 0.0410952307284, 0.123294308782, 0.0303406082094, 4.40767253167e-005, 2.58317559201e-005, 0.00272730691358, 0.0617454871535, 0.112376026809, 0.0178543645889, 0.00252309069037, 0.00965642184019, 0.0031462085899, 0.0584605447948, 0.164083987474, 0.0355337485671, 0.0234906692058, 0.0854368656874, 0.0228541903198, 4.98094268551e-005]
    },
    "chords_histogram": [43.41563797, 6.79012346268, 0.617283940315, 10.8024692535, 0, 0, 0, 1.64609050751, 0.617283940315, 1.64609050751, 10.5967073441, 0, 0, 0, 0, 0, 0, 8.33333301544, 0, 0, 0.205761313438, 1.54320991039, 4.21810722351, 9.56790161133],
    "thpcp": [1, 0.441682875156, 0.148022204638, 0.281814306974, 0.144029721618, 0.00593588966876, 0.00356471142732, 0.00419584847987, 0.127462923527, 0.237852677703, 0.117011211812, 0.153723761439, 0.308625012636, 0.227045506239, 0.718049943447, 0.967503070831, 0.320997774601, 0.00390647817403, 0.00267075910233, 0.0090355835855, 0.137796804309, 0.257426768541, 0.149356305599, 0.341371744871, 0.614833950996, 0.299427092075, 0.00405177660286, 0.00150098081212, 0.0415568202734, 0.436976790428, 0.627446651459, 0.233113333583, 0.0451726131141, 0.0914486497641, 0.0714151486754, 0.588104069233],
    "chords_key": "C",
    "chords_scale": "minor",
    "key_key": "C",
    "key_scale": "minor"
}
}