{
"lowlevel": {
    "average_loudness": 0.149938449264,
    "barkbands_crest": {
        "mean": 12.4122629166,
        "var": 20.1340999603
    },
    "barkbands_flatness_db": {
        "mean": 0.28841149807,
        "var": 0.0120865171775
    },
    "barkbands_kurtosis": {
        "mean": 15.6704082489,
        "var": 2059.48217773
    },
    "barkbands_skewness": {
        "mean": 2.00134110451,
        "var": 3.6040828228
    },
    "barkbands_spread": {
        "mean": 6.80275344849,
        "var": 67.4240036011
    },
    "dissonance": {
        "mean": 0.422629982233,
        "var": 0.00398395722732
    },
    "dynamic_complexity": 6.1757850647,
    "erbbands_crest": {
        "mean": 11.4156780243,
        "var": 19.6790962219
    },
    "erbbands_flatness_db": {
        "mean": 0.284989565611,
        "var": 0.00515544647351
    },
    "erbbands_kurtosis": {
        "mean": 6.38201665878,
        "var": 114.774147034
    },
    "erbbands_skewness": {
        "mean": 1.45960998535,
        "var": 1.86361157894
    },
    "erbbands_spread": {
        "mean": 17.5528526306,
        "var": 251.689834595
    },
    "hfc": {
        "mean": 7.68271398544,
        "var": 241.283630371
    },
    "melbands_crest": {
        "mean": 14.7449741364,
        "var": 27.3781013489
    },
    "melbands_flatness_db": {
        "mean": 0.358346581459,
        "var": 0.0211746655405
    },
    "melbands_kurtosis": {
        "mean": 17.0454883575,
        "var": 730.195068359
    },
    "melbands_skewness": {
        "mean": 2.21003913879,
        "var": 2.36597275734
    },
    "melbands_spread": {
        "mean": 8.8575258255,
        "var": 168.302078247
    },
    "pitch_salience": {
        "mean": 0.589549422264,
        "var": 0.0175417996943
    },
    "silence_rate_20dB": {
        "mean": 0.979927957058,
        "var": 0.0196692124009
    },
    "silence_rate_30dB": {
        "mean": 0.902727723122,
        "var": 0.0878100991249
    },
    "silence_rate_60dB": {
        "mean": 0.411219775677,
        "var": 0.242115437984
    },
    "spectral_centroid": {
        "mean": 678.356506348,
        "var": 544570.4375
    },
    "spectral_complexity": {
        "mean": 8.23468875885,
        "var": 96.9585800171
    },
    "spectral_decrease": {
        "mean": -8.4165217018e-009,
        "var": 3.74799638364e-016
    },
    "spectral_energy": {
        "mean": 0.0324627310038,
        "var": 0.00544081954286
    },
    "spectral_energyband_high": {
        "mean": 0.000239464992774,
        "var": 1.09873508336e-006
    },
    "spectral_energyband_low": {
        "mean": 0.0201066806912,
        "var": 0.0045961891301
    },
    "spectral_energyband_middle_high": {
        "mean": 0.00127555022482,
        "var": 2.09816371353e-005
    },
    "spectral_energyband_middle_low": {
        "mean": 0.0113313207403,
        "var": 0.000303359585814
    },
    "spectral_entropy": {
        "mean": 6.41577720642,
        "var": 0.918879449368
    },
    "spectral_flux": {
        "mean": 0.0681763663888,
        "var": 0.00721215642989
    },
    "spectral_kurtosis": {
        "mean": 32.1677398682,
        "var": 1794.58483887
    },
    "spectral_rms": {
        "mean": 0.00388382235542,
        "var": 1.65868968907e-005
    },
    "spectral_rolloff": {
        "mean": 782.219848633,
        "var": 1402564.5
    },
    "spectral_skewness": {
        "mean": 3.62720799446,
        "var": 7.47867536545
    },
    "spectral_spread": {
        "mean": 2581922.75,
        "var": 3.68581882675e+012
    },
    "spectral_strongpeak": {
        "mean": 0.471502661705,
        "var": 0.162872880697
    },
    "zerocrossingrate": {
        "mean": 0.0295391306281,
        "var": 0.00101240328513
    },
    "barkbands": {
        "mean": [0.00168450351339, 0.0155102191493, 0.00244391406886, 0.0018377940869, 0.00534351496026, 0.00288821943104, 0.000542916415725, 0.000300237559713, 0.000372031034203, 0.00015175624867, 0.000220386471483, 0.000200123758987, 0.000180560076842, 0.000116452145448, 0.000182399351615, 5.42265406693e-005, 3.74677874788e-005, 6.16339748376e-005, 5.95163437538e-005, 0.000129740961711, 8.81423256942e-005, 4.11103428632e-005, 1.11354102046e-005, 3.92437777919e-006, 7.04735839463e-007, 1.40008552307e-007, 1.53569921224e-008],
        "var": [4.52474560007e-005, 0.00329532893375, 0.000123575940961, 2.29699289775e-005, 9.35197240324e-005, 2.36980868067e-005, 1.02604849417e-006, 2.56334033111e-007, 5.23116057138e-007, 1.94578305468e-007, 8.46768898555e-007, 6.14462578596e-007, 5.34925561624e-007, 1.91386490656e-007, 5.69004100726e-007, 6.61261054802e-008, 2.92376807209e-008, 6.81845051531e-008, 6.73984317245e-008, 3.56694329184e-007, 1.41707005241e-007, 3.24581712619e-008, 2.15606554832e-009, 1.56157045628e-010, 6.01469048178e-012, 3.0222601765e-013, 8.72993151835e-015]
    },
    "erbbands": {
        "mean": [0.572114229202, 2.936606884, 3.52425169945, 4.34352493286, 11.6602363586, 17.5283546448, 31.3335800171, 16.1038856506, 6.75582408905, 9.57982540131, 6.73010444641, 7.075278759, 7.17787122726, 6.12086248398, 8.51202297211, 8.37939834595, 7.87623786926, 7.22965621948, 11.443479538, 4.27964115143, 2.76136517525, 2.23982930183, 3.18694090843, 2.89825773239, 3.47726917267, 5.64662218094, 5.65294504166, 2.47756958008, 1.65150952339, 0.590201795101, 0.305219948292, 0.122995056212, 0.0477981418371, 0.0124872885644, 0.00300946016796, 0.000761850795243, 0.000236322259298, 5.37367741344e-005, 1.69454269781e-005, 3.59292571375e-005],
        "var": [5.57817935944, 124.880241394, 244.477874756, 149.664535522, 743.870727539, 1012.83056641, 2780.27734375, 611.82989502, 150.851776123, 291.599853516, 122.323257446, 181.935440063, 298.141052246, 399.820709229, 1272.54992676, 1134.18225098, 1149.56188965, 707.802429199, 2158.22680664, 290.814910889, 148.811569214, 100.258178711, 180.908737183, 157.663726807, 236.696029663, 668.609375, 597.90826416, 119.584632874, 52.530708313, 6.2574634552, 1.53248155117, 0.175074636936, 0.0256135035306, 0.00180301151704, 0.000115139511763, 8.58256044012e-006, 8.35253842979e-007, 3.15705968035e-008, 1.474173561e-009, 6.40975450494e-009]
    },
    "gfcc": {
        "mean": [-183.388000488, 156.541168213, -114.251014709, 5.42870950699, -87.2272720337, -20.9516353607, -27.9061813354, -26.9716873169, -20.8858089447, -7.85750770569, -2.77667355537, -7.25085830688, 4.03808259964],
        "cov": [[9833.35546875, -431.857177734, -412.303649902, 1744.48352051, 783.682617188, 681.739746094, 202.522750854, 165.260940552, 119.117416382, 188.56842041, 63.3409004211, 16.0247554779, 0.66909712553], [-431.857177734, 2921.41186523, 2405.14160156, -233.717269897, 926.930908203, 169.435928345, 592.392456055, -44.0757789612, 255.220504761, -220.3097229, 199.731018066, -97.7576675415, 178.678283691], [-412.303649902, 2405.14160156, 3344.19140625, 704.617004395, 1337.54101563, 285.131469727, 632.095458984, 65.0261383057, 231.224578857, -179.639968872, 195.566070557, -6.08182811737, 162.281906128], [1744.48352051, -233.717269897, 704.617004395, 1430.3560791, 687.188476563, 288.355712891, 120.602294922, 63.7600097656, 47.1492347717, 55.3765869141, 49.4522285461, 24.8939247131, 32.080242157], [783.682617188, 926.930908203, 1337.54101563, 687.188476563, 985.352783203, 284.308166504, 361.696899414, 18.0946846008, 158.54876709, 0.327734589577, 97.3560791016, 14.2971401215, 54.4461479187], [681.739746094, 169.435928345, 285.131469727, 288.355712891, 284.308166504, 296.680023193, 127.436828613, 131.498123169, 62.2380943298, 31.1719970703, 69.2249526978, -8.03576374054, 37.7529182434], [202.522750854, 592.392456055, 632.095458984, 120.602294922, 361.696899414, 127.436828613, 266.426574707, 59.3098258972, 109.388626099, 0.135640844703, 62.8452110291, 10.8363437653, 30.5657730103], [165.260940552, -44.0757789612, 65.0261383057, 63.7600097656, 18.0946846008, 131.498123169, 59.3098258972, 159.63621521, 39.3807678223, 36.5149536133, 23.9401607513, 6.90255880356, 14.8060512543], [119.117416382, 255.220504761, 231.224578857, 47.1492347717, 158.54876709, 62.2380943298, 109.388626099, 39.3807678223, 91.2516098022, 15.6337871552, 39.7677688599, -3.88373351097, 22.1710681915], [188.56842041, -220.3097229, -179.639968872, 55.3765869141, 0.327734589577, 31.1719970703, 0.135640844703, 36.5149536133, 15.6337871552, 83.8647155762, 6.61380529404, 33.4843597412, -15.9693813324], [63.3409004211, 199.731018066, 195.566070557, 49.4522285461, 97.3560791016, 69.2249526978, 62.8452110291, 23.9401607513, 39.7677688599, 6.61380529404, 70.8925170898, 4.96335363388, 41.253200531], [16.0247554779, -97.7576675415, -6.08182811737, 24.8939247131, 14.2971401215, -8.03576374054, 10.8363437653, 6.90255880356, -3.88373351097, 33.4843597412, 4.96335363388, 73.2143707275, 2.31078696251], [0.66909712553, 178.678283691, 162.281906128, 32.080242157, 54.4461479187, 37.7529182434, 30.5657730103, 14.8060512543, 22.1710681915, -15.9693813324, 41.253200531, 2.31078696251, 74.3889083862]],
        "icov": [[0.000183744967217, -0.00025341581204, 0.000270828168141, -0.000370680820197, 6.04973138252e-005, -0.000296913523925, -3.95558927266e-005, 5.61462115911e-007, -4.26955120929e-005, -2.65204380412e-006, 0.00023843087547, -0.000291787728202, 0.000187618104974], [-0.00025341581204, 0.00329292751849, -0.00183145119809, 0.00224152463488, -0.000577538332436, -0.000519902619999, -0.00235064676963, 0.00265719532035, -0.00135801837314, 0.00151933939196, -0.00126321695279, 0.00308618764393, -0.00241932785138], [0.000270828168141, -0.00183145119809, 0.00253187888302, -0.00140664423816, -0.00175280193798, 0.00204802746885, 0.00025018438464, -0.00368763273582, 0.00185704603791, 0.00258055445738, -0.00153861544095, -0.00195582094602, 0.00126904249191], [-0.000370680820197, 0.00224152463488, -0.00140664423816, 0.00317754619755, -0.00195475900546, -0.000206151293241, -2.58130427255e-007, 0.000831799348816, 0.000259341381025, 8.40231441543e-005, -0.000893796037417, 0.00225487048738, -0.00194612122141], [6.04973138252e-005, -0.000577538332436, -0.00175280193798, -0.00195475900546, 0.00827221851796, -0.00637163827196, -0.00300227012485, 0.0080134216696, -0.0047833560966, -0.00406298041344, 0.00552993267775, -0.00167455920018, 0.000409984553698], [-0.000296913523925, -0.000519902619999, 0.00204802746885, -0.000206151293241, -0.00637163827196, 0.0153020611033, 0.000215760417632, -0.0134153384715, 0.00716850580648, 0.00192264071666, -0.0102004474029, 0.00395496375859, 0.000161697607837], [-3.95558927266e-005, -0.00235064676963, 0.00025018438464, -2.58130427255e-007, -0.00300227012485, 0.000215760417632, 0.0167504251003, -0.00514211459085, -0.00783441122621, 0.00132907123771, -0.00143270089757, -0.00557508226484, 0.00491757551208], [5.61462115911e-007, 0.00265719532035, -0.00368763273582, 0.000831799348816, 0.0080134216696, -0.0134153384715, -0.00514211459085, 0.0228811874986, -0.00874272920191, -0.00648094341159, 0.00873908773065, 0.000554426456802, -0.0038436956238], [-4.26955120929e-005, -0.00135801837314, 0.00185704603791, 0.000259341381025, -0.0047833560966, 0.00716850580648, -0.00783441122621, -0.00874272920191, 0.0325556769967, -0.00761864287779, -0.00829119421542, 0.00783690623939, -0.00306261493824], [-2.65204380412e-006, 0.00151933939196, 0.00258055445738, 8.40231441543e-005, -0.00406298041344, 0.00192264071666, 0.00132907123771, -0.00648094341159, -0.00761864287779, 0.0314837247133, -0.00926510151476, -0.0107915177941, 0.00792938750237], [0.00023843087547, -0.00126321695279, -0.00153861544095, -0.000893796037417, 0.00552993267775, -0.0102004474029, -0.00143270089757, 0.00873908773065, -0.00829119421542, -0.00926510151476, 0.036094352603, -0.00262258970179, -0.0127002093941], [-0.000291787728202, 0.00308618764393, -0.00195582094602, 0.00225487048738, -0.00167455920018, 0.00395496375859, -0.00557508226484, 0.000554426456802, 0.00783690623939, -0.0107915177941, -0.00262258970179, 0.0241873413324, -0.00666645355523], [0.000187618104974, -0.00241932785138, 0.00126904249191, -0.00194612122141, 0.000409984553698, 0.000161697607837, 0.00491757551208, -0.0038436956238, -0.00306261493824, 0.00792938750237, -0.0127002093941, -0.00666645355523, 0.0255505423993]]
    },
    "melbands": {
        "mean": [0.00474637746811, 0.00258725206368, 0.000991838402115, 0.00102748896461, 0.00106030656025, 0.000401869270718, 0.000105559905933, 9.7675503639e-005, 5.30964425707e-005, 4.73810068797e-005, 3.57415046892e-005, 2.35647366935e-005, 3.0532519304e-005, 2.04132138606e-005, 2.05876003747e-005, 1.76385674422e-005, 1.2268381397e-005, 1.87924779311e-005, 9.26823213376e-006, 3.96300401917e-006, 2.98623081108e-006, 2.46177387453e-006, 1.75030515948e-006, 3.66207586922e-006, 2.13270391214e-006, 2.30107821153e-006, 2.52482436736e-006, 4.35672382082e-006, 4.25136977356e-006, 2.33920559367e-006, 1.15843738513e-006, 1.1206078625e-006, 4.4855872261e-007, 2.64274376605e-007, 1.89137637108e-007, 1.05170720133e-007, 6.30841938687e-008, 3.79353295443e-008, 1.64616906773e-008, 8.22662915567e-009],
        "var": [0.000320337043377, 0.000102909405541, 6.29393844065e-006, 4.07421748605e-006, 3.0262274322e-006, 3.95306102519e-007, 3.89639041032e-008, 2.90967161476e-008, 7.96220334109e-009, 8.64947935497e-009, 7.61462537469e-009, 5.93446136676e-009, 1.66645612865e-008, 6.18679107944e-009, 7.58381268895e-009, 5.2580708676e-009, 2.07805594954e-009, 5.69436942044e-009, 1.29829758055e-009, 3.46550038666e-010, 1.76756359549e-010, 1.2591724885e-010, 5.38703491537e-011, 2.49045312151e-010, 8.71577532369e-011, 1.03289515829e-010, 1.25232837989e-010, 4.17685386278e-010, 3.42771172557e-010, 1.09572600993e-010, 2.6694698535e-011, 2.54225859114e-011, 3.37613899511e-012, 1.31878665974e-012, 6.05667913826e-013, 1.61411994339e-013, 4.12278243771e-014, 1.65185858156e-014, 2.83161314322e-015, 8.69338712887e-016]
    },
    "mfcc": {
        "mean": [-818.313110352, 177.076248169, 17.7294883728, 12.0646791458, -32.0228614807, -6.01941919327, -10.0306253433, -20.1413707733, -14.636554718, -8.74138832092, -12.8351392746, -6.2485461235, -6.08363962173],
        "cov": [[8539.24511719, -1692.81005859, -1441.22277832, 1076.86376953, 191.779464722, 877.177612305, 76.5135498047, 297.755432129, 47.0273780823, 322.67767334, 120.101005554, 202.431945801, -40.9617576599], [-1692.81005859, 3288.06030273, 1795.28686523, 35.6517219543, 645.058227539, 216.113601685, 534.005004883, 288.382202148, 308.66809082, 39.2880783081, 113.926200867, 50.6573371887, 120.972351074], [-1441.22277832, 1795.28686523, 1885.01000977, 616.904296875, 759.534606934, 284.210571289, 480.815460205, 343.158660889, 240.978973389, 54.6269760132, 31.3118724823, 64.4889297485, 121.988761902], [1076.86376953, 35.6517219543, 616.904296875, 1262.92114258, 680.588989258, 598.122253418, 301.650878906, 245.862197876, 133.708496094, 123.618721008, 52.7396736145, 52.1789474487, 36.7541503906], [191.779464722, 645.058227539, 759.534606934, 680.588989258, 686.901794434, 443.621124268, 346.031005859, 239.897293091, 165.225570679, 91.9911499023, 64.4268951416, 66.7711257935, 63.1592140198], [877.177612305, 216.113601685, 284.210571289, 598.122253418, 443.621124268, 439.97833252, 244.43788147, 179.491317749, 107.330062866, 98.1134109497, 73.0206832886, 63.0964736938, 38.1852378845], [76.5135498047, 534.005004883, 480.815460205, 301.650878906, 346.031005859, 244.43788147, 266.586242676, 181.025390625, 128.066253662, 74.68019104, 60.1942634583, 61.5500679016, 60.3213615417], [297.755432129, 288.382202148, 343.158660889, 245.862197876, 239.897293091, 179.491317749, 181.025390625, 187.612960815, 111.683013916, 73.1050796509, 48.2662734985, 63.9082069397, 49.7953872681], [47.0273780823, 308.66809082, 240.978973389, 133.708496094, 165.225570679, 107.330062866, 128.066253662, 111.683013916, 111.821113586, 63.3409042358, 46.7371826172, 38.9983673096, 32.8057785034], [322.67767334, 39.2880783081, 54.6269760132, 123.618721008, 91.9911499023, 98.1134109497, 74.68019104, 73.1050796509, 63.3409042358, 91.3910522461, 52.2214584351, 35.654548645, 21.0458679199], [120.101005554, 113.926200867, 31.3118724823, 52.7396736145, 64.4268951416, 73.0206832886, 60.1942634583, 48.2662734985, 46.7371826172, 52.2214584351, 69.2102279663, 39.2279853821, 17.6519489288], [202.431945801, 50.6573371887, 64.4889297485, 52.1789474487, 66.7711257935, 63.0964736938, 61.5500679016, 63.9082069397, 38.9983673096, 35.654548645, 39.2279853821, 62.677822113, 37.3502502441], [-40.9617576599, 120.972351074, 121.988761902, 36.7541503906, 63.1592140198, 38.1852378845, 60.3213615417, 49.7953872681, 32.8057785034, 21.0458679199, 17.6519489288, 37.3502502441, 50.3352813721]],
        "icov": [[0.0003810726339, -0.000237992760958, 0.000603104010224, -0.000278962223092, 0.000288566574454, -0.00076661008643, 0.000457778747659, -0.00115076906513, 0.000680672586896, -0.00121341622435, 0.00179080478847, -0.00181898707524, 0.00121889833827], [-0.000237992760958, 0.00153517432045, -0.00195002718829, 0.00150830543134, 0.000426917016739, -0.00158597179689, -0.000847371178679, 0.00226285192184, -0.00286981766112, 0.00235883076675, -0.00324821495451, 0.00305030308664, -0.00105442269705], [0.000603104010224, -0.00195002718829, 0.00486583216116, -0.00279773771763, -0.00242793024518, 0.00497963558882, -0.00157237285748, -0.00504189077765, 0.00385353644378, -0.00229533086531, 0.00483226776123, -0.0034190157894, 0.00085932778893], [-0.000278962223092, 0.00150830543134, -0.00279773771763, 0.004741481971, -0.00038663984742, -0.00626988615841, 0.00258474377915, 0.00151262793224, -0.00234674755484, 0.000568018585909, -0.00147880602162, 0.00389392767102, -0.000964924576692], [0.000288566574454, 0.000426917016739, -0.00242793024518, -0.00038663984742, 0.0106199551374, -0.00840918067843, -0.0027973279357, 0.00243598059751, -0.00404602149501, 0.00120976567268, 0.0022585617844, -0.00188190792687, 0.00210699997842], [-0.00076661008643, -0.00158597179689, 0.00497963558882, -0.00626988615841, -0.00840918067843, 0.0243753362447, -0.0103113166988, -0.00296117528342, 0.00763486139476, -0.000262946530711, -0.00551307760179, 0.000362760474673, -0.000157735979883], [0.000457778747659, -0.000847371178679, -0.00157237285748, 0.00258474377915, -0.0027973279357, -0.0103113166988, 0.0284594222903, -0.00956600625068, -0.00410277582705, -0.0014110832708, -0.000586660637055, 0.00151257112157, -0.00663006678224], [-0.00115076906513, 0.00226285192184, -0.00504189077765, 0.00151262793224, 0.00243598059751, -0.00296117528342, -0.00956600625068, 0.0315799973905, -0.016392769292, 0.00104545836803, 0.0011794376187, -0.00744521711022, -0.000490115548018], [0.000680672586896, -0.00286981766112, 0.00385353644378, -0.00234674755484, -0.00404602149501, 0.00763486139476, -0.00410277582705, -0.016392769292, 0.0393736064434, -0.0146084940061, -0.00108779559378, -0.00119846186135, 0.00196124427021], [-0.00121341622435, 0.00235883076675, -0.00229533086531, 0.000568018585909, 0.00120976567268, -0.000262946530711, -0.0014110832708, 0.00104545836803, -0.0146084940061, 0.0342105925083, -0.0217144843191, 0.0107947941869, -0.00734814675525], [0.00179080478847, -0.00324821495451, 0.00483226776123, -0.00147880602162, 0.0022585617844, -0.00551307760179, -0.000586660637055, 0.0011794376187, -0.00108779559378, -0.0217144843191, 0.0504082664847, -0.0321117378771, 0.015455535613], [-0.00181898707524, 0.00305030308664, -0.0034190157894, 0.00389392767102, -0.00188190792687, 0.000362760474673, 0.00151257112157, -0.00744521711022, -0.00119846186135, 0.0107947941869, -0.0321117378771, 0.0628471076488, -0.034835062921], [0.00121889833827, -0.00105442269705, 0.00085932778893, -0.000964924576692, 0.00210699997842, -0.000157735979883, -0.00663006678224, -0.000490115548018, 0.00196124427021, -0.00734814675525, 0.015455535613, -0.034835062921, 0.0501436293125]]
    },
    "spectral_contrast_coeffs": {
        "mean": [-0.532805383205, -0.723605453968, -0.811424851418, -0.836417555809, -0.855910181999, -0.746660470963],
        "var": [0.0114892348647, 0.00685254344717, 0.00310932216235, 0.00113834696822, 0.00082113762619, 0.00275227217935]
    },
    "spectral_contrast_valleys": {
        "mean": [-9.24954795837, -7.12004184723, -8.13104057312, -9.21771240234, -9.47337627411, -12.7976341248],
        "var": [5.6346988678, 1.53549480438, 1.52038669586, 1.77831089497, 2.09413313866, 1.60609853268]
    }
},
"metadata": {
    "audio_properties": {
        "analysis_sample_rate": 44100,
        "bit_rate": 102435,
        "equal_loudness": 0,
        "length": 45.0873451233,
        "lossless": 0,
        "replay_gain": -4.11846733093,
        "sample_rate": 44100,
        "codec": "mp3",
        "downmix": "mix",
        "md5_encoded": "42e41e5378a4a180958d4316ea378eb4"
    },
    "tags": {
        "file_name": "737.mp3"
    },
    "version": {
        "essentia": "2.1-beta2",
        "essentia_git_sha": "v2.1_beta2",
        "extractor": "music 1.0"
    }
},
"rhythm": {
    "beats_count": 68,
    "beats_loudness": {
        "mean": 0.0827580094337,
        "var": 0.0145983621478
    },
    "bpm": 90.8009490967,
    "bpm_histogram_first_peak_bpm": {
        "mean": 91,
        "var": 0
    },
    "bpm_histogram_first_peak_spread": {
        "mean": 0.166666641831,
        "var": 0
    },
    "bpm_histogram_first_peak_weight": {
        "mean": 0.820895552635,
        "var": 0
    },
    "bpm_histogram_second_peak_bpm": {
        "mean": 86,
        "var": 0
    },
    "bpm_histogram_second_peak_spread": {
        "mean": 0,
        "var": 0
    },
    "bpm_histogram_second_peak_weight": {
        "mean": 0.0149253727868,
        "var": 0
    },
    "danceability": 1.30819153786,
    "onset_rate": 3.90202713013,
    "beats_loudness_band_ratio": {
        "mean": [0.364830136299, 0.197382256389, 0.126771658659, 0.113874547184, 0.0882664397359, 0.131337374449],
        "var": [0.150065511465, 0.0216768532991, 0.0188568085432, 0.0109865283594, 0.00978695787489, 0.016430310905]
    },
    "beats_position": [0.696598649025, 1.39319729805, 2.06657600403, 2.73995471001, 3.40172338486, 4.06349182129, 4.71365070343, 5.38702917099, 6.03718805313, 6.71056699753, 7.36072540283, 8.0224943161, 8.67265319824, 9.33442115784, 9.99619007111, 10.6579589844, 11.3081178665, 11.9814968109, 12.6316547394, 13.3050336838, 13.9551925659, 14.6169614792, 15.2787294388, 15.9288883209, 16.5906581879, 17.2524261475, 17.9025840759, 18.575963974, 19.2261219025, 19.8994998932, 20.549659729, 21.2114276886, 21.8731975555, 22.523355484, 23.1851234436, 23.8468933105, 24.5086612701, 25.1704311371, 25.8321990967, 26.4939670563, 27.1441268921, 27.7942848206, 28.4560546875, 29.1178226471, 29.7795906067, 30.4413604736, 31.1147384644, 31.7881164551, 32.4382743835, 33.0884361267, 33.750202179, 34.4119720459, 35.0737419128, 35.7355079651, 36.3856697083, 37.059047699, 37.7208137512, 38.3825836182, 39.0327415466, 39.6829032898, 40.344669342, 41.006439209, 41.6682090759, 42.3299751282, 42.9917449951, 43.6535148621, 44.3152809143, 44.9770507813]
},
"tonal": {
    "chords_changes_rate": 0.0514403283596,
    "chords_number_rate": 0.0123456791043,
    "chords_strength": {
        "mean": 0.507741391659,
        "var": 0.01577648893
    },
    "hpcp_entropy": {
        "mean": 2.08848428726,
        "var": 0.760629892349
    },
    "key_strength": 0.615213632584,
    "tuning_diatonic_strength": 0.455050081015,
    "tuning_equal_tempered_deviation": 0.231146097183,
    "tuning_frequency": 434.193115234,
    "tuning_nontempered_energy_ratio": 0.952543318272,
    "hpcp": {
        "mean": [0.145360291004, 0.140298187733, 0.0888350754976, 0.0837554857135, 0.0898703038692, 0.0939838141203, 0.236855328083, 0.307963699102, 0.182509839535, 0.119112588465, 0.11479921639, 0.119752876461, 0.265685260296, 0.321469306946, 0.156384110451, 0.0646080523729, 0.0648459270597, 0.0997000262141, 0.318055182695, 0.409668087959, 0.207539096475, 0.136298209429, 0.146288171411, 0.112084440887, 0.104025050998, 0.0816934630275, 0.102252684534, 0.245246499777, 0.278047204018, 0.140909612179, 0.0673525780439, 0.0623806677759, 0.0744771435857, 0.114437885582, 0.114024832845, 0.103843592107],
        "var": [0.0546184517443, 0.0484550185502, 0.0263153295964, 0.0242318846285, 0.0306273493916, 0.0209291037172, 0.0720119178295, 0.109532445669, 0.05432433635, 0.0540954321623, 0.0526988022029, 0.0383134670556, 0.0897393897176, 0.131975501776, 0.0384607575834, 0.0197077654302, 0.0192495808005, 0.0245062466711, 0.107867278159, 0.166872233152, 0.0473905578256, 0.047443125397, 0.0707176104188, 0.0382935367525, 0.0518913194537, 0.0293200034648, 0.0317313224077, 0.0897538885474, 0.104072444141, 0.0374762937427, 0.0163738429546, 0.0154207712039, 0.0186181440949, 0.0389005281031, 0.0388119146228, 0.029613096267]
    },
    "chords_histogram": [42.2839508057, 6.06995868683, 6.89300394058, 0.823045253754, 0, 0, 2.36625504494, 0, 0, 0, 0, 0, 4.11522626877, 6.89300394058, 0, 1.74897122383, 0, 3.49794244766, 0, 16.563785553, 3.08641982079, 0, 1.33744859695, 4.32098770142],
    "thpcp": [1, 0.506603062153, 0.332704007626, 0.357089489698, 0.27359816432, 0.253925204277, 0.199413776398, 0.24959884584, 0.598646819592, 0.67871338129, 0.343960434198, 0.164407670498, 0.15227124095, 0.181798741221, 0.279342919588, 0.278334677219, 0.253482252359, 0.354824542999, 0.342467933893, 0.216846466064, 0.204447180033, 0.219373449683, 0.229414537549, 0.578163981438, 0.751739561558, 0.445506602526, 0.290753871202, 0.280224949121, 0.292316824198, 0.648537874222, 0.784706711769, 0.381733685732, 0.157708287239, 0.158288940787, 0.243367806077, 0.776372849941],
    "chords_key": "B",
    "chords_scale": "major",
    "key_key": "B",
    "key_scale": "major"
}
}