{
"lowlevel": {
    "average_loudness": 0.956335127354,
    "barkbands_crest": {
        "mean": 10.9542560577,
        "var": 19.1842479706
    },
    "barkbands_flatness_db": {
        "mean": 0.153912574053,
        "var": 0.00239678705111
    },
    "barkbands_kurtosis": {
        "mean": 6.54966163635,
        "var": 131.544708252
    },
    "barkbands_skewness": {
        "mean": 1.75724887848,
        "var": 2.28909277916
    },
    "barkbands_spread": {
        "mean": 18.8110694885,
        "var": 138.516418457
    },
    "dissonance": {
        "mean": 0.441781789064,
        "var": 0.00143353408203
    },
    "dynamic_complexity": 2.8193154335,
    "erbbands_crest": {
        "mean": 10.0861530304,
        "var": 19.3268013
    },
    "erbbands_flatness_db": {
        "mean": 0.16242544353,
        "var": 0.00252436334267
    },
    "erbbands_kurtosis": {
        "mean": 0.846203744411,
        "var": 6.63171958923
    },
    "erbbands_skewness": {
        "mean": 0.537019312382,
        "var": 0.610078155994
    },
    "erbbands_spread": {
        "mean": 40.4019813538,
        "var": 615.296508789
    },
    "hfc": {
        "mean": 19.1589736938,
        "var": 274.600036621
    },
    "melbands_crest": {
        "mean": 13.936091423,
        "var": 21.7304115295
    },
    "melbands_flatness_db": {
        "mean": 0.213347584009,
        "var": 0.00386943737976
    },
    "melbands_kurtosis": {
        "mean": 19.9745998383,
        "var": 1229.69128418
    },
    "melbands_skewness": {
        "mean": 2.83101868629,
        "var": 5.12438631058
    },
    "melbands_spread": {
        "mean": 21.084651947,
        "var": 382.100616455
    },
    "pitch_salience": {
        "mean": 0.529871940613,
        "var": 0.0130077218637
    },
    "silence_rate_20dB": {
        "mean": 1,
        "var": 0
    },
    "silence_rate_30dB": {
        "mean": 0.997425317764,
        "var": 0.00256808195263
    },
    "silence_rate_60dB": {
        "mean": 0.0432543754578,
        "var": 0.0413824059069
    },
    "spectral_centroid": {
        "mean": 1225.47924805,
        "var": 622235.9375
    },
    "spectral_complexity": {
        "mean": 14.3522138596,
        "var": 57.9408569336
    },
    "spectral_decrease": {
        "mean": -6.62116672601e-009,
        "var": 2.48497116304e-017
    },
    "spectral_energy": {
        "mean": 0.0267275683582,
        "var": 0.000396801100578
    },
    "spectral_energyband_high": {
        "mean": 0.000719284522347,
        "var": 8.86012855972e-007
    },
    "spectral_energyband_low": {
        "mean": 0.00776893785223,
        "var": 9.96561720967e-005
    },
    "spectral_energyband_middle_high": {
        "mean": 0.00674003921449,
        "var": 6.53034585412e-005
    },
    "spectral_energyband_middle_low": {
        "mean": 0.0122390342876,
        "var": 0.000137834838824
    },
    "spectral_entropy": {
        "mean": 7.31740474701,
        "var": 0.207745224237
    },
    "spectral_flux": {
        "mean": 0.0827653035522,
        "var": 0.00187779800035
    },
    "spectral_kurtosis": {
        "mean": 4.45426559448,
        "var": 10.0373601913
    },
    "spectral_rms": {
        "mean": 0.0047440235503,
        "var": 3.56989630745e-006
    },
    "spectral_rolloff": {
        "mean": 1291.83813477,
        "var": 2243860.25
    },
    "spectral_skewness": {
        "mean": 1.56491160393,
        "var": 0.262638241053
    },
    "spectral_spread": {
        "mean": 4847825.5,
        "var": 4.85569907917e+012
    },
    "spectral_strongpeak": {
        "mean": 1.19967806339,
        "var": 2.02148127556
    },
    "zerocrossingrate": {
        "mean": 0.0542349219322,
        "var": 0.00140100577846
    },
    "barkbands": {
        "mean": [8.98139769561e-005, 0.0049991980195, 0.00209863623604, 0.00121228396893, 0.00532789807767, 0.00117543188389, 0.00143844552804, 0.00089030835079, 0.00193867273629, 0.00220030010678, 0.000872758158948, 0.000704281846993, 0.000473519496154, 0.000558497093152, 0.000795088766608, 0.000291938282317, 0.00022659325623, 0.000215451145777, 0.000337409670465, 0.000435642461525, 0.000159774397616, 7.81682538218e-005, 7.33994602342e-005, 6.61229787511e-005, 4.51732848887e-005, 2.10135913221e-005, 1.78172354026e-006],
        "var": [5.55780701461e-008, 5.99530903855e-005, 1.72665058926e-005, 4.68107919005e-006, 7.13281770004e-005, 2.82181486e-006, 7.09607593308e-006, 5.22221580468e-006, 1.259110104e-005, 1.64934681379e-005, 4.54489918411e-006, 3.11472604153e-006, 1.20326853903e-006, 2.05084006666e-006, 3.83041469831e-006, 4.96321490573e-007, 2.80081110304e-007, 1.26104879428e-007, 4.45853544306e-007, 5.84259964853e-007, 8.38775875422e-008, 1.43575018541e-008, 1.62454085739e-008, 1.13464340146e-008, 6.68554767103e-009, 1.977780828e-009, 4.13751290174e-011]
    },
    "erbbands": {
        "mean": [0.118394620717, 1.20049607754, 2.55657243729, 3.50353121758, 12.2262506485, 19.1933174133, 10.151473999, 9.79327011108, 22.7148265839, 11.8082208633, 30.5869617462, 49.5185317993, 36.8061523438, 75.7685623169, 34.9937324524, 28.7556476593, 21.7307510376, 23.2948741913, 53.8606071472, 20.213186264, 17.1283149719, 11.4885063171, 10.5656700134, 14.3333215714, 18.6332836151, 21.1493225098, 12.6687040329, 3.66337919235, 2.64855360985, 2.77494478226, 2.05071020126, 1.51323604584, 0.98217266798, 0.57560557127, 0.285885930061, 0.118777967989, 0.029543261975, 0.00645263958722, 0.000206319396966, 3.68143046217e-005],
        "var": [0.0501176454127, 3.2952940464, 15.9612340927, 34.7252578735, 402.308380127, 1041.57629395, 184.502166748, 236.895935059, 1825.14233398, 463.78225708, 4312.87304688, 8609.63867188, 4554.24902344, 21206.2148438, 4813.00878906, 4393.03417969, 2055.00878906, 2182.18920898, 17634.5996094, 1511.49353027, 1614.06872559, 497.690887451, 217.956558228, 613.296020508, 1393.78137207, 1451.23132324, 593.830383301, 28.0679836273, 18.4771156311, 17.4005718231, 11.6915912628, 5.9212641716, 2.65013432503, 1.08036804199, 0.292673975229, 0.0610533989966, 0.00387118011713, 0.000328441063175, 3.72996993292e-007, 8.53318304905e-010]
    },
    "gfcc": {
        "mean": [-9.73330974579, 96.3894500732, -112.310447693, 34.1870918274, -63.6418876648, 14.7980422974, -36.8813896179, 7.8616232872, -30.8601455688, -1.27128255367, -16.4051837921, -5.61847162247, -6.83904027939],
        "cov": [[6435.80908203, -247.956314087, -881.169616699, -61.573474884, -106.797264099, 175.644577026, 29.3733406067, 177.525466919, -167.856399536, 54.5045509338, -183.179214478, -39.232963562, -83.5545120239], [-247.956314087, 1000.57495117, -241.91569519, -148.620788574, 72.224281311, -27.69764328, 137.27432251, -33.1824684143, 102.730316162, -84.6436004639, 141.07484436, -108.268623352, 95.5690917969], [-881.169616699, -241.91569519, 1267.95837402, 283.59475708, 110.728485107, 143.983718872, -99.4278640747, -21.1961593628, 46.3338775635, 90.0367736816, -55.3459129333, 276.605407715, -105.262062073], [-61.573474884, -148.620788574, 283.59475708, 487.24710083, 103.595977783, -24.5380172729, -50.2195510864, 19.3327960968, 21.7807559967, 38.8008460999, 20.9992580414, 65.8553619385, 50.5273513794], [-106.797264099, 72.224281311, 110.728485107, 103.595977783, 242.458862305, 47.8491592407, 52.7267379761, 38.2792472839, 49.5559310913, 43.0754432678, 0.747043967247, 21.9964561462, 30.9779167175], [175.644577026, -27.69764328, 143.983718872, -24.5380172729, 47.8491592407, 249.689651489, 91.4459381104, 22.7643470764, 26.0066223145, 40.3598632813, -1.53126418591, 18.3820419312, -33.2725830078], [29.3733406067, 137.27432251, -99.4278640747, -50.2195510864, 52.7267379761, 91.4459381104, 217.363525391, 55.3760871887, 3.49115276337, -3.13952493668, 47.4746932983, -34.0684738159, 22.6160964966], [177.525466919, -33.1824684143, -21.1961593628, 19.3327960968, 38.2792472839, 22.7643470764, 55.3760871887, 133.286972046, 46.5010185242, 21.434299469, 2.34818959236, 9.26823139191, 23.8628044128], [-167.856399536, 102.730316162, 46.3338775635, 21.7807559967, 49.5559310913, 26.0066223145, 3.49115276337, 46.5010185242, 139.453796387, 51.2381286621, 22.592338562, 0.731125056744, 11.8770341873], [54.5045509338, -84.6436004639, 90.0367736816, 38.8008460999, 43.0754432678, 40.3598632813, -3.13952493668, 21.434299469, 51.2381286621, 128.928375244, 20.9808959961, 9.29850673676, -13.4547796249], [-183.179214478, 141.07484436, -55.3459129333, 20.9992580414, 0.747043967247, -1.53126418591, 47.4746932983, 2.34818959236, 22.592338562, 20.9808959961, 127.990341187, -6.58533096313, 37.517074585], [-39.232963562, -108.268623352, 276.605407715, 65.8553619385, 21.9964561462, 18.3820419312, -34.0684738159, 9.26823139191, 0.731125056744, 9.29850673676, -6.58533096313, 149.425445557, -11.1632966995], [-83.5545120239, 95.5690917969, -105.262062073, 50.5273513794, 30.9779167175, -33.2725830078, 22.6160964966, 23.8628044128, 11.8770341873, -13.4547796249, 37.517074585, -11.1632966995, 123.492668152]],
        "icov": [[0.000298682105495, -0.00032617765828, 0.000530513410922, -0.000351126858732, 0.000254117680015, -0.000527742842678, 0.000298297236441, -0.000656667340081, 0.000816212326754, -0.000758907350246, 0.000777297827881, -0.000737650261726, 0.000452688633231], [-0.00032617765828, 0.00268849520944, -0.000916445220355, 0.00128691818099, -0.00130253937095, 0.0011344953673, -0.00126326433383, 0.00226208218373, -0.00338099664077, 0.00336450594477, -0.00302921840921, 0.00218661059625, -0.00137264840305], [0.000530513410922, -0.000916445220355, 0.00291261891834, -0.0015685246326, 0.000361636921298, -0.00178225687705, 0.000828232732601, -0.000588777766097, 0.00123515841551, -0.00214338046499, 0.00224110297859, -0.00444708578289, 0.00214859098196], [-0.000351126858732, 0.00128691818099, -0.0015685246326, 0.00377257121727, -0.00172623060644, 0.00128154782578, 0.00021132157417, 0.000701732817106, -0.00128427729942, 0.00157591805328, -0.0025558823254, 0.00180787919089, -0.00227489625104], [0.000254117680015, -0.00130253937095, 0.000361636921298, -0.00172623060644, 0.00654502911493, -0.00084893242456, -0.00139488046989, -0.000910058792215, 0.00026218694984, -0.0031080446206, 0.00332911475562, -0.00162476557307, -0.000766838958953], [-0.000527742842678, 0.0011344953673, -0.00178225687705, 0.00128154782578, -0.00084893242456, 0.00714915059507, -0.00394211662933, 0.00194372329861, -0.0027177114971, 0.000579671293963, -0.000997132156044, 0.00157552317251, -2.31475787587e-005], [0.000298297236441, -0.00126326433383, 0.000828232732601, 0.00021132157417, -0.00139488046989, -0.00394211662933, 0.00949198566377, -0.00497026974335, 0.00393652310595, -2.94172114081e-005, -0.00217207008973, 0.000634389405604, 0.000644229643513], [-0.000656667340081, 0.00226208218373, -0.000588777766097, 0.000701732817106, -0.000910058792215, 0.00194372329861, -0.00497026974335, 0.0134739568457, -0.00717041781172, 0.00191310537048, -0.000375592615455, -0.000145971687743, -0.00292627816088], [0.000816212326754, -0.00338099664077, 0.00123515841551, -0.00128427729942, 0.00026218694984, -0.0027177114971, 0.00393652310595, -0.00717041781172, 0.0152827398852, -0.00713704898953, 0.00220906361938, -0.00173625920434, 0.00153816933744], [-0.000758907350246, 0.00336450594477, -0.00214338046499, 0.00157591805328, -0.0031080446206, 0.000579671293963, -2.94172114081e-005, 0.00191310537048, -0.00713704898953, 0.0154827628285, -0.00699193868786, 0.00452756043524, -0.000110708082502], [0.000777297827881, -0.00302921840921, 0.00224110297859, -0.0025558823254, 0.00332911475562, -0.000997132156044, -0.00217207008973, -0.000375592615455, 0.00220906361938, -0.00699193868786, 0.0151857752353, -0.00482075801119, -0.000830671400763], [-0.000737650261726, 0.00218661059625, -0.00444708578289, 0.00180787919089, -0.00162476557307, 0.00157552317251, 0.000634389405604, -0.000145971687743, -0.00173625920434, 0.00452756043524, -0.00482075801119, 0.0150454416871, -0.00249259569682], [0.000452688633231, -0.00137264840305, 0.00214859098196, -0.00227489625104, -0.000766838958953, -2.31475787587e-005, 0.000644229643513, -0.00292627816088, 0.00153816933744, -0.000110708082502, -0.000830671400763, -0.00249259569682, 0.0127290226519]]
    },
    "melbands": {
        "mean": [0.00125475705136, 0.0014822416706, 0.000768566562328, 0.00133775244467, 0.000405986414989, 0.000224391144002, 0.000335543241818, 0.000121515557112, 0.000292217591777, 0.000286742229946, 0.000188410922419, 0.000327360990923, 0.000114892725833, 9.2622169177e-005, 5.55219703529e-005, 4.22934135713e-005, 4.0087466914e-005, 9.10791932256e-005, 4.09911954193e-005, 2.02127739612e-005, 1.98091038328e-005, 1.2100330423e-005, 9.94921629172e-006, 1.00949400803e-005, 1.10130486064e-005, 1.54111658048e-005, 1.10765904537e-005, 1.50730702444e-005, 1.00022416518e-005, 3.40850624525e-006, 1.58462944455e-006, 1.44228863519e-006, 1.54661859142e-006, 1.51039046159e-006, 1.1930241044e-006, 9.96984226731e-007, 9.17053625926e-007, 7.06452681243e-007, 5.99823351877e-007, 4.42234323828e-007],
        "var": [4.25479265687e-006, 3.85478188036e-006, 1.31424496885e-006, 5.00713304064e-006, 2.90907706813e-007, 1.29838610974e-007, 3.79920351179e-007, 5.65948496956e-008, 3.59007373163e-007, 3.09300133949e-007, 1.35143565672e-007, 4.00917201659e-007, 5.73677887417e-008, 5.57093109421e-008, 1.80262773597e-008, 7.63071117404e-009, 8.60339710584e-009, 5.51378391833e-008, 9.10487685246e-009, 2.21683227331e-009, 2.83625167796e-009, 8.50511605588e-010, 2.45255149522e-010, 3.14825554515e-010, 4.3184594789e-010, 1.34390887307e-009, 3.9004832697e-010, 8.67873939381e-010, 4.86494178276e-010, 3.57564117204e-011, 7.35318403389e-012, 6.31246313901e-012, 5.9282826044e-012, 6.61735726978e-012, 4.06951642523e-012, 3.18138115678e-012, 2.18779118086e-012, 1.48998370066e-012, 1.09093506798e-012, 7.40540658309e-013]
    },
    "mfcc": {
        "mean": [-652.932556152, 122.242141724, 8.45428848267, 22.5485019684, 0.757592499256, 2.63239407539, 5.92944765091, 1.63767850399, -3.26021289825, 4.63167524338, -9.46304225922, -5.70706176758, -2.01078677177],
        "cov": [[4685.36230469, -276.029846191, -793.643920898, -218.792770386, -218.591888428, -87.6269073486, 137.940124512, 58.2304534912, 62.2233009338, 198.802215576, -62.1674308777, -80.5930023193, -28.1994991302], [-276.029846191, 958.350219727, -169.73236084, -169.631347656, -51.8271102905, 5.45522260666, 46.2169647217, 55.1353874207, -2.2275891304, 46.6613731384, 51.792552948, 0.72435760498, -13.6718406677], [-793.643920898, -169.73236084, 887.817016602, 161.261032104, 180.712295532, 200.090484619, -83.8479766846, 56.4731216431, 10.0539503098, -174.224884033, 114.165351868, 88.9379119873, 18.5865650177], [-218.792770386, -169.631347656, 161.261032104, 458.83416748, 169.23109436, -2.66437244415, -10.3872499466, -22.4656925201, 30.8887825012, -30.4206390381, -58.5493240356, 54.2249794006, 43.7511787415], [-218.591888428, -51.8271102905, 180.712295532, 169.23109436, 240.31350708, 67.5265960693, -52.4866714478, 4.66079378128, 49.2748260498, -10.1529092789, 15.2020111084, 31.6301059723, 30.4451179504], [-87.6269073486, 5.45522260666, 200.090484619, -2.66437244415, 67.5265960693, 217.756362915, 36.0922966003, 37.6499137878, 21.8956336975, -10.8485336304, 72.9541931152, 19.6577129364, -2.61821079254], [137.940124512, 46.2169647217, -83.8479766846, -10.3872499466, -52.4866714478, 36.0922966003, 205.147598267, 47.5046195984, 7.18944168091, 54.6114692688, -7.43289518356, 2.27969694138, 1.07350587845], [58.2304534912, 55.1353874207, 56.4731216431, -22.4656925201, 4.66079378128, 37.6499137878, 47.5046195984, 150.034790039, 38.509059906, -10.17075634, 27.4730968475, 5.32566928864, 8.73792648315], [62.2233009338, -2.2275891304, 10.0539503098, 30.8887825012, 49.2748260498, 21.8956336975, 7.18944168091, 38.509059906, 121.788223267, 50.2601509094, 4.46508312225, 13.127913475, 10.6020326614], [198.802215576, 46.6613731384, -174.224884033, -30.4206390381, -10.1529092789, -10.8485336304, 54.6114692688, -10.17075634, 50.2601509094, 178.09437561, 15.362036705, -3.9648911953, 29.3114051819], [-62.1674308777, 51.792552948, 114.165351868, -58.5493240356, 15.2020111084, 72.9541931152, -7.43289518356, 27.4730968475, 4.46508312225, 15.362036705, 134.720428467, 33.539604187, 1.1258392334], [-80.5930023193, 0.72435760498, 88.9379119873, 54.2249794006, 31.6301059723, 19.6577129364, 2.27969694138, 5.32566928864, 13.127913475, -3.9648911953, 33.539604187, 98.1634521484, 41.8734817505], [-28.1994991302, -13.6718406677, 18.5865650177, 43.7511787415, 30.4451179504, -2.61821079254, 1.07350587845, 8.73792648315, 10.6020326614, 29.3114051819, 1.1258392334, 41.8734817505, 105.775978088]],
        "icov": [[0.000283772998955, 0.000166791214724, 0.000304227636661, 3.83201477234e-005, 0.000106638130092, -0.000140466130688, 2.13753610296e-005, -0.000229180805036, -9.60039687925e-005, -6.01539177296e-005, -3.70061134163e-005, -6.37549601379e-005, 6.43726234557e-005], [0.000166791214724, 0.00130166381132, 0.000480777933262, 0.000385109422496, -0.000164434502949, -8.85615008883e-005, -7.70376282162e-005, -0.000585057830904, 0.000139709023642, -7.01306416886e-005, -0.000378728873329, -0.000408900843468, 0.000234521430684], [0.000304227636661, 0.000480777933262, 0.00283395242877, -0.000448871549452, -0.000460267678136, -0.00157636427321, 0.000496927241329, -0.00058665004326, -0.000381086458219, 0.00219927262515, -0.00163203454576, -0.00077214819612, -0.000280383421341], [3.83201477234e-005, 0.000385109422496, -0.000448871549452, 0.00399517221376, -0.00268376595341, 0.000850738142617, -0.000998245202936, 0.00052554247668, -0.000113623900688, 0.000171135470737, 0.00207821116783, -0.00171370536555, -0.000133137858938], [0.000106638130092, -0.000164434502949, -0.000460267678136, -0.00268376595341, 0.00806982815266, -0.00226788036525, 0.00235416227952, -8.70735893841e-005, -0.00201173406094, -0.000623210566118, -0.000187250232557, 0.000541828281712, -0.00103559484705], [-0.000140466130688, -8.85615008883e-005, -0.00157636427321, 0.000850738142617, -0.00226788036525, 0.00810358952731, -0.00282364711165, 0.000461564195575, -0.000759570742957, 0.000486404052936, -0.00299177039415, 0.00101043342147, 0.000293271703413], [2.13753610296e-005, -7.70376282162e-005, 0.000496927241329, -0.000998245202936, 0.00235416227952, -0.00282364711165, 0.00773474620655, -0.00316512351856, 0.00159489468206, -0.00313768815249, 0.00222671008669, -0.00165000907145, 0.00109591102228], [-0.000229180805036, -0.000585057830904, -0.00058665004326, 0.00052554247668, -8.70735893841e-005, 0.000461564195575, -0.00316512351856, 0.00996858999133, -0.00429213559255, 0.00331442384049, -0.00231431564316, 0.00198660022579, -0.00225593615323], [-9.60039687925e-005, 0.000139709023642, -0.000381086458219, -0.000113623900688, -0.00201173406094, -0.000759570742957, 0.00159489468206, -0.00429213559255, 0.0127608021721, -0.0054463930428, 0.00255331466906, -0.00239424058236, 0.00215587369166], [-6.01539177296e-005, -7.01306416886e-005, 0.00219927262515, 0.000171135470737, -0.000623210566118, 0.000486404052936, -0.00313768815249, 0.00331442384049, -0.0054463930428, 0.0116850007325, -0.00453886808828, 0.00236626155674, -0.00411340640858], [-3.70061134163e-005, -0.000378728873329, -0.00163203454576, 0.00207821116783, -0.000187250232557, -0.00299177039415, 0.00222671008669, -0.00231431564316, 0.00255331466906, -0.00453886808828, 0.0137918209657, -0.00524500198662, 0.00244816788472], [-6.37549601379e-005, -0.000408900843468, -0.00077214819612, -0.00171370536555, 0.000541828281712, 0.00101043342147, -0.00165000907145, 0.00198660022579, -0.00239424058236, 0.00236626155674, -0.00524500198662, 0.0162274930626, -0.00628752680495], [6.43726234557e-005, 0.000234521430684, -0.000280383421341, -0.000133137858938, -0.00103559484705, 0.000293271703413, 0.00109591102228, -0.00225593615323, 0.00215587369166, -0.00411340640858, 0.00244816788472, -0.00628752680495, 0.0134730758145]]
    },
    "spectral_contrast_coeffs": {
        "mean": [-0.61274087429, -0.674162089825, -0.699656844139, -0.739526927471, -0.761283576488, -0.758129537106],
        "var": [0.00794460810721, 0.006569087971, 0.00968664418906, 0.00613571703434, 0.00439055310562, 0.00162066472694]
    },
    "spectral_contrast_valleys": {
        "mean": [-7.35155200958, -7.23387670517, -7.78415822983, -8.24875164032, -7.97539758682, -10.4909238815],
        "var": [1.48811531067, 1.25931632519, 1.2380335331, 1.13374578953, 1.15554046631, 1.18722772598]
    }
},
"metadata": {
    "audio_properties": {
        "analysis_sample_rate": 44100,
        "bit_rate": 109574,
        "equal_loudness": 0,
        "length": 45.0612258911,
        "lossless": 0,
        "replay_gain": -10.1297950745,
        "sample_rate": 44100,
        "codec": "mp3",
        "downmix": "mix",
        "md5_encoded": "c4b8409216be0d17b14be5ae7c9f4302"
    },
    "tags": {
        "file_name": "738.mp3"
    },
    "version": {
        "essentia": "2.1-beta2",
        "essentia_git_sha": "v2.1_beta2",
        "extractor": "music 1.0"
    }
},
"rhythm": {
    "beats_count": 108,
    "beats_loudness": {
        "mean": 0.0415301881731,
        "var": 0.000258103071246
    },
    "bpm": 144.637023926,
    "bpm_histogram_first_peak_bpm": {
        "mean": 144,
        "var": 0
    },
    "bpm_histogram_first_peak_spread": {
        "mean": 0.473118275404,
        "var": 0
    },
    "bpm_histogram_first_peak_weight": {
        "mean": 0.457943916321,
        "var": 0
    },
    "bpm_histogram_second_peak_bpm": {
        "mean": 152,
        "var": 0
    },
    "bpm_histogram_second_peak_spread": {
        "mean": 0,
        "var": 0
    },
    "bpm_histogram_second_peak_weight": {
        "mean": 0.0934579446912,
        "var": 0
    },
    "danceability": 1.47599518299,
    "onset_rate": 4.39204120636,
    "beats_loudness_band_ratio": {
        "mean": [0.412821412086, 0.233361631632, 0.139889255166, 0.157002538443, 0.0749992206693, 0.0486998818815],
        "var": [0.0411101393402, 0.0239411015064, 0.0117974840105, 0.0232690703124, 0.00557233206928, 0.0020377333276]
    },
    "beats_position": [0.441179126501, 0.882358253002, 1.31192743778, 1.74149656296, 2.15945577621, 2.61224484444, 3.06503391266, 3.50621318817, 3.92417216301, 4.34213161469, 4.77170038223, 5.18965959549, 5.59600877762, 6.01396799088, 6.420317173, 6.82666635513, 7.24462556839, 7.66258478165, 8.08054447174, 8.498503685, 8.90485286713, 9.31120204926, 9.72916126251, 10.1355104446, 10.5418596268, 10.95981884, 11.3777770996, 11.7957363129, 12.202085495, 12.6084346771, 13.0031747818, 13.4095239639, 13.8158731461, 14.2222223282, 14.6285715103, 15.0233106613, 15.4296598434, 15.8360090256, 16.2307472229, 16.6487064362, 17.0550556183, 17.4614048004, 17.8793640137, 18.2973232269, 18.7152824402, 19.1332416534, 19.5395908356, 19.9459400177, 20.363899231, 20.7818584442, 21.1765975952, 21.5713367462, 21.9776859283, 22.3840351105, 22.8019943237, 23.219953537, 23.6379127502, 24.0558719635, 24.4622211456, 24.8685703278, 25.286529541, 25.7160987854, 26.1340579987, 26.5404071808, 26.958366394, 27.353105545, 27.7710647583, 28.1890239716, 28.6069831848, 29.0249423981, 29.4429016113, 29.8492507935, 30.2788200378, 30.6967792511, 31.1147384644, 31.5326976776, 31.9390468597, 32.3453979492, 32.7517471313, 33.1580963135, 33.5760536194, 33.99401474, 34.4119720459, 34.8067131042, 35.2246704102, 35.6426315308, 36.0489807129, 36.4785499573, 36.8965072632, 37.3144645691, 37.7324256897, 38.1503829956, 38.545124054, 38.9398651123, 39.334602356, 39.7641716003, 40.1937408447, 40.6233100891, 41.0528793335, 41.4708366394, 41.8771858215, 42.2951469421, 42.713104248, 43.1194534302, 43.5374145508, 43.9437637329, 44.350112915, 44.7680702209]
},
"tonal": {
    "chords_changes_rate": 0.124485597014,
    "chords_number_rate": 0.0154320988804,
    "chords_strength": {
        "mean": 0.514672160149,
        "var": 0.00952661782503
    },
    "hpcp_entropy": {
        "mean": 1.86817359924,
        "var": 0.598805427551
    },
    "key_strength": 0.709177672863,
    "tuning_diatonic_strength": 0.707218468189,
    "tuning_equal_tempered_deviation": 0.139477267861,
    "tuning_frequency": 445.627075195,
    "tuning_nontempered_energy_ratio": 0.845564365387,
    "hpcp": {
        "mean": [0.269486129284, 0.187614575028, 0.162157505751, 0.147707387805, 0.101025350392, 0.0848198086023, 0.0821558311582, 0.0695848539472, 0.0712925866246, 0.0771606937051, 0.0677457079291, 0.0635045543313, 0.0651386454701, 0.0897180512547, 0.195048078895, 0.250070303679, 0.157514840364, 0.0802415162325, 0.0763671249151, 0.0975660011172, 0.125358656049, 0.127192512155, 0.128460928798, 0.134014412761, 0.103292651474, 0.0603867024183, 0.0456313602626, 0.0490049347281, 0.0776757225394, 0.134245663881, 0.150483652949, 0.136276721954, 0.152527347207, 0.201568186283, 0.279867142439, 0.320551872253],
        "var": [0.0968047901988, 0.0690007284284, 0.0672882720828, 0.0632296651602, 0.0329406931996, 0.0284088496119, 0.0265273675323, 0.0205756351352, 0.0194588433951, 0.0262482576072, 0.0211428552866, 0.0177621375769, 0.0177977643907, 0.0280427914113, 0.0753814131021, 0.119701720774, 0.0608606785536, 0.0331359542906, 0.0297907162458, 0.0390545539558, 0.048706445843, 0.0506961457431, 0.0524086691439, 0.0584179274738, 0.0436306446791, 0.0204003285617, 0.0140401264653, 0.0133410487324, 0.0264678504318, 0.0639516711235, 0.0628899782896, 0.0527074411511, 0.0662615895271, 0.0812896713614, 0.111428894103, 0.121220357716]
    },
    "chords_histogram": [23.148147583, 5.14403295517, 3.29218101501, 0, 0, 0, 0.205761313438, 8.33333301544, 1.23456788063, 4.93827152252, 0, 0, 6.48148155212, 0.205761313438, 12.3456792831, 3.49794244766, 3.70370364189, 0.205761313438, 4.01234579086, 8.43621444702, 0, 5.55555534363, 5.14403295517, 4.11522626877],
    "thpcp": [1, 0.840694308281, 0.585286140442, 0.505869805813, 0.460790902376, 0.315160691738, 0.264605551958, 0.256294965744, 0.21707829833, 0.222405776381, 0.240712031722, 0.211340859532, 0.198110073805, 0.203207820654, 0.279886215925, 0.608475863934, 0.780124306679, 0.491386443377, 0.250323027372, 0.238236397505, 0.304368853569, 0.391071349382, 0.396792292595, 0.400749266148, 0.418074041605, 0.322233825922, 0.188383564353, 0.142352506518, 0.152876764536, 0.242318734527, 0.418795436621, 0.469451785088, 0.425131559372, 0.475827336311, 0.628816127777, 0.873079121113],
    "chords_key": "C#",
    "chords_scale": "minor",
    "key_key": "C#",
    "key_scale": "minor"
}
}