{
"lowlevel": {
    "average_loudness": 0.740705490112,
    "barkbands_crest": {
        "mean": 12.0595960617,
        "var": 35.6262168884
    },
    "barkbands_flatness_db": {
        "mean": 0.217945560813,
        "var": 0.0159293878824
    },
    "barkbands_kurtosis": {
        "mean": 24.7376861572,
        "var": 2253.85717773
    },
    "barkbands_skewness": {
        "mean": 2.80190086365,
        "var": 6.99912166595
    },
    "barkbands_spread": {
        "mean": 14.9132556915,
        "var": 203.436172485
    },
    "dissonance": {
        "mean": 0.447141379118,
        "var": 0.00242210412398
    },
    "dynamic_complexity": 7.58964729309,
    "erbbands_crest": {
        "mean": 10.0521783829,
        "var": 32.3336524963
    },
    "erbbands_flatness_db": {
        "mean": 0.182373017073,
        "var": 0.0037528204266
    },
    "erbbands_kurtosis": {
        "mean": 4.85769414902,
        "var": 154.211380005
    },
    "erbbands_skewness": {
        "mean": 1.0405908823,
        "var": 2.60211730003
    },
    "erbbands_spread": {
        "mean": 37.4949836731,
        "var": 535.672912598
    },
    "hfc": {
        "mean": 9.69425964355,
        "var": 281.766418457
    },
    "melbands_crest": {
        "mean": 15.4266910553,
        "var": 36.8727264404
    },
    "melbands_flatness_db": {
        "mean": 0.292155355215,
        "var": 0.0260432995856
    },
    "melbands_kurtosis": {
        "mean": 38.4122123718,
        "var": 3611.10571289
    },
    "melbands_skewness": {
        "mean": 3.50711083412,
        "var": 7.29271221161
    },
    "melbands_spread": {
        "mean": 15.787604332,
        "var": 299.065368652
    },
    "pitch_salience": {
        "mean": 0.500775694847,
        "var": 0.0288089942187
    },
    "silence_rate_20dB": {
        "mean": 0.95779722929,
        "var": 0.0404214076698
    },
    "silence_rate_30dB": {
        "mean": 0.878023684025,
        "var": 0.107097260654
    },
    "silence_rate_60dB": {
        "mean": 0.412249088287,
        "var": 0.242301523685
    },
    "spectral_centroid": {
        "mean": 1044.44519043,
        "var": 681876.875
    },
    "spectral_complexity": {
        "mean": 8.59186840057,
        "var": 77.5947799683
    },
    "spectral_decrease": {
        "mean": -1.23056871359e-008,
        "var": 9.40465657655e-016
    },
    "spectral_energy": {
        "mean": 0.0473237708211,
        "var": 0.0136294951662
    },
    "spectral_energyband_high": {
        "mean": 0.000220448462642,
        "var": 2.32605202655e-007
    },
    "spectral_energyband_low": {
        "mean": 0.0399027988315,
        "var": 0.0126572027802
    },
    "spectral_energyband_middle_high": {
        "mean": 0.00232666963711,
        "var": 4.93722945976e-005
    },
    "spectral_energyband_middle_low": {
        "mean": 0.0067508588545,
        "var": 0.000171952953679
    },
    "spectral_entropy": {
        "mean": 7.14194154739,
        "var": 0.980738580227
    },
    "spectral_flux": {
        "mean": 0.0661447122693,
        "var": 0.008599168621
    },
    "spectral_kurtosis": {
        "mean": 7.22701692581,
        "var": 107.921302795
    },
    "spectral_rms": {
        "mean": 0.00435113953426,
        "var": 2.72370816674e-005
    },
    "spectral_rolloff": {
        "mean": 1084.44311523,
        "var": 2206940.25
    },
    "spectral_skewness": {
        "mean": 1.78551220894,
        "var": 1.56157946587
    },
    "spectral_spread": {
        "mean": 4066913.5,
        "var": 3.36151969792e+012
    },
    "spectral_strongpeak": {
        "mean": 0.525779604912,
        "var": 0.443735122681
    },
    "zerocrossingrate": {
        "mean": 0.0448251217604,
        "var": 0.00167493941262
    },
    "barkbands": {
        "mean": [0.000865045469254, 0.0322703160346, 0.00491715455428, 0.00289369700477, 0.0017423100071, 0.000370319292415, 0.000845295726322, 0.00028029808891, 0.000571415643208, 0.000320179155096, 0.000354175572284, 0.000113237161713, 0.000565154419746, 0.000286793569103, 0.000338705431204, 8.30666613183e-005, 8.86802008608e-005, 8.60950967763e-005, 7.40966643207e-005, 7.42980264477e-005, 6.50241563562e-005, 5.28616947122e-005, 2.39858545683e-005, 2.36993000726e-005, 1.39010962812e-005, 3.74864157493e-006, 2.94386637734e-007],
        "var": [1.91069029825e-005, 0.00929603725672, 0.000267411669483, 7.38975068089e-005, 2.04771404242e-005, 7.19686227058e-007, 7.58769238018e-006, 3.66149293995e-007, 2.05024184652e-006, 1.04946650481e-006, 3.15840225085e-006, 5.3986628501e-008, 8.05502440926e-006, 1.88591320693e-006, 1.97048279915e-006, 1.10751940952e-007, 2.41267201773e-007, 7.11660916863e-008, 2.40900419612e-008, 2.09410977448e-008, 2.13295674456e-008, 1.6813352488e-008, 3.73680375532e-009, 3.31503979822e-009, 1.25262844541e-009, 1.48952294943e-010, 3.46675682952e-012]
    },
    "erbbands": {
        "mean": [0.833382308483, 7.31857299805, 8.05863761902, 8.85539722443, 8.12013816833, 4.25007534027, 4.33072042465, 2.30623006821, 7.74531269073, 11.6910352707, 7.07461118698, 13.3192567825, 10.2213191986, 14.4649801254, 11.640089035, 6.35260057449, 21.7034244537, 21.3848419189, 15.1283998489, 13.1891803741, 4.43547105789, 4.8200378418, 5.22645139694, 3.9355134964, 3.68592572212, 3.47704100609, 2.95913219452, 2.38658571243, 1.99005627632, 1.23734903336, 0.587107300758, 0.463837772608, 0.414581745863, 0.205899983644, 0.0675741583109, 0.0207147859037, 0.00629849545658, 0.00114560709335, 5.68317809666e-005, 5.31828045496e-005],
        "var": [5.56888198853, 573.404296875, 712.223571777, 628.952026367, 408.745849609, 126.162879944, 141.899124146, 22.9856319427, 391.33380127, 1638.96911621, 215.071090698, 1074.54663086, 637.184631348, 1961.56030273, 4311.89697266, 199.932174683, 8411.90527344, 12052.7802734, 2303.49584961, 6074.95019531, 186.534896851, 571.620727539, 340.033569336, 76.1519165039, 59.5974235535, 45.1138648987, 37.5923233032, 32.8884506226, 24.8472309113, 9.49423599243, 2.18169116974, 1.44791293144, 0.975299835205, 0.264459937811, 0.0312213841826, 0.00356079009362, 0.000493777333759, 2.66044971795e-005, 4.93823293368e-008, 1.60227422441e-008]
    },
    "gfcc": {
        "mean": [-124.558624268, 116.375160217, -99.6224441528, 42.0537338257, -57.6648902893, 10.5222072601, -21.005853653, 7.23768281937, -24.9178237915, -2.55598545074, -19.436378479, -14.2763843536, -9.12241077423],
        "cov": [[17538.8183594, -1901.42651367, -3654.13818359, -377.261383057, -716.869934082, 921.333862305, -977.479248047, -326.661682129, -167.742965698, 300.228271484, 434.4581604, 413.854919434, 63.7879981995], [-1901.42651367, 1650.55895996, 1033.50952148, 315.389221191, 664.757629395, -81.6276779175, 609.286376953, 49.9942626953, 299.718475342, -51.9932365417, 203.940765381, -141.521972656, 152.789230347], [-3654.13818359, 1033.50952148, 2534.94897461, 271.932250977, 686.124572754, 99.8784179688, 538.376464844, 168.322860718, 272.290649414, -80.8232574463, -63.3541641235, -145.515518188, -99.6474227905], [-377.261383057, 315.389221191, 271.932250977, 506.703552246, 335.198608398, -65.6342773438, 290.039276123, 17.4605522156, 49.0586967468, -8.45489883423, 58.5410232544, -40.557762146, 64.8120956421], [-716.869934082, 664.757629395, 686.124572754, 335.198608398, 896.761047363, 75.7332382202, 490.641235352, 106.475128174, 204.897384644, 40.1647491455, 110.821510315, -72.586730957, 16.4661312103], [921.333862305, -81.6276779175, 99.8784179688, -65.6342773438, 75.7332382202, 325.180236816, -38.5813484192, 29.4940242767, 77.5873794556, -5.69204521179, 38.5521316528, -13.2264566422, -9.7558298111], [-977.479248047, 609.286376953, 538.376464844, 290.039276123, 490.641235352, -38.5813484192, 434.820373535, 56.5642433167, 137.233840942, 9.69232368469, 78.9945907593, -51.8800888062, 53.8809127808], [-326.661682129, 49.9942626953, 168.322860718, 17.4605522156, 106.475128174, 29.4940242767, 56.5642433167, 112.639289856, 49.6791152954, 2.83647346497, 1.48379838467, -5.36761236191, -10.2275590897], [-167.742965698, 299.718475342, 272.290649414, 49.0586967468, 204.897384644, 77.5873794556, 137.233840942, 49.6791152954, 164.623306274, 8.4576292038, 73.5713348389, -29.4263134003, 19.8267192841], [300.228271484, -51.9932365417, -80.8232574463, -8.45489883423, 40.1647491455, -5.69204521179, 9.69232368469, 2.83647346497, 8.4576292038, 97.4006881714, 33.6497192383, 39.5384864807, -1.7565830946], [434.4581604, 203.940765381, -63.3541641235, 58.5410232544, 110.821510315, 38.5521316528, 78.9945907593, 1.48379838467, 73.5713348389, 33.6497192383, 146.406524658, 19.0894756317, 63.9122848511], [413.854919434, -141.521972656, -145.515518188, -40.557762146, -72.586730957, -13.2264566422, -51.8800888062, -5.36761236191, -29.4263134003, 39.5384864807, 19.0894756317, 96.1506347656, 9.29105949402], [63.7879981995, 152.789230347, -99.6474227905, 64.8120956421, 16.4661312103, -9.7558298111, 53.8809127808, -10.2275590897, 19.8267192841, -1.7565830946, 63.9122848511, 9.29105949402, 108.385116577]],
        "icov": [[0.000144973077113, -6.20776627329e-005, 0.000208718294743, -0.000178506976226, -1.06691722976e-005, -0.00051305280067, 0.000155770510901, 0.000248510128586, 8.58735745624e-007, -0.000137089693453, -0.000195272645215, -0.000393796741264, 0.000348804343957], [-6.20776627329e-005, 0.00276235979982, -0.000792484323028, 0.00111126760021, -0.000303565931972, 0.00180440722033, -0.00191474356689, 0.000945867213886, -0.00154528662097, 0.00152696063742, -0.00248546316288, 0.00226784893312, -0.002422347432], [0.000208718294743, -0.000792484323028, 0.00126451568212, -0.000538863998372, 0.000118601274153, -0.00136947724968, -0.000331284245476, -0.000122863100842, -0.000481359835248, -7.78054072725e-006, 0.00125452678185, -0.00124404509552, 0.00194573705085], [-0.000178506976226, 0.00111126760021, -0.000538863998372, 0.00421375920996, -0.000661676691379, 0.00155733921565, -0.00282583711669, 0.000227209166042, 0.000924740219489, 0.00129284977447, -0.00129473477136, 0.00180396158248, -0.00234908680432], [-1.06691722976e-005, -0.000303565931972, 0.000118601274153, -0.000661676691379, 0.00398813094944, -0.00133639317937, -0.0038129396271, -0.00114292989019, -0.000129432606627, -0.00143537193071, -0.000491996703204, 0.00063747697277, 0.00223628827371], [-0.00051305280067, 0.00180440722033, -0.00136947724968, 0.00155733921565, -0.00133639317937, 0.00718754297122, 0.00107764208224, -0.000499526970088, -0.00291594606824, 0.00210675783455, -0.00185558595695, 0.00285712210461, -0.00274807936512], [0.000155770510901, -0.00191474356689, -0.000331284245476, -0.00282583711669, -0.0038129396271, 0.00107764208224, 0.0124389789999, -0.000276286707958, -0.0013810263481, -0.00146243406925, 0.00106036500074, -0.00106953084469, -0.00184545502998], [0.000248510128586, 0.000945867213886, -0.000122863100842, 0.000227209166042, -0.00114292989019, -0.000499526970088, -0.000276286707958, 0.0122858276591, -0.00387753313407, 0.0005170761724, 0.000851525459439, -0.00173662044108, 6.13267911831e-005], [8.58735745624e-007, -0.00154528662097, -0.000481359835248, 0.000924740219489, -0.000129432606627, -0.00291594606824, -0.0013810263481, -0.00387753313407, 0.015997165814, -0.00150438805576, -0.00532408244908, 0.00237409118563, 0.00124544173013], [-0.000137089693453, 0.00152696063742, -7.78054072725e-006, 0.00129284977447, -0.00143537193071, 0.00210675783455, -0.00146243406925, 0.0005170761724, -0.00150438805576, 0.0157866645604, -0.00387996039353, -0.00451321853325, 0.00153725175187], [-0.000195272645215, -0.00248546316288, 0.00125452678185, -0.00129473477136, -0.000491996703204, -0.00185558595695, 0.00106036500074, 0.000851525459439, -0.00532408244908, -0.00387996039353, 0.0183614585549, -0.00471636001021, -0.00450479006395], [-0.000393796741264, 0.00226784893312, -0.00124404509552, 0.00180396158248, 0.00063747697277, 0.00285712210461, -0.00106953084469, -0.00173662044108, 0.00237409118563, -0.00451321853325, -0.00471636001021, 0.0184136815369, -0.00396431377158], [0.000348804343957, -0.002422347432, 0.00194573705085, -0.00234908680432, 0.00223628827371, -0.00274807936512, -0.00184545502998, 6.13267911831e-005, 0.00124544173013, 0.00153725175187, -0.00450479006395, -0.00396431377158, 0.0187588166445]]
    },
    "melbands": {
        "mean": [0.00843850336969, 0.00652430905029, 0.00149874400813, 0.000446016027126, 0.000140490286867, 5.49062096979e-005, 0.000141143333167, 0.000113498637802, 5.04813287989e-005, 9.17329089134e-005, 5.08760313096e-005, 5.79659754294e-005, 4.4639891712e-005, 1.62634005392e-005, 2.54789065366e-005, 6.04781562288e-005, 3.52079914592e-005, 2.2033955247e-005, 2.47893585765e-005, 9.39722667681e-006, 4.56949510408e-006, 4.70496479466e-006, 5.38336234968e-006, 4.17605406255e-006, 3.07291770696e-006, 2.69029555966e-006, 2.62595153799e-006, 2.20702804654e-006, 1.93677306015e-006, 1.5637474462e-006, 1.31782246626e-006, 1.16269347927e-006, 9.35360162657e-007, 5.94890195771e-007, 3.30287264205e-007, 2.81030764882e-007, 2.81638790511e-007, 2.94048476235e-007, 2.5784686386e-007, 1.45311346955e-007],
        "var": [0.000569710275158, 0.000450483727036, 1.56385085575e-005, 1.40437953178e-006, 1.28316528958e-007, 1.2381184078e-008, 1.64748172438e-007, 1.33057454832e-007, 1.12530509355e-008, 5.55617702958e-008, 1.72257887954e-008, 3.29424416634e-008, 5.70844775893e-008, 2.61828780879e-009, 6.35144026262e-009, 1.0166116482e-007, 3.44789228279e-008, 5.32605159975e-009, 1.28785302422e-008, 3.36769701015e-009, 1.76239259297e-010, 4.8119030982e-010, 8.21856471767e-010, 1.50676235378e-010, 4.9617795983e-011, 3.10014722227e-011, 2.97225612178e-011, 1.97552911529e-011, 1.71840545266e-011, 1.29335353191e-011, 1.05408286266e-011, 8.56440352665e-012, 5.68226021791e-012, 2.33555796231e-012, 6.80798353889e-013, 5.79645706433e-013, 5.37013467548e-013, 4.94853181869e-013, 4.12627207793e-013, 1.42564481271e-013]
    },
    "mfcc": {
        "mean": [-762.979125977, 134.464935303, 17.9145717621, 34.5310287476, -3.53807973862, 7.14633893967, 10.9453001022, 2.70723247528, 7.61489534378, 4.91939258575, 2.11405777931, -3.59325265884, -9.53627204895],
        "cov": [[16111.3378906, -1353.68005371, -3176.60205078, -1528.41967773, -436.374420166, 204.781158447, -403.923583984, -497.504882813, -679.598205566, -347.820678711, -124.715156555, -119.731185913, 150.468444824], [-1353.68005371, 1338.39831543, 488.705627441, 444.446868896, 261.857635498, 217.275421143, 305.458587646, 200.851715088, 194.167144775, 155.259918213, 147.017410278, 162.149536133, 85.2065429688], [-3176.60205078, 488.705627441, 1701.48950195, 265.296173096, 295.466522217, 151.670776367, 77.4927368164, 278.047546387, 162.829055786, 183.228225708, 112.479942322, 20.3593883514, 38.0760726929], [-1528.41967773, 444.446868896, 265.296173096, 833.625427246, 184.875228882, 117.470329285, 321.818939209, 113.271873474, 204.953140259, 58.8093452454, 68.990776062, 144.033081055, -8.69269561768], [-436.374420166, 261.857635498, 295.466522217, 184.875228882, 365.518981934, 189.022598267, 169.116455078, 170.474014282, 125.883293152, 136.723602295, 111.324195862, 79.1281356812, 62.5271186829], [204.781158447, 217.275421143, 151.670776367, 117.470329285, 189.022598267, 236.170791626, 142.824295044, 88.9110336304, 77.4863586426, 78.5300827026, 69.6167602539, 53.4952812195, 52.163433075], [-403.923583984, 305.458587646, 77.4927368164, 321.818939209, 169.116455078, 142.824295044, 254.384399414, 98.704208374, 117.671768188, 71.3412628174, 58.4366149902, 85.6627960205, 22.5363483429], [-497.504882813, 200.851715088, 278.047546387, 113.271873474, 170.474014282, 88.9110336304, 98.704208374, 169.626464844, 95.37525177, 80.3285751343, 69.419418335, 31.4299850464, 31.6444587708], [-679.598205566, 194.167144775, 162.829055786, 204.953140259, 125.883293152, 77.4863586426, 117.671768188, 95.37525177, 141.825531006, 76.3654708862, 48.1185760498, 48.6840896606, 15.1244182587], [-347.820678711, 155.259918213, 183.228225708, 58.8093452454, 136.723602295, 78.5300827026, 71.3412628174, 80.3285751343, 76.3654708862, 121.908485413, 59.1693878174, 35.0141944885, 33.4250297546], [-124.715156555, 147.017410278, 112.479942322, 68.990776062, 111.324195862, 69.6167602539, 58.4366149902, 69.419418335, 48.1185760498, 59.1693878174, 101.153366089, 56.2430839539, 40.3745269775], [-119.731185913, 162.149536133, 20.3593883514, 144.033081055, 79.1281356812, 53.4952812195, 85.6627960205, 31.4299850464, 48.6840896606, 35.0141944885, 56.2430839539, 96.6638183594, 38.168674469], [150.468444824, 85.2065429688, 38.0760726929, -8.69269561768, 62.5271186829, 52.163433075, 22.5363483429, 31.6444587708, 15.1244182587, 33.4250297546, 40.3745269775, 38.168674469, 70.9158248901]],
        "icov": [[0.000172984044184, 5.24654860783e-005, 0.000324013410136, 7.87049357314e-005, 0.00010730716167, -0.000673986098263, 0.000188660225831, -0.000308570073685, 0.000659827433992, -2.56615130638e-005, -8.96438280051e-007, -8.54238751344e-005, -0.000197649293113], [5.24654860783e-005, 0.00128702563234, -0.000143230878166, -4.57713467767e-005, 0.000564440502785, -0.000362677674275, -0.000906561908778, -0.000479639682453, 0.000128328931169, -0.000343620427884, -0.000305192923406, -0.00084142095875, -0.000553964346182], [0.000324013410136, -0.000143230878166, 0.00164455384947, -0.000492667313665, 0.000112731104309, -0.00168997724541, 0.00187285046559, -0.00211404520087, 0.00165485718753, -0.001078059664, 0.000202768744202, 0.000394004076952, -0.000139226394822], [7.87049357314e-005, -4.57713467767e-005, -0.000492667313665, 0.00386310159229, -0.000285181711661, 0.000816506100819, -0.00384595687501, 0.00131216889713, -0.00306022725999, 0.0025930122938, -0.000120050543046, -0.0028012918774, 0.00192014989443], [0.00010730716167, 0.000564440502785, 0.000112731104309, -0.000285181711661, 0.00886887591332, -0.00357618764974, -0.000714046298526, -0.00477993488312, 0.00110975385178, -0.00395605526865, -0.00128833402414, -0.00165436277166, -0.000578893057536], [-0.000673986098263, -0.000362677674275, -0.00168997724541, 0.000816506100819, -0.00357618764974, 0.0123653039336, -0.0060169165954, 0.00358870229684, -0.00354057201184, 0.000990852131508, -0.00182665383909, 0.00281189498492, -0.0029437141493], [0.000188660225831, -0.000906561908778, 0.00187285046559, -0.00384595687501, -0.000714046298526, -0.0060169165954, 0.0160525850952, -0.00455493293703, 0.000539437285624, -0.00244809687138, 0.00327207800001, -0.00403357343748, 0.00254546408542], [-0.000308570073685, -0.000479639682453, -0.00211404520087, 0.00131216889713, -0.00477993488312, 0.00358870229684, -0.00455493293703, 0.0187901705503, -0.0080297999084, 0.0022692666389, -0.00577582931146, 0.00624305568635, -0.00226429640315], [0.000659827433992, 0.000128328931169, 0.00165485718753, -0.00306022725999, 0.00110975385178, -0.00354057201184, 0.000539437285624, -0.0080297999084, 0.0228661019355, -0.00828091613948, 0.00193504337221, -0.00216203602031, 0.00130802427884], [-2.56615130638e-005, -0.000343620427884, -0.001078059664, 0.0025930122938, -0.00395605526865, 0.000990852131508, -0.00244809687138, 0.0022692666389, -0.00828091613948, 0.0201505739242, -0.00426364457235, 0.00119485962205, -0.00205861823633], [-8.96438280051e-007, -0.000305192923406, 0.000202768744202, -0.000120050543046, -0.00128833402414, -0.00182665383909, 0.00327207800001, -0.00577582931146, 0.00193504337221, -0.00426364457235, 0.0229608323425, -0.0104773435742, -0.00157415692229], [-8.54238751344e-005, -0.00084142095875, 0.000394004076952, -0.0028012918774, -0.00165436277166, 0.00281189498492, -0.00403357343748, 0.00624305568635, -0.00216203602031, 0.00119485962205, -0.0104773435742, 0.0280702635646, -0.010721472092], [-0.000197649293113, -0.000553964346182, -0.000139226394822, 0.00192014989443, -0.000578893057536, -0.0029437141493, 0.00254546408542, -0.00226429640315, 0.00130802427884, -0.00205861823633, -0.00157415692229, -0.010721472092, 0.025731606409]]
    },
    "spectral_contrast_coeffs": {
        "mean": [-0.626963615417, -0.77131819725, -0.792589008808, -0.839982807636, -0.839638471603, -0.750081539154],
        "var": [0.00903956778347, 0.00350907305256, 0.00306008663028, 0.00292318128049, 0.00150284462143, 0.00422584172338]
    },
    "spectral_contrast_valleys": {
        "mean": [-8.04100704193, -7.75267028809, -8.24617004395, -8.79957962036, -8.59291172028, -11.6681489944],
        "var": [2.09822893143, 1.95623791218, 2.48599672318, 2.80222344398, 2.49949884415, 2.74876713753]
    }
},
"metadata": {
    "audio_properties": {
        "analysis_sample_rate": 44100,
        "bit_rate": 106798,
        "equal_loudness": 0,
        "length": 45.0873451233,
        "lossless": 0,
        "replay_gain": -7.4276008606,
        "sample_rate": 44100,
        "codec": "mp3",
        "downmix": "mix",
        "md5_encoded": "1322555206424bc31cad8794cadccca3"
    },
    "tags": {
        "file_name": "740.mp3"
    },
    "version": {
        "essentia": "2.1-beta2",
        "essentia_git_sha": "v2.1_beta2",
        "extractor": "music 1.0"
    }
},
"rhythm": {
    "beats_count": 64,
    "beats_loudness": {
        "mean": 0.191709473729,
        "var": 0.056319616735
    },
    "bpm": 87.8525772095,
    "bpm_histogram_first_peak_bpm": {
        "mean": 86,
        "var": 0
    },
    "bpm_histogram_first_peak_spread": {
        "mean": 0.584905683994,
        "var": 0
    },
    "bpm_histogram_first_peak_weight": {
        "mean": 0.349206358194,
        "var": 0
    },
    "bpm_histogram_second_peak_bpm": {
        "mean": 91,
        "var": 0
    },
    "bpm_histogram_second_peak_spread": {
        "mean": 0,
        "var": 0
    },
    "bpm_histogram_second_peak_weight": {
        "mean": 0.095238097012,
        "var": 0
    },
    "danceability": 1.39657688141,
    "onset_rate": 3.08171463013,
    "beats_loudness_band_ratio": {
        "mean": [0.60670876503, 0.125559344888, 0.138166248798, 0.084786452353, 0.0465167760849, 0.0525776706636],
        "var": [0.149884715676, 0.0205009095371, 0.0241652633995, 0.00930967833847, 0.00284200324677, 0.00336025445722]
    },
    "beats_position": [0.696598649025, 1.39319729805, 2.06657600403, 2.73995471001, 3.44816327095, 4.15637159348, 4.81814050674, 5.47990942001, 6.17650794983, 6.86149644852, 7.53487491608, 8.19664382935, 8.893242836, 9.57823085785, 10.2516098022, 10.9365987778, 11.6331968307, 12.3181858063, 12.9915647507, 13.6533327103, 14.3499317169, 15.0349206924, 15.7082986832, 16.3932876587, 17.0898857117, 17.7748756409, 18.4482536316, 19.1100215912, 19.8066215515, 20.5032196045, 21.1765975952, 21.8499774933, 22.5349655151, 23.219953537, 23.9049434662, 24.5667114258, 25.2633094788, 25.9599094391, 26.6448974609, 27.3182754517, 28.014875412, 28.6998634338, 29.3732414246, 30.0698413849, 30.7896595001, 31.5094776154, 32.2292976379, 32.9258956909, 33.6224937439, 34.3423118591, 35.0505218506, 35.7587280273, 36.5017662048, 37.2331962585, 37.9646263123, 38.6612243652, 39.369430542, 40.0776405334, 40.7742385864, 41.4940567017, 42.2370948792, 42.9801368713, 43.7231750488, 44.4546012878]
},
"tonal": {
    "chords_changes_rate": 0.0884773656726,
    "chords_number_rate": 0.0133744860068,
    "chords_strength": {
        "mean": 0.477673083544,
        "var": 0.0102979000658
    },
    "hpcp_entropy": {
        "mean": 2.35612940788,
        "var": 0.447419971228
    },
    "key_strength": 0.431670546532,
    "tuning_diatonic_strength": 0.449508517981,
    "tuning_equal_tempered_deviation": 0.255361318588,
    "tuning_frequency": 445.884552002,
    "tuning_nontempered_energy_ratio": 0.884806096554,
    "hpcp": {
        "mean": [0.0838325694203, 0.0820355936885, 0.115410014987, 0.115084715188, 0.0733621120453, 0.0494913198054, 0.0465481504798, 0.110883124173, 0.341808885336, 0.386077195406, 0.161864519119, 0.0524780116975, 0.0793235450983, 0.231707558036, 0.304638534784, 0.248557135463, 0.179650068283, 0.0981602966785, 0.0605184994638, 0.0661771818995, 0.0682382956147, 0.0494766831398, 0.0563020184636, 0.10121665895, 0.167066514492, 0.237442731857, 0.248808592558, 0.178377196193, 0.129540815949, 0.153349667788, 0.146097540855, 0.114684619009, 0.137951314449, 0.136073112488, 0.0944682508707, 0.0841576829553],
        "var": [0.0176367349923, 0.021637013182, 0.0473027862608, 0.0502729006112, 0.0225068610162, 0.0128595409915, 0.00881083402783, 0.0275292620063, 0.139943018556, 0.164835378528, 0.035744741559, 0.00897704716772, 0.0141542647034, 0.089064784348, 0.114812813699, 0.0760767385364, 0.0552215799689, 0.0423854142427, 0.0202030558139, 0.0164547059685, 0.0191256590188, 0.0114225875586, 0.0200176443905, 0.0296030454338, 0.0550104752183, 0.0985037833452, 0.105284042656, 0.0621344819665, 0.0470421463251, 0.0754345729947, 0.0793016403913, 0.0355517156422, 0.045127119869, 0.041855275631, 0.0221365317702, 0.0222490467131]
    },
    "chords_histogram": [7.51028823853, 0, 1.54320991039, 0, 0, 5.86419773102, 0, 0, 1.44032919407, 38.4773674011, 13.1687240601, 11.6255140305, 5.86419773102, 0, 0, 1.13168728352, 0, 6.58436203003, 2.26337456703, 2.16049385071, 0, 0, 2.36625504494, 0],
    "thpcp": [1, 0.419254273176, 0.135926216841, 0.205460324883, 0.600158631802, 0.789061188698, 0.643801629543, 0.465321630239, 0.254250437021, 0.156752333045, 0.171409189701, 0.17674779892, 0.128152310848, 0.145830988884, 0.262166887522, 0.432728260756, 0.615013599396, 0.644452989101, 0.462024688721, 0.335530877113, 0.397199511528, 0.378415346146, 0.297051012516, 0.3573153615, 0.3524505198, 0.244687467813, 0.217981487513, 0.217139393091, 0.212484955788, 0.298929899931, 0.298087328672, 0.190019279718, 0.128190219402, 0.120566949248, 0.287204533815, 0.885338187218],
    "chords_key": "C#",
    "chords_scale": "major",
    "key_key": "F#",
    "key_scale": "minor"
}
}