{
"lowlevel": {
    "average_loudness": 0.91106235981,
    "barkbands_crest": {
        "mean": 13.5566797256,
        "var": 22.578540802
    },
    "barkbands_flatness_db": {
        "mean": 0.262951165438,
        "var": 0.0133143141866
    },
    "barkbands_kurtosis": {
        "mean": 25.6814670563,
        "var": 8493.83203125
    },
    "barkbands_skewness": {
        "mean": 3.14366793633,
        "var": 6.02023553848
    },
    "barkbands_spread": {
        "mean": 8.45854187012,
        "var": 106.058441162
    },
    "dissonance": {
        "mean": 0.401596784592,
        "var": 0.00766150793061
    },
    "dynamic_complexity": 4.28052186966,
    "erbbands_crest": {
        "mean": 11.702583313,
        "var": 28.5373477936
    },
    "erbbands_flatness_db": {
        "mean": 0.206946402788,
        "var": 0.00868672225624
    },
    "erbbands_kurtosis": {
        "mean": 3.02127981186,
        "var": 64.7153396606
    },
    "erbbands_skewness": {
        "mean": 1.2069362402,
        "var": 1.17306935787
    },
    "erbbands_spread": {
        "mean": 36.2369804382,
        "var": 729.531982422
    },
    "hfc": {
        "mean": 9.83870315552,
        "var": 274.381652832
    },
    "melbands_crest": {
        "mean": 18.0914287567,
        "var": 38.0856704712
    },
    "melbands_flatness_db": {
        "mean": 0.361709713936,
        "var": 0.0183709505945
    },
    "melbands_kurtosis": {
        "mean": 41.7767829895,
        "var": 5264.23925781
    },
    "melbands_skewness": {
        "mean": 4.02170133591,
        "var": 6.73683261871
    },
    "melbands_spread": {
        "mean": 6.76359367371,
        "var": 81.7888336182
    },
    "pitch_salience": {
        "mean": 0.498355925083,
        "var": 0.0264501627535
    },
    "silence_rate_20dB": {
        "mean": 0.998456001282,
        "var": 0.00154162035324
    },
    "silence_rate_30dB": {
        "mean": 0.938754498959,
        "var": 0.0574951656163
    },
    "silence_rate_60dB": {
        "mean": 0.114770971239,
        "var": 0.101596750319
    },
    "spectral_centroid": {
        "mean": 546.690002441,
        "var": 333494.3125
    },
    "spectral_complexity": {
        "mean": 8.68347930908,
        "var": 43.5167350769
    },
    "spectral_decrease": {
        "mean": -8.60890647658e-009,
        "var": 1.45755219337e-016
    },
    "spectral_energy": {
        "mean": 0.0333843752742,
        "var": 0.00215497682802
    },
    "spectral_energyband_high": {
        "mean": 0.000320210354403,
        "var": 1.17787374165e-006
    },
    "spectral_energyband_low": {
        "mean": 0.0198991093785,
        "var": 0.00146762060467
    },
    "spectral_energyband_middle_high": {
        "mean": 0.0012309855083,
        "var": 7.0060618782e-006
    },
    "spectral_energyband_middle_low": {
        "mean": 0.01401380077,
        "var": 0.000353455805453
    },
    "spectral_entropy": {
        "mean": 6.50758266449,
        "var": 1.0051407814
    },
    "spectral_flux": {
        "mean": 0.0657374411821,
        "var": 0.00471014901996
    },
    "spectral_kurtosis": {
        "mean": 29.5891304016,
        "var": 2672.39208984
    },
    "spectral_rms": {
        "mean": 0.00479204207659,
        "var": 9.60647776083e-006
    },
    "spectral_rolloff": {
        "mean": 504.17388916,
        "var": 1346987.375
    },
    "spectral_skewness": {
        "mean": 3.3910984993,
        "var": 7.99615335464
    },
    "spectral_spread": {
        "mean": 4155055.25,
        "var": 8.24802698854e+012
    },
    "spectral_strongpeak": {
        "mean": 0.621900677681,
        "var": 0.319522023201
    },
    "zerocrossingrate": {
        "mean": 0.0289397742599,
        "var": 0.00114123534877
    },
    "barkbands": {
        "mean": [0.00134614726994, 0.00839963648468, 0.00812054239213, 0.00380463362671, 0.00660476507619, 0.00180801691022, 0.00127260747831, 0.000211730366573, 0.000232909093029, 0.000267517374596, 0.000189207523363, 0.000174112807144, 0.000139512820169, 5.75806916459e-005, 4.59776892967e-005, 3.99501695938e-005, 5.15302963322e-005, 0.000195752698346, 8.49076168379e-005, 3.85833227483e-005, 4.44435863756e-005, 5.19008899573e-005, 4.5831904572e-005, 5.71536147618e-005, 5.717107706e-005, 3.75599884137e-005, 4.73089403386e-006],
        "var": [7.3836366937e-005, 0.000450433173683, 0.00036854101927, 7.33020424377e-005, 0.000197906541871, 6.25031680102e-006, 7.23364155419e-006, 2.70221505616e-007, 3.63187382391e-007, 9.36627714054e-007, 1.69913832337e-007, 1.46463420947e-007, 2.48802734859e-007, 4.11271727785e-008, 4.59634463823e-008, 2.22775273784e-008, 2.331820248e-008, 4.61774675387e-007, 7.63427081552e-008, 2.40437518784e-008, 3.72162780593e-008, 3.05733074413e-008, 2.66383057834e-008, 4.4565226176e-008, 4.24238812968e-008, 2.50349039277e-008, 7.52907847179e-010]
    },
    "erbbands": {
        "mean": [0.246104925871, 1.93020880222, 8.49186515808, 12.6586904526, 14.9999637604, 25.5788173676, 17.829454422, 12.8623800278, 21.1823158264, 9.65814876556, 4.79404020309, 5.53695201874, 6.95103597641, 9.01926994324, 6.91693019867, 7.99429178238, 6.60482025146, 4.1246547699, 2.25240206718, 2.26692414284, 2.55294108391, 2.85012292862, 9.14223480225, 7.23888206482, 3.66870141029, 1.88489282131, 1.64984345436, 1.86878728867, 1.67652237415, 1.76759111881, 1.36382436752, 1.13079333305, 0.958491265774, 0.675710976124, 0.402033925056, 0.194043129683, 0.0579358786345, 0.0140417665243, 0.000510643934831, 4.80970120407e-005],
        "var": [0.50870269537, 23.320356369, 470.307312012, 539.297973633, 805.134155273, 3960.40649414, 591.799255371, 435.159057617, 1534.41992188, 730.967712402, 88.9273910522, 178.451141357, 788.904418945, 529.317504883, 215.399154663, 320.351928711, 413.911743164, 186.346893311, 71.922088623, 177.114761353, 46.2370872498, 71.1998443604, 947.833862305, 608.305664063, 151.212936401, 49.950668335, 49.0751914978, 66.7074966431, 30.646150589, 38.3601913452, 24.2699680328, 16.3945598602, 14.1367015839, 5.77862644196, 2.2795894146, 0.568965256214, 0.0666699036956, 0.00533896777779, 8.18215994514e-006, 6.92492685417e-009]
    },
    "gfcc": {
        "mean": [-110.096664429, 141.680053711, -72.4440917969, 26.3332614899, -50.3358154297, 10.860209465, -37.2219734192, -1.28974437714, -27.0039901733, -7.69979476929, -4.35254764557, -1.93021535873, -9.00232791901],
        "cov": [[15211.5068359, -4133.57226563, -1241.03723145, 1194.12207031, -934.983520508, 173.426879883, -1058.9901123, 559.184814453, -1045.92822266, 120.800224304, -475.812347412, 778.983032227, -461.022399902], [-4133.57226563, 4036.04638672, 212.598800659, -1348.77990723, 644.433227539, -388.004943848, 579.664794922, -535.348999023, 474.799682617, -382.671661377, 295.913208008, -608.09753418, 194.509460449], [-1241.03723145, 212.598800659, 1205.3729248, -27.3103313446, 128.669189453, 97.1718673706, 136.397644043, -9.54194355011, 165.753845215, 159.538970947, -40.2967910767, 73.7249679565, -2.09455680847], [1194.12207031, -1348.77990723, -27.3103313446, 1207.58166504, -67.90574646, 178.918685913, -99.5968017578, 273.205413818, -26.2543506622, 99.7393875122, -17.6573543549, 187.762680054, 59.5804748535], [-934.983520508, 644.433227539, 128.669189453, -67.90574646, 460.539489746, -37.7586135864, 179.83354187, -32.8995018005, 123.539215088, -74.9296722412, 39.5812530518, -101.976364136, 17.5996627808], [173.426879883, -388.004943848, 97.1718673706, 178.918685913, -37.7586135864, 308.861663818, 13.9897174835, 104.16027832, -2.73533558846, 62.3924369812, -7.01196336746, 51.7162628174, 31.0713005066], [-1058.9901123, 579.664794922, 136.397644043, -99.5968017578, 179.83354187, 13.9897174835, 271.92565918, -4.81205654144, 135.930831909, -38.34633255, 48.7467308044, -114.811843872, 36.8896217346], [559.184814453, -535.348999023, -9.54194355011, 273.205413818, -32.8995018005, 104.16027832, -4.81205654144, 209.243804932, -8.1460313797, 56.7744941711, -14.6828565598, 68.7774200439, -22.3091239929], [-1045.92822266, 474.799682617, 165.753845215, -26.2543506622, 123.539215088, -2.73533558846, 135.930831909, -8.1460313797, 207.301483154, 24.242811203, 76.3656539917, -71.0978775024, 60.5112953186], [120.800224304, -382.671661377, 159.538970947, 99.7393875122, -74.9296722412, 62.3924369812, -38.34633255, 56.7744941711, 24.242811203, 196.010009766, 13.9951114655, 107.473220825, -17.3794975281], [-475.812347412, 295.913208008, -40.2967910767, -17.6573543549, 39.5812530518, -7.01196336746, 48.7467308044, -14.6828565598, 76.3656539917, 13.9951114655, 135.087432861, -29.1249637604, 54.7582054138], [778.983032227, -608.09753418, 73.7249679565, 187.762680054, -101.976364136, 51.7162628174, -114.811843872, 68.7774200439, -71.0978775024, 107.473220825, -29.1249637604, 201.47102356, -1.24458456039], [-461.022399902, 194.509460449, -2.09455680847, 59.5804748535, 17.5996627808, 31.0713005066, 36.8896217346, -22.3091239929, 60.5112953186, -17.3794975281, 54.7582054138, -1.24458456039, 148.488754272]],
        "icov": [[0.000151976448251, -0.000153313565534, 0.000128710977151, -0.000141613563756, 9.18307923712e-005, -7.37282171031e-005, 0.000242104084464, -0.000324228516547, 0.000413443427533, -1.24394764498e-005, 0.000261735112872, -0.000458844064269, 0.000356695934897], [-0.000153313565534, 0.00226590782404, -0.000521664333064, 0.00141830206849, -0.000783721217886, 0.000837563362438, -0.00126413616817, 0.00214277557097, -0.00218640104868, 0.00199033389799, -0.00246843695641, 0.00203859061003, -0.00141568935942], [0.000128710977151, -0.000521664333064, 0.00153739971574, -0.000310409639496, -4.619847914e-006, -0.000618645397481, -0.000249188422458, 0.000178093279828, -0.00068787089549, -0.00108369300142, 0.00184114382137, -0.00178471859545, 0.000907420588192], [-0.000141613563756, 0.00141830206849, -0.000310409639496, 0.00229099998251, -0.000705189944711, 0.000409312255215, -0.000306958099827, -0.000286850525299, -0.0016247589374, 0.00125047832262, -0.00136783788912, 0.000818137195893, -0.0018703386886], [9.18307923712e-005, -0.000783721217886, -4.619847914e-006, -0.000705189944711, 0.00364277861081, -0.000127415551106, -0.00110191723797, -0.00038083473919, -0.000472480343888, 0.000962400983553, 0.000506657524966, -0.00128059391864, 0.00151366752107], [-7.37282171031e-005, 0.000837563362438, -0.000618645397481, 0.000409312255215, -0.000127415551106, 0.00487081008032, -0.00105702178553, -0.00135820882861, 0.000635573815089, -0.000595380726736, -0.000619209604338, 0.00164123857394, -0.00253117992543], [0.000242104084464, -0.00126413616817, -0.000249188422458, -0.000306958099827, -0.00110191723797, -0.00105702178553, 0.0088943997398, -0.00329274963588, -0.000804881157819, -0.000548786309082, 0.00106009026058, 0.00169426307548, 6.17045370745e-005], [-0.000324228516547, 0.00214277557097, 0.000178093279828, -0.000286850525299, -0.00038083473919, -0.00135820882861, -0.00329274963588, 0.0115984594449, -0.00394709920511, 0.00161726481747, -0.00203558802605, -0.000295836041914, 0.00173998984974], [0.000413443427533, -0.00218640104868, -0.00068787089549, -0.0016247589374, -0.000472480343888, 0.000635573815089, -0.000804881157819, -0.00394709920511, 0.0155177265406, -0.00606679311022, -0.000730276980903, 0.00264649954624, -0.00242243800312], [-1.24394764498e-005, 0.00199033389799, -0.00108369300142, 0.00125047832262, 0.000962400983553, -0.000595380726736, -0.000548786309082, 0.00161726481747, -0.00606679311022, 0.0131725780666, -0.00464508123696, -0.00475945649669, 0.00291411322542], [0.000261735112872, -0.00246843695641, 0.00184114382137, -0.00136783788912, 0.000506657524966, -0.000619209604338, 0.00106009026058, -0.00203558802605, -0.000730276980903, -0.00464508123696, 0.0144001096487, -0.00185409036931, -0.00145070836879], [-0.000458844064269, 0.00203859061003, -0.00178471859545, 0.000818137195893, -0.00128059391864, 0.00164123857394, 0.00169426307548, -0.000295836041914, 0.00264649954624, -0.00475945649669, -0.00185409036931, 0.0159465000033, -0.00592361623421], [0.000356695934897, -0.00141568935942, 0.000907420588192, -0.0018703386886, 0.00151366752107, -0.00253117992543, 6.17045370745e-005, 0.00173998984974, -0.00242243800312, 0.00291411322542, -0.00145070836879, -0.00592361623421, 0.0128696002066]]
    },
    "melbands": {
        "mean": [0.00227056932636, 0.00383741268888, 0.00217119464651, 0.00155393523164, 0.00071233115159, 0.000311752664857, 0.000314997741953, 8.94469994819e-005, 3.72570139007e-005, 3.40174337907e-005, 3.45692096744e-005, 3.67135617125e-005, 2.44422135438e-005, 2.1049838324e-005, 1.52586053446e-005, 1.42097223943e-005, 6.754570677e-006, 3.22560140376e-006, 3.76666389457e-006, 2.82246514871e-006, 3.09281631417e-006, 2.80586914414e-006, 4.2548131205e-006, 1.1193359569e-005, 5.34241735295e-006, 2.98268309962e-006, 1.64428990956e-006, 1.17179934023e-006, 1.04597040718e-006, 9.499149769e-007, 1.12698000976e-006, 8.83303187038e-007, 1.11178269435e-006, 8.72734403856e-007, 7.40378482078e-007, 7.66642585859e-007, 6.7862117703e-007, 6.84388112404e-007, 5.93763786583e-007, 5.68156735881e-007],
        "var": [3.6742316297e-005, 8.58947387314e-005, 1.25710648717e-005, 1.38591385621e-005, 1.06488698748e-006, 2.42007843099e-007, 3.5207011706e-007, 6.54181917525e-008, 5.10616304794e-009, 7.25753679376e-009, 2.10524770949e-008, 1.01807851038e-008, 2.67016964095e-009, 1.88448256999e-009, 1.16228104918e-009, 2.73491607139e-009, 5.57159485215e-010, 1.3480992711e-010, 3.90151078111e-010, 1.9547875818e-010, 6.60702950683e-011, 7.58213630769e-011, 1.80983908415e-010, 1.69462566202e-009, 3.39942962668e-010, 1.14177910182e-010, 3.73000241805e-011, 1.92868186699e-011, 2.38074629455e-011, 1.41757092176e-011, 3.02299851818e-011, 9.33622363447e-012, 1.53819665338e-011, 9.6890160825e-012, 7.1281960369e-012, 9.93746925027e-012, 5.1125588138e-012, 8.35341431443e-012, 4.24387695125e-012, 4.54394855076e-012]
    },
    "mfcc": {
        "mean": [-760.906311035, 164.639556885, 38.9344558716, 22.797290802, 13.5805158615, 6.22950124741, 5.97557497025, 3.89902830124, -11.4253234863, -8.88576316833, -1.63803052902, -1.84254097939, -1.91043579578],
        "cov": [[12497.875, -3036.29101563, -1200.98864746, 360.291656494, -22.415895462, -456.289489746, -116.26499176, 154.712478638, -407.223358154, -404.309082031, -183.579803467, -216.511993408, -162.631286621], [-3036.29101563, 3246.5168457, 41.5585174561, -605.40020752, -163.636993408, 15.4912157059, -3.15322065353, -132.904525757, -12.801867485, 26.6478118896, -42.6541671753, 5.78710794449, 37.514415741], [-1200.98864746, 41.5585174561, 957.539672852, 90.0667877197, 7.19801521301, 177.695083618, -15.2478513718, -17.9575996399, 141.075408936, 46.6569747925, 55.7136688232, 106.937705994, 50.6737327576], [360.291656494, -605.40020752, 90.0667877197, 593.871887207, 199.637481689, 43.8026809692, 27.962146759, 99.4518432617, 71.2818450928, 44.0018157959, 63.8922958374, 23.0468673706, 7.2441368103], [-22.415895462, -163.636993408, 7.19801521301, 199.637481689, 260.689300537, 79.5821304321, 40.6979141235, 74.9588165283, 51.2920417786, 27.6078662872, 28.612411499, 6.71260881424, -2.51173210144], [-456.289489746, 15.4912157059, 177.695083618, 43.8026809692, 79.5821304321, 195.982910156, 61.955329895, 25.5953445435, 74.6539840698, 33.2783470154, 20.1334056854, 28.3566417694, 10.6355209351], [-116.26499176, -3.15322065353, -15.2478513718, 27.962146759, 40.6979141235, 61.955329895, 155.901367188, 88.0624160767, 38.686378479, 55.2619171143, 30.3211097717, 4.50431871414, -6.34150362015], [154.712478638, -132.904525757, -17.9575996399, 99.4518432617, 74.9588165283, 25.5953445435, 88.0624160767, 153.085128784, 64.3762283325, 48.2227020264, 27.2546901703, -2.45261931419, -12.0598545074], [-407.223358154, -12.801867485, 141.075408936, 71.2818450928, 51.2920417786, 74.6539840698, 38.686378479, 64.3762283325, 147.941970825, 71.1479644775, 30.937494278, 39.25025177, 16.7150020599], [-404.309082031, 26.6478118896, 46.6569747925, 44.0018157959, 27.6078662872, 33.2783470154, 55.2619171143, 48.2227020264, 71.1479644775, 129.77116394, 58.7810211182, 33.0924415588, 15.8808507919], [-183.579803467, -42.6541671753, 55.7136688232, 63.8922958374, 28.612411499, 20.1334056854, 30.3211097717, 27.2546901703, 30.937494278, 58.7810211182, 104.860160828, 52.9031448364, 15.5513877869], [-216.511993408, 5.78710794449, 106.937705994, 23.0468673706, 6.71260881424, 28.3566417694, 4.50431871414, -2.45261931419, 39.25025177, 33.0924415588, 52.9031448364, 103.15120697, 50.1960906982], [-162.631286621, 37.514415741, 50.6737327576, 7.2441368103, -2.51173210144, 10.6355209351, -6.34150362015, -12.0598545074, 16.7150020599, 15.8808507919, 15.5513877869, 50.1960906982, 84.0370178223]],
        "icov": [[0.000145841855556, 0.000121079632663, 0.000115281691251, -1.87712703337e-005, 6.80896191625e-005, 8.9203742391e-005, 7.29042658349e-005, -0.000304979708744, 0.000214658430195, 0.000300582672935, 9.22911203816e-005, -0.000111337576527, 6.2698367401e-005], [0.000121079632663, 0.000498136389069, 6.09186427027e-005, 0.000412985100411, -5.14388775628e-005, 9.61363912211e-005, -6.60068399156e-005, 2.92574695777e-005, 5.6060962379e-005, 5.01106078445e-005, 9.91097986116e-005, 2.59707649093e-005, -0.000129345877212], [0.000115281691251, 6.09186427027e-005, 0.00168028578628, -0.000310905394144, 0.000679616525304, -0.00130377768073, 0.000736144720577, 4.19859388785e-005, -0.000888014095835, 0.000512167811394, -0.000208660931094, -0.000935258343816, 0.000133485489641], [-1.87712703337e-005, 0.000412985100411, -0.000310905394144, 0.00300151365809, -0.0018674894236, 0.000486818840727, 0.000379544129828, -0.000639566918835, -0.000413801550167, -5.0507405831e-005, -0.00109404174145, 0.000516719184816, -0.00048684925423], [6.80896191625e-005, -5.14388775628e-005, 0.000679616525304, -0.0018674894236, 0.00654332339764, -0.00283628213219, 0.0010498954216, -0.00226748757996, 0.000170381463249, 0.000399967684643, -0.000404230959248, 5.55473234272e-005, 0.00014641098096], [8.9203742391e-005, 9.61363912211e-005, -0.00130377768073, 0.000486818840727, -0.00283628213219, 0.00960775092244, -0.00451291631907, 0.00282859732397, -0.00328887859359, 0.00119932205416, 0.000468254205771, -0.000184762786375, 8.98130601854e-005], [7.29042658349e-005, -6.60068399156e-005, 0.000736144720577, 0.000379544129828, 0.0010498954216, -0.00451291631907, 0.0127517655492, -0.00739079294726, 0.00272208941169, -0.00305527169257, -0.000808904529549, -0.000111362118332, 0.000450253108284], [-0.000304979708744, 2.92574695777e-005, 4.19859388785e-005, -0.000639566918835, -0.00226748757996, 0.00282859732397, -0.00739079294726, 0.0151403704658, -0.0061758174561, -0.000224177536438, -0.00110926094931, 0.00209088274278, 0.000842926674522], [0.000214658430195, 5.6060962379e-005, -0.000888014095835, -0.000413801550167, 0.000170381463249, -0.00328887859359, 0.00272208941169, -0.0061758174561, 0.0149535946548, -0.00564251001924, 0.00298395729624, -0.00347763835452, 0.000319037382724], [0.000300582672935, 5.01106078445e-005, 0.000512167811394, -5.0507405831e-005, 0.000399967684643, 0.00119932205416, -0.00305527169257, -0.000224177536438, -0.00564251001924, 0.0153241716325, -0.00633082585409, 0.00101973419078, -0.00135883595794], [9.22911203816e-005, 9.91097986116e-005, -0.000208660931094, -0.00109404174145, -0.000404230959248, 0.000468254205771, -0.000808904529549, -0.00110926094931, 0.00298395729624, -0.00633082585409, 0.0178951155394, -0.00907798390836, 0.00277657643892], [-0.000111337576527, 2.59707649093e-005, -0.000935258343816, 0.000516719184816, 5.55473234272e-005, -0.000184762786375, -0.000111362118332, 0.00209088274278, -0.00347763835452, 0.00101973419078, -0.00907798390836, 0.0207384955138, -0.0095993289724], [6.2698367401e-005, -0.000129345877212, 0.000133485489641, -0.00048684925423, 0.00014641098096, 8.98130601854e-005, 0.000450253108284, 0.000842926674522, 0.000319037382724, -0.00135883595794, 0.00277657643892, -0.0095993289724, 0.0176013018936]]
    },
    "spectral_contrast_coeffs": {
        "mean": [-0.57596719265, -0.66517329216, -0.754517555237, -0.784468114376, -0.798369526863, -0.800713717937],
        "var": [0.0176100805402, 0.0115067940205, 0.00605867663398, 0.00371737871319, 0.00285277003422, 0.00215171370655]
    },
    "spectral_contrast_valleys": {
        "mean": [-7.64342212677, -7.79792022705, -8.56963920593, -9.31884098053, -9.44144630432, -11.7608346939],
        "var": [2.10206794739, 1.84791040421, 1.83423411846, 1.85402059555, 2.75334239006, 2.99333024025]
    }
},
"metadata": {
    "audio_properties": {
        "analysis_sample_rate": 44100,
        "bit_rate": 108486,
        "equal_loudness": 0,
        "length": 45.0873451233,
        "lossless": 0,
        "replay_gain": -5.86883544922,
        "sample_rate": 44100,
        "codec": "mp3",
        "downmix": "mix",
        "md5_encoded": "29d9b54c5cf64c851dcae5b7ef792427"
    },
    "tags": {
        "file_name": "741.mp3"
    },
    "version": {
        "essentia": "2.1-beta2",
        "essentia_git_sha": "v2.1_beta2",
        "extractor": "music 1.0"
    }
},
"rhythm": {
    "beats_count": 85,
    "beats_loudness": {
        "mean": 0.0854834020138,
        "var": 0.00602713879198
    },
    "bpm": 112.695907593,
    "bpm_histogram_first_peak_bpm": {
        "mean": 112,
        "var": 0
    },
    "bpm_histogram_first_peak_spread": {
        "mean": 0.587301552296,
        "var": 0
    },
    "bpm_histogram_first_peak_weight": {
        "mean": 0.309523820877,
        "var": 0
    },
    "bpm_histogram_second_peak_bpm": {
        "mean": 117,
        "var": 0
    },
    "bpm_histogram_second_peak_spread": {
        "mean": 0.124999992549,
        "var": 0
    },
    "bpm_histogram_second_peak_weight": {
        "mean": 0.0833333358169,
        "var": 0
    },
    "danceability": 1.32961797714,
    "onset_rate": 2.94869089127,
    "beats_loudness_band_ratio": {
        "mean": [0.615486323833, 0.285093039274, 0.0783040225506, 0.0332216732204, 0.0199491549283, 0.0196720398962],
        "var": [0.0907009094954, 0.0537268817425, 0.0174418892711, 0.00346829788759, 0.000941262464039, 0.000684426689986]
    },
    "beats_position": [0.417959183455, 0.859138309956, 1.28870749474, 1.70666658878, 2.13623571396, 2.56580495834, 3.08825397491, 3.61070299149, 4.13315200806, 4.65560102463, 5.17804956436, 5.70049858093, 6.18811798096, 6.67573690414, 7.17496585846, 7.74385452271, 8.31274318695, 8.893242836, 9.47374153137, 10.0426301956, 10.5882987976, 11.1571884155, 11.7028570175, 12.2485256195, 12.782585144, 13.3166437149, 13.8623123169, 14.3963718414, 14.9304304123, 15.4644899368, 16.0217685699, 16.5790481567, 17.1247158051, 17.6819953918, 18.2276649475, 18.7617225647, 19.2957820892, 19.8414516449, 20.3871192932, 20.9211788177, 21.4552383423, 21.9892959595, 22.523355484, 23.0574150085, 23.5914726257, 24.1255321503, 24.6479816437, 25.1704311371, 25.681268692, 26.2153282166, 26.7493877411, 27.2834453583, 27.8291149139, 28.3631744385, 28.9088420868, 29.4429016113, 29.9769611359, 30.5110206604, 31.0450782776, 31.567527771, 32.0899772644, 32.6124267578, 33.1348762512, 33.6457138062, 34.1565513611, 34.690612793, 35.2130622864, 35.7355079651, 36.2579574585, 36.7804069519, 37.3144645691, 37.848526001, 38.3709754944, 38.8934249878, 39.4042625427, 39.9383201599, 40.4607696533, 40.9832191467, 41.5056686401, 42.0281181335, 42.5389556885, 43.0614051819, 43.5838546753, 44.0946922302, 44.6055335999]
},
"tonal": {
    "chords_changes_rate": 0.091563783586,
    "chords_number_rate": 0.0174897126853,
    "chords_strength": {
        "mean": 0.420186728239,
        "var": 0.00735049555078
    },
    "hpcp_entropy": {
        "mean": 1.95901405811,
        "var": 0.61137932539
    },
    "key_strength": 0.748495280743,
    "tuning_diatonic_strength": 0.438892424107,
    "tuning_equal_tempered_deviation": 0.0740490928292,
    "tuning_frequency": 444.085327148,
    "tuning_nontempered_energy_ratio": 0.722861886024,
    "hpcp": {
        "mean": [0.134823516011, 0.131718531251, 0.124258294702, 0.162567481399, 0.136089116335, 0.0774108842015, 0.0619303919375, 0.0566773228347, 0.0828363895416, 0.11321233958, 0.0830647498369, 0.0861706957221, 0.135656684637, 0.112609229982, 0.134074568748, 0.225844740868, 0.170997440815, 0.0698793232441, 0.0724297687411, 0.0622636564076, 0.0416931137443, 0.0514044575393, 0.0737323909998, 0.0809311568737, 0.0573931373656, 0.0481182895601, 0.0880754515529, 0.103974506259, 0.0833647176623, 0.1458812356, 0.217347189784, 0.193955168128, 0.154569372535, 0.122987009585, 0.0882421657443, 0.0949721708894],
        "var": [0.0528817586601, 0.0560367144644, 0.0512967780232, 0.0777971372008, 0.0623985268176, 0.028990952298, 0.0251738727093, 0.0224917531013, 0.0377814434469, 0.0606850944459, 0.0365988947451, 0.039351221174, 0.0875661745667, 0.0559271275997, 0.0540379844606, 0.117830634117, 0.0792762413621, 0.0260828826576, 0.0490330122411, 0.0383896753192, 0.00993221625686, 0.0139422705397, 0.0244506243616, 0.0426842831075, 0.0223745554686, 0.0192203130573, 0.0432131811976, 0.0558192022145, 0.0299580805004, 0.0715256854892, 0.119209192693, 0.093070037663, 0.0828422531486, 0.0602853000164, 0.0438480041921, 0.0361975692213]
    },
    "chords_histogram": [32.6131706238, 4.52674913406, 5.55555534363, 0.205761313438, 1.23456788063, 3.90946507454, 1.54320991039, 8.64197540283, 0.102880656719, 10.1851854324, 4.01234579086, 1.54320991039, 1.02880656719, 2.98353910446, 1.13168728352, 0, 0.514403283596, 5.96707820892, 7.81893014908, 0.102880656719, 0, 1.13168728352, 0.925925910473, 4.32098770142],
    "thpcp": [1, 0.757146000862, 0.309413105249, 0.320706009865, 0.27569231391, 0.184609621763, 0.227609723806, 0.326473802328, 0.358348637819, 0.254126518965, 0.213059157133, 0.389982312918, 0.460380464792, 0.369124025106, 0.645935952663, 0.962374389172, 0.85879868269, 0.684405446053, 0.544564425945, 0.390720486641, 0.420519739389, 0.596974372864, 0.583226025105, 0.550193428993, 0.719819664955, 0.602578222752, 0.342761516571, 0.274216651917, 0.250957012177, 0.366784662008, 0.501283943653, 0.367795825005, 0.381548374891, 0.600663483143, 0.498613476753, 0.593658149242],
    "chords_key": "G",
    "chords_scale": "minor",
    "key_key": "G",
    "key_scale": "minor"
}
}