{
"lowlevel": {
    "average_loudness": 0.963563203812,
    "barkbands_crest": {
        "mean": 11.6050605774,
        "var": 20.5932579041
    },
    "barkbands_flatness_db": {
        "mean": 0.215405955911,
        "var": 0.00223989365622
    },
    "barkbands_kurtosis": {
        "mean": 3.8211107254,
        "var": 41.0423698425
    },
    "barkbands_skewness": {
        "mean": 1.5218398571,
        "var": 1.08295762539
    },
    "barkbands_spread": {
        "mean": 20.0103816986,
        "var": 148.875534058
    },
    "dissonance": {
        "mean": 0.457887709141,
        "var": 0.000842973880935
    },
    "dynamic_complexity": 2.70056271553,
    "erbbands_crest": {
        "mean": 9.68886566162,
        "var": 26.1160449982
    },
    "erbbands_flatness_db": {
        "mean": 0.239093542099,
        "var": 0.00133198907133
    },
    "erbbands_kurtosis": {
        "mean": -0.0791830047965,
        "var": 2.79495954514
    },
    "erbbands_skewness": {
        "mean": 0.108317025006,
        "var": 0.824824631214
    },
    "erbbands_spread": {
        "mean": 35.2711830139,
        "var": 134.609741211
    },
    "hfc": {
        "mean": 15.4305610657,
        "var": 125.312141418
    },
    "melbands_crest": {
        "mean": 15.9218940735,
        "var": 26.9941482544
    },
    "melbands_flatness_db": {
        "mean": 0.269166022539,
        "var": 0.00423430697992
    },
    "melbands_kurtosis": {
        "mean": 11.7221946716,
        "var": 191.808303833
    },
    "melbands_skewness": {
        "mean": 2.5899939537,
        "var": 1.7905933857
    },
    "melbands_spread": {
        "mean": 21.334487915,
        "var": 280.362976074
    },
    "pitch_salience": {
        "mean": 0.501500248909,
        "var": 0.0110006537288
    },
    "silence_rate_20dB": {
        "mean": 1,
        "var": 0
    },
    "silence_rate_30dB": {
        "mean": 1,
        "var": 0
    },
    "silence_rate_60dB": {
        "mean": 0.0118373651057,
        "var": 0.0116969821975
    },
    "spectral_centroid": {
        "mean": 1369.78515625,
        "var": 531309.9375
    },
    "spectral_complexity": {
        "mean": 15.4822435379,
        "var": 34.4556846619
    },
    "spectral_decrease": {
        "mean": -6.83509693289e-009,
        "var": 1.93430644135e-017
    },
    "spectral_energy": {
        "mean": 0.027196848765,
        "var": 0.000298195664072
    },
    "spectral_energyband_high": {
        "mean": 0.00022740996792,
        "var": 1.88640655097e-007
    },
    "spectral_energyband_low": {
        "mean": 0.00821749772877,
        "var": 6.55361363897e-005
    },
    "spectral_energyband_middle_high": {
        "mean": 0.00414830073714,
        "var": 1.14057493192e-005
    },
    "spectral_energyband_middle_low": {
        "mean": 0.0149820270017,
        "var": 0.000199228248675
    },
    "spectral_entropy": {
        "mean": 7.00568437576,
        "var": 0.14311952889
    },
    "spectral_flux": {
        "mean": 0.079993583262,
        "var": 0.00125150033273
    },
    "spectral_kurtosis": {
        "mean": 6.33335494995,
        "var": 31.5434780121
    },
    "spectral_rms": {
        "mean": 0.0048755905591,
        "var": 2.76208652394e-006
    },
    "spectral_rolloff": {
        "mean": 1184.92419434,
        "var": 1071451.625
    },
    "spectral_skewness": {
        "mean": 1.19099748135,
        "var": 0.454211980104
    },
    "spectral_spread": {
        "mean": 2517466.75,
        "var": 882376769536
    },
    "spectral_strongpeak": {
        "mean": 1.02441990376,
        "var": 1.24043595791
    },
    "zerocrossingrate": {
        "mean": 0.0383246764541,
        "var": 0.000394177332055
    },
    "barkbands": {
        "mean": [0.00111156608909, 0.00518459361047, 0.00160785135813, 0.00113370991312, 0.002928980859, 0.00546081503853, 0.00359683996066, 0.000788784062024, 0.000972667592578, 0.00035468157148, 0.000164649696671, 0.000368877488654, 0.000507146585733, 0.000519740046002, 0.000458577589598, 0.000355635856977, 0.000415444432292, 0.000409411266446, 0.000445186567958, 0.000327797519276, 6.59850411466e-005, 1.23146246551e-005, 3.66950848729e-006, 1.7194429347e-006, 1.96874239577e-007, 2.34868657856e-008, 1.26111476817e-009],
        "var": [2.6855973374e-006, 3.3926742617e-005, 3.60659169019e-006, 5.69521762372e-006, 3.80040582968e-005, 6.50216752547e-005, 9.40138706937e-005, 1.2307084944e-005, 3.80132291866e-006, 7.15789212791e-007, 7.65962866467e-008, 2.93101322768e-007, 7.47279557345e-007, 8.05041281637e-007, 3.31598158709e-007, 2.70443990757e-007, 3.73146491484e-007, 2.20809880602e-007, 2.69526339025e-007, 2.32194167893e-007, 2.03497503293e-008, 4.20442236582e-010, 4.35514610486e-011, 1.59772316904e-011, 6.60183767463e-013, 4.11369885638e-014, 2.66963609151e-016]
    },
    "erbbands": {
        "mean": [0.199394658208, 0.968508183956, 1.86063814163, 3.07985877991, 5.79558563232, 10.9709854126, 20.7558288574, 54.6065177917, 67.8867874146, 17.2892627716, 21.6309261322, 21.6295471191, 16.7894535065, 8.2197971344, 7.16395902634, 17.2196273804, 25.2725868225, 25.6050071716, 26.3576889038, 23.0454959869, 18.6377620697, 22.7406024933, 23.5586280823, 23.1396503448, 20.9634742737, 16.4028205872, 5.23198080063, 1.52666819096, 0.477339535952, 0.17881013453, 0.0897650793195, 0.0500029027462, 0.0211527366191, 0.00412435596809, 0.000818593485747, 0.00022476814047, 3.48567009496e-005, 4.63467631562e-006, 1.41859754876e-005, 3.13577584166e-005],
        "var": [0.0646353587508, 1.21670413017, 4.2061457634, 25.6918106079, 146.645736694, 649.563598633, 1191.01477051, 6978.2734375, 26608.5839844, 2761.7097168, 8664.24609375, 2093.78857422, 1216.87158203, 173.172515869, 144.885421753, 580.309143066, 1590.52954102, 2055.81640625, 1112.1661377, 1036.16821289, 569.68963623, 942.606140137, 671.014465332, 598.1484375, 677.802307129, 734.119445801, 92.6504364014, 10.5033931732, 0.551028490067, 0.0649128630757, 0.0324456430972, 0.0125779267401, 0.00308816577308, 0.000152197404532, 2.31334943237e-005, 2.53285520557e-006, 5.18099447788e-008, 2.40958447639e-010, 8.25802551341e-011, 3.79151127161e-010]
    },
    "gfcc": {
        "mean": [-64.0667800903, 172.463516235, -166.678741455, 58.2028961182, -31.7303180695, -16.1423664093, -16.5251293182, -9.85367012024, -3.93015503883, -5.41452169418, 14.1747817993, -13.2586011887, 4.24366760254],
        "cov": [[2691.37158203, -235.647735596, -710.218566895, 73.9491653442, -143.942459106, -92.8767318726, -53.617641449, 24.516204834, 41.7074203491, 47.9964523315, 51.5935058594, -57.1209754944, 32.7174911499], [-235.647735596, 657.928588867, 295.410125732, -244.504623413, 67.8497085571, -125.173599243, 129.593429565, -100.640556335, 32.1472702026, -63.2739028931, -40.2899398804, 15.280749321, -3.5526778698], [-710.218566895, 295.410125732, 603.202819824, -2.69932198524, 93.913269043, 65.7981185913, -3.65370559692, -32.8978424072, -66.301399231, -56.9581604004, -76.9603729248, -2.45434761047, -23.7907657623], [73.9491653442, -244.504623413, -2.69932198524, 428.37020874, 89.1321105957, 130.566055298, -14.7988357544, -8.3362493515, -53.3598594666, -71.5230102539, -40.8126869202, -73.0250091553, -31.1011066437], [-143.942459106, 67.8497085571, 93.913269043, 89.1321105957, 156.052459717, 36.0663108826, 41.4920005798, -16.9539699554, -20.11287117, -8.70451164246, -21.7269268036, -17.454334259, -12.7568769455], [-92.8767318726, -125.173599243, 65.7981185913, 130.566055298, 36.0663108826, 164.662719727, 0.0118720140308, 31.2784137726, -25.767370224, -30.6866512299, -11.9691610336, -17.3899822235, -18.3853206635], [-53.617641449, 129.593429565, -3.65370559692, -14.7988357544, 41.4920005798, 0.0118720140308, 142.667800903, 2.21608924866, 56.376537323, -5.85603475571, -24.5382804871, 3.84784245491, -14.9773797989], [24.516204834, -100.640556335, -32.8978424072, -8.3362493515, -16.9539699554, 31.2784137726, 2.21608924866, 115.488746643, 27.8770809174, 49.3094520569, 15.3002853394, -6.84681367874, 1.08931016922], [41.7074203491, 32.1472702026, -66.301399231, -53.3598594666, -20.11287117, -25.767370224, 56.376537323, 27.8770809174, 122.634735107, 52.4646186829, 25.0264644623, 12.6254014969, -6.22029018402], [47.9964523315, -63.2739028931, -56.9581604004, -71.5230102539, -8.70451164246, -30.6866512299, -5.85603475571, 49.3094520569, 52.4646186829, 135.833099365, 41.5181312561, 25.9502258301, 14.1687278748], [51.5935058594, -40.2899398804, -76.9603729248, -40.8126869202, -21.7269268036, -11.9691610336, -24.5382804871, 15.3002853394, 25.0264644623, 41.5181312561, 96.0693664551, 21.9221591949, 14.3217554092], [-57.1209754944, 15.280749321, -2.45434761047, -73.0250091553, -17.454334259, -17.3899822235, 3.84784245491, -6.84681367874, 12.6254014969, 25.9502258301, 21.9221591949, 75.8698883057, 22.3868427277], [32.7174911499, -3.5526778698, -23.7907657623, -31.1011066437, -12.7568769455, -18.3853206635, -14.9773797989, 1.08931016922, -6.22029018402, 14.1687278748, 14.3217554092, 22.3868427277, 68.937461853]],
        "icov": [[0.000666454783641, -0.000968643988017, 0.00123423698824, -0.000625634973403, 0.000566461822018, -0.000462709955173, 0.000887799018528, -0.000312290037982, 0.000257823703578, -0.000694921822287, 0.000511016754899, 0.000141428143252, -2.92888580589e-005], [-0.000968643988017, 0.00988013576716, -0.00591501966119, 0.0055051157251, -0.00378327560611, 0.00570146227255, -0.00744621595368, 0.00421249074861, -0.00233323848806, 0.00587897980586, -0.00292051350698, 0.00318723381497, -0.00129979418125], [0.00123423698824, -0.00591501966119, 0.00667655514553, -0.00241212244146, 0.000813878199551, -0.00445196311921, 0.0056100776419, -0.00215517403558, 0.00162502913736, -0.00312703056261, 0.00378093007021, -0.00193720881362, 0.00117442256305], [-0.000625634973403, 0.0055051157251, -0.00241212244146, 0.00756755145267, -0.00442126812413, 8.5888466856e-005, -0.00274694385007, 0.0030293983873, -0.0015586061636, 0.00431700656191, -0.000572408956941, 0.00414674077183, -0.000533242593519], [0.000566461822018, -0.00378327560611, 0.000813878199551, -0.00442126812413, 0.0120712304488, -0.00243760133162, -0.00214070803486, 0.00044053568854, 0.00406634993851, -0.00565347447991, -8.83119791979e-005, 0.000515935069416, 0.000313712836942], [-0.000462709955173, 0.00570146227255, -0.00445196311921, 8.5888466856e-005, -0.00243760133162, 0.013589928858, -0.00486805429682, -0.00199457979761, -0.000195701461053, 0.0053688865155, -0.00303106545471, -6.98207149981e-005, 0.000694201036822], [0.000887799018528, -0.00744621595368, 0.0056100776419, -0.00274694385007, -0.00214070803486, -0.00486805429682, 0.0183515995741, -0.00393274100497, -0.00577527284622, -0.00105858745519, 0.0066119171679, -0.00436150515452, 0.00198569684289], [-0.000312290037982, 0.00421249074861, -0.00215517403558, 0.0030293983873, 0.00044053568854, -0.00199457979761, -0.00393274100497, 0.0148600656539, -0.00185254507232, -0.00294955819845, -0.00119687127881, 0.00505425501615, -0.00150502379984], [0.000257823703578, -0.00233323848806, 0.00162502913736, -0.0015586061636, 0.00406634993851, -0.000195701461053, -0.00577527284622, -0.00185254507232, 0.015920875594, -0.00626339670271, -0.00250302790664, -0.000265038339421, 0.00241980352439], [-0.000694921822287, 0.00587897980586, -0.00312703056261, 0.00431700656191, -0.00565347447991, 0.0053688865155, -0.00105858745519, -0.00294955819845, -0.00626339670271, 0.0170559268445, -0.00349194393493, -0.00136464054231, -0.00119851506315], [0.000511016754899, -0.00292051350698, 0.00378093007021, -0.000572408956941, -8.83119791979e-005, -0.00303106545471, 0.0066119171679, -0.00119687127881, -0.00250302790664, -0.00349194393493, 0.0162160191685, -0.00355984922498, -0.000436745700426], [0.000141428143252, 0.00318723381497, -0.00193720881362, 0.00414674077183, 0.000515935069416, -6.98207149981e-005, -0.00436150515452, 0.00505425501615, -0.000265038339421, -0.00136464054231, -0.00355984922498, 0.0204563625157, -0.00529811251909], [-2.92888580589e-005, -0.00129979418125, 0.00117442256305, -0.000533242593519, 0.000313712836942, 0.000694201036822, 0.00198569684289, -0.00150502379984, 0.00241980352439, -0.00119851506315, -0.000436745700426, -0.00529811251909, 0.0175918545574]]
    },
    "melbands": {
        "mean": [0.00165017182007, 0.00109383976087, 0.000592949276324, 0.000622045830823, 0.000686790444888, 0.00122423633002, 0.000932556169573, 0.000147863014718, 0.000179235328687, 0.000132503526402, 8.3010578237e-005, 3.50310256181e-005, 2.19453704631e-005, 2.9571050618e-005, 6.39587669866e-005, 5.04555755469e-005, 4.67282952741e-005, 4.22701959906e-005, 3.14433636959e-005, 2.94893980026e-005, 1.98323796212e-005, 2.38727552642e-005, 2.12355826079e-005, 2.09070822166e-005, 1.8465319954e-005, 1.61647167261e-005, 1.32532723001e-005, 1.01889172583e-005, 3.58479314855e-006, 1.65355459103e-006, 6.01453677973e-007, 2.99708545981e-007, 1.28249681097e-007, 8.67432987661e-008, 5.27601464739e-008, 4.28080291215e-008, 2.40885853486e-008, 1.70823515333e-008, 7.08594161125e-009, 2.13405049188e-009],
        "var": [3.56692044079e-006, 1.28133399357e-006, 8.83876452917e-007, 1.97705935534e-006, 1.32506988848e-006, 3.13815917252e-006, 4.75280376122e-006, 2.44483061351e-007, 4.8604664471e-007, 8.0587547302e-008, 3.25370628218e-008, 4.7530672731e-009, 1.34164712673e-009, 1.97998972773e-009, 8.67954774719e-009, 9.90083304231e-009, 7.71785835241e-009, 3.40447114944e-009, 1.31952049287e-009, 2.1831867425e-009, 1.02874375685e-009, 1.26743160411e-009, 8.31915147881e-010, 6.99404090199e-010, 4.65909311131e-010, 4.73337646856e-010, 3.0734728651e-010, 3.41347894395e-010, 4.25101967516e-011, 1.62283693428e-011, 1.66466384947e-012, 2.44740127687e-013, 3.97745259038e-014, 1.74675151323e-014, 1.20077719943e-014, 1.18799022066e-014, 2.92304844405e-015, 2.09269294026e-015, 5.39740670117e-016, 4.92790070602e-017]
    },
    "mfcc": {
        "mean": [-685.656005859, 172.932617188, -48.9247741699, 63.502243042, 5.77257490158, 6.58986759186, 3.81533575058, -3.43528914452, -9.34763145447, 6.96303510666, 1.1387784481, 4.64292287827, 1.66777062416],
        "cov": [[2359.60522461, -412.429321289, -650.273254395, 133.765991211, -227.075576782, -42.1943283081, -138.28755188, -21.1507148743, -88.4038619995, 146.135665894, -109.634117126, 98.8377151489, -13.848897934], [-412.429321289, 854.578552246, 189.610473633, -126.001327515, -52.0985183716, -55.0208511353, -1.87366259098, -37.6512527466, 40.828327179, -90.1669998169, 60.6040458679, -85.3979415894, -5.49337911606], [-650.273254395, 189.610473633, 448.118682861, -9.34734535217, 116.306655884, 54.58335495, 46.5652999878, 39.3317222595, 17.3979187012, -63.3856277466, 20.5360794067, -47.4815254211, -49.4587364197], [133.765991211, -126.001327515, -9.34734535217, 211.487884521, 59.7560844421, 75.0922851563, 36.443939209, 11.5493011475, 15.6233634949, 20.8887081146, -22.776342392, -15.4104537964, -16.3458347321], [-227.075576782, -52.0985183716, 116.306655884, 59.7560844421, 169.325271606, 47.4336547852, 64.4356536865, 7.71450853348, -11.8738737106, -2.2675409317, -17.2408218384, -10.3166694641, -18.6442432404], [-42.1943283081, -55.0208511353, 54.58335495, 75.0922851563, 47.4336547852, 142.984069824, 37.7582893372, 45.6703491211, 25.8931522369, -20.4935436249, -7.06321430206, -14.677863121, -5.5068025589], [-138.28755188, -1.87366259098, 46.5652999878, 36.443939209, 64.4356536865, 37.7582893372, 98.7104644775, 28.1862449646, 14.0130577087, -4.84354448318, -7.49688577652, -14.9638881683, -11.2655000687], [-21.1507148743, -37.6512527466, 39.3317222595, 11.5493011475, 7.71450853348, 45.6703491211, 28.1862449646, 115.54561615, 11.9765806198, 3.51353001595, 5.40198564529, -18.1910018921, -11.8937349319], [-88.4038619995, 40.828327179, 17.3979187012, 15.6233634949, -11.8738737106, 25.8931522369, 14.0130577087, 11.9765806198, 108.026557922, 4.19167041779, 21.6406288147, 0.379950970411, 11.369852066], [146.135665894, -90.1669998169, -63.3856277466, 20.8887081146, -2.2675409317, -20.4935436249, -4.84354448318, 3.51353001595, 4.19167041779, 112.024421692, 9.16659259796, 28.4256801605, 16.6779060364], [-109.634117126, 60.6040458679, 20.5360794067, -22.776342392, -17.2408218384, -7.06321430206, -7.49688577652, 5.40198564529, 21.6406288147, 9.16659259796, 87.4203186035, 13.7946968079, 25.3627147675], [98.8377151489, -85.3979415894, -47.4815254211, -15.4104537964, -10.3166694641, -14.677863121, -14.9638881683, -18.1910018921, 0.379950970411, 28.4256801605, 13.7946968079, 94.0506896973, 37.7872810364], [-13.848897934, -5.49337911606, -49.4587364197, -16.3458347321, -18.6442432404, -5.5068025589, -11.2655000687, -11.8937349319, 11.369852066, 16.6779060364, 25.3627147675, 37.7872810364, 82.5844345093]],
        "icov": [[0.00105941388756, -0.000132903762278, 0.00122098787688, -0.000787349941675, 0.000823745736852, -0.000388759217458, 0.000842172419652, -0.000430099607911, 0.000681539415382, -0.00065876415465, 0.00087523215916, -0.00109104497824, 0.00122682575602], [-0.000132903762278, 0.00196610670537, -0.00098417501431, 0.000777750450652, 0.000793889979832, 0.000638757599518, -0.000770107086282, 0.00109149655327, -0.000642745289952, 0.000823044334538, -0.00105546566192, 0.00203606765717, -0.000738207774702], [0.00122098787688, -0.00098417501431, 0.00540173565969, -0.000205145785003, -0.00230654096231, -0.00115045660641, 0.00177944544703, -0.00163803924806, 0.000189196580322, 0.000450029881904, -0.000245869014179, -0.00139158172533, 0.00333841145039], [-0.000787349941675, 0.000777750450652, -0.000205145785003, 0.00794672686607, -0.00216616247781, -0.00318464054726, -0.00125602132175, 0.00170393381268, -0.00148128950968, -0.00125673785806, -0.00023900908127, 0.00249515543692, 0.000131859618705], [0.000823745736852, 0.000793889979832, -0.00230654096231, -0.00216616247781, 0.0123844910413, -0.00154712877702, -0.00550696346909, 0.00211348175071, 0.00296351709403, -0.00175460602622, 0.00162729772273, -0.000936556432862, 0.000501869886648], [-0.000388759217458, 0.000638757599518, -0.00115045660641, -0.00318464054726, -0.00154712877702, 0.012071184814, -0.00105592375621, -0.00356382853352, -0.00236554048024, 0.00347107253037, 8.11184654594e-005, 0.000578750332352, -0.00220872135833], [0.000842172419652, -0.000770107086282, 0.00177944544703, -0.00125602132175, -0.00550696346909, -0.00105592375621, 0.0163631867617, -0.00361432530917, -0.00161294208374, -9.63539205259e-005, 0.00139662867878, -0.000458813243313, 0.00132755900268], [-0.000430099607911, 0.00109149655327, -0.00163803924806, 0.00170393381268, 0.00211348175071, -0.00356382853352, -0.00361432530917, 0.0121182492003, -0.000172164727701, -0.00160078390036, -0.00176396232564, 0.00292227230966, 0.000400061602704], [0.000681539415382, -0.000642745289952, 0.000189196580322, -0.00148128950968, 0.00296351709403, -0.00236554048024, -0.00161294208374, -0.000172164727701, 0.0117234764621, -0.0014756830642, -0.00137084384914, -0.00108469708357, -0.000240564520936], [-0.00065876415465, 0.000823044334538, 0.000450029881904, -0.00125673785806, -0.00175460602622, 0.00347107253037, -9.63539205259e-005, -0.00160078390036, -0.0014756830642, 0.0123714301735, -0.00209517776966, -0.00134642689954, -0.00147901964374], [0.00087523215916, -0.00105546566192, -0.000245869014179, -0.00023900908127, 0.00162729772273, 8.11184654594e-005, 0.00139662867878, -0.00176396232564, -0.00137084384914, -0.00209517776966, 0.0155977513641, -0.002470448846, -0.00285676727071], [-0.00109104497824, 0.00203606765717, -0.00139158172533, 0.00249515543692, -0.000936556432862, 0.000578750332352, -0.000458813243313, 0.00292227230966, -0.00108469708357, -0.00134642689954, -0.002470448846, 0.0173918511719, -0.00697948411107], [0.00122682575602, -0.000738207774702, 0.00333841145039, 0.000131859618705, 0.000501869886648, -0.00220872135833, 0.00132755900268, 0.000400061602704, -0.000240564520936, -0.00147901964374, -0.00285676727071, -0.00697948411107, 0.0188982952386]]
    },
    "spectral_contrast_coeffs": {
        "mean": [-0.705797433853, -0.628210663795, -0.73617464304, -0.730271041393, -0.734042406082, -0.655271410942],
        "var": [0.00611995253712, 0.0119602540508, 0.00499563850462, 0.00451875757426, 0.00373234390281, 0.00268670963123]
    },
    "spectral_contrast_valleys": {
        "mean": [-6.96938657761, -7.25583267212, -8.02166938782, -7.94069623947, -7.81674671173, -12.8649511337],
        "var": [0.561838388443, 0.541092038155, 0.49617087841, 0.444702833891, 0.507937669754, 0.552374660969]
    }
},
"metadata": {
    "audio_properties": {
        "analysis_sample_rate": 44100,
        "bit_rate": 110273,
        "equal_loudness": 0,
        "length": 45.0873451233,
        "lossless": 0,
        "replay_gain": -14.2048416138,
        "sample_rate": 44100,
        "codec": "mp3",
        "downmix": "mix",
        "md5_encoded": "e3a3e1549475b5e8709f3107fae485de"
    },
    "tags": {
        "file_name": "742.mp3"
    },
    "version": {
        "essentia": "2.1-beta2",
        "essentia_git_sha": "v2.1_beta2",
        "extractor": "music 1.0"
    }
},
"rhythm": {
    "beats_count": 83,
    "beats_loudness": {
        "mean": 0.0313224084675,
        "var": 0.000314661650918
    },
    "bpm": 135.638320923,
    "bpm_histogram_first_peak_bpm": {
        "mean": 136,
        "var": 0
    },
    "bpm_histogram_first_peak_spread": {
        "mean": 0.514285743237,
        "var": 0
    },
    "bpm_histogram_first_peak_weight": {
        "mean": 0.207317069173,
        "var": 0
    },
    "bpm_histogram_second_peak_bpm": {
        "mean": 129,
        "var": 0
    },
    "bpm_histogram_second_peak_spread": {
        "mean": 0,
        "var": 0
    },
    "bpm_histogram_second_peak_weight": {
        "mean": 0.109756097198,
        "var": 0
    },
    "danceability": 1.33979833126,
    "onset_rate": 3.8355152607,
    "beats_loudness_band_ratio": {
        "mean": [0.344702631235, 0.307687580585, 0.189910024405, 0.0718927010894, 0.0967404469848, 0.0401404686272],
        "var": [0.070438452065, 0.0567952468991, 0.0520167052746, 0.0035082756076, 0.0101188989356, 0.00226191198453]
    },
    "beats_position": [0.580498874187, 1.18421769142, 1.77632653713, 2.35682535172, 2.94893407822, 3.55265307426, 4.15637159348, 4.77170038223, 5.38702917099, 5.97913837433, 6.57124710083, 7.17496585846, 7.79029464722, 8.39401340485, 9.07900238037, 9.76399040222, 10.4373693466, 11.1339683533, 11.8886165619, 12.6548748016, 13.4095239639, 14.1525621414, 14.90721035, 15.6502494812, 16.4048976898, 17.1595458984, 17.8329238892, 18.4598636627, 19.0635814667, 19.6324710846, 20.2013607025, 20.7818584442, 21.3739681244, 21.9660758972, 22.5465755463, 23.1270751953, 23.707572937, 24.1719722748, 24.6131515503, 25.0427207947, 25.4839000702, 25.9134693146, 26.3546485901, 26.8074378967, 27.2602272034, 27.7014045715, 28.1541938782, 28.6069831848, 29.0713825226, 29.5357818604, 30.0001811981, 30.4878005981, 30.9754180908, 31.4398174286, 31.9042167664, 32.3686180115, 32.8330154419, 33.2974128723, 33.750202179, 34.1797714233, 34.6093406677, 35.0389099121, 35.4684791565, 35.9212684631, 36.362449646, 36.8036270142, 37.244808197, 37.6859855652, 38.1387748718, 38.57995224, 39.0211334229, 39.4507026672, 39.8918800354, 40.3330612183, 40.7858505249, 41.2386398315, 41.6798171997, 42.1326065063, 42.585395813, 43.0265769958, 43.467754364, 43.9089317322, 44.350112915]
},
"tonal": {
    "chords_changes_rate": 0.133744850755,
    "chords_number_rate": 0.0216049384326,
    "chords_strength": {
        "mean": 0.385973662138,
        "var": 0.00635726144537
    },
    "hpcp_entropy": {
        "mean": 1.7169854641,
        "var": 0.962370276451
    },
    "key_strength": 0.59248238802,
    "tuning_diatonic_strength": 0.353048115969,
    "tuning_equal_tempered_deviation": 0.278225690126,
    "tuning_frequency": 434.193115234,
    "tuning_nontempered_energy_ratio": 0.937423288822,
    "hpcp": {
        "mean": [0.14665850997, 0.182987317443, 0.128245279193, 0.0885534584522, 0.0974671021104, 0.0853514671326, 0.0926621854305, 0.114681355655, 0.103478774428, 0.11114936322, 0.117700479925, 0.0789668634534, 0.0707338750362, 0.0886211618781, 0.0777892693877, 0.0960809588432, 0.124762862921, 0.100322850049, 0.105101175606, 0.125351369381, 0.0969066023827, 0.152579143643, 0.217216730118, 0.220389127731, 0.259719580412, 0.194313541055, 0.0906525552273, 0.148735269904, 0.185185670853, 0.104215122759, 0.0875358507037, 0.10532990098, 0.083922483027, 0.137985602021, 0.186914309859, 0.137039616704],
        "var": [0.056428398937, 0.0856558457017, 0.0480620004237, 0.0282845497131, 0.0405934527516, 0.0294606070966, 0.0337054021657, 0.0502409599721, 0.041388142854, 0.0467884875834, 0.0570892170072, 0.0265239477158, 0.0239064022899, 0.0387897081673, 0.0315060205758, 0.0411260351539, 0.0601059608161, 0.0386389940977, 0.039318792522, 0.0593710690737, 0.0313366502523, 0.0593731142581, 0.113729350269, 0.0630876868963, 0.111814297736, 0.0704264417291, 0.028027754277, 0.0673399195075, 0.101616069674, 0.0328299514949, 0.0290436353534, 0.0426241904497, 0.0236439649016, 0.0581913590431, 0.10037522018, 0.0458662286401]
    },
    "chords_histogram": [16.0493831635, 1.33744859695, 2.05761313438, 1.13168728352, 1.13168728352, 4.21810722351, 2.88065838814, 2.36625504494, 3.08641982079, 8.95061683655, 2.46913576126, 3.29218101501, 3.39506173134, 0, 0, 2.98353910446, 6.68724298477, 1.54320991039, 1.54320991039, 1.13168728352, 0.720164597034, 6.89300394058, 13.0658435822, 13.0658435822],
    "thpcp": [1, 0.748166680336, 0.34904012084, 0.572676360607, 0.713021576405, 0.40126016736, 0.337039858103, 0.40555241704, 0.323127299547, 0.531286895275, 0.719677388668, 0.527644515038, 0.564680218697, 0.704557240009, 0.49378362298, 0.340957969427, 0.375278234482, 0.328629314899, 0.356777817011, 0.441558361053, 0.398425012827, 0.427959114313, 0.453182935715, 0.304046630859, 0.272347092628, 0.341218650341, 0.299512535334, 0.369941145182, 0.480375260115, 0.38627371192, 0.404671758413, 0.48264119029, 0.373120129108, 0.587476491928, 0.836350977421, 0.84856569767],
    "chords_key": "A",
    "chords_scale": "minor",
    "key_key": "A",
    "key_scale": "minor"
}
}