{
"lowlevel": {
    "average_loudness": 0.967561304569,
    "barkbands_crest": {
        "mean": 12.7915039063,
        "var": 15.2931051254
    },
    "barkbands_flatness_db": {
        "mean": 0.273015707731,
        "var": 0.00870597641915
    },
    "barkbands_kurtosis": {
        "mean": 11.7342319489,
        "var": 293.691497803
    },
    "barkbands_skewness": {
        "mean": 2.06139135361,
        "var": 2.6678173542
    },
    "barkbands_spread": {
        "mean": 10.611041069,
        "var": 193.269393921
    },
    "dissonance": {
        "mean": 0.423868745565,
        "var": 0.00342586985789
    },
    "dynamic_complexity": 2.46499180794,
    "erbbands_crest": {
        "mean": 12.653801918,
        "var": 24.2265644073
    },
    "erbbands_flatness_db": {
        "mean": 0.229557827115,
        "var": 0.00716438982636
    },
    "erbbands_kurtosis": {
        "mean": 6.34847640991,
        "var": 102.060417175
    },
    "erbbands_skewness": {
        "mean": 1.25763607025,
        "var": 2.37344241142
    },
    "erbbands_spread": {
        "mean": 28.240983963,
        "var": 647.841369629
    },
    "hfc": {
        "mean": 16.1162567139,
        "var": 797.524597168
    },
    "melbands_crest": {
        "mean": 15.1135082245,
        "var": 19.2764339447
    },
    "melbands_flatness_db": {
        "mean": 0.369124889374,
        "var": 0.0131592852995
    },
    "melbands_kurtosis": {
        "mean": 21.1436290741,
        "var": 681.24621582
    },
    "melbands_skewness": {
        "mean": 2.70606327057,
        "var": 3.68258261681
    },
    "melbands_spread": {
        "mean": 10.5651454926,
        "var": 332.342254639
    },
    "pitch_salience": {
        "mean": 0.520341098309,
        "var": 0.0117116011679
    },
    "silence_rate_20dB": {
        "mean": 1,
        "var": 0
    },
    "silence_rate_30dB": {
        "mean": 0.988677322865,
        "var": 0.0111943958327
    },
    "silence_rate_60dB": {
        "mean": 0.0159547086805,
        "var": 0.0157000757754
    },
    "spectral_centroid": {
        "mean": 650.889770508,
        "var": 536977.375
    },
    "spectral_complexity": {
        "mean": 9.72002029419,
        "var": 42.0800323486
    },
    "spectral_decrease": {
        "mean": -9.21535470155e-009,
        "var": 4.0558673828e-017
    },
    "spectral_energy": {
        "mean": 0.0362426154315,
        "var": 0.000615624419879
    },
    "spectral_energyband_high": {
        "mean": 0.000849928183015,
        "var": 1.19324104162e-005
    },
    "spectral_energyband_low": {
        "mean": 0.0161186270416,
        "var": 0.000354287127266
    },
    "spectral_energyband_middle_high": {
        "mean": 0.00266523263417,
        "var": 3.65483865608e-005
    },
    "spectral_energyband_middle_low": {
        "mean": 0.017863502726,
        "var": 0.000174502376467
    },
    "spectral_entropy": {
        "mean": 6.45850419998,
        "var": 0.79769974947
    },
    "spectral_flux": {
        "mean": 0.0777761638165,
        "var": 0.0027123617474
    },
    "spectral_kurtosis": {
        "mean": 25.7694568634,
        "var": 1319.72680664
    },
    "spectral_rms": {
        "mean": 0.00562325073406,
        "var": 3.73774787477e-006
    },
    "spectral_rolloff": {
        "mean": 720.660461426,
        "var": 1954220.5
    },
    "spectral_skewness": {
        "mean": 3.32134795189,
        "var": 5.37681674957
    },
    "spectral_spread": {
        "mean": 3795420,
        "var": 6.33613949338e+012
    },
    "spectral_strongpeak": {
        "mean": 0.708864808083,
        "var": 0.571034491062
    },
    "zerocrossingrate": {
        "mean": 0.0312203466892,
        "var": 0.00145587197039
    },
    "barkbands": {
        "mean": [0.000577551778406, 0.011452271603, 0.00292845373042, 0.00232669897377, 0.00701974611729, 0.00602393690497, 0.00129444804043, 0.000680500175804, 0.000412030523876, 0.000833779398818, 0.00031601509545, 0.000363810948329, 0.000272980367299, 0.000208548386581, 0.000108373264084, 9.94059955701e-005, 8.54817189975e-005, 8.31425059005e-005, 0.000160766445333, 0.000311542826239, 0.000181380353752, 0.000126468483359, 7.26837388356e-005, 0.000202155759325, 6.80137236486e-005, 3.02679054585e-005, 2.21886079999e-006],
        "var": [1.74008855538e-005, 0.000171558160218, 3.08972594212e-005, 1.52014963533e-005, 6.45944965072e-005, 5.43599562661e-005, 4.52411450169e-006, 6.48937020742e-006, 1.49593540755e-006, 8.62824799697e-006, 2.0430393306e-006, 1.73166779405e-006, 1.82607766419e-006, 6.01035196723e-007, 1.77297110326e-007, 9.57262429324e-008, 4.22587120852e-008, 6.09051369338e-008, 9.56719077294e-007, 2.56639054896e-006, 6.00951636898e-007, 2.93111583005e-007, 1.50566862089e-007, 1.44088664911e-006, 6.01542495815e-008, 1.29858692688e-008, 1.23011545394e-010]
    },
    "erbbands": {
        "mean": [0.375391542912, 2.36912846565, 3.50166845322, 6.32849168777, 13.8600244522, 26.9288902283, 45.4652404785, 42.0956573486, 25.2748966217, 11.487651825, 14.2390918732, 8.88301753998, 20.4895496368, 20.8656578064, 14.2442264557, 12.9173355103, 13.4250326157, 9.62472629547, 9.45886707306, 5.27396869659, 4.50339889526, 5.0990023613, 4.7957367897, 5.4949555397, 10.9711151123, 15.1984510422, 9.51283073425, 5.992000103, 4.84410429001, 2.8452694416, 2.05086755753, 2.96169114113, 3.91332268715, 1.21289634705, 0.290579885244, 0.131470665336, 0.0568769723177, 0.00987158808857, 0.000294458237477, 4.96411485074e-005],
        "var": [0.331991076469, 6.61967086792, 27.1012039185, 139.462417603, 245.498168945, 1385.36254883, 2590.29370117, 2844.19091797, 1219.99499512, 707.377197266, 2404.32128906, 558.255737305, 4339.85986328, 6671.02050781, 3558.24389648, 1388.66210938, 3467.88305664, 1663.88586426, 1003.43585205, 343.468414307, 136.503036499, 144.300796509, 154.661071777, 859.484863281, 4280.79394531, 6220.40771484, 1847.43054199, 608.495483398, 435.875640869, 149.706466675, 137.373016357, 401.940856934, 484.649536133, 26.3868408203, 0.845982313156, 0.226456001401, 0.0497133359313, 0.00169129192363, 1.50020161982e-006, 2.16612372483e-009]
    },
    "gfcc": {
        "mean": [-77.911857605, 143.832061768, -65.3471298218, 29.8938770294, -49.3375778198, 4.74324655533, -41.3154907227, -4.07958173752, -21.9293289185, 2.66685700417, -2.71487760544, 1.69365167618, 0.574580729008],
        "cov": [[9679.31835938, -3868.98291016, -1157.31835938, 1283.47839355, -868.91015625, 344.345794678, -655.584228516, 507.958557129, -797.825439453, 234.310424805, -544.222473145, 185.610488892, -301.943084717], [-3868.98291016, 3899.92822266, -102.209838867, -1537.24621582, 1036.23864746, -83.8166046143, 609.96685791, -343.796630859, 561.26159668, -304.668029785, 422.439819336, -119.457107544, 312.150238037], [-1157.31835938, -102.209838867, 1398.06835938, 355.389526367, -132.20173645, 70.3153076172, 63.6582794189, 41.0347175598, 65.8695907593, 116.852584839, 5.52641820908, 104.771377563, -87.3804855347], [1283.47839355, -1537.24621582, 355.389526367, 1405.31982422, -335.099212646, -142.781555176, -283.110015869, 231.263824463, -129.708068848, 146.0756073, 12.3021259308, -29.8363933563, -23.8250350952], [-868.91015625, 1036.23864746, -132.20173645, -335.099212646, 665.905883789, 21.4486198425, 149.289932251, -20.2892532349, 197.951690674, -53.0630111694, 97.2747268677, -14.4982452393, 93.1564941406], [344.345794678, -83.8166046143, 70.3153076172, -142.781555176, 21.4486198425, 409.532043457, 145.961914063, -6.30765008926, 7.94717645645, 35.2838592529, -96.3952484131, 27.0607261658, -46.0655097961], [-655.584228516, 609.96685791, 63.6582794189, -283.110015869, 149.289932251, 145.961914063, 333.714050293, -39.539691925, 113.328315735, 3.67266941071, 35.7673110962, -14.7048206329, 6.00036621094], [507.958557129, -343.796630859, 41.0347175598, 231.263824463, -20.2892532349, -6.30765008926, -39.539691925, 224.836975098, -4.43775701523, 61.2029190063, -11.9229927063, -7.67321300507, -25.1979064941], [-797.825439453, 561.26159668, 65.8695907593, -129.708068848, 197.951690674, 7.94717645645, 113.328315735, -4.43775701523, 237.928009033, 33.8878517151, 70.6918792725, -18.815662384, 41.29088974], [234.310424805, -304.668029785, 116.852584839, 146.0756073, -53.0630111694, 35.2838592529, 3.67266941071, 61.2029190063, 33.8878517151, 193.04800415, -17.7952880859, -2.83636045456, -48.9299888611], [-544.222473145, 422.439819336, 5.52641820908, 12.3021259308, 97.2747268677, -96.3952484131, 35.7673110962, -11.9229927063, 70.6918792725, -17.7952880859, 211.618972778, -25.9726333618, 81.2849884033], [185.610488892, -119.457107544, 104.771377563, -29.8363933563, -14.4982452393, 27.0607261658, -14.7048206329, -7.67321300507, -18.815662384, -2.83636045456, -25.9726333618, 145.091125488, -16.5694694519], [-301.943084717, 312.150238037, -87.3804855347, -23.8250350952, 93.1564941406, -46.0655097961, 6.00036621094, -25.1979064941, 41.29088974, -48.9299888611, 81.2849884033, -16.5694694519, 155.399383545]],
        "icov": [[0.0003380641283, -0.000222009970457, 0.000484409334604, -0.000408406369388, 0.000204996191314, -0.000494352658279, 0.000340378290275, -0.000531606434379, 0.000815273786429, -0.000479952519527, 0.000404505612096, -0.000728466082364, 0.000286803842755], [-0.000222009970457, 0.00301194004714, -0.00112788577098, 0.00237753102556, -0.00181760289706, 0.00153134309221, -0.00202886993065, 0.00138082820922, -0.00289723207243, 0.00260472367518, -0.00259666494094, 0.00248446967453, -0.00169226177968], [0.000484409334604, -0.00112788577098, 0.00188708037604, -0.00153317581862, 0.000955504190642, -0.00113209011033, 0.000642123923171, -0.000876024132594, 0.00131637032609, -0.00144354603253, 0.00104928552173, -0.002416764386, 0.0013467798708], [-0.000408406369388, 0.00237753102556, -0.00153317581862, 0.00337346130982, -0.0011666265782, 0.00156672776211, -0.000922858016565, 0.000406225037295, -0.00226846081205, 0.0016303753946, -0.00254982407205, 0.0028649487067, -0.00189357611816], [0.000204996191314, -0.00181760289706, 0.000955504190642, -0.0011666265782, 0.00353257241659, -0.00113395869266, 0.00101744011045, -0.00140761758666, 0.000217633045395, -0.0010425047949, 0.00124988448806, -0.00181208772119, 0.000453342858236], [-0.000494352658279, 0.00153134309221, -0.00113209011033, 0.00156672776211, -0.00113395869266, 0.00484423339367, -0.00305847381242, 0.00115638761781, -0.00173953920603, 0.001060594921, 0.000221957583562, 0.00146795273758, -0.00117496668827], [0.000340378290275, -0.00202886993065, 0.000642123923171, -0.000922858016565, 0.00101744011045, -0.00305847381242, 0.00676598306745, -0.00110892928205, 0.000972129637375, -0.00194516521879, 0.00062881433405, -0.00106707378291, 0.0016852428671], [-0.000531606434379, 0.00138082820922, -0.000876024132594, 0.000406225037295, -0.00140761758666, 0.00115638761781, -0.00110892928205, 0.007000958547, -0.00229671946727, 0.000502735900227, -0.00122647394892, 0.00189734238666, -0.000259870459558], [0.000815273786429, -0.00289723207243, 0.00131637032609, -0.00226846081205, 0.000217633045395, -0.00173953920603, 0.000972129637375, -0.00229671946727, 0.0113613903522, -0.00521310325712, 0.00192321627401, -0.00271683372557, 0.000784175470471], [-0.000479952519527, 0.00260472367518, -0.00144354603253, 0.0016303753946, -0.0010425047949, 0.001060594921, -0.00194516521879, 0.000502735900227, -0.00521310325712, 0.00974116381258, -0.0024157287553, 0.00278932554647, 0.000382909493055], [0.000404505612096, -0.00259666494094, 0.00104928552173, -0.00254982407205, 0.00124988448806, 0.000221957583562, 0.00062881433405, -0.00122647394892, 0.00192321627401, -0.0024157287553, 0.00984045304358, -0.00204465608113, -0.00134258030448], [-0.000728466082364, 0.00248446967453, -0.002416764386, 0.0028649487067, -0.00181208772119, 0.00146795273758, -0.00106707378291, 0.00189734238666, -0.00271683372557, 0.00278932554647, -0.00204465608113, 0.0108919832855, -0.00162436719984], [0.000286803842755, -0.00169226177968, 0.0013467798708, -0.00189357611816, 0.000453342858236, -0.00117496668827, 0.0016852428671, -0.000259870459558, 0.000784175470471, 0.000382909493055, -0.00134258030448, -0.00162436719984, 0.0105725117028]]
    },
    "melbands": {
        "mean": [0.00331500638276, 0.00233117653988, 0.00124622695148, 0.00152403721586, 0.00146207038779, 0.000993914436549, 0.000345913635101, 0.000131564986077, 0.000108740729047, 5.33929778612e-005, 0.000108227504825, 9.32038965402e-005, 4.53357570223e-005, 3.87671752833e-005, 3.52804745489e-005, 2.44343264058e-005, 1.76185985765e-005, 1.76338162419e-005, 6.95449716659e-006, 7.78480807639e-006, 4.49429035143e-006, 5.11466578246e-006, 5.15712372362e-006, 3.58673673873e-006, 4.24748577643e-006, 6.89379794494e-006, 9.81840639724e-006, 1.02180465547e-005, 6.35609239907e-006, 4.19684465669e-006, 3.21729339703e-006, 2.8982369713e-006, 2.11200904232e-006, 1.35323114137e-006, 1.09016423266e-006, 1.29909540192e-006, 2.03026934287e-006, 3.13682744491e-006, 1.82145015515e-006, 7.54550455895e-007],
        "var": [1.89550155483e-005, 7.53381027607e-006, 3.49510855813e-006, 3.55560428034e-006, 2.35857305597e-006, 1.44527723478e-006, 2.29128929163e-007, 1.51180643115e-007, 1.38959649121e-007, 2.26333813913e-008, 1.30026464262e-007, 1.2722803433e-007, 4.32736300127e-008, 2.42236435355e-008, 1.60442592545e-008, 1.44535201585e-008, 5.62942714666e-009, 3.78297615455e-009, 6.75481337531e-010, 8.48605352655e-010, 1.5743038817e-010, 1.67926034189e-010, 1.56355858816e-010, 1.34455224732e-010, 6.1626070913e-010, 1.91024907004e-009, 3.49784023967e-009, 2.92430457627e-009, 9.0738738745e-010, 3.06667941041e-010, 1.8556008119e-010, 1.59196808514e-010, 9.17574141668e-011, 3.77074448055e-011, 3.69622180085e-011, 7.91429213831e-011, 2.20393620021e-010, 3.62654462016e-010, 7.58779428178e-011, 8.94333305329e-012]
    },
    "mfcc": {
        "mean": [-736.493103027, 170.126907349, 43.9531173706, 30.8712348938, 17.526184082, 7.42791175842, 1.53310525417, -7.51569890976, -6.92373132706, -8.30097198486, -4.48236036301, 1.87007045746, -0.00862905941904],
        "cov": [[8543.02539063, -3829.81054688, -1042.04821777, 512.833862305, -228.022994995, -341.086486816, 79.7432250977, -206.970977783, -1.07100629807, -56.9848442078, -131.119354248, -92.7691650391, -344.061676025], [-3829.81054688, 4121.92480469, -488.977081299, -1046.71166992, 221.938476563, 297.434326172, 107.069496155, 310.621673584, 57.8102073669, 59.549369812, 43.0109405518, 47.7400512695, 170.963226318], [-1042.04821777, -488.977081299, 1341.19006348, 367.371643066, -92.2884368896, 85.4038925171, -23.9433898926, 26.9911727905, -17.1589317322, 2.37628793716, 84.5204086304, 43.6194953918, 69.588142395], [512.833862305, -1046.71166992, 367.371643066, 894.202331543, 152.737808228, -208.591842651, -14.1354408264, -121.221412659, 19.6472129822, -42.9908027649, 38.1876373291, 78.5511474609, 26.210943222], [-228.022994995, 221.938476563, -92.2884368896, 152.737808228, 394.050201416, -12.778380394, 15.7925424576, 16.0171661377, 64.7272109985, -18.3899097443, 14.6992197037, 44.0533828735, 35.3159484863], [-341.086486816, 297.434326172, 85.4038925171, -208.591842651, -12.778380394, 403.696350098, 38.7431373596, 98.57787323, 43.943775177, 106.369377136, 32.153049469, -44.4574317932, 22.093629837], [79.7432250977, 107.069496155, -23.9433898926, -14.1354408264, 15.7925424576, 38.7431373596, 188.093170166, 41.6310119629, 19.4667835236, 40.5080909729, 14.6623487473, 13.6745014191, -9.22927379608], [-206.970977783, 310.621673584, 26.9911727905, -121.221412659, 16.0171661377, 98.57787323, 41.6310119629, 203.95892334, 27.2166118622, -0.737654745579, 26.9278240204, -7.68366718292, 5.40673494339], [-1.07100629807, 57.8102073669, -17.1589317322, 19.6472129822, 64.7272109985, 43.943775177, 19.4667835236, 27.2166118622, 152.45552063, 62.1310920715, 23.6585960388, 19.4338607788, 18.68009758], [-56.9848442078, 59.549369812, 2.37628793716, -42.9908027649, -18.3899097443, 106.369377136, 40.5080909729, -0.737654745579, 62.1310920715, 200.673095703, 44.4867095947, 8.62121200562, 37.6096572876], [-131.119354248, 43.0109405518, 84.5204086304, 38.1876373291, 14.6992197037, 32.153049469, 14.6623487473, 26.9278240204, 23.6585960388, 44.4867095947, 124.618034363, 55.7340774536, 26.6087341309], [-92.7691650391, 47.7400512695, 43.6194953918, 78.5511474609, 44.0533828735, -44.4574317932, 13.6745014191, -7.68366718292, 19.4338607788, 8.62121200562, 55.7340774536, 119.410369873, 48.1205978394], [-344.061676025, 170.963226318, 69.588142395, 26.210943222, 35.3159484863, 22.093629837, -9.22927379608, 5.40673494339, 18.68009758, 37.6096572876, 26.6087341309, 48.1205978394, 124.583572388]],
        "icov": [[0.000345484208083, 0.000399435666623, 0.000389620981878, 7.39194729249e-005, 7.52818159526e-005, -4.50663378615e-007, -0.000252200145042, -0.000226685326197, -9.78643147391e-005, 3.48420981027e-005, 5.64765796298e-005, -0.00019323102606, 0.00020942746778], [0.000399435666623, 0.000939722463954, 0.000468929240014, 0.000714455614798, -0.000326444278471, 3.50145346601e-005, -0.000462486787001, -0.000552780693397, -6.25431275694e-005, 0.000140285585076, -1.76230441866e-005, -0.000385083403671, -0.000403094512876], [0.000389620981878, 0.000468929240014, 0.00149183580652, -0.000527453201357, 0.000599406543188, -0.000510795332957, -0.000143083569128, -0.000566140399314, 6.80956145516e-005, 0.00031279711402, -0.000343875930412, -0.000274276069831, -0.000280419859337], [7.39194729249e-005, 0.000714455614798, -0.000527453201357, 0.00273400172591, -0.00133354077116, 0.000944750558119, -0.000489046156872, 0.000545152986888, -0.000309236085741, 0.000232625476201, -0.00051809445722, -0.000347777968273, -0.00068515521707], [7.52818159526e-005, -0.000326444278471, 0.000599406543188, -0.00133354077116, 0.00375716225244, -0.000484069052618, -8.426696877e-005, -0.000194713531528, -0.00133425486274, 0.000894772878382, 0.000158402559464, -0.000533177517354, -0.000273316138191], [-4.50663378615e-007, 3.50145346601e-005, -0.000510795332957, 0.000944750558119, -0.000484069052618, 0.00411789864302, -0.000301097694319, -0.00108021579217, -0.000321349420119, -0.00167023867834, -0.00081106176367, 0.00201403722167, -0.000583516783081], [-0.000252200145042, -0.000462486787001, -0.000143083569128, -0.000489046156872, -8.426696877e-005, -0.000301097694319, 0.00641852617264, -0.00118730333634, 0.000296800542856, -0.00163062196225, 0.000517035776284, -0.00133785104845, 0.00157934613526], [-0.000226685326197, -0.000552780693397, -0.000566140399314, 0.000545152986888, -0.000194713531528, -0.00108021579217, -0.00118730333634, 0.00715842377394, -0.00124015333131, 0.00182967435103, -0.00183008809108, 0.00118429760914, -0.000250756769674], [-9.78643147391e-005, -6.25431275694e-005, 6.80956145516e-005, -0.000309236085741, -0.00133425486274, -0.000321349420119, 0.000296800542856, -0.00124015333131, 0.00869468133897, -0.00283419038169, 0.000204279160243, -0.0010230113985, 0.000257019215496], [3.48420981027e-005, 0.000140285585076, 0.00031279711402, 0.000232625476201, 0.000894772878382, -0.00167023867834, -0.00163062196225, 0.00182967435103, -0.00283419038169, 0.00813448987901, -0.00250404281542, 0.00105905567762, -0.00238254293799], [5.64765796298e-005, -1.76230441866e-005, -0.000343875930412, -0.00051809445722, 0.000158402559464, -0.00081106176367, 0.000517035776284, -0.00183008809108, 0.000204279160243, -0.00250404281542, 0.0123441331089, -0.00609357981011, 0.00114036514424], [-0.00019323102606, -0.000385083403671, -0.000274276069831, -0.000347777968273, -0.000533177517354, 0.00201403722167, -0.00133785104845, 0.00118429760914, -0.0010230113985, 0.00105905567762, -0.00609357981011, 0.0147031079978, -0.00467931106687], [0.00020942746778, -0.000403094512876, -0.000280419859337, -0.00068515521707, -0.000273316138191, -0.000583516783081, 0.00157934613526, -0.000250756769674, 0.000257019215496, -0.00238254293799, 0.00114036514424, -0.00467931106687, 0.0120124360546]]
    },
    "spectral_contrast_coeffs": {
        "mean": [-0.628061234951, -0.598025262356, -0.768183887005, -0.787065565586, -0.807323992252, -0.782818615437],
        "var": [0.011476771906, 0.00809660926461, 0.00835719145834, 0.00470879860222, 0.003549070796, 0.0028157683555]
    },
    "spectral_contrast_valleys": {
        "mean": [-6.84270811081, -7.40555620193, -8.40439319611, -8.85720062256, -8.98902702332, -11.4824562073],
        "var": [1.28655171394, 1.0877161026, 1.28140091896, 1.41315305233, 2.20860886574, 2.74380326271]
    }
},
"metadata": {
    "audio_properties": {
        "analysis_sample_rate": 44100,
        "bit_rate": 110723,
        "equal_loudness": 0,
        "length": 45.0873451233,
        "lossless": 0,
        "replay_gain": -7.49158859253,
        "sample_rate": 44100,
        "codec": "mp3",
        "downmix": "mix",
        "md5_encoded": "2945a1c192db02e13027bd8220f3b220"
    },
    "tags": {
        "file_name": "743.mp3"
    },
    "version": {
        "essentia": "2.1-beta2",
        "essentia_git_sha": "v2.1_beta2",
        "extractor": "music 1.0"
    }
},
"rhythm": {
    "beats_count": 119,
    "beats_loudness": {
        "mean": 0.0468155182898,
        "var": 0.000694105227012
    },
    "bpm": 184.570220947,
    "bpm_histogram_first_peak_bpm": {
        "mean": 185,
        "var": 0
    },
    "bpm_histogram_first_peak_spread": {
        "mean": 0,
        "var": 0
    },
    "bpm_histogram_first_peak_weight": {
        "mean": 0.338983058929,
        "var": 0
    },
    "bpm_histogram_second_peak_bpm": {
        "mean": 120,
        "var": 0
    },
    "bpm_histogram_second_peak_spread": {
        "mean": 0.142857164145,
        "var": 0
    },
    "bpm_histogram_second_peak_weight": {
        "mean": 0.203389823437,
        "var": 0
    },
    "danceability": 1.28781890869,
    "onset_rate": 4.50063323975,
    "beats_loudness_band_ratio": {
        "mean": [0.499355465174, 0.33113026619, 0.0830052495003, 0.0476515926421, 0.0195062104613, 0.0641321316361],
        "var": [0.0616277344525, 0.0359242781997, 0.0124562196434, 0.0083024520427, 0.000847098999657, 0.0202387068421]
    },
    "beats_position": [0.31346938014, 0.626938760281, 0.940408170223, 1.26548755169, 1.60217678547, 1.92725622654, 2.2523355484, 2.58902478218, 2.92571425438, 3.26240348816, 3.59909296036, 3.92417216301, 4.2492518425, 4.57433080673, 4.8994102478, 5.23609972, 5.5727891922, 5.89786815643, 6.2229475975, 6.54802703857, 6.87310647964, 7.19818592072, 7.52326536179, 7.84834432602, 8.17342376709, 8.498503685, 8.82358264923, 9.16027164459, 9.49696159363, 9.83365058899, 10.1703395844, 10.5070295334, 10.8437185287, 11.1804075241, 11.505487442, 11.8421764374, 12.1672563553, 12.4923353195, 12.8174142838, 13.1424942017, 13.4675731659, 13.7926530838, 14.117732048, 14.4428119659, 14.7678909302, 15.0929698944, 15.4180498123, 15.7315187454, 16.0217685699, 16.3352375031, 16.6835365295, 17.0202255249, 17.3685264587, 17.693605423, 18.0535144806, 18.4018135071, 18.7385025024, 19.0635814667, 19.3886623383, 19.7137413025, 20.0388202667, 20.3871192932, 20.7121982574, 21.037279129, 21.3855781555, 21.7106571198, 22.035736084, 22.3608150482, 22.6858959198, 23.0225849152, 23.3592739105, 23.707572937, 24.2068023682, 24.7060317993, 25.2052612305, 25.7044887543, 26.2037181854, 26.7029476166, 27.2021770477, 27.7014045715, 28.2006340027, 28.6998634338, 29.199092865, 29.6983222961, 30.1975498199, 30.6967792511, 31.1960086823, 31.6952381134, 32.1944656372, 32.6936950684, 33.1929244995, 33.6921539307, 34.2029914856, 34.7022209167, 35.1898422241, 35.6890678406, 36.1882972717, 36.6875267029, 37.1983680725, 37.7092056274, 38.2432632446, 38.638004303, 39.0095214844, 39.3578224182, 39.6945114136, 40.0312004089, 40.3678894043, 40.7045783997, 41.0528793335, 41.4011802673, 41.761089325, 42.0977783203, 42.4460754395, 42.7943763733, 43.1426734924, 43.50258255, 43.8624954224, 44.22240448, 44.5823135376]
},
"tonal": {
    "chords_changes_rate": 0.0720164626837,
    "chords_number_rate": 0.0102880662307,
    "chords_strength": {
        "mean": 0.481923758984,
        "var": 0.00787615124136
    },
    "hpcp_entropy": {
        "mean": 1.88662266731,
        "var": 0.583416640759
    },
    "key_strength": 0.637376248837,
    "tuning_diatonic_strength": 0.64921271801,
    "tuning_equal_tempered_deviation": 0.0666856616735,
    "tuning_frequency": 440.763122559,
    "tuning_nontempered_energy_ratio": 0.700035631657,
    "hpcp": {
        "mean": [0.0418079122901, 0.0844562500715, 0.226608231664, 0.30958199501, 0.194062188268, 0.0839759856462, 0.0638725459576, 0.0463836714625, 0.0440997332335, 0.0512815006077, 0.0665969774127, 0.170908406377, 0.257319837809, 0.156818851829, 0.0463177934289, 0.0358165763319, 0.0538796968758, 0.232208609581, 0.332855045795, 0.154944226146, 0.0346478186548, 0.0336966328323, 0.0438180603087, 0.0962196961045, 0.108536824584, 0.081500634551, 0.150519534945, 0.16046205163, 0.0672289580107, 0.0249452274293, 0.0236540660262, 0.0495410487056, 0.177516564727, 0.258963704109, 0.150922134519, 0.0525586679578],
        "var": [0.0164174605161, 0.0364772230387, 0.0998847782612, 0.147453740239, 0.0784826725721, 0.0310469828546, 0.0246319882572, 0.0151956053451, 0.0203768089414, 0.0234781801701, 0.0264798589051, 0.0617813467979, 0.110193938017, 0.0515632778406, 0.016640054062, 0.0156141975895, 0.0152975581586, 0.0805641040206, 0.150274664164, 0.0400561131537, 0.0128456866369, 0.0187707804143, 0.0152636701241, 0.0370287783444, 0.0461605973542, 0.0271196644753, 0.0576987825334, 0.065656684339, 0.0190877038985, 0.00814022310078, 0.00747921736911, 0.0167555548251, 0.0681034177542, 0.128503531218, 0.0576361343265, 0.0252769496292]
    },
    "chords_histogram": [17.2839508057, 0, 22.0164604187, 0.925925910473, 0.308641970158, 1.95473253727, 0, 0, 2.67489719391, 0, 0.102880656719, 0, 0, 0, 0, 0, 0.411522626877, 6.37860059738, 0, 1.74897122383, 1.85185182095, 10.2880659103, 15.9465017319, 18.1069965363],
    "thpcp": [1, 0.465500593185, 0.104092814028, 0.101235158741, 0.131643071771, 0.289073884487, 0.326078355312, 0.244853228331, 0.452207446098, 0.482077866793, 0.201976686716, 0.0749432146549, 0.0710641667247, 0.148836702108, 0.533314943314, 0.77800744772, 0.453417003155, 0.157902568579, 0.125603958964, 0.253732830286, 0.680801570415, 0.930080533028, 0.583023130894, 0.252289950848, 0.191892981529, 0.139350965619, 0.132489308715, 0.154065564275, 0.200078010559, 0.513461947441, 0.773068785667, 0.471132576466, 0.139153048396, 0.107604123652, 0.161871358752, 0.697626829147],
    "chords_key": "G#",
    "chords_scale": "major",
    "key_key": "C#",
    "key_scale": "major"
}
}