{
"lowlevel": {
    "average_loudness": 0.979384303093,
    "barkbands_crest": {
        "mean": 10.6106472015,
        "var": 10.9965829849
    },
    "barkbands_flatness_db": {
        "mean": 0.175104528666,
        "var": 0.004605979193
    },
    "barkbands_kurtosis": {
        "mean": 10.8710575104,
        "var": 246.966659546
    },
    "barkbands_skewness": {
        "mean": 2.38730287552,
        "var": 2.95550608635
    },
    "barkbands_spread": {
        "mean": 20.7947597504,
        "var": 199.714904785
    },
    "dissonance": {
        "mean": 0.464600145817,
        "var": 0.000814588274807
    },
    "dynamic_complexity": 2.21323776245,
    "erbbands_crest": {
        "mean": 8.85334777832,
        "var": 11.566409111
    },
    "erbbands_flatness_db": {
        "mean": 0.157682940364,
        "var": 0.00199411995709
    },
    "erbbands_kurtosis": {
        "mean": 0.949228465557,
        "var": 12.3339805603
    },
    "erbbands_skewness": {
        "mean": 0.101460129023,
        "var": 1.52476084232
    },
    "erbbands_spread": {
        "mean": 48.3718185425,
        "var": 377.130706787
    },
    "hfc": {
        "mean": 18.3144950867,
        "var": 188.804504395
    },
    "melbands_crest": {
        "mean": 14.9193716049,
        "var": 18.2333374023
    },
    "melbands_flatness_db": {
        "mean": 0.245793879032,
        "var": 0.00797593500465
    },
    "melbands_kurtosis": {
        "mean": 29.3785018921,
        "var": 1093.66662598
    },
    "melbands_skewness": {
        "mean": 3.93303823471,
        "var": 3.81352448463
    },
    "melbands_spread": {
        "mean": 20.5324821472,
        "var": 488.719726563
    },
    "pitch_salience": {
        "mean": 0.535800457001,
        "var": 0.012320981361
    },
    "silence_rate_20dB": {
        "mean": 1,
        "var": 0
    },
    "silence_rate_30dB": {
        "mean": 0.996395468712,
        "var": 0.00359146133997
    },
    "silence_rate_60dB": {
        "mean": 0.059217300266,
        "var": 0.0557116270065
    },
    "spectral_centroid": {
        "mean": 1339.84912109,
        "var": 676260
    },
    "spectral_complexity": {
        "mean": 14.7966012955,
        "var": 64.3761978149
    },
    "spectral_decrease": {
        "mean": -8.61634319449e-009,
        "var": 4.08067287501e-017
    },
    "spectral_energy": {
        "mean": 0.0341812297702,
        "var": 0.00061404844746
    },
    "spectral_energyband_high": {
        "mean": 0.000542316993233,
        "var": 3.43161559613e-007
    },
    "spectral_energyband_low": {
        "mean": 0.018615918234,
        "var": 0.000377427088097
    },
    "spectral_energyband_middle_high": {
        "mean": 0.00377929769456,
        "var": 1.23827358038e-005
    },
    "spectral_energyband_middle_low": {
        "mean": 0.0148567548022,
        "var": 0.000195845103008
    },
    "spectral_entropy": {
        "mean": 7.08577013016,
        "var": 0.280151575804
    },
    "spectral_flux": {
        "mean": 0.0855537354946,
        "var": 0.00382318627089
    },
    "spectral_kurtosis": {
        "mean": 5.15240478516,
        "var": 23.6010017395
    },
    "spectral_rms": {
        "mean": 0.00536339078099,
        "var": 4.58158774563e-006
    },
    "spectral_rolloff": {
        "mean": 1181.91845703,
        "var": 1902649.375
    },
    "spectral_skewness": {
        "mean": 1.53714621067,
        "var": 0.378234833479
    },
    "spectral_spread": {
        "mean": 4379515,
        "var": 3.04641264845e+012
    },
    "spectral_strongpeak": {
        "mean": 0.832014679909,
        "var": 1.38638877869
    },
    "zerocrossingrate": {
        "mean": 0.0481369383633,
        "var": 0.00100452592596
    },
    "barkbands": {
        "mean": [0.000231646190514, 0.00790947675705, 0.00690799299628, 0.00500742858276, 0.00594323221594, 0.00239211996086, 0.000664759776555, 0.000526484916918, 0.00025629173615, 0.00018412648933, 8.65867041284e-005, 0.000139352938277, 0.000215722451685, 0.000122515368275, 0.000247406889684, 0.000254665646935, 0.000732957909349, 0.0010487701511, 0.000616930134129, 0.000218850284, 8.57238264871e-005, 0.00015137209266, 6.64324470563e-005, 9.09437221708e-005, 4.60158335045e-005, 3.0705028621e-005, 2.75989577858e-006],
        "var": [2.59635470456e-007, 0.000144952282426, 5.79363149882e-005, 3.93555783376e-005, 7.32234839234e-005, 8.3204731709e-006, 9.01399857867e-007, 7.77307263888e-007, 1.5694925537e-007, 6.21230995534e-008, 1.774963998e-008, 3.63668064551e-008, 1.14870822188e-007, 4.79749502347e-008, 9.96193421088e-008, 1.1826497115e-007, 7.56147358061e-007, 1.42434134887e-006, 5.25536620444e-007, 7.08098610858e-008, 9.82763648238e-009, 3.1082603158e-008, 7.54262252656e-009, 1.45730227885e-008, 8.79388828423e-009, 4.93504082044e-009, 6.1577659638e-011]
    },
    "erbbands": {
        "mean": [0.234239071608, 1.80747532845, 5.80396461487, 16.6723766327, 13.948554039, 20.73087883, 23.3887939453, 20.9786643982, 12.313747406, 9.72243785858, 10.7156000137, 5.7919626236, 6.06381845474, 4.05973529816, 5.09744358063, 6.11828947067, 10.0752458572, 7.47034406662, 10.2834911346, 12.5345096588, 18.6700763702, 43.8835449219, 58.9969520569, 43.8888015747, 22.1547451019, 11.9396476746, 3.73946785927, 4.13368844986, 5.36935949326, 3.55596876144, 1.71969616413, 2.14031171799, 1.20948219299, 0.528607189655, 0.322747141123, 0.153785809875, 0.0536743141711, 0.0110870748758, 0.00032410948188, 4.77063294966e-005],
        "var": [0.127513721585, 7.80799293518, 53.5966300964, 314.27432251, 625.564758301, 1179.92834473, 841.734375, 814.737426758, 261.741363525, 254.958053589, 318.974456787, 76.137550354, 66.0197982788, 32.6981391907, 58.4925041199, 57.2642059326, 270.729125977, 117.621604919, 209.702423096, 332.574035645, 442.210968018, 2447.79760742, 4261.63769531, 2190.60498047, 673.626098633, 217.248123169, 19.0749282837, 20.5197086334, 38.1871337891, 18.4469184875, 5.35924005508, 7.74297952652, 3.01519799232, 1.01455712318, 0.492873430252, 0.121686406434, 0.0158549677581, 0.000733364664484, 6.58069211568e-007, 1.57526547362e-009]
    },
    "gfcc": {
        "mean": [-14.6254749298, 98.8286361694, -102.526222229, 61.4719276428, -47.0926055908, -2.51488018036, -47.971786499, 10.2107658386, -22.4975090027, -9.04016208649, -11.4472455978, 0.834530711174, -15.4884796143],
        "cov": [[7090.56689453, -1416.74938965, -664.374694824, 277.143127441, -127.79549408, 403.107147217, -146.459350586, 124.322814941, -149.949478149, 250.890182495, -43.2681236267, 300.67767334, -313.339324951], [-1416.74938965, 1565.27929688, 172.286849976, 16.1756591797, 92.0322494507, -277.520629883, 150.636978149, -97.6862335205, 200.921676636, -232.773208618, 129.292816162, -200.092498779, 236.80670166], [-664.374694824, 172.286849976, 1427.57617188, -270.729644775, 50.9489059448, 29.6303749084, 67.3766403198, 183.793319702, -28.0328216553, 212.618377686, -163.978271484, 76.2235031128, 20.3764686584], [277.143127441, 16.1756591797, -270.729644775, 331.134460449, 73.227897644, 63.2825012207, 42.5018920898, -44.0237159729, 84.5327224731, -36.7262077332, 120.798881531, -11.311955452, 16.8146953583], [-127.79549408, 92.0322494507, 50.9489059448, 73.227897644, 232.345916748, 32.5062637329, 40.169757843, 35.5894851685, 34.5297164917, 20.6070022583, 48.6088523865, 17.0596523285, 6.78443717957], [403.107147217, -277.520629883, 29.6303749084, 63.2825012207, 32.5062637329, 196.878097534, 32.2215042114, 48.3617706299, 1.68825304508, 73.9245834351, 20.8774032593, 53.1040687561, -39.6857452393], [-146.459350586, 150.636978149, 67.3766403198, 42.5018920898, 40.169757843, 32.2215042114, 127.487716675, 41.9800415039, 66.7607192993, 19.5901870728, 31.7470722198, 10.7920446396, 37.2218360901], [124.322814941, -97.6862335205, 183.793319702, -44.0237159729, 35.5894851685, 48.3617706299, 41.9800415039, 158.597930908, 26.2190532684, 97.0458831787, -19.2653026581, 43.1164016724, -9.1902551651], [-149.949478149, 200.921676636, -28.0328216553, 84.5327224731, 34.5297164917, 1.68825304508, 66.7607192993, 26.2190532684, 124.0364151, 9.71332740784, 66.9442596436, -14.2935247421, 40.7509994507], [250.890182495, -232.773208618, 212.618377686, -36.7262077332, 20.6070022583, 73.9245834351, 19.5901870728, 97.0458831787, 9.71332740784, 172.276550293, -20.1120109558, 81.4764862061, -29.4834041595], [-43.2681236267, 129.292816162, -163.978271484, 120.798881531, 48.6088523865, 20.8774032593, 31.7470722198, -19.2653026581, 66.9442596436, -20.1120109558, 130.188980103, -3.12667512894, 28.9338130951], [300.67767334, -200.092498779, 76.2235031128, -11.311955452, 17.0596523285, 53.1040687561, 10.7920446396, 43.1164016724, -14.2935247421, 81.4764862061, -3.12667512894, 105.184036255, -19.8411121368], [-313.339324951, 236.80670166, 20.3764686584, 16.8146953583, 6.78443717957, -39.6857452393, 37.2218360901, -9.1902551651, 40.7509994507, -29.4834041595, 28.9338130951, -19.8411121368, 83.4273834229]],
        "icov": [[0.00025280425325, -0.000273565703537, 0.000226529518841, -0.000456164794741, 0.000301734777167, -0.000400358869229, 0.000370802648831, -0.000375756149879, 0.000362737482646, -0.000292862940114, 0.000459841627162, -0.000761572737247, 0.000719515315723], [-0.000273565703537, 0.00375544978306, -0.0013612061739, 0.00195163104217, -0.00146056106314, 0.00303930905648, -0.00256643607281, 0.00177479733247, -0.00349579844624, 0.00318349013105, -0.00311715714633, 0.00355664803647, -0.00408346671611], [0.000226529518841, -0.0013612061739, 0.00178637937643, -0.000287013797788, 0.000152695996803, -0.00132667948492, 0.000561640481465, -0.000978627707809, 0.00145698478445, -0.00248754722998, 0.00252785533667, -0.00126717239618, 0.000565358495805], [-0.000456164794741, 0.00195163104217, -0.000287013797788, 0.00747634097934, -0.00215808674693, -0.00029602154973, -0.00171847455204, 0.0030562011525, -0.00485242623836, 0.00235387589782, -0.00423419428989, 0.00240757665597, -0.0023084776476], [0.000301734777167, -0.00146056106314, 0.000152695996803, -0.00215808674693, 0.0060932058841, -0.00104258861393, 0.000379378703656, -0.00223052594811, 0.00212485203519, -0.000863891560584, -0.00065007712692, -0.00213260110468, 0.00264532770962], [-0.000400358869229, 0.00303930905648, -0.00132667948492, -0.00029602154973, -0.00104258861393, 0.0111189028248, -0.0049868542701, 0.00045015764772, -0.000170763742062, 0.000334341631969, -0.00451398827136, 0.00236561452039, 0.000231165322475], [0.000370802648831, -0.00256643607281, 0.000561640481465, -0.00171847455204, 0.000379378703656, -0.0049868542701, 0.0158788841218, -0.00332208140753, -0.00388599629514, -0.000240804074565, 0.0034473433625, -0.00486858934164, -0.00150729564484], [-0.000375756149879, 0.00177479733247, -0.000978627707809, 0.0030562011525, -0.00223052594811, 0.00045015764772, -0.00332208140753, 0.0129241999239, -0.00497963652015, -0.0029530969914, 5.40884466318e-005, 0.0019596463535, -0.00168851565104], [0.000362737482646, -0.00349579844624, 0.00145698478445, -0.00485242623836, 0.00212485203519, -0.000170763742062, -0.00388599629514, -0.00497963652015, 0.022903976962, -0.00749641098082, -0.00367601541802, 0.00186247646343, 0.000719360657968], [-0.000292862940114, 0.00318349013105, -0.00248754722998, 0.00235387589782, -0.000863891560584, 0.000334341631969, -0.000240804074565, -0.0029530969914, -0.00749641098082, 0.0183319505304, -0.0020391875878, -0.00519555900246, -0.000379804812837], [0.000459841627162, -0.00311715714633, 0.00252785533667, -0.00423419428989, -0.00065007712692, -0.00451398827136, 0.0034473433625, 5.40884466318e-005, -0.00367601541802, -0.0020391875878, 0.0195948798209, -0.00584666151553, 7.32175540179e-005], [-0.000761572737247, 0.00355664803647, -0.00126717239618, 0.00240757665597, -0.00213260110468, 0.00236561452039, -0.00486858934164, 0.0019596463535, 0.00186247646343, -0.00519555900246, -0.00584666151553, 0.0216322243214, -0.00501826498657], [0.000719515315723, -0.00408346671611, 0.000565358495805, -0.0023084776476, 0.00264532770962, 0.000231165322475, -0.00150729564484, -0.00168851565104, 0.000719360657968, -0.000379804812837, 7.32175540179e-005, -0.00501826498657, 0.0252837296575]]
    },
    "melbands": {
        "mean": [0.00221163243987, 0.00293390080333, 0.00271843420342, 0.00116707163397, 0.000904504209757, 0.000452299107565, 0.000173596286913, 0.00011046409054, 7.79057590989e-005, 3.51214803231e-005, 3.04646819131e-005, 1.71647170646e-005, 1.37316192195e-005, 1.67885737028e-005, 1.91628914763e-005, 2.00437843887e-005, 1.296584378e-005, 1.51482909132e-005, 1.55778998305e-005, 1.70450421138e-005, 2.14821902773e-005, 4.29424289905e-005, 5.95699166297e-005, 4.41633055743e-005, 3.57026183337e-005, 1.8350310711e-005, 1.05574517875e-005, 6.79828690409e-006, 2.29252486861e-006, 1.95127836378e-006, 2.53465191236e-006, 3.04391187456e-006, 2.9425170851e-006, 1.61971877333e-006, 9.75092120825e-007, 1.01483658455e-006, 1.4306705225e-006, 1.01519083273e-006, 4.40703843196e-007, 4.35310994362e-007],
        "var": [1.07498408397e-005, 1.35732252602e-005, 7.1721869972e-006, 4.04688535127e-006, 1.21360301364e-006, 3.52688147132e-007, 5.29090620205e-008, 3.179246022e-008, 1.6103774314e-008, 2.98053470793e-009, 1.71788905323e-009, 6.39017061488e-010, 4.21875367973e-010, 5.19524090414e-010, 1.01893027349e-009, 7.43585970575e-010, 5.03336372581e-010, 5.16654607985e-010, 4.87360929391e-010, 4.97566932101e-010, 7.01004976289e-010, 3.17950576978e-009, 5.65684121767e-009, 3.3585620951e-009, 1.60305890784e-009, 5.89169435461e-010, 1.56779117466e-010, 7.70190924926e-011, 8.70484326981e-012, 6.58784918978e-012, 7.8080033758e-012, 1.29216203709e-011, 1.32308755965e-011, 4.21278116558e-012, 2.0658401205e-012, 1.75857028592e-012, 3.8479163432e-012, 2.34271456401e-012, 6.21449289598e-013, 7.98547697151e-013]
    },
    "mfcc": {
        "mean": [-660.785522461, 117.337013245, 10.2331647873, 57.2859687805, 21.4059085846, -6.00647687912, -9.08581447601, 10.3186149597, -8.6453037262, -4.35402297974, -1.09053969383, -0.794855177402, -6.35024404526],
        "cov": [[6555.15380859, -1612.65270996, -698.765380859, -94.1378555298, -79.4697494507, 231.328460693, -39.465423584, 146.988021851, -231.526565552, 43.5160675049, 162.526199341, 8.18956851959, -40.7536048889], [-1612.65270996, 1454.96923828, 347.727630615, 98.5957107544, -3.2785487175, -119.597259521, 11.7661008835, -27.1145477295, 124.862190247, -4.37485456467, -70.7450180054, 5.11939334869, 4.2324848175], [-698.765380859, 347.727630615, 825.754699707, -72.3947296143, 28.4025917053, 13.9098033905, 93.1212539673, -53.631942749, 151.716674805, 24.1647529602, 53.6113128662, 18.7949638367, 74.2451782227], [-94.1378555298, 98.5957107544, -72.3947296143, 242.589675903, 71.9611968994, 38.2228813171, -6.94380426407, 43.7107315063, -5.9808216095, 25.3468723297, 15.4460391998, 30.2309055328, 9.93735313416], [-79.4697494507, -3.2785487175, 28.4025917053, 71.9611968994, 185.734100342, 21.5565700531, 38.526008606, 20.7399978638, 10.7607765198, 19.2239131927, 45.2469100952, 16.5267810822, 3.02731609344], [231.328460693, -119.597259521, 13.9098033905, 38.2228813171, 21.5565700531, 153.541992188, 25.1559848785, 36.1646537781, -12.1136426926, 8.57060909271, 27.6169052124, 26.0020065308, 16.5894489288], [-39.465423584, 11.7661008835, 93.1212539673, -6.94380426407, 38.526008606, 25.1559848785, 94.4086303711, 21.7253608704, 47.5444107056, 15.6089315414, 32.9760475159, 21.0074768066, 30.7362575531], [146.988021851, -27.1145477295, -53.631942749, 43.7107315063, 20.7399978638, 36.1646537781, 21.7253608704, 95.251663208, 0.483765423298, 29.7742862701, 18.5687332153, 21.1913642883, 12.1350240707], [-231.526565552, 124.862190247, 151.716674805, -5.9808216095, 10.7607765198, -12.1136426926, 47.5444107056, 0.483765423298, 131.769790649, 33.9786987305, 34.8455200195, 22.1357555389, 34.0141563416], [43.5160675049, -4.37485456467, 24.1647529602, 25.3468723297, 19.2239131927, 8.57060909271, 15.6089315414, 29.7742862701, 33.9786987305, 83.2341766357, 45.3249435425, 33.9503211975, 18.6795825958], [162.526199341, -70.7450180054, 53.6113128662, 15.4460391998, 45.2469100952, 27.6169052124, 32.9760475159, 18.5687332153, 34.8455200195, 45.3249435425, 103.09954834, 47.9056854248, 43.4338226318], [8.18956851959, 5.11939334869, 18.7949638367, 30.2309055328, 16.5267810822, 26.0020065308, 21.0074768066, 21.1913642883, 22.1357555389, 33.9503211975, 47.9056854248, 76.997756958, 47.2205276489], [-40.7536048889, 4.2324848175, 74.2451782227, 9.93735313416, 3.02731609344, 16.5894489288, 30.7362575531, 12.1350240707, 34.0141563416, 18.6795825958, 43.4338226318, 47.2205276489, 90.2225265503]],
        "icov": [[0.000242674475885, 0.000181668248842, 9.55739888013e-005, 6.46972985123e-005, 0.000215319159906, -0.000157292117365, 7.47346859953e-008, -0.000239719316596, 0.000186340577784, -7.3208275353e-007, -0.000536886393093, 0.000160593510373, 0.000173543725396], [0.000181668248842, 0.00118783116341, -0.000438682938693, -0.000694422575179, 0.000241135930992, 0.000767296121921, 6.51387381367e-005, -0.000376493990188, -0.000595211749896, 0.000277712475508, 0.000787727592979, -0.000685146369506, 0.000489363621455], [9.55739888013e-005, -0.000438682938693, 0.00210788543336, 0.000778432236984, -0.00025127932895, -0.00102952599991, -0.000820448331069, 0.00136355997529, -0.00117997790221, -0.000425426434958, -0.000706713297404, 0.00114443677012, -0.00118857738562], [6.46972985123e-005, -0.000694422575179, 0.000778432236984, 0.00622907234356, -0.0025179432705, -0.00168277230114, 0.00214255764149, -0.00148201454431, -4.21971490141e-005, -0.000959230063017, 0.000496190972626, -0.000977151328698, -0.000914484960958], [0.000215319159906, 0.000241135930992, -0.00025127932895, -0.0025179432705, 0.0079538943246, 0.000420499040047, -0.00336437975056, -0.000196988141397, 0.00112492754124, 0.000536119274329, -0.00411094306037, 0.000572329387069, 0.00254289968871], [-0.000157292117365, 0.000767296121921, -0.00102952599991, -0.00168277230114, 0.000420499040047, 0.0091234408319, -0.00190468691289, -0.0024347351864, 0.00152089050971, 0.00155145733152, -0.000408109481214, -0.0024622483179, 0.000800759880804], [7.47346859953e-008, 6.51387381367e-005, -0.000820448331069, 0.00214255764149, -0.00336437975056, -0.00190468691289, 0.0176410004497, -0.00396776339039, -0.0048068142496, 0.00172957603354, -0.000652248505503, -0.000373095448595, -0.00261350465007], [-0.000239719316596, -0.000376493990188, 0.00136355997529, -0.00148201454431, -0.000196988141397, -0.0024347351864, -0.00396776339039, 0.0155858816579, 0.000737521681003, -0.00510635785758, 0.00138686993159, -0.000166527112015, -0.00114112382289], [0.000186340577784, -0.000595211749896, -0.00117997790221, -4.21971490141e-005, 0.00112492754124, 0.00152089050971, -0.0048068142496, 0.000737521681003, 0.0133892418817, -0.00379408500157, -0.00221446645446, 0.000623701023869, -0.00121392018627], [-7.3208275353e-007, 0.000277712475508, -0.000425426434958, -0.000959230063017, 0.000536119274329, 0.00155145733152, 0.00172957603354, -0.00510635785758, -0.00379408500157, 0.0199285242707, -0.00620546052232, -0.00501149753109, 0.00315138115548], [-0.000536886393093, 0.000787727592979, -0.000706713297404, 0.000496190972626, -0.00411094306037, -0.000408109481214, -0.000652248505503, 0.00138686993159, -0.00221446645446, -0.00620546052232, 0.0216338019818, -0.00663504516706, -0.00432631652802], [0.000160593510373, -0.000685146369506, 0.00114443677012, -0.000977151328698, 0.000572329387069, -0.0024622483179, -0.000373095448595, -0.000166527112015, 0.000623701023869, -0.00501149753109, -0.00663504516706, 0.0261753294617, -0.00984942913055], [0.000173543725396, 0.000489363621455, -0.00118857738562, -0.000914484960958, 0.00254289968871, 0.000800759880804, -0.00261350465007, -0.00114112382289, -0.00121392018627, 0.00315138115548, -0.00432631652802, -0.00984942913055, 0.0200721193105]]
    },
    "spectral_contrast_coeffs": {
        "mean": [-0.582324624062, -0.718111217022, -0.751781702042, -0.741526603699, -0.714517235756, -0.722825288773],
        "var": [0.0128282271326, 0.00404790928587, 0.00460957409814, 0.00729234796017, 0.00754921790212, 0.0041262274608]
    },
    "spectral_contrast_valleys": {
        "mean": [-7.20516204834, -6.93573522568, -8.38165283203, -8.69609069824, -8.02801799774, -10.9653129578],
        "var": [1.41846859455, 1.02351641655, 1.03647696972, 1.02322733402, 1.00927817822, 1.46274578571]
    }
},
"metadata": {
    "audio_properties": {
        "analysis_sample_rate": 44100,
        "bit_rate": 115749,
        "equal_loudness": 0,
        "length": 45.0612258911,
        "lossless": 0,
        "replay_gain": -11.5999908447,
        "sample_rate": 44100,
        "codec": "mp3",
        "downmix": "mix",
        "md5_encoded": "e4567bd5a399acf1bb0711dde7030eff"
    },
    "tags": {
        "file_name": "744.mp3"
    },
    "version": {
        "essentia": "2.1-beta2",
        "essentia_git_sha": "v2.1_beta2",
        "extractor": "music 1.0"
    }
},
"rhythm": {
    "beats_count": 107,
    "beats_loudness": {
        "mean": 0.0403303205967,
        "var": 0.000234711667872
    },
    "bpm": 143.390029907,
    "bpm_histogram_first_peak_bpm": {
        "mean": 144,
        "var": 0
    },
    "bpm_histogram_first_peak_spread": {
        "mean": 0.262135922909,
        "var": 0
    },
    "bpm_histogram_first_peak_weight": {
        "mean": 0.716981112957,
        "var": 0
    },
    "bpm_histogram_second_peak_bpm": {
        "mean": 129,
        "var": 0
    },
    "bpm_histogram_second_peak_spread": {
        "mean": 0.5,
        "var": 0
    },
    "bpm_histogram_second_peak_weight": {
        "mean": 0.00943396240473,
        "var": 0
    },
    "danceability": 1.79543304443,
    "onset_rate": 4.94659233093,
    "beats_loudness_band_ratio": {
        "mean": [0.560955882072, 0.232208505273, 0.0666476264596, 0.0280514787883, 0.10302888602, 0.0522906519473],
        "var": [0.0381615459919, 0.0257544163615, 0.00298388092779, 0.000342899031239, 0.00760459247977, 0.00178487226367]
    },
    "beats_position": [0.46439909935, 0.9287981987, 1.38158726692, 1.8111563921, 2.22911548615, 2.65868473053, 3.08825397491, 3.50621318817, 3.92417216301, 4.35374164581, 4.78331041336, 5.20126962662, 5.61922883987, 6.03718805313, 6.45514726639, 6.87310647964, 7.2910656929, 7.70902490616, 8.12698364258, 8.54494285583, 8.96290206909, 9.38086128235, 9.79882049561, 10.2167797089, 10.6347389221, 11.0759181976, 11.4938774109, 11.9118366241, 12.3297958374, 12.7477550507, 13.1657142639, 13.5836734772, 14.0016326904, 14.4195919037, 14.8375511169, 15.2555103302, 15.6618595123, 16.0682086945, 16.4861679077, 16.8925170898, 17.3104763031, 17.7284355164, 18.1347846985, 18.5527439117, 18.970703125, 19.3886623383, 19.8182315826, 20.247800827, 20.6657600403, 21.0721092224, 21.4900684357, 21.9080276489, 22.3143768311, 22.7323360443, 23.1502952576, 23.5682544708, 23.9862117767, 24.4157810211, 24.8221302032, 25.2400894165, 25.6464385986, 26.0643978119, 26.4939670563, 26.9119262695, 27.3298854828, 27.747844696, 28.1658039093, 28.5837631226, 28.9901123047, 29.4080715179, 29.8260307312, 30.2439899445, 30.6619491577, 31.079908371, 31.5094776154, 31.9274368286, 32.3453979492, 32.7633552551, 33.1813163757, 33.6108856201, 34.0404510498, 34.4468002319, 34.8647613525, 35.2827186584, 35.7122879028, 36.1302490234, 36.5482063293, 36.96616745, 37.3957366943, 37.8136940002, 38.2200431824, 38.638004303, 39.0559616089, 39.4739227295, 39.8918800354, 40.3214492798, 40.7394104004, 41.1573677063, 41.5869369507, 42.0048980713, 42.4228553772, 42.8408164978, 43.2587738037, 43.6767349243, 44.0946922302, 44.5126533508, 44.9306106567]
},
"tonal": {
    "chords_changes_rate": 0.117283947766,
    "chords_number_rate": 0.0133744860068,
    "chords_strength": {
        "mean": 0.388795644045,
        "var": 0.00429493002594
    },
    "hpcp_entropy": {
        "mean": 2.1208615303,
        "var": 0.52558195591
    },
    "key_strength": 0.415007710457,
    "tuning_diatonic_strength": 0.226516962051,
    "tuning_equal_tempered_deviation": 0.120485953987,
    "tuning_frequency": 441.272583008,
    "tuning_nontempered_energy_ratio": 0.765518307686,
    "hpcp": {
        "mean": [0.0595810487866, 0.0451585538685, 0.0333058014512, 0.0376204252243, 0.0613763295114, 0.207080975175, 0.345848560333, 0.242395684123, 0.0965963378549, 0.0646234154701, 0.0657597854733, 0.178050607443, 0.315584897995, 0.211095288396, 0.0741589739919, 0.101627491415, 0.148592397571, 0.138969093561, 0.0900660902262, 0.0582978054881, 0.0598043464124, 0.0718633905053, 0.0792729333043, 0.132326826453, 0.15977165103, 0.108522057533, 0.0774090513587, 0.0698891654611, 0.0633701309562, 0.0995129421353, 0.12395952642, 0.0945104286075, 0.0795283839107, 0.0750150382519, 0.056955255568, 0.0543822608888],
        "var": [0.0154714277014, 0.0142418183386, 0.0140012484044, 0.0214195419103, 0.0259566847235, 0.0826922729611, 0.175249621272, 0.101596437395, 0.0413374081254, 0.0291977580637, 0.0245045069605, 0.0604722350836, 0.175159275532, 0.0827789008617, 0.0267807859927, 0.0437226928771, 0.0723147839308, 0.0576580241323, 0.0243745967746, 0.0152351725847, 0.0252455901355, 0.0368292145431, 0.0268240589648, 0.0496371388435, 0.0657382085919, 0.035958532244, 0.0278253704309, 0.0247823167592, 0.0167507845908, 0.0376734063029, 0.0563513785601, 0.0358531624079, 0.0388546958566, 0.0318018533289, 0.0171950142831, 0.0142165925354]
    },
    "chords_histogram": [1.95473253727, 0, 0, 11.0082302094, 4.11522626877, 2.67489719391, 1.85185182095, 11.1111106873, 0, 0.102880656719, 5.45267486572, 20.267490387, 0, 0, 0, 0, 0, 11.3168725967, 0, 6.79012346268, 0, 5.34979438782, 10.3909463882, 7.61316871643],
    "thpcp": [1, 0.700872302055, 0.279302418232, 0.186854660511, 0.190140411258, 0.514822483063, 0.91249448061, 0.61036914587, 0.214426144958, 0.293849676847, 0.429645836353, 0.401820659637, 0.260420590639, 0.168564543128, 0.172920614481, 0.207788601518, 0.229212850332, 0.382614940405, 0.461969971657, 0.313784897327, 0.223823547363, 0.202080249786, 0.183230862021, 0.2877356112, 0.358421415091, 0.273271143436, 0.22995147109, 0.216901406646, 0.164682641625, 0.15724298358, 0.172274962068, 0.130573198199, 0.096301689744, 0.108777165413, 0.17746591568, 0.598761975765],
    "chords_key": "C#",
    "chords_scale": "major",
    "key_key": "B",
    "key_scale": "minor"
}
}