{
"lowlevel": {
    "average_loudness": 0.864009857178,
    "barkbands_crest": {
        "mean": 14.7533216476,
        "var": 20.4554767609
    },
    "barkbands_flatness_db": {
        "mean": 0.282493442297,
        "var": 0.00272580538876
    },
    "barkbands_kurtosis": {
        "mean": 17.2808418274,
        "var": 504.839660645
    },
    "barkbands_skewness": {
        "mean": 3.15577363968,
        "var": 3.23595690727
    },
    "barkbands_spread": {
        "mean": 10.8103237152,
        "var": 120.131340027
    },
    "dissonance": {
        "mean": 0.431711643934,
        "var": 0.00345034012571
    },
    "dynamic_complexity": 2.51751089096,
    "erbbands_crest": {
        "mean": 10.7567386627,
        "var": 27.565372467
    },
    "erbbands_flatness_db": {
        "mean": 0.210197389126,
        "var": 0.00179899437353
    },
    "erbbands_kurtosis": {
        "mean": 1.16790819168,
        "var": 7.902302742
    },
    "erbbands_skewness": {
        "mean": 0.311919331551,
        "var": 0.941826224327
    },
    "erbbands_spread": {
        "mean": 45.2141265869,
        "var": 1025.13720703
    },
    "hfc": {
        "mean": 17.7963180542,
        "var": 318.83291626
    },
    "melbands_crest": {
        "mean": 18.7898197174,
        "var": 16.0531005859
    },
    "melbands_flatness_db": {
        "mean": 0.392839610577,
        "var": 0.00545447925106
    },
    "melbands_kurtosis": {
        "mean": 44.4014129639,
        "var": 2402.55029297
    },
    "melbands_skewness": {
        "mean": 4.78876447678,
        "var": 6.90951681137
    },
    "melbands_spread": {
        "mean": 7.5572719574,
        "var": 71.6015396118
    },
    "pitch_salience": {
        "mean": 0.419556647539,
        "var": 0.0148911494762
    },
    "silence_rate_20dB": {
        "mean": 1,
        "var": 0
    },
    "silence_rate_30dB": {
        "mean": 0.79927945137,
        "var": 0.160430714488
    },
    "silence_rate_60dB": {
        "mean": 0.00257334019989,
        "var": 0.0025667718146
    },
    "spectral_centroid": {
        "mean": 902.702209473,
        "var": 706645.5625
    },
    "spectral_complexity": {
        "mean": 11.0272769928,
        "var": 23.0886211395
    },
    "spectral_decrease": {
        "mean": -1.75842505001e-008,
        "var": 1.85933433097e-016
    },
    "spectral_energy": {
        "mean": 0.0679811015725,
        "var": 0.00274399993941
    },
    "spectral_energyband_high": {
        "mean": 0.00120381219313,
        "var": 5.84697954764e-006
    },
    "spectral_energyband_low": {
        "mean": 0.0548765026033,
        "var": 0.00229514436796
    },
    "spectral_energyband_middle_high": {
        "mean": 0.00199944130145,
        "var": 9.1022129709e-006
    },
    "spectral_energyband_middle_low": {
        "mean": 0.012397043407,
        "var": 0.000111825793283
    },
    "spectral_entropy": {
        "mean": 6.69059753418,
        "var": 0.342468738556
    },
    "spectral_flux": {
        "mean": 0.124306507409,
        "var": 0.00399485463277
    },
    "spectral_kurtosis": {
        "mean": 11.774772644,
        "var": 200.826309204
    },
    "spectral_rms": {
        "mean": 0.00761822797358,
        "var": 8.28555221233e-006
    },
    "spectral_rolloff": {
        "mean": 444.106903076,
        "var": 1057424.75
    },
    "spectral_skewness": {
        "mean": 2.17110919952,
        "var": 2.66649532318
    },
    "spectral_spread": {
        "mean": 3397846.25,
        "var": 3.50109433856e+012
    },
    "spectral_strongpeak": {
        "mean": 0.567371606827,
        "var": 0.253675013781
    },
    "zerocrossingrate": {
        "mean": 0.0263729672879,
        "var": 0.000867970753461
    },
    "barkbands": {
        "mean": [0.000981854391284, 0.0382249951363, 0.0132928658277, 0.00365333072841, 0.00256979139522, 0.00176228419878, 0.00176244333852, 0.00158774584997, 0.00087053241441, 0.000260869419435, 8.46872426337e-005, 0.00117665436119, 0.000142450851854, 2.07541743293e-005, 1.89887196029e-005, 1.84049076779e-005, 7.6878190157e-005, 3.50424961653e-005, 0.000223909082706, 0.000544309965335, 0.000198741661734, 5.79168299737e-005, 0.000406671169912, 8.35781611386e-006, 3.15346539992e-007, 3.56081528707e-007, 4.59228246541e-008],
        "var": [1.90809987544e-006, 0.00147764920257, 0.000219787485548, 1.88130798051e-005, 4.58987187812e-006, 7.22934919395e-006, 2.23641363846e-005, 5.50113918507e-006, 1.82782457614e-006, 1.20788240565e-006, 1.90140578837e-008, 7.31974796508e-006, 1.22647492162e-007, 1.27105961312e-008, 6.27857854596e-009, 6.59372889622e-010, 1.21817187448e-008, 3.45533157642e-009, 2.05926639296e-007, 1.48171079672e-006, 1.68252583421e-007, 1.30387247665e-008, 8.88057400061e-007, 1.54786516937e-009, 1.63981648356e-014, 9.52735476232e-014, 4.79472401859e-015]
    },
    "erbbands": {
        "mean": [0.722536325455, 9.76980018616, 18.8913059235, 13.2803525925, 9.03896427155, 8.41932296753, 10.434800148, 15.5293502808, 14.7658853531, 51.0984954834, 26.6976547241, 15.6448001862, 10.0042762756, 3.56899905205, 4.76726150513, 54.8588294983, 14.6142463684, 1.63873934746, 1.0886349678, 0.989290297031, 1.52235007286, 4.28459501266, 2.15292572975, 4.83393573761, 11.6657238007, 15.2040748596, 28.3583583832, 3.38091921806, 1.95986950397, 11.084487915, 8.37789154053, 0.60372620821, 0.0396897308528, 0.00539236376062, 0.0026628440246, 0.00153583101928, 0.000690252229106, 0.000170261671883, 3.8064266846e-005, 7.62742274674e-005],
        "var": [0.494167476892, 101.867431641, 384.469573975, 222.973098755, 61.7203636169, 60.8314208984, 102.749679565, 738.976867676, 586.564575195, 18057.6035156, 1196.15734863, 518.533325195, 1710.46813965, 35.5592346191, 50.8639755249, 16338.7060547, 709.556884766, 19.018157959, 36.4447517395, 5.14160203934, 4.0352191925, 38.9041404724, 10.5728931427, 87.8995742798, 561.819213867, 951.266479492, 3501.34423828, 50.9107131958, 15.8176345825, 701.830749512, 352.126586914, 2.85669064522, 0.0118159437552, 2.6193121812e-005, 1.1160534541e-006, 6.13737597632e-007, 4.8314484502e-007, 3.69425912083e-008, 6.66049937426e-010, 3.37313044163e-009]
    },
    "gfcc": {
        "mean": [-60.3953018188, 157.766738892, -76.8022003174, 57.6259078979, -53.9726142883, -1.12103390694, -2.88615012169, 0.572520196438, -7.0114569664, -2.05289793015, -0.325077414513, -3.06665420532, -17.8135242462],
        "cov": [[5095.50537109, -87.3619232178, -1596.21496582, 1397.4609375, -689.006103516, 161.446075439, 481.057128906, -504.585998535, 294.403778076, -327.273254395, 292.966308594, -175.160797119, -3.58492779732], [-87.3619232178, 708.079467773, 287.290313721, -923.863220215, 347.533843994, 8.81978034973, -130.625534058, 159.84223938, -123.045776367, 151.672561646, -57.6378669739, 82.1058044434, -12.0951375961], [-1596.21496582, 287.290313721, 1028.82775879, -742.10736084, 278.262542725, -134.58833313, -239.017288208, 336.412506104, -120.602890015, 169.257232666, -183.612686157, 49.6901092529, -16.1802845001], [1397.4609375, -923.863220215, -742.10736084, 1757.95141602, -669.718383789, -28.535736084, 336.485198975, -366.047149658, 281.751678467, -316.489654541, 136.208007813, -195.636810303, 55.625667572], [-689.006103516, 347.533843994, 278.262542725, -669.718383789, 534.166931152, 60.8091163635, -163.303222656, 114.622749329, -161.218856812, 141.703643799, -16.8616695404, 150.169387817, -3.46131443977], [161.446075439, 8.81978034973, -134.58833313, -28.535736084, 60.8091163635, 155.182373047, 39.2342338562, -90.2354278564, -20.0499706268, -3.07752561569, 63.9272041321, 33.1000938416, -2.5466375351], [481.057128906, -130.625534058, -239.017288208, 336.485198975, -163.303222656, 39.2342338562, 182.503463745, -91.0565109253, 84.2482376099, -66.8042755127, 54.3770294189, -55.3628997803, 7.1255364418], [-504.585998535, 159.84223938, 336.412506104, -366.047149658, 114.622749329, -90.2354278564, -91.0565109253, 220.882339478, -15.8613424301, 68.6392364502, -85.4364089966, 13.5750808716, -11.3270902634], [294.403778076, -123.045776367, -120.602890015, 281.751678467, -161.218856812, -20.0499706268, 84.2482376099, -15.8613424301, 158.643737793, -50.6215248108, -3.96257400513, -61.85704422, 28.489025116], [-327.273254395, 151.672561646, 169.257232666, -316.489654541, 141.703643799, -3.07752561569, -66.8042755127, 68.6392364502, -50.6215248108, 114.439605713, -22.2501964569, 37.037197113, 3.37068009377], [292.966308594, -57.6378669739, -183.612686157, 136.208007813, -16.8616695404, 63.9272041321, 54.3770294189, -85.4364089966, -3.96257400513, -22.2501964569, 121.005989075, 24.5825939178, -15.1169662476], [-175.160797119, 82.1058044434, 49.6901092529, -195.636810303, 150.169387817, 33.1000938416, -55.3628997803, 13.5750808716, -61.85704422, 37.037197113, 24.5825939178, 105.695999146, -9.3195400238], [-3.58492779732, -12.0951375961, -16.1802845001, 55.625667572, -3.46131443977, -2.5466375351, 7.1255364418, -11.3270902634, 28.489025116, 3.37068009377, -15.1169662476, -9.3195400238, 93.2946929932]],
        "icov": [[0.00104673928581, -0.00319892447442, 0.00127739761956, -0.00251656654291, 0.00110064051114, -0.00189845473506, 0.000774805492256, -0.00192150752991, 0.000584136578254, -0.00092394388048, 0.000259697146248, -0.000673243019264, 0.000873884127941], [-0.00319892447442, 0.0162194017321, -0.00366611522622, 0.0129995374009, -0.00481168041006, 0.00978287216276, -0.00476968381554, 0.00937401875854, -0.00358598865569, 0.00526582635939, -0.00228716642596, 0.00420209020376, -0.00386189902201], [0.00127739761956, -0.00366611522622, 0.00417657988146, -0.00320246675983, 0.00141592568252, -0.00263732834719, 0.00182266533375, -0.00532540259883, 0.00196284940466, -0.00261498731561, 0.00199809437618, -0.000772179395426, 0.00114405283239], [-0.00251656654291, 0.0129995374009, -0.00320246675983, 0.0131981279701, -0.0033337273635, 0.0105348145589, -0.00478782039136, 0.0110725034028, -0.00483995256945, 0.00774084124714, -0.00355207361281, 0.00410791719332, -0.00392902083695], [0.00110064051114, -0.00481168041006, 0.00141592568252, -0.0033337273635, 0.00711488397792, -0.00529163517058, 0.00240354100242, -0.0046251155436, 0.00300355209038, -0.00339382863604, 0.00088785943808, -0.00514456350356, -0.000138463947223], [-0.00189845473506, 0.00978287216276, -0.00263732834719, 0.0105348145589, -0.00529163517058, 0.0206161104143, -0.0064682373777, 0.0141843659803, -0.00452199252322, 0.00585135538131, -0.00511625548825, 0.00212656729855, -0.0024078108836], [0.000774805492256, -0.00476968381554, 0.00182266533375, -0.00478782039136, 0.00240354100242, -0.0064682373777, 0.0139944292605, -0.00399356987327, -0.00150870135985, -0.00172674679197, -0.00195801677182, 0.00202061748132, 0.00134875928052], [-0.00192150752991, 0.00937401875854, -0.00532540259883, 0.0110725034028, -0.0046251155436, 0.0141843659803, -0.00399356987327, 0.0233899112791, -0.00834381580353, 0.00544546311721, -0.00120943516959, 0.00300516560674, -0.00056814448908], [0.000584136578254, -0.00358598865569, 0.00196284940466, -0.00483995256945, 0.00300355209038, -0.00452199252322, -0.00150870135985, -0.00834381580353, 0.0145692648366, -0.00252909003757, 0.00267089647241, -8.75191908563e-005, -0.00205964106135], [-0.00092394388048, 0.00526582635939, -0.00261498731561, 0.00774084124714, -0.00339382863604, 0.00585135538131, -0.00172674679197, 0.00544546311721, -0.00252909003757, 0.0217926818877, -0.00401912815869, 0.00278808549047, -0.00398265803233], [0.000259697146248, -0.00228716642596, 0.00199809437618, -0.00355207361281, 0.00088785943808, -0.00511625548825, -0.00195801677182, -0.00120943516959, 0.00267089647241, -0.00401912815869, 0.0175734274089, -0.00663580046967, 0.00358809600584], [-0.000673243019264, 0.00420209020376, -0.000772179395426, 0.00410791719332, -0.00514456350356, 0.00212656729855, 0.00202061748132, 0.00300516560674, -8.75191908563e-005, 0.00278808549047, -0.00663580046967, 0.0207850839943, -0.00105952541344], [0.000873884127941, -0.00386189902201, 0.00114405283239, -0.00392902083695, -0.000138463947223, -0.0024078108836, 0.00134875928052, -0.00056814448908, -0.00205964106135, -0.00398265803233, 0.00358809600584, -0.00105952541344, 0.0137982042506]]
    },
    "melbands": {
        "mean": [0.00898244231939, 0.0115077849478, 0.00221763062291, 0.000609794864431, 0.000376738957129, 0.000347861117916, 0.000250500015682, 0.000533547834493, 0.000222825998208, 8.49535208545e-005, 4.77991925436e-005, 1.33024150273e-005, 1.03921947812e-005, 7.87567623775e-005, 0.000131093373057, 7.05161482983e-006, 1.95051256924e-006, 1.70104055996e-006, 1.41553755384e-006, 1.3570753481e-006, 1.851580123e-006, 5.03055571244e-006, 2.48139781434e-006, 1.64940797731e-006, 3.02777129946e-006, 1.27560524561e-005, 2.21215759666e-006, 1.33184548758e-005, 2.86403883365e-005, 2.23201800509e-006, 1.46657816913e-006, 8.60584293605e-007, 1.25470160128e-006, 9.89314867184e-006, 7.02097213434e-006, 5.74751936711e-007, 1.38682779038e-007, 1.65588129875e-008, 3.98841448757e-009, 2.77752154609e-009],
        "var": [7.74381114752e-005, 0.000123857913422, 5.20668663739e-006, 2.49876393354e-007, 1.2576623476e-007, 3.51874433591e-007, 2.02238155111e-007, 1.61398793352e-006, 9.4505125503e-008, 1.53133932201e-008, 4.30495994408e-008, 4.64113109055e-010, 3.19851922725e-010, 3.86132406049e-008, 7.63776739632e-008, 3.17373544112e-010, 6.76195141547e-011, 1.19885115724e-010, 3.12836319349e-011, 3.83819191707e-012, 9.53685914962e-012, 6.24945442618e-011, 1.55930407475e-011, 8.43984777898e-012, 3.77188696943e-011, 7.12872094688e-010, 1.93978756668e-011, 7.84670939336e-010, 3.73855302271e-009, 2.6960881444e-011, 1.19458835185e-011, 3.42834289603e-012, 7.19526478329e-012, 5.8980204054e-010, 2.59756188781e-010, 2.19718579268e-012, 4.56458438755e-013, 5.18701801075e-015, 8.28168994123e-017, 1.71603270965e-018]
    },
    "mfcc": {
        "mean": [-719.446594238, 180.72605896, 32.9032020569, 68.0408935547, -15.3963708878, 16.4130496979, 1.24229896069, 18.6333560944, -6.32015991211, 10.5451488495, 3.68734526634, 15.153421402, 14.6315717697],
        "cov": [[4763.96728516, -1617.45227051, -964.720336914, 1143.66064453, -1030.43566895, 933.849731445, -356.575805664, 485.744262695, -441.818145752, 476.837646484, -358.847869873, -65.04322052, 233.696578979], [-1617.45227051, 1874.68676758, 212.262359619, -1090.0604248, 573.764099121, -532.907287598, 316.425323486, -316.806610107, 307.323913574, -358.955505371, 245.140533447, 142.260070801, -8.67655277252], [-964.720336914, 212.262359619, 497.658294678, -93.9243621826, 105.605133057, -227.195663452, 0.117187455297, -62.8574676514, 90.9783477783, -0.533969819546, 68.7174758911, -2.72369170189, -109.522262573], [1143.66064453, -1090.0604248, -93.9243621826, 875.304077148, -369.860015869, 303.078826904, -214.390274048, 213.665039063, -178.014938354, 248.983261108, -111.026138306, -155.485351563, 28.9771347046], [-1030.43566895, 573.764099121, 105.605133057, -369.860015869, 437.501647949, -204.472717285, 144.111999512, -136.635055542, 118.98639679, -181.372711182, 72.1268768311, 62.408290863, -47.2399368286], [933.849731445, -532.907287598, -227.195663452, 303.078826904, -204.472717285, 378.92755127, -52.6865501404, 110.650093079, -126.830299377, 78.4795227051, -110.064231873, -17.0944004059, 77.5817489624], [-356.575805664, 316.425323486, 0.117187455297, -214.390274048, 144.111999512, -52.6865501404, 166.259567261, -53.59897995, 10.827703476, -113.02671814, 40.5200614929, 55.2524871826, 12.1125802994], [485.744262695, -316.806610107, -62.8574676514, 213.665039063, -136.635055542, 110.650093079, -53.59897995, 146.050765991, -61.4710693359, 52.4115600586, -34.4145812988, 11.082154274, 47.9970703125], [-441.818145752, 307.323913574, 90.9783477783, -178.014938354, 118.98639679, -126.830299377, 10.827703476, -61.4710693359, 160.464111328, -14.2638845444, 46.2085647583, -21.1131286621, -37.9693489075], [476.837646484, -358.955505371, -0.533969819546, 248.983261108, -181.372711182, 78.4795227051, -113.02671814, 52.4115600586, -14.2638845444, 248.418640137, -49.107208252, -134.490936279, -41.8000640869], [-358.847869873, 245.140533447, 68.7174758911, -111.026138306, 72.1268768311, -110.064231873, 40.5200614929, -34.4145812988, 46.2085647583, -49.107208252, 115.522392273, 15.7334880829, 2.62766456604], [-65.04322052, 142.260070801, -2.72369170189, -155.485351563, 62.408290863, -17.0944004059, 55.2524871826, 11.082154274, -21.1131286621, -134.490936279, 15.7334880829, 256.333374023, 43.0556678772], [233.696578979, -8.67655277252, -109.522262573, 28.9771347046, -47.2399368286, 77.5817489624, 12.1125802994, 47.9970703125, -37.9693489075, -41.8000640869, 2.62766456604, 43.0556678772, 151.572753906]],
        "icov": [[0.00202477443963, -0.00226289522834, 0.00268064066768, -0.00182557315566, 0.00226421817206, -0.00183290825225, 0.00142730225343, -0.00227390695363, 0.00166643864941, -0.00200728210621, 0.00205279281363, -0.00149206258357, 0.00153658096679], [-0.00226289522834, 0.00607841229066, -0.00298611144535, 0.00456971256062, -0.00264784856699, 0.00344506814145, -0.00321683683433, 0.00387454754673, -0.00385176227428, 0.00281812134199, -0.00402142712846, 0.00218757172115, -0.00349221937358], [0.00268064066768, -0.00298611144535, 0.00674916338176, -0.00299807614647, 0.00301977805793, -0.000776679487899, 0.00183288380504, -0.00281342468224, 0.00152756925672, -0.00285452697426, 0.00210542744026, -0.00256147235632, 0.00351563189179], [-0.00182557315566, 0.00456971256062, -0.00299807614647, 0.00722666876391, -0.00236104778014, 0.00128625938669, 0.000133175111841, 5.5044216424e-005, -0.000235779807554, 0.00144427071791, -0.00366287771612, 0.00335559993982, -0.00244437297806], [0.00226421817206, -0.00264784856699, 0.00301977805793, -0.00236104778014, 0.00841016322374, -0.00111152802128, -0.00104862265289, -0.000799529487267, -0.000755855289754, 0.000532467791345, 0.00309754326008, -0.00167692312971, 0.00289802183397], [-0.00183290825225, 0.00344506814145, -0.000776679487899, 0.00128625938669, -0.00111152802128, 0.00894608255476, -0.00343420309946, 0.00229027005844, -0.00159160699695, 0.00170124915894, 0.00107617792673, 0.00117707205936, -0.00344268977642], [0.00142730225343, -0.00321683683433, 0.00183288380504, 0.000133175111841, -0.00104862265289, -0.00343420309946, 0.014165636152, -0.0024745289702, 0.00576981995255, 9.96553280856e-005, -0.000273426499916, -0.000394569215132, 0.0015863472363], [-0.00227390695363, 0.00387454754673, -0.00281342468224, 5.5044216424e-005, -0.000799529487267, 0.00229027005844, -0.0024745289702, 0.0172200463712, -0.0032632262446, 0.00180498685222, -0.00256928382441, -0.000910225906409, -0.00500888051465], [0.00166643864941, -0.00385176227428, 0.00152756925672, -0.000235779807554, -0.000755855289754, -0.00159160699695, 0.00576981995255, -0.0032632262446, 0.0147502236068, -0.00382520398125, 0.000569220108446, 0.000233599101193, 0.00207421276718], [-0.00200728210621, 0.00281812134199, -0.00285452697426, 0.00144427071791, 0.000532467791345, 0.00170124915894, 9.96553280856e-005, 0.00180498685222, -0.00382520398125, 0.0122101325542, -0.00127485836856, 0.00470389565453, 0.000728049548343], [0.00205279281363, -0.00402142712846, 0.00210542744026, -0.00366287771612, 0.00309754326008, 0.00107617792673, -0.000273426499916, -0.00256928382441, 0.000569220108446, -0.00127485836856, 0.0166644752026, -0.00160995952319, 3.58048091584e-005], [-0.00149206258357, 0.00218757172115, -0.00256147235632, 0.00335559993982, -0.00167692312971, 0.00117707205936, -0.000394569215132, -0.000910225906409, 0.000233599101193, 0.00470389565453, -0.00160995952319, 0.00780017208308, -0.00170407595579], [0.00153658096679, -0.00349221937358, 0.00351563189179, -0.00244437297806, 0.00289802183397, -0.00344268977642, 0.0015863472363, -0.00500888051465, 0.00207421276718, 0.000728049548343, 3.58048091584e-005, -0.00170407595579, 0.0123645635322]]
    },
    "spectral_contrast_coeffs": {
        "mean": [-0.675701916218, -0.746597111225, -0.790292263031, -0.781134963036, -0.767792463303, -0.677018761635],
        "var": [0.00327901658602, 0.00372684164904, 0.00327342445962, 0.00729781808332, 0.00394385354593, 0.01415762119]
    },
    "spectral_contrast_valleys": {
        "mean": [-6.21899271011, -6.37785482407, -8.07441806793, -8.95119094849, -8.52801895142, -12.4015741348],
        "var": [0.967012286186, 1.03207850456, 1.13529133797, 1.18244969845, 1.46131229401, 0.495094716549]
    }
},
"metadata": {
    "audio_properties": {
        "analysis_sample_rate": 44100,
        "bit_rate": 107251,
        "equal_loudness": 0,
        "length": 45.0873451233,
        "lossless": 0,
        "replay_gain": -3.67480278015,
        "sample_rate": 44100,
        "codec": "mp3",
        "downmix": "mix",
        "md5_encoded": "f64a65f224a9f70d4aee279439a8b8b3"
    },
    "tags": {
        "file_name": "745.mp3"
    },
    "version": {
        "essentia": "2.1-beta2",
        "essentia_git_sha": "v2.1_beta2",
        "extractor": "music 1.0"
    }
},
"rhythm": {
    "beats_count": 107,
    "beats_loudness": {
        "mean": 0.0875609591603,
        "var": 0.0038939404767
    },
    "bpm": 146.293411255,
    "bpm_histogram_first_peak_bpm": {
        "mean": 148,
        "var": 0
    },
    "bpm_histogram_first_peak_spread": {
        "mean": 0.527027010918,
        "var": 0
    },
    "bpm_histogram_first_peak_weight": {
        "mean": 0.330188691616,
        "var": 0
    },
    "bpm_histogram_second_peak_bpm": {
        "mean": 140,
        "var": 0
    },
    "bpm_histogram_second_peak_spread": {
        "mean": 0.222222268581,
        "var": 0
    },
    "bpm_histogram_second_peak_weight": {
        "mean": 0.198113203049,
        "var": 0
    },
    "danceability": 0.998184144497,
    "onset_rate": 2.5496199131,
    "beats_loudness_band_ratio": {
        "mean": [0.789151847363, 0.0783591866493, 0.0845791846514, 0.0229296982288, 0.0039086593315, 0.0372461043298],
        "var": [0.0225953534245, 0.00476189516485, 0.0129389539361, 0.00155157083645, 0.00017454236513, 0.0037027169019]
    },
    "beats_position": [0.406349211931, 0.824308395386, 1.24226760864, 1.66022670269, 2.07818579674, 2.48453521729, 2.89088439941, 3.29723358154, 3.7151927948, 4.13315200806, 4.5627207756, 5.00390005112, 5.4334692955, 5.87464857101, 6.31582736969, 6.7570066452, 7.19818592072, 7.63936471939, 8.09215450287, 8.54494285583, 8.99773216248, 9.45052146912, 9.90331077576, 10.3328800201, 10.7508392334, 11.1687984467, 11.5983667374, 12.0047159195, 12.4110651016, 12.8174142838, 13.235373497, 13.6533327103, 14.0712919235, 14.4776411057, 14.8839902878, 15.2787294388, 15.6850786209, 16.0914287567, 16.50938797, 16.9389572144, 17.3685264587, 17.7980957031, 18.2276649475, 18.6572322845, 19.0868015289, 19.4931507111, 19.8994998932, 20.2942390442, 20.6889801025, 21.1069393158, 21.5248966217, 21.9196376801, 22.3143768311, 22.7207260132, 23.1502952576, 23.5682544708, 23.9862117767, 24.4157810211, 24.8453502655, 25.2516994476, 25.6580486298, 26.0643978119, 26.4823570251, 26.8887062073, 27.3066654205, 27.7246246338, 28.1309738159, 28.537322998, 28.9436721802, 29.3500213623, 29.7679805756, 30.1859397888, 30.6155090332, 31.0450782776, 31.4630374908, 31.8926067352, 32.322177887, 32.7285270691, 33.1348762512, 33.5296134949, 33.9243545532, 34.3307037354, 34.7370529175, 35.1550102234, 35.5613594055, 35.9793205261, 36.3856697083, 36.8036270142, 37.2215881348, 37.6511573792, 38.0807266235, 38.4870758057, 38.8934249878, 39.2997741699, 39.7061233521, 40.124080658, 40.5420417786, 40.9599990845, 41.3779602051, 41.7843093872, 42.1906585693, 42.5970077515, 43.0033569336, 43.4213142395, 43.8392753601, 44.2688446045, 44.6984100342]
},
"tonal": {
    "chords_changes_rate": 0.0329218097031,
    "chords_number_rate": 0.00617283955216,
    "chords_strength": {
        "mean": 0.528272390366,
        "var": 0.00852849707007
    },
    "hpcp_entropy": {
        "mean": 1.96870565414,
        "var": 0.416220515966
    },
    "key_strength": 0.654926657677,
    "tuning_diatonic_strength": 0.545042932034,
    "tuning_equal_tempered_deviation": 0.27517747879,
    "tuning_frequency": 434.193115234,
    "tuning_nontempered_energy_ratio": 0.936903655529,
    "hpcp": {
        "mean": [0.110674016178, 0.0902104452252, 0.0556194446981, 0.0395190306008, 0.0336837768555, 0.0236677397043, 0.0294748730958, 0.0452310591936, 0.047638900578, 0.0749451741576, 0.101140998304, 0.0862130373716, 0.0797226205468, 0.105999864638, 0.184208765626, 0.297912240028, 0.365866571665, 0.328426122665, 0.224725306034, 0.142852306366, 0.0828719884157, 0.0432429090142, 0.0367971323431, 0.103274576366, 0.163391947746, 0.0907784104347, 0.0257835164666, 0.0412572622299, 0.0656234696507, 0.112387962639, 0.169327616692, 0.159858167171, 0.0951283425093, 0.0553446523845, 0.0613971985877, 0.0919550731778],
        "var": [0.0497120283544, 0.0393999069929, 0.0196720063686, 0.0111506767571, 0.00683175399899, 0.00529420515522, 0.00951516442001, 0.0220812801272, 0.0137059278786, 0.0191535577178, 0.0348606444895, 0.0292170550674, 0.0350593104959, 0.0510743223131, 0.0876886025071, 0.13503152132, 0.1371884197, 0.13483056426, 0.0868308842182, 0.0483254678547, 0.0245156697929, 0.0147736696526, 0.0134824654087, 0.0314275957644, 0.0733478069305, 0.0225776750594, 0.00540047744289, 0.012777550146, 0.029927527532, 0.0613982453942, 0.0997290834785, 0.0894607529044, 0.0461451038718, 0.0186149161309, 0.0216588079929, 0.0401063449681]
    },
    "chords_histogram": [0.823045253754, 0, 2.88065838814, 0.102880656719, 0, 6.89300394058, 0, 8.53909492493, 5.55555534363, 0.308641970158, 0, 0, 0, 0, 0, 0, 0, 0, 0, 0, 0.514403283596, 15.123456955, 59.2592582703, 0],
    "thpcp": [1, 0.897666394711, 0.614227473736, 0.3904491961, 0.226508766413, 0.118193112314, 0.100575275719, 0.282273888588, 0.446588903666, 0.248118892312, 0.0704724565148, 0.112765870988, 0.179364487529, 0.307182908058, 0.462812483311, 0.436930239201, 0.260008305311, 0.15127004683, 0.16781309247, 0.251334995031, 0.302498310804, 0.246566519141, 0.152021110058, 0.10801487416, 0.092065744102, 0.0646895393729, 0.0805618092418, 0.123627200723, 0.130208402872, 0.204842910171, 0.276442319155, 0.235640645027, 0.217900797725, 0.28972274065, 0.503486216068, 0.814264714718],
    "chords_key": "C",
    "chords_scale": "minor",
    "key_key": "G",
    "key_scale": "minor"
}
}