{
"lowlevel": {
    "average_loudness": 0.950623750687,
    "barkbands_crest": {
        "mean": 12.7319993973,
        "var": 19.1501331329
    },
    "barkbands_flatness_db": {
        "mean": 0.218811348081,
        "var": 0.00271458504722
    },
    "barkbands_kurtosis": {
        "mean": 8.02586746216,
        "var": 180.257217407
    },
    "barkbands_skewness": {
        "mean": 1.92015600204,
        "var": 2.23001217842
    },
    "barkbands_spread": {
        "mean": 12.4124956131,
        "var": 62.2690963745
    },
    "dissonance": {
        "mean": 0.424675166607,
        "var": 0.00211519561708
    },
    "dynamic_complexity": 2.20172166824,
    "erbbands_crest": {
        "mean": 12.5494270325,
        "var": 34.4102859497
    },
    "erbbands_flatness_db": {
        "mean": 0.212889179587,
        "var": 0.00231411354616
    },
    "erbbands_kurtosis": {
        "mean": 1.82938086987,
        "var": 22.0759277344
    },
    "erbbands_skewness": {
        "mean": 0.705327749252,
        "var": 0.813414037228
    },
    "erbbands_spread": {
        "mean": 31.6142921448,
        "var": 382.277008057
    },
    "hfc": {
        "mean": 17.4116458893,
        "var": 161.406356812
    },
    "melbands_crest": {
        "mean": 16.8804931641,
        "var": 30.6294746399
    },
    "melbands_flatness_db": {
        "mean": 0.307790160179,
        "var": 0.00460646348074
    },
    "melbands_kurtosis": {
        "mean": 18.3370990753,
        "var": 970.487426758
    },
    "melbands_skewness": {
        "mean": 2.72341036797,
        "var": 4.23911428452
    },
    "melbands_spread": {
        "mean": 13.5950584412,
        "var": 127.142944336
    },
    "pitch_salience": {
        "mean": 0.454560667276,
        "var": 0.0126467086375
    },
    "silence_rate_20dB": {
        "mean": 1,
        "var": 0
    },
    "silence_rate_30dB": {
        "mean": 0.989706635475,
        "var": 0.0101878335699
    },
    "silence_rate_60dB": {
        "mean": 0.0149253727868,
        "var": 0.0147027727216
    },
    "spectral_centroid": {
        "mean": 959.966430664,
        "var": 351561.0625
    },
    "spectral_complexity": {
        "mean": 12.8172931671,
        "var": 24.9151344299
    },
    "spectral_decrease": {
        "mean": -1.03298969378e-008,
        "var": 4.14339202516e-017
    },
    "spectral_energy": {
        "mean": 0.0405666492879,
        "var": 0.000621817016508
    },
    "spectral_energyband_high": {
        "mean": 0.000287566101179,
        "var": 1.5668905462e-007
    },
    "spectral_energyband_low": {
        "mean": 0.0195918902755,
        "var": 0.000412319524912
    },
    "spectral_energyband_middle_high": {
        "mean": 0.00497360061854,
        "var": 3.50883419742e-005
    },
    "spectral_energyband_middle_low": {
        "mean": 0.0171509068459,
        "var": 0.000207970355405
    },
    "spectral_entropy": {
        "mean": 6.7707452774,
        "var": 0.173453330994
    },
    "spectral_flux": {
        "mean": 0.0652544051409,
        "var": 0.00101733882912
    },
    "spectral_kurtosis": {
        "mean": 8.28362751007,
        "var": 39.6106834412
    },
    "spectral_rms": {
        "mean": 0.00595198944211,
        "var": 4.15103659179e-006
    },
    "spectral_rolloff": {
        "mean": 817.07598877,
        "var": 1140001.625
    },
    "spectral_skewness": {
        "mean": 1.893268466,
        "var": 0.581034123898
    },
    "spectral_spread": {
        "mean": 3335966.5,
        "var": 2.64489743155e+012
    },
    "spectral_strongpeak": {
        "mean": 1.30397152901,
        "var": 1.90105617046
    },
    "zerocrossingrate": {
        "mean": 0.0333209857345,
        "var": 0.000802723225206
    },
    "barkbands": {
        "mean": [2.13356688619e-005, 0.0132028665394, 0.00533975288272, 0.00193141528871, 0.00271703838371, 0.00439204229042, 0.00116983742919, 0.00258201756515, 0.00350047554821, 0.0018584622303, 0.00125274457969, 0.000331225339323, 0.000323472631862, 0.000331593648298, 0.000408161839005, 0.000160810057423, 0.000163591015735, 0.000183806303539, 0.000291475473205, 0.000260686967522, 0.000102334714029, 1.59190294653e-005, 8.81038886291e-006, 4.02927662435e-006, 6.82365316607e-006, 5.68183304495e-006, 2.86953877549e-007],
        "var": [1.44618028664e-009, 0.000274187419564, 4.38444076281e-005, 1.3954251699e-005, 1.15470384117e-005, 3.41925515386e-005, 6.88897171131e-006, 6.98034054949e-005, 5.64953588764e-005, 2.36876639974e-005, 7.92890386947e-006, 1.2530076674e-006, 4.10248389926e-007, 4.51676413604e-007, 6.60913542561e-007, 1.73792031433e-007, 1.82175057262e-007, 1.94949379306e-007, 2.48089605748e-007, 2.34507794517e-007, 2.761496809e-008, 1.88862103734e-009, 7.81411102491e-010, 7.09216296801e-011, 1.83769374718e-010, 3.34690858361e-010, 2.05689666688e-011]
    },
    "erbbands": {
        "mean": [0.187613889575, 3.56404137611, 7.7206902504, 5.73997735977, 6.09678316116, 9.20927143097, 30.3431491852, 33.1819572449, 16.589849472, 22.3750228882, 82.837890625, 80.6715393066, 56.745677948, 55.2230758667, 45.4960708618, 15.036863327, 14.728014946, 19.246465683, 21.7798194885, 13.8179216385, 9.12385177612, 8.99452114105, 9.17113018036, 14.0650053024, 13.8244180679, 11.7984685898, 8.0111246109, 1.62178957462, 0.644165337086, 0.37943688035, 0.227040350437, 0.127894997597, 0.0433417893946, 0.0441820919514, 0.0657150968909, 0.0327447243035, 0.00896694976836, 0.00124892685562, 5.58525462111e-005, 4.6847955673e-005],
        "var": [0.12200589478, 18.0730514526, 82.1923522949, 66.238319397, 49.2783088684, 162.634185791, 1957.1270752, 3141.57592773, 779.697265625, 2256.171875, 63151.9023438, 23051.0058594, 30147.0878906, 9478.34472656, 14611.0615234, 1639.23059082, 742.852600098, 1202.80566406, 2394.80102539, 772.521484375, 426.776885986, 491.175872803, 433.722045898, 737.655761719, 578.365661621, 444.297058105, 168.87286377, 5.86671829224, 2.88826274872, 1.39594578743, 0.489072173834, 0.0774779394269, 0.00882210209966, 0.00612648949027, 0.0214633885771, 0.00762251392007, 0.00146094278898, 8.54578393046e-005, 2.46743780963e-007, 8.23396240079e-010]
    },
    "gfcc": {
        "mean": [-34.339012146, 137.115447998, -113.691116333, 20.961977005, -45.754108429, -6.21392679214, -18.2368831635, 11.0529184341, -29.4336986542, 10.7190885544, -17.4065933228, -6.52867746353, -4.94009780884],
        "cov": [[4207.16650391, 217.072265625, -565.372741699, 63.5075073242, -36.7607345581, -35.3969459534, 17.7621383667, 105.958137512, -238.099639893, 134.850738525, -34.823097229, -76.2020263672, 46.5150299072], [217.072265625, 846.581237793, 89.1109542847, -16.8051147461, 313.275512695, 23.9630126953, 188.725418091, -14.8091173172, 63.0454216003, -69.8392486572, 84.9221954346, -127.914222717, 49.5817947388], [-565.372741699, 89.1109542847, 1002.5524292, 316.881866455, 120.682655334, 295.470581055, 57.1205978394, -13.6924705505, 141.287200928, 2.26114344597, -76.0894927979, 66.3215560913, -119.502967834], [63.5075073242, -16.8051147461, 316.881866455, 556.727050781, 187.651519775, -16.4275665283, -0.415084958076, 3.30583357811, 65.2886428833, -26.6322574615, 16.7549953461, 52.0418243408, -75.6153869629], [-36.7607345581, 313.275512695, 120.682655334, 187.651519775, 427.77923584, -0.505632936954, 58.3439254761, 30.2512969971, 33.7789726257, -2.78361797333, 33.1191558838, 16.8233356476, 2.16777849197], [-35.3969459534, 23.9630126953, 295.470581055, -16.4275665283, -0.505632936954, 367.109313965, 88.5951919556, -57.1729774475, 98.3847961426, 9.60845375061, -30.3129711151, -2.05536961555, -52.9271316528], [17.7621383667, 188.725418091, 57.1205978394, -0.415084958076, 58.3439254761, 88.5951919556, 260.767791748, 11.9119930267, 5.36698246002, 13.8372631073, 6.69078683853, -34.8509254456, -0.737896740437], [105.958137512, -14.8091173172, -13.6924705505, 3.30583357811, 30.2512969971, -57.1729774475, 11.9119930267, 164.711669922, 8.32783889771, -8.97165584564, -4.23487091064, 21.6239337921, 35.3847770691], [-238.099639893, 63.0454216003, 141.287200928, 65.2886428833, 33.7789726257, 98.3847961426, 5.36698246002, 8.32783889771, 287.713531494, -24.6712799072, -35.0956115723, 50.9563903809, -57.6539306641], [134.850738525, -69.8392486572, 2.26114344597, -26.6322574615, -2.78361797333, 9.60845375061, 13.8372631073, -8.97165584564, -24.6712799072, 154.918106079, -14.9536724091, 3.39929175377, 19.9139118195], [-34.823097229, 84.9221954346, -76.0894927979, 16.7549953461, 33.1191558838, -30.3129711151, 6.69078683853, -4.23487091064, -35.0956115723, -14.9536724091, 171.998626709, -15.0121135712, 53.3487625122], [-76.2020263672, -127.914222717, 66.3215560913, 52.0418243408, 16.8233356476, -2.05536961555, -34.8509254456, 21.6239337921, 50.9563903809, 3.39929175377, -15.0121135712, 166.579238892, -6.17632055283], [46.5150299072, 49.5817947388, -119.502967834, -75.6153869629, 2.16777849197, -52.9271316528, -0.737896740437, 35.3847770691, -57.6539306641, 19.9139118195, 53.3487625122, -6.17632055283, 185.574523926]],
        "icov": [[0.000485892174765, -0.000914751784876, 0.000770276412368, -0.000857896695379, 0.000757703732233, -0.000939851452131, 0.000594023149461, -0.000898604397662, 0.000822008645628, -0.000873990182299, 0.000558012223337, -0.000536844774615, 0.000336762517691], [-0.000914751784876, 0.00524281524122, -0.0023356010206, 0.00306110270321, -0.00410658493638, 0.00312487524934, -0.00308446958661, 0.00303266267292, -0.00300349667668, 0.00336104747839, -0.00206039147452, 0.00359819969162, -0.00166126538534], [0.000770276412368, -0.0023356010206, 0.00332138617523, -0.0027638587635, 0.00177584507037, -0.00339654064737, 0.00154431478586, -0.00212744018063, 0.00170466571581, -0.0019271193305, 0.00168907316402, -0.00181275175419, 0.00105644844007], [-0.000857896695379, 0.00306110270321, -0.0027638587635, 0.00506718177348, -0.00337384245358, 0.00336483982392, -0.00185680412687, 0.00242829835042, -0.00231745815836, 0.00248240493238, -0.00210645468906, 0.00161813979503, -0.000116213261208], [0.000757703732233, -0.00410658493638, 0.00177584507037, -0.00337384245358, 0.00616688653827, -0.00237674126402, 0.00177796953358, -0.00280096428469, 0.00216704979539, -0.00278598675504, 0.00119213422295, -0.00283778295852, 0.00100242951885], [-0.000939851452131, 0.00312487524934, -0.00339654064737, 0.00336483982392, -0.00237674126402, 0.00732321059331, -0.00329301599413, 0.00388307217509, -0.00339823076501, 0.00223064259626, -0.00164882407989, 0.00222381134517, -0.000799732690211], [0.000594023149461, -0.00308446958661, 0.00154431478586, -0.00185680412687, 0.00177796953358, -0.00329301599413, 0.00644901022315, -0.00272123888135, 0.00202856794931, -0.00243390351534, 0.00104793533683, -0.00108669849578, 0.00105165503919], [-0.000898604397662, 0.00303266267292, -0.00212744018063, 0.00242829835042, -0.00280096428469, 0.00388307217509, -0.00272123888135, 0.00942567363381, -0.00268462160602, 0.00290130800568, -0.00070330692688, 0.0011484749848, -0.0025384305045], [0.000822008645628, -0.00300349667668, 0.00170466571581, -0.00231745815836, 0.00216704979539, -0.00339823076501, 0.00202856794931, -0.00268462160602, 0.00645037088543, -0.00154353317339, 0.00181633618195, -0.00308337504975, 0.0018201811472], [-0.000873990182299, 0.00336104747839, -0.0019271193305, 0.00248240493238, -0.00278598675504, 0.00223064259626, -0.00243390351534, 0.00290130800568, -0.00154353317339, 0.00931140687317, -0.000546805211343, 0.00175215338822, -0.00206581573002], [0.000558012223337, -0.00206039147452, 0.00168907316402, -0.00210645468906, 0.00119213422295, -0.00164882407989, 0.00104793533683, -0.00070330692688, 0.00181633618195, -0.000546805211343, 0.00798873975873, -0.00104843755253, -0.00141440890729], [-0.000536844774615, 0.00359819969162, -0.00181275175419, 0.00161813979503, -0.00283778295852, 0.00222381134517, -0.00108669849578, 0.0011484749848, -0.00308337504975, 0.00175215338822, -0.00104843755253, 0.00943463668227, -0.00142127426807], [0.000336762517691, -0.00166126538534, 0.00105644844007, -0.000116213261208, 0.00100242951885, -0.000799732690211, 0.00105165503919, -0.0025384305045, 0.0018201811472, -0.00206581573002, -0.00141440890729, -0.00142127426807, 0.00777596095577]]
    },
    "melbands": {
        "mean": [0.0027816935908, 0.00453554466367, 0.0010512562003, 0.000486071745399, 0.000928702706005, 0.000744659802876, 0.000258523912635, 0.000267791765509, 0.000744921911974, 0.000478531670524, 0.000266992661636, 0.000215246865992, 0.000156884401804, 6.06310895819e-005, 2.35784591496e-005, 3.79540433642e-005, 3.44747277268e-005, 3.35624354193e-005, 2.70118125627e-005, 1.25697688418e-005, 1.05066492324e-005, 1.03700695036e-005, 7.42240990803e-006, 8.39758831717e-006, 1.16968594739e-005, 1.13099358714e-005, 8.56459519127e-006, 7.7984877862e-006, 6.13946849626e-006, 2.12346844819e-006, 5.35816752745e-007, 3.68510598037e-007, 2.59845648998e-007, 1.93137012161e-007, 1.40635066259e-007, 9.49827452246e-008, 7.16606081141e-008, 3.13773043104e-008, 2.12887858453e-008, 4.17261638574e-008],
        "var": [1.59066566994e-005, 2.27424388868e-005, 1.71171564034e-006, 3.52789243152e-007, 1.51390179326e-006, 1.2881978364e-006, 2.28257064805e-007, 3.61114530278e-007, 4.94787127536e-006, 7.7497361417e-007, 7.51371999286e-007, 1.72885620486e-007, 1.51203721543e-007, 3.07849425951e-008, 2.7804556435e-009, 5.93655924419e-009, 5.35024602399e-009, 7.78019959569e-009, 2.91892710003e-009, 1.0981073828e-009, 8.36704483476e-010, 7.87969745009e-010, 3.78949788216e-010, 5.57845047933e-010, 6.10140382662e-010, 4.93598828477e-010, 3.19645393487e-010, 2.08787570566e-010, 1.11787620827e-010, 1.36602222589e-011, 1.25338519945e-012, 1.07114967937e-012, 6.77059320067e-013, 4.42544167544e-013, 2.16578369279e-013, 6.89206179107e-014, 2.13797248406e-014, 5.99572525824e-015, 2.13006869257e-015, 6.43881962789e-015]
    },
    "mfcc": {
        "mean": [-689.663146973, 177.767288208, -13.5899152756, 40.6296615601, -9.86816501617, -0.0640618503094, 11.5298910141, -4.68063211441, 3.32595205307, 10.3936243057, -4.08238935471, -2.06943702698, -3.23174595833],
        "cov": [[2348.03857422, 38.6312904358, -540.085388184, 116.116752625, -129.137573242, -120.109077454, 175.346893311, -123.638999939, -72.246925354, 159.114105225, -202.599334717, 18.7032585144, -1.95884346962], [38.6312904358, 868.963317871, -63.2520370483, 2.1471760273, 117.947937012, 39.0240859985, 215.771209717, -17.3036575317, 107.43082428, 21.583650589, 47.009552002, -10.5758619308, 12.4092845917], [-540.085388184, -63.2520370483, 903.885070801, 13.6867580414, 114.516311646, 329.467193604, -80.9380111694, 193.72102356, 44.6461334229, 23.6642665863, 146.89225769, 31.6149921417, -30.3512477875], [116.116752625, 2.1471760273, 13.6867580414, 604.999633789, 182.402481079, 10.5104808807, 42.0744094849, 66.2713699341, 14.0070905685, -43.3325080872, 15.2108678818, 94.0601806641, 53.6361961365], [-129.137573242, 117.947937012, 114.516311646, 182.402481079, 396.924438477, 28.3759632111, -4.43358945847, 62.2452850342, 45.2529258728, -51.8868942261, 48.1662940979, 51.3377189636, 12.1413669586], [-120.109077454, 39.0240859985, 329.467193604, 10.5104808807, 28.3759632111, 478.812866211, -61.5679283142, 136.491531372, 32.5454521179, 53.2611694336, 129.357437134, -24.7008743286, 35.3111114502], [175.346893311, 215.771209717, -80.9380111694, 42.0744094849, -4.43358945847, -61.5679283142, 381.255828857, -106.159835815, -6.58835840225, 37.3126907349, -83.1812820435, -6.53281831741, 28.2225875854], [-123.638999939, -17.3036575317, 193.72102356, 66.2713699341, 62.2452850342, 136.491531372, -106.159835815, 288.576538086, 22.684463501, -1.6628421545, 70.6852874756, 31.6234836578, 22.7465724945], [-72.246925354, 107.43082428, 44.6461334229, 14.0070905685, 45.2529258728, 32.5454521179, -6.58835840225, 22.684463501, 221.710983276, -26.4755096436, 68.0699310303, -7.87318706512, 21.31199646], [159.114105225, 21.583650589, 23.6642665863, -43.3325080872, -51.8868942261, 53.2611694336, 37.3126907349, -1.6628421545, -26.4755096436, 168.214035034, -34.23021698, 10.8624372482, -18.8670940399], [-202.599334717, 47.009552002, 146.89225769, 15.2108678818, 48.1662940979, 129.357437134, -83.1812820435, 70.6852874756, 68.0699310303, -34.23021698, 243.57635498, -30.1308193207, 15.988155365], [18.7032585144, -10.5758619308, 31.6149921417, 94.0601806641, 51.3377189636, -24.7008743286, -6.53281831741, 31.6234836578, -7.87318706512, 10.8624372482, -30.1308193207, 149.574707031, -6.49785709381], [-1.95884346962, 12.4092845917, -30.3512477875, 53.6361961365, 12.1413669586, 35.3111114502, 28.2225875854, 22.7465724945, 21.31199646, -18.8670940399, 15.988155365, -6.49785709381, 158.498336792]],
        "icov": [[0.00057468668092, 2.84984944301e-005, 0.00035985087743, -0.000178853661055, 7.46116129449e-005, -0.000123971782159, -0.000120432348922, -1.49022844198e-005, -2.10367397813e-005, -0.000504481955431, 0.000209325648029, 4.80636344946e-007, 0.000101472542156], [2.84984944301e-005, 0.00164277886506, 0.000368050968973, 0.00025075636222, -0.000557767169084, -0.000262798799668, -0.00111571943853, -0.000205891774385, -0.000646406668238, -0.000230400823057, -0.000483404000988, -8.20475543151e-005, 0.000291736330837], [0.00035985087743, 0.000368050968973, 0.00202723336406, 0.000122938959976, -0.000385392195312, -0.00111069949344, -0.000454116583569, -0.000669064174872, -0.000187066965736, -0.000305326160742, -0.000399366370402, -0.000488309946377, 0.000785153533798], [-0.000178853661055, 0.00025075636222, 0.000122938959976, 0.00231185392477, -0.000891510921065, -0.000119541422464, -0.000525166746229, -0.000373878807295, 3.35567128786e-005, 0.000558946630917, -0.000295548903523, -0.00121728132945, -0.000496612978168], [7.46116129449e-005, -0.000557767169084, -0.000385392195312, -0.000891510921065, 0.00346531695686, 0.000128389612655, 0.000191416227608, -0.000171630264958, -0.000176438814378, 0.000809869554359, -9.82546553132e-005, -0.000614902179223, 7.38036178518e-005], [-0.000123971782159, -0.000262798799668, -0.00111069949344, -0.000119541422464, 0.000128389612655, 0.00360662629828, 0.000363918108633, -0.000677428266499, 0.000133941444801, -0.00126780336723, -0.00104040314909, 0.000865230918862, -0.000962618680205], [-0.000120432348922, -0.00111571943853, -0.000454116583569, -0.000525166746229, 0.000191416227608, 0.000363918108633, 0.00411426275969, 0.00132071785629, 0.000193864354515, -0.000645604741294, 0.00119924184401, 0.000510576937813, -0.00104420888238], [-1.49022844198e-005, -0.000205891774385, -0.000669064174872, -0.000373878807295, -0.000171630264958, -0.000677428266499, 0.00132071785629, 0.00502458075061, 1.64474622579e-005, -0.000127141480334, -0.000223360664677, -0.000763574964367, -0.000803976901807], [-2.10367397813e-005, -0.000646406668238, -0.000187066965736, 3.35567128786e-005, -0.000176438814378, 0.000133941444801, 0.000193864354515, 1.64474622579e-005, 0.00534214638174, 0.000539905624464, -0.00112883839756, 5.20721405337e-005, -0.000588076713029], [-0.000504481955431, -0.000230400823057, -0.000305326160742, 0.000558946630917, 0.000809869554359, -0.00126780336723, -0.000645604741294, -0.000127141480334, 0.000539905624464, 0.00785738322884, 0.000870256742928, -0.00105881423224, 0.000849328120239], [0.000209325648029, -0.000483404000988, -0.000399366370402, -0.000295548903523, -9.82546553132e-005, -0.00104040314909, 0.00119924184401, -0.000223360664677, -0.00112883839756, 0.000870256742928, 0.00629137828946, 0.00130730750971, -0.000203853982384], [4.80636344946e-007, -8.20475543151e-005, -0.000488309946377, -0.00121728132945, -0.000614902179223, 0.000865230918862, 0.000510576937813, -0.000763574964367, 5.20721405337e-005, -0.00105881423224, 0.00130730750971, 0.00844123680145, 0.000279012485407], [0.000101472542156, 0.000291736330837, 0.000785153533798, -0.000496612978168, 7.38036178518e-005, -0.000962618680205, -0.00104420888238, -0.000803976901807, -0.000588076713029, 0.000849328120239, -0.000203853982384, 0.000279012485407, 0.00732832960784]]
    },
    "spectral_contrast_coeffs": {
        "mean": [-0.602534115314, -0.635776042938, -0.678630888462, -0.735521674156, -0.741443037987, -0.665010035038],
        "var": [0.00678018294275, 0.00833442807198, 0.00863483455032, 0.00405788933858, 0.00508278282359, 0.00591606460512]
    },
    "spectral_contrast_valleys": {
        "mean": [-7.4343085289, -7.03578090668, -7.83525562286, -8.43334770203, -8.35788059235, -12.637260437],
        "var": [1.31937015057, 0.920538008213, 0.868600130081, 0.806575596333, 0.841531634331, 1.12738990784]
    }
},
"metadata": {
    "audio_properties": {
        "analysis_sample_rate": 44100,
        "bit_rate": 111308,
        "equal_loudness": 0,
        "length": 45.0873451233,
        "lossless": 0,
        "replay_gain": -9.85083007813,
        "sample_rate": 44100,
        "codec": "mp3",
        "downmix": "mix",
        "md5_encoded": "12bb043314b8cc061efea8290293cc8c"
    },
    "tags": {
        "file_name": "746.mp3"
    },
    "version": {
        "essentia": "2.1-beta2",
        "essentia_git_sha": "v2.1_beta2",
        "extractor": "music 1.0"
    }
},
"rhythm": {
    "beats_count": 72,
    "beats_loudness": {
        "mean": 0.0516660362482,
        "var": 0.000355193245923
    },
    "bpm": 93.167175293,
    "bpm_histogram_first_peak_bpm": {
        "mean": 92,
        "var": 0
    },
    "bpm_histogram_first_peak_spread": {
        "mean": 0.625,
        "var": 0
    },
    "bpm_histogram_first_peak_weight": {
        "mean": 0.211267605424,
        "var": 0
    },
    "bpm_histogram_second_peak_bpm": {
        "mean": 98,
        "var": 0
    },
    "bpm_histogram_second_peak_spread": {
        "mean": 0.272727280855,
        "var": 0
    },
    "bpm_histogram_second_peak_weight": {
        "mean": 0.225352108479,
        "var": 0
    },
    "danceability": 1.17458951473,
    "onset_rate": 3.25907945633,
    "beats_loudness_band_ratio": {
        "mean": [0.478646695614, 0.190556913614, 0.191576495767, 0.10750322789, 0.0368572585285, 0.0228009987622],
        "var": [0.0695742741227, 0.0228241086006, 0.0317369513214, 0.0168272480369, 0.00152392999735, 0.000925178930629]
    },
    "beats_position": [0.650158703327, 1.3235373497, 1.99691605568, 2.68190479279, 3.35528349876, 4.01705217361, 4.66721057892, 5.31736946106, 5.9675283432, 6.6176867485, 7.27945566177, 7.94122457504, 8.59138298035, 9.24154186249, 9.89170074463, 10.5302495956, 11.1687984467, 11.807346344, 12.445895195, 13.084444046, 13.722992897, 14.3499317169, 14.9884805679, 15.6270294189, 16.2655773163, 16.9157371521, 17.5658950806, 18.2160549164, 18.8662128448, 19.4931507111, 20.1317005157, 20.7818584442, 21.3971881866, 22.0241260529, 22.6394557953, 23.2663936615, 23.8933334351, 24.5202713013, 25.1472110748, 25.774148941, 26.4010887146, 27.0164165497, 27.6317462921, 28.2470741272, 28.8624038696, 29.4777317047, 30.081451416, 30.6967792511, 31.3004989624, 31.9274368286, 32.5543746948, 33.1580963135, 33.7618141174, 34.3655319214, 34.9576416016, 35.5497512817, 36.1534690857, 36.7571868896, 37.3492965698, 37.94140625, 38.5335159302, 39.1372337341, 39.7293434143, 40.309841156, 40.8903388977, 41.4708366394, 42.0513381958, 42.6318359375, 43.2123336792, 43.7928352356, 44.3617210388, 44.9306106567]
},
"tonal": {
    "chords_changes_rate": 0.0545267499983,
    "chords_number_rate": 0.0123456791043,
    "chords_strength": {
        "mean": 0.55530244112,
        "var": 0.0132268676534
    },
    "hpcp_entropy": {
        "mean": 1.5114376545,
        "var": 0.450340330601
    },
    "key_strength": 0.80800062418,
    "tuning_diatonic_strength": 0.74357265234,
    "tuning_equal_tempered_deviation": 0.0774826854467,
    "tuning_frequency": 438.477722168,
    "tuning_nontempered_energy_ratio": 0.777261018753,
    "hpcp": {
        "mean": [0.0699324533343, 0.0728929638863, 0.0990663096309, 0.179931759834, 0.159168675542, 0.0590295679867, 0.0272071342915, 0.0373352989554, 0.112267658114, 0.161522299051, 0.0952472910285, 0.0441398769617, 0.0472838841379, 0.0513669736683, 0.0867943912745, 0.128100961447, 0.123715668917, 0.162721768022, 0.200914666057, 0.120988063514, 0.0446396917105, 0.0449534505606, 0.0699250176549, 0.17731924355, 0.266284584999, 0.173430606723, 0.06761636585, 0.0399520136416, 0.0270609315485, 0.0783383026719, 0.141837999225, 0.104833208025, 0.048851698637, 0.0346087440848, 0.0275193415582, 0.0438687950373],
        "var": [0.026537053287, 0.0258598551154, 0.0352820083499, 0.0965535864234, 0.0844773873687, 0.021268196404, 0.0103938570246, 0.0129556022584, 0.0538110248744, 0.102187402546, 0.0390548668802, 0.0189995411783, 0.0245038513094, 0.023120386526, 0.0462375693023, 0.0717836394906, 0.054543286562, 0.0782746598125, 0.12525677681, 0.0555886402726, 0.017570560798, 0.02052616328, 0.0315401144326, 0.0755448043346, 0.144694626331, 0.0700634792447, 0.0310221333057, 0.0205587763339, 0.00796781014651, 0.031137092039, 0.0874992236495, 0.0466730706394, 0.0226143617183, 0.017272202298, 0.00601105298847, 0.0124731836841]
    },
    "chords_histogram": [29.9382724762, 11.4197530746, 16.0493831635, 0.514403283596, 6.79012346268, 0.823045253754, 0.720164597034, 1.33744859695, 0.308641970158, 0, 1.13168728352, 0, 0, 0, 0, 6.79012346268, 0, 2.67489719391, 0, 2.36625504494, 0, 4.01234579086, 11.5226335526, 3.60082316399],
    "thpcp": [1, 0.651297986507, 0.253925204277, 0.150035023689, 0.1016241014, 0.294190138578, 0.532655715942, 0.393688619137, 0.183456733823, 0.129969015718, 0.103345602751, 0.16474403441, 0.262622982264, 0.273740828037, 0.372031718493, 0.675712287426, 0.597738981247, 0.221678495407, 0.102173149586, 0.140208259225, 0.421607792377, 0.606577754021, 0.357689827681, 0.165762037039, 0.177568987012, 0.192902550101, 0.325945973396, 0.481067895889, 0.464599430561, 0.611082196236, 0.754511058331, 0.454356253147, 0.167639032006, 0.168817326427, 0.262595057487, 0.665901243687],
    "chords_key": "A#",
    "chords_scale": "major",
    "key_key": "A#",
    "key_scale": "major"
}
}