{
"lowlevel": {
    "average_loudness": 0.313453823328,
    "barkbands_crest": {
        "mean": 13.5629444122,
        "var": 23.5121917725
    },
    "barkbands_flatness_db": {
        "mean": 0.330721974373,
        "var": 0.00244536809623
    },
    "barkbands_kurtosis": {
        "mean": 5.14840221405,
        "var": 45.27967453
    },
    "barkbands_skewness": {
        "mean": 1.21835064888,
        "var": 0.804529607296
    },
    "barkbands_spread": {
        "mean": 4.68802881241,
        "var": 5.254737854
    },
    "dissonance": {
        "mean": 0.383944034576,
        "var": 0.0034938219469
    },
    "dynamic_complexity": 8.78268623352,
    "erbbands_crest": {
        "mean": 15.0872325897,
        "var": 37.1559257507
    },
    "erbbands_flatness_db": {
        "mean": 0.351473778486,
        "var": 0.00293280440383
    },
    "erbbands_kurtosis": {
        "mean": 2.7793006897,
        "var": 24.0593204498
    },
    "erbbands_skewness": {
        "mean": 0.940588712692,
        "var": 0.786798477173
    },
    "erbbands_spread": {
        "mean": 10.4685516357,
        "var": 21.7512149811
    },
    "hfc": {
        "mean": 8.13296508789,
        "var": 154.522338867
    },
    "melbands_crest": {
        "mean": 16.8418827057,
        "var": 32.3655471802
    },
    "melbands_flatness_db": {
        "mean": 0.420957028866,
        "var": 0.00258966162801
    },
    "melbands_kurtosis": {
        "mean": 5.39781618118,
        "var": 43.0916671753
    },
    "melbands_skewness": {
        "mean": 1.28387963772,
        "var": 0.864056348801
    },
    "melbands_spread": {
        "mean": 7.23767614365,
        "var": 41.6157836914
    },
    "pitch_salience": {
        "mean": 0.501253545284,
        "var": 0.015130979009
    },
    "silence_rate_20dB": {
        "mean": 1,
        "var": 0
    },
    "silence_rate_30dB": {
        "mean": 0.995882630348,
        "var": 0.00410058861598
    },
    "silence_rate_60dB": {
        "mean": 0.383942365646,
        "var": 0.236526504159
    },
    "spectral_centroid": {
        "mean": 501.362731934,
        "var": 139561.859375
    },
    "spectral_complexity": {
        "mean": 7.88059711456,
        "var": 28.7589969635
    },
    "spectral_decrease": {
        "mean": -4.00005806256e-009,
        "var": 2.91444151728e-017
    },
    "spectral_energy": {
        "mean": 0.0158348120749,
        "var": 0.000460475945147
    },
    "spectral_energyband_high": {
        "mean": 3.69064605366e-006,
        "var": 4.1859851696e-010
    },
    "spectral_energyband_low": {
        "mean": 0.00117808033247,
        "var": 3.02649914374e-006
    },
    "spectral_energyband_middle_high": {
        "mean": 0.00208563869819,
        "var": 3.71506430383e-005
    },
    "spectral_energyband_middle_low": {
        "mean": 0.0129756918177,
        "var": 0.000343827006873
    },
    "spectral_entropy": {
        "mean": 5.80039358139,
        "var": 0.168307825923
    },
    "spectral_flux": {
        "mean": 0.0300728306174,
        "var": 0.00111249694601
    },
    "spectral_kurtosis": {
        "mean": 70.393737793,
        "var": 1630.52624512
    },
    "spectral_rms": {
        "mean": 0.00308248889633,
        "var": 5.94685161559e-006
    },
    "spectral_rolloff": {
        "mean": 631.977844238,
        "var": 707147.75
    },
    "spectral_skewness": {
        "mean": 5.84413051605,
        "var": 4.17217636108
    },
    "spectral_spread": {
        "mean": 1327099.125,
        "var": 2.04946486067e+012
    },
    "spectral_strongpeak": {
        "mean": 1.18106925488,
        "var": 1.95798718929
    },
    "zerocrossingrate": {
        "mean": 0.0237121731043,
        "var": 0.000494776351843
    },
    "barkbands": {
        "mean": [6.78717185565e-007, 5.44292888662e-005, 0.00088074238738, 0.00045004466665, 0.00215653865598, 0.00156320689712, 0.00420086178929, 0.00284241349436, 0.00142338487785, 0.00136241735891, 0.000281797721982, 0.000204189243959, 0.000128011743072, 6.30825888948e-005, 0.000101857345726, 6.48468994768e-005, 2.69639276667e-005, 1.3274135199e-005, 1.15478142106e-005, 3.00510168927e-006, 8.18632543087e-007, 4.39679695319e-007, 2.26101349199e-007, 3.62135459397e-008, 5.28672927658e-009, 1.77325187867e-009, 6.82070344649e-010],
        "var": [1.14171378515e-012, 9.06952024593e-009, 2.11149608731e-006, 6.42372299353e-007, 2.06221538974e-005, 2.39833061642e-005, 0.000108490734419, 7.64217038522e-005, 4.3287036533e-005, 2.8275859222e-005, 3.22954906551e-006, 8.37608126858e-007, 1.12549926712e-007, 2.31756853708e-008, 6.48146567528e-008, 6.59981722606e-008, 4.60955407178e-009, 1.85578752365e-009, 1.70309277792e-009, 3.00302060996e-010, 1.30701977019e-011, 5.0331266932e-012, 4.88825603259e-012, 1.57438203642e-013, 2.56209276512e-015, 8.36799862809e-017, 1.97171134186e-018]
    },
    "erbbands": {
        "mean": [0.000619827420451, 0.0329285264015, 0.744490027428, 1.50833654404, 3.52830195427, 6.4344830513, 16.857339859, 11.2122926712, 58.2402801514, 39.0916099548, 72.3531723022, 46.6954498291, 23.8157577515, 43.3010978699, 12.9410057068, 9.40404033661, 6.66646909714, 4.07560348511, 5.17626476288, 4.0901350975, 2.78149151802, 1.12900495529, 0.809555351734, 0.715479850769, 0.396380156279, 0.143067911267, 0.0764364004135, 0.033453039825, 0.0190846975893, 0.010453264229, 0.00359305297025, 0.00144816108514, 0.000480518589029, 0.000100945719169, 3.84279592254e-005, 1.97659974219e-005, 7.09896312401e-006, 1.48545143475e-006, 7.7350250649e-006, 1.79021481017e-005],
        "var": [9.38253322147e-007, 0.00314234336838, 1.57054245472, 4.84563970566, 102.971099854, 195.380065918, 2336.53271484, 1198.12902832, 21171.8984375, 8644.94042969, 53028.3359375, 36475.9960938, 4375.10400391, 37439.4609375, 8364.56445313, 2034.22692871, 252.73890686, 77.4626922607, 187.167510986, 88.9892349243, 83.5805206299, 6.7702794075, 4.22123241425, 4.16089963913, 2.26593995094, 0.56237590313, 0.285081475973, 0.0309656336904, 0.0101071018726, 0.0075384741649, 0.000680356752127, 0.000197563727852, 2.51894452958e-005, 9.44612281728e-007, 5.93292988071e-008, 6.21647799903e-009, 7.49076703443e-011, 4.74780891685e-012, 1.1160090907e-010, 5.9422272658e-010]
    },
    "gfcc": {
        "mean": [-237.284622192, 221.336914063, -125.404708862, -38.655254364, -42.3815422058, -21.5325145721, -32.262134552, -11.8818101883, -11.1628408432, -18.2699890137, -9.11355018616, -16.3608932495, -7.05161857605],
        "cov": [[13253.9931641, 1929.02209473, -3825.05444336, 272.091461182, 1096.57507324, -1971.55249023, 1445.57849121, -578.698913574, 644.351013184, -295.790649414, 375.806640625, -332.771972656, -96.8041305542], [1929.02209473, 1175.07275391, -318.5, -275.93737793, 494.612640381, -249.344802856, 119.603935242, -147.064346313, 117.477989197, -228.973205566, 122.106987, -116.054122925, 14.9055337906], [-3825.05444336, -318.5, 1476.32312012, -83.863899231, -335.170227051, 673.500671387, -544.493408203, 128.954605103, -250.038421631, 50.0177612305, -152.737060547, 106.516349792, 59.8844528198], [272.091461182, -275.93737793, -83.863899231, 356.386138916, -43.0538368225, -13.9373903275, 71.1190795898, 2.54146122932, 2.81023097038, 53.919178009, -76.407371521, 0.584338188171, -28.4170093536], [1096.57507324, 494.612640381, -335.170227051, -43.0538368225, 394.219543457, -177.767105103, 146.861968994, -38.1413841248, 95.1654281616, -97.4941711426, 65.0737228394, -67.1529388428, -7.26570940018], [-1971.55249023, -249.344802856, 673.500671387, -13.9373903275, -177.767105103, 501.179016113, -211.089935303, 108.045921326, -81.8119888306, 20.9913043976, -86.7130050659, 52.6159896851, 31.0232391357], [1445.57849121, 119.603935242, -544.493408203, 71.1190795898, 146.861968994, -211.089935303, 316.77444458, -26.0600986481, 119.750801086, -14.6835174561, 53.6721534729, -52.9598617554, -37.5930671692], [-578.698913574, -147.064346313, 128.954605103, 2.54146122932, -38.1413841248, 108.045921326, -26.0600986481, 134.977935791, 16.4538269043, 20.5334243774, -16.452299118, -16.6387863159, -30.652677536], [644.351013184, 117.477989197, -250.038421631, 2.81023097038, 95.1654281616, -81.8119888306, 119.750801086, 16.4538269043, 151.590682983, -10.5152044296, 57.1771583557, -38.4138412476, -45.616519928], [-295.790649414, -228.973205566, 50.0177612305, 53.919178009, -97.4941711426, 20.9913043976, -14.6835174561, 20.5334243774, -10.5152044296, 130.966323853, 5.80437755585, 30.5489082336, -25.7345676422], [375.806640625, 122.106987, -152.737060547, -76.407371521, 65.0737228394, -86.7130050659, 53.6721534729, -16.452299118, 57.1771583557, 5.80437755585, 115.283851624, -4.59187698364, -15.3523006439], [-332.771972656, -116.054122925, 106.516349792, 0.584338188171, -67.1529388428, 52.6159896851, -52.9598617554, -16.6387863159, -38.4138412476, 30.5489082336, -4.59187698364, 92.5924377441, 48.8437271118], [-96.8041305542, 14.9055337906, 59.8844528198, -28.4170093536, -7.26570940018, 31.0232391357, -37.5930671692, -30.652677536, -45.616519928, -25.7345676422, -15.3523006439, 48.8437271118, 102.195739746]],
        "icov": [[0.000828972144518, -0.00188149465248, 0.0018577768933, -0.00126962887589, 0.00143815716729, 0.000437403301476, -0.000273543293588, -0.000275567086646, 0.000192742227227, -0.000570428324863, 0.000379452074412, -0.000425205857027, -0.000393190857721], [-0.00188149465248, 0.00873995479196, -0.00565176876262, 0.00508074648678, -0.00707878358662, -0.000104180871858, 0.000119106734928, 0.00496647274122, -0.0024556084536, 0.0042294296436, -0.00142557162326, 0.00368072232231, 0.000725037243683], [0.0018577768933, -0.00565176876262, 0.00866346154362, -0.00337247434072, 0.00421567587182, -0.0026903974358, 0.00352955469862, -0.00241887546144, 0.00305338623002, -0.00254628341645, 0.00133641215507, -0.00210836459883, 0.000189167010831], [-0.00126962887589, 0.00508074648678, -0.00337247434072, 0.00742540881038, -0.00413342611864, -0.000260248343693, -0.00111546472181, 0.003090567654, -0.00169497902971, 0.000380911893444, 0.00340209528804, 0.00114807847422, 0.00170074752532], [0.00143815716729, -0.00707878358662, 0.00421567587182, -0.00413342611864, 0.010242654942, 0.000789328594692, -0.000986004713923, -0.00393033633009, 0.00082933739759, -0.000933339819312, -0.000256544561125, -0.00137411407195, -0.00152451964095], [0.000437403301476, -0.000104180871858, -0.0026903974358, -0.000260248343693, 0.000789328594692, 0.00708160968497, -0.00193126511294, -0.00164876529016, -0.00225762510672, 0.00104913162068, 0.00132164696697, -0.000701006618328, -0.00157485855743], [-0.000273543293588, 0.000119106734928, 0.00352955469862, -0.00111546472181, -0.000986004713923, -0.00193126511294, 0.0105064678937, -0.000718717754353, -0.00130954349879, -0.000674901471939, -0.000433426059317, 0.000894337601494, 0.000263501511654], [-0.000275567086646, 0.00496647274122, -0.00241887546144, 0.003090567654, -0.00393033633009, -0.00164876529016, -0.000718717754353, 0.0154448393732, -0.00454694638029, 0.0012792336056, 0.000632983050309, 0.00524124270305, 0.00176322984044], [0.000192742227227, -0.0024556084536, 0.00305338623002, -0.00169497902971, 0.00082933739759, -0.00225762510672, -0.00130954349879, -0.00454694638029, 0.0148791708052, -0.000281410902971, -0.00422467011958, -0.00154520722572, 0.00385350501165], [-0.000570428324863, 0.0042294296436, -0.00254628341645, 0.000380911893444, -0.000933339819312, 0.00104913162068, -0.000674901471939, 0.0012792336056, -0.000281410902971, 0.0152454962954, -0.00404300913215, -0.00312624126673, 0.0047916281037], [0.000379452074412, -0.00142557162326, 0.00133641215507, 0.00340209528804, -0.000256544561125, 0.00132164696697, -0.000433426059317, 0.000632983050309, -0.00422467011958, -0.00404300913215, 0.0167803391814, -0.00350019545294, 0.00163109658752], [-0.000425205857027, 0.00368072232231, -0.00210836459883, 0.00114807847422, -0.00137411407195, -0.000701006618328, 0.000894337601494, 0.00524124270305, -0.00154520722572, -0.00312624126673, -0.00350019545294, 0.0227895416319, -0.0102636432275], [-0.000393190857721, 0.000725037243683, 0.000189167010831, 0.00170074752532, -0.00152451964095, -0.00157485855743, 0.000263501511654, 0.00176322984044, 0.00385350501165, 0.0047916281037, 0.00163109658752, -0.0102636432275, 0.0187416430563]]
    },
    "melbands": {
        "mean": [8.66846585268e-006, 0.000271300610621, 0.000320068851579, 0.000318616948789, 0.000553766090889, 0.000242581125349, 0.000917452096473, 0.000411948392866, 0.000570085889194, 0.000246646726737, 0.000110706860141, 0.000183870768524, 3.70112138626e-005, 3.00794526993e-005, 1.4827322957e-005, 1.27062548927e-005, 7.1888371167e-006, 7.44459021007e-006, 6.10296183368e-006, 6.32956107438e-006, 2.52368840847e-006, 1.25422252495e-006, 9.73714691099e-007, 6.84072574586e-007, 6.00386897531e-007, 3.0420164876e-007, 1.66340100805e-007, 9.05684984787e-008, 6.43740634132e-008, 2.19304912008e-008, 1.55311994376e-008, 1.33056508034e-008, 4.43611991585e-009, 6.70770150535e-009, 1.77311798577e-009, 1.85076753922e-009, 4.05612848864e-010, 4.07684164205e-010, 1.14075852931e-010, 6.42897263203e-011],
        "var": [2.1722440513e-010, 2.07897983273e-007, 3.0691808206e-007, 4.95752601637e-007, 2.12448981074e-006, 6.24626181889e-007, 5.21709125678e-006, 9.47831551912e-007, 3.22223263538e-006, 1.24935741042e-006, 1.06125291666e-007, 7.25037693883e-007, 5.78664831608e-008, 2.38172201961e-008, 2.99423175143e-009, 1.48377288234e-009, 3.13468112578e-010, 3.85097870259e-010, 2.1226534419e-010, 5.28702914782e-010, 5.02445376971e-011, 1.192361921e-011, 9.82720068515e-012, 7.45267476204e-012, 3.11888622567e-012, 2.60714757075e-012, 3.39022890707e-013, 3.68534928052e-013, 3.34106847006e-013, 9.23360187274e-015, 8.31800669061e-015, 5.61026682196e-015, 6.10892390598e-016, 4.54920940125e-015, 1.23269326854e-016, 5.38579758523e-016, 2.01632024104e-017, 2.26494542144e-017, 2.03978789268e-018, 7.40123006708e-019]
    },
    "mfcc": {
        "mean": [-850.017028809, 220.812744141, 1.41376280785, -13.5793733597, -2.92005705833, -12.8565969467, -12.9853076935, -7.46648359299, -4.52477502823, -4.14964056015, -6.48248052597, -8.76742935181, -3.56934332848],
        "cov": [[9204.51171875, 3077.05175781, -3527.07446289, 452.138702393, 130.276657104, -512.496887207, -19.2641792297, 76.6592941284, -23.6364269257, 44.5830345154, 239.43888855, 198.68560791, 155.892623901], [3077.05175781, 1734.56115723, -938.622009277, -192.933853149, 257.654602051, -97.9828491211, -44.3627815247, 48.913269043, -13.0581769943, -62.5941505432, 28.0634689331, 59.0218429565, 10.5434083939], [-3527.07446289, -938.622009277, 1654.85559082, -225.766860962, -42.56275177, 319.024047852, -5.43091869354, -28.8692245483, 27.3167457581, -55.127281189, -124.620079041, -97.2915344238, -108.477378845], [452.138702393, -192.933853149, -225.766860962, 363.316009521, -46.3779754639, -67.4649276733, 26.7804222107, -31.7512245178, 2.81732320786, 28.9338436127, 35.9317169189, 12.2241258621, 3.00910949707], [130.276657104, 257.654602051, -42.56275177, -46.3779754639, 225.510421753, 26.0040302277, -17.6739368439, 40.8745803833, 9.65527534485, -21.060798645, -23.8002681732, 3.85454463959, -1.18297505379], [-512.496887207, -97.9828491211, 319.024047852, -67.4649276733, 26.0040302277, 201.964904785, 29.2459812164, 18.4330978394, 53.1093025208, -12.801035881, -34.851688385, -24.9156208038, -18.4847240448], [-19.2641792297, -44.3627815247, -5.43091869354, 26.7804222107, -17.6739368439, 29.2459812164, 79.8506469727, 19.7628822327, 13.2279653549, 18.6204299927, 10.3987016678, 6.78197050095, -0.197539001703], [76.6592941284, 48.913269043, -28.8692245483, -31.7512245178, 40.8745803833, 18.4330978394, 19.7628822327, 87.9958953857, 49.0530433655, 7.60637235641, 2.11201763153, 7.99734830856, -3.70324444771], [-23.6364269257, -13.0581769943, 27.3167457581, 2.81732320786, 9.65527534485, 53.1093025208, 13.2279653549, 49.0530433655, 102.162696838, 25.9866867065, -11.4447641373, 15.1789169312, -15.3958959579], [44.5830345154, -62.5941505432, -55.127281189, 28.9338436127, -21.060798645, -12.801035881, 18.6204299927, 7.60637235641, 25.9866867065, 108.199920654, 66.9866104126, 18.6311454773, 26.6805343628], [239.43888855, 28.0634689331, -124.620079041, 35.9317169189, -23.8002681732, -34.851688385, 10.3987016678, 2.11201763153, -11.4447641373, 66.9866104126, 117.758857727, 44.9415664673, 27.3653869629], [198.68560791, 59.0218429565, -97.2915344238, 12.2241258621, 3.85454463959, -24.9156208038, 6.78197050095, 7.99734830856, 15.1789169312, 18.6311454773, 44.9415664673, 85.7685165405, 41.413356781], [155.892623901, 10.5434083939, -108.477378845, 3.00910949707, -1.18297505379, -18.4847240448, -0.197539001703, -3.70324444771, -15.3958959579, 26.6805343628, 27.3653869629, 41.413356781, 101.775474548]],
        "icov": [[0.0149725675583, -0.0208403971046, 0.0215291641653, -0.0203213337809, 0.0216863565147, -0.0204352252185, 0.0166492089629, -0.0195077974349, 0.0180657412857, -0.0130378408358, 0.0119689581916, -0.0084970369935, 0.00502581335604], [-0.0208403971046, 0.0305888373405, -0.0287754833698, 0.0296738892794, -0.0315384864807, 0.0279687885195, -0.023107027635, 0.0281071476638, -0.0255672745407, 0.0192904639989, -0.0174205768853, 0.0114708989859, -0.00601183064282], [0.0215291641653, -0.0287754833698, 0.0329898074269, -0.0278869569302, 0.0307604093105, -0.0318069197237, 0.0248142201453, -0.0274744201452, 0.027042184025, -0.0189563110471, 0.0179157238454, -0.0132142212242, 0.00923992879689], [-0.0203213337809, 0.0296738892794, -0.0278869569302, 0.0324667952955, -0.0306634064764, 0.0287816189229, -0.0246978662908, 0.0302469152957, -0.0275391321629, 0.019543197006, -0.0183360408992, 0.0124658532441, -0.00613832846284], [0.0216863565147, -0.0315384864807, 0.0307604093105, -0.0306634064764, 0.0384589619935, -0.0316744334996, 0.0270119477063, -0.0333868227899, 0.0300438981503, -0.0213367827237, 0.0207381229848, -0.0145089924335, 0.00774003844708], [-0.0204352252185, 0.0279687885195, -0.0318069197237, 0.0287816189229, -0.0316744334996, 0.0402815826237, -0.0290748160332, 0.030982112512, -0.035176217556, 0.0232270993292, -0.0209035743028, 0.0181291885674, -0.0114963445812], [0.0166492089629, -0.023107027635, 0.0248142201453, -0.0246978662908, 0.0270119477063, -0.0290748160332, 0.0368132740259, -0.0294865705073, 0.0276415515691, -0.0205850787461, 0.0175252649933, -0.014756298624, 0.0089720832184], [-0.0195077974349, 0.0281071476638, -0.0274744201452, 0.0302469152957, -0.0333868227899, 0.030982112512, -0.0294865705073, 0.048964638263, -0.0397857949138, 0.024314371869, -0.0232375469059, 0.0170849170536, -0.009342007339], [0.0180657412857, -0.0255672745407, 0.027042184025, -0.0275391321629, 0.0300438981503, -0.035176217556, 0.0276415515691, -0.0397857949138, 0.0527511388063, -0.0318742953241, 0.0295202508569, -0.0252310633659, 0.0158453732729], [-0.0130378408358, 0.0192904639989, -0.0189563110471, 0.019543197006, -0.0213367827237, 0.0232270993292, -0.0205850787461, 0.024314371869, -0.0318742953241, 0.0360987000167, -0.0278322733939, 0.0179277248681, -0.0120914541185], [0.0119689581916, -0.0174205768853, 0.0179157238454, -0.0183360408992, 0.0207381229848, -0.0209035743028, 0.0175252649933, -0.0232375469059, 0.0295202508569, -0.0278322733939, 0.0340988747776, -0.0208040270954, 0.00980074703693], [-0.0084970369935, 0.0114708989859, -0.0132142212242, 0.0124658532441, -0.0145089924335, 0.0181291885674, -0.014756298624, 0.0170849170536, -0.0252310633659, 0.0179277248681, -0.0208040270954, 0.0305301975459, -0.0142548298463], [0.00502581335604, -0.00601183064282, 0.00923992879689, -0.00613832846284, 0.00774003844708, -0.0114963445812, 0.0089720832184, -0.009342007339, 0.0158453732729, -0.0120914541185, 0.00980074703693, -0.0142548298463, 0.0191914364696]]
    },
    "spectral_contrast_coeffs": {
        "mean": [-0.572991371155, -0.663074791431, -0.712102949619, -0.745528817177, -0.750086545944, -0.829395592213],
        "var": [0.00824809167534, 0.0121314674616, 0.00762067455798, 0.00533835263923, 0.00590141024441, 0.00513989804313]
    },
    "spectral_contrast_valleys": {
        "mean": [-9.15651607513, -7.58539438248, -8.53351593018, -9.89525413513, -11.4971055984, -14.3374567032],
        "var": [1.65577304363, 1.8706587553, 1.85841166973, 1.87333679199, 1.69207215309, 0.606511354446]
    }
},
"metadata": {
    "audio_properties": {
        "analysis_sample_rate": 44100,
        "bit_rate": 90172,
        "equal_loudness": 0,
        "length": 45.0873451233,
        "lossless": 0,
        "replay_gain": -4.62900543213,
        "sample_rate": 44100,
        "codec": "mp3",
        "downmix": "mix",
        "md5_encoded": "229765d05beadc41890e855ac10330b3"
    },
    "tags": {
        "file_name": "747.mp3"
    },
    "version": {
        "essentia": "2.1-beta2",
        "essentia_git_sha": "v2.1_beta2",
        "extractor": "music 1.0"
    }
},
"rhythm": {
    "beats_count": 120,
    "beats_loudness": {
        "mean": 0.0233070384711,
        "var": 0.000833269616123
    },
    "bpm": 163.400939941,
    "bpm_histogram_first_peak_bpm": {
        "mean": 161,
        "var": 0
    },
    "bpm_histogram_first_peak_spread": {
        "mean": 0.230769217014,
        "var": 0
    },
    "bpm_histogram_first_peak_weight": {
        "mean": 0.336134463549,
        "var": 0
    },
    "bpm_histogram_second_peak_bpm": {
        "mean": 167,
        "var": 0
    },
    "bpm_histogram_second_peak_spread": {
        "mean": 0,
        "var": 0
    },
    "bpm_histogram_second_peak_weight": {
        "mean": 0.193277314305,
        "var": 0
    },
    "danceability": 0.85773229599,
    "onset_rate": 2.70481419563,
    "beats_loudness_band_ratio": {
        "mean": [0.202735558152, 0.272540867329, 0.461278557777, 0.0968313887715, 0.0108102858067, 0.000554885191377],
        "var": [0.0427831038833, 0.0598281063139, 0.0777611285448, 0.0151607943699, 0.000162367810844, 7.78141952651e-007]
    },
    "beats_position": [0.383129239082, 0.743038535118, 1.10294783115, 1.48607707024, 1.83437633514, 2.20589566231, 2.56580495834, 2.90249419212, 3.23918366432, 3.58748292923, 3.94739222527, 4.29569149017, 4.63238096237, 4.96907043457, 5.31736946106, 5.66566896439, 6.01396799088, 6.3622674942, 6.71056699753, 7.07047605515, 7.44199514389, 7.81351470947, 8.18503379822, 8.55655288696, 8.91646194458, 9.26476192474, 9.62467098236, 9.98458003998, 10.3444900513, 10.71600914, 11.0875282288, 11.4474372864, 11.807346344, 12.1672563553, 12.5271654129, 12.8986845016, 13.2702035904, 13.6185035706, 13.9784126282, 14.3499317169, 14.7214508057, 15.0697498322, 15.4180498123, 15.7663488388, 16.1378688812, 16.4977779388, 16.8692970276, 17.2408161163, 17.6123352051, 18.0070743561, 18.4018135071, 18.8081626892, 19.2029018402, 19.5976409912, 19.9923801422, 20.3987293243, 20.7934684753, 21.1882076263, 21.5829467773, 21.9776859283, 22.3375968933, 22.7091159821, 23.0922451019, 23.4869842529, 23.8701133728, 24.2532424927, 24.6479816437, 25.0427207947, 25.4142398834, 25.774148941, 26.1340579987, 26.5171871185, 26.8887062073, 27.2602272034, 27.6317462921, 28.0032653809, 28.3747844696, 28.7695236206, 29.1526527405, 29.5473918915, 29.9769611359, 30.3949203491, 30.8128795624, 31.2308387756, 31.6139678955, 32.0203170776, 32.4382743835, 32.8097953796, 33.1929244995, 33.5760536194, 33.9591827393, 34.3539237976, 34.725440979, 35.0853500366, 35.4336509705, 35.7819480896, 36.1302490234, 36.4901580811, 36.8616790771, 37.2215881348, 37.5814971924, 37.94140625, 38.2897033691, 38.6612243652, 39.0327415466, 39.4042625427, 39.7757797241, 40.1589126587, 40.5304298401, 40.9019508362, 41.2734680176, 41.6565971375, 42.0281181335, 42.3996353149, 42.771156311, 43.1426734924, 43.5141944885, 43.8857116699, 44.257232666, 44.6287536621]
},
"tonal": {
    "chords_changes_rate": 0.042181070894,
    "chords_number_rate": 0.00720164598897,
    "chords_strength": {
        "mean": 0.415897041559,
        "var": 0.00533604016528
    },
    "hpcp_entropy": {
        "mean": 1.14834904671,
        "var": 0.437749803066
    },
    "key_strength": 0.671205461025,
    "tuning_diatonic_strength": 0.460097104311,
    "tuning_equal_tempered_deviation": 0.00362166692503,
    "tuning_frequency": 441.017791748,
    "tuning_nontempered_energy_ratio": 0.582482635975,
    "hpcp": {
        "mean": [0.405128329992, 0.211270958185, 0.198778524995, 0.358423501253, 0.198462769389, 0.017270559445, 0.00787947606295, 0.0182127375156, 0.147464796901, 0.211796507239, 0.0822389423847, 0.00953699555248, 0.00799292698503, 0.0105296308175, 0.201659753919, 0.345459163189, 0.156707793474, 0.00584722403437, 0.00152769894339, 0.00228334846906, 0.0696632117033, 0.13307107985, 0.0777292177081, 0.0999563187361, 0.146120637655, 0.0600956007838, 0.0030157326255, 0.00254832534119, 0.0103706503287, 0.108016915619, 0.158280804753, 0.061235960573, 0.00343356793746, 0.00300982408226, 0.00895583257079, 0.226846009493],
        "var": [0.166909068823, 0.0446688830853, 0.0565944872797, 0.162838816643, 0.0578422993422, 0.00202592648566, 0.000336286582751, 0.00119204667863, 0.0505127198994, 0.106573998928, 0.0179997030646, 0.000523431925103, 0.0004076003097, 0.000328392605297, 0.0515110343695, 0.148918434978, 0.0323071368039, 0.000586000969633, 4.00358185288e-005, 0.000170169616467, 0.020042322576, 0.0755236372352, 0.0206866357476, 0.0321553349495, 0.0707563832402, 0.0133168837056, 0.00075223116437, 0.000263594498392, 0.000818900531158, 0.0392138548195, 0.0768974274397, 0.0111728999764, 0.000105289560452, 0.000358526333002, 0.00148851552512, 0.0546136125922]
    },
    "chords_histogram": [22.2222213745, 9.56790161133, 16.4609050751, 1.54320991039, 0, 0, 0, 5.65843629837, 0.205761313438, 0.308641970158, 0, 0, 0, 0, 0, 0, 0, 0, 0, 0, 0, 0, 20.4732513428, 23.559671402],
    "thpcp": [1, 0.521491467953, 0.490655690432, 0.884715974331, 0.489876300097, 0.0426298491657, 0.019449332729, 0.0449554771185, 0.363995283842, 0.522788703442, 0.202994793653, 0.0235406775028, 0.0197293702513, 0.0259908530861, 0.497767597437, 0.852715373039, 0.38681024313, 0.0144330170006, 0.00377090135589, 0.00563611136749, 0.171953439713, 0.32846647501, 0.191863194108, 0.246727541089, 0.360677421093, 0.148337200284, 0.00744389463216, 0.00629016803578, 0.0255984328687, 0.266623944044, 0.3906930089, 0.151152014732, 0.00847525987774, 0.00742931012064, 0.0221061613411, 0.55993616581],
    "chords_key": "A#",
    "chords_scale": "major",
    "key_key": "D",
    "key_scale": "minor"
}
}