{
"lowlevel": {
    "average_loudness": 0.987058639526,
    "barkbands_crest": {
        "mean": 7.61129665375,
        "var": 6.17791509628
    },
    "barkbands_flatness_db": {
        "mean": 0.242801263928,
        "var": 0.000701301847585
    },
    "barkbands_kurtosis": {
        "mean": 0.850058317184,
        "var": 2.00743412971
    },
    "barkbands_skewness": {
        "mean": 0.928664505482,
        "var": 0.184560164809
    },
    "barkbands_spread": {
        "mean": 10.9521999359,
        "var": 12.2973470688
    },
    "dissonance": {
        "mean": 0.461106032133,
        "var": 0.000583173125051
    },
    "dynamic_complexity": 0.508746445179,
    "erbbands_crest": {
        "mean": 8.51724624634,
        "var": 10.4366836548
    },
    "erbbands_flatness_db": {
        "mean": 0.30438131094,
        "var": 0.00072611507494
    },
    "erbbands_kurtosis": {
        "mean": -0.234822109342,
        "var": 0.577693641186
    },
    "erbbands_skewness": {
        "mean": 0.304881483316,
        "var": 0.199156105518
    },
    "erbbands_spread": {
        "mean": 19.224395752,
        "var": 26.6898956299
    },
    "hfc": {
        "mean": 27.4933948517,
        "var": 57.5139427185
    },
    "melbands_crest": {
        "mean": 9.96916103363,
        "var": 9.4513463974
    },
    "melbands_flatness_db": {
        "mean": 0.29109159112,
        "var": 0.00115687586367
    },
    "melbands_kurtosis": {
        "mean": 2.34892749786,
        "var": 3.70295834541
    },
    "melbands_skewness": {
        "mean": 1.26240575314,
        "var": 0.205549508333
    },
    "melbands_spread": {
        "mean": 16.2864341736,
        "var": 54.4260253906
    },
    "pitch_salience": {
        "mean": 0.668232500553,
        "var": 0.00540755596012
    },
    "silence_rate_20dB": {
        "mean": 1,
        "var": 0
    },
    "silence_rate_30dB": {
        "mean": 1,
        "var": 0
    },
    "silence_rate_60dB": {
        "mean": 0.00205973233096,
        "var": 0.00205553858541
    },
    "spectral_centroid": {
        "mean": 831.715515137,
        "var": 139553.671875
    },
    "spectral_complexity": {
        "mean": 24.742017746,
        "var": 16.3912086487
    },
    "spectral_decrease": {
        "mean": -1.02337756047e-008,
        "var": 6.00787358675e-018
    },
    "spectral_energy": {
        "mean": 0.0411183647811,
        "var": 9.44116764003e-005
    },
    "spectral_energyband_high": {
        "mean": 7.98265537014e-005,
        "var": 1.21304859491e-008
    },
    "spectral_energyband_low": {
        "mean": 0.00393334170803,
        "var": 1.76431040018e-005
    },
    "spectral_energyband_middle_high": {
        "mean": 0.00926510803401,
        "var": 1.71459032572e-005
    },
    "spectral_energyband_middle_low": {
        "mean": 0.0306437592953,
        "var": 8.62857268658e-005
    },
    "spectral_entropy": {
        "mean": 7.00986385345,
        "var": 0.0518690682948
    },
    "spectral_flux": {
        "mean": 0.10746127367,
        "var": 0.000479700334836
    },
    "spectral_kurtosis": {
        "mean": 14.5448408127,
        "var": 95.6673355103
    },
    "spectral_rms": {
        "mean": 0.00628395564854,
        "var": 6.274029829e-007
    },
    "spectral_rolloff": {
        "mean": 1173.63354492,
        "var": 752254.8125
    },
    "spectral_skewness": {
        "mean": 2.24770736694,
        "var": 0.541090846062
    },
    "spectral_spread": {
        "mean": 1772979.375,
        "var": 1.67802791526e+012
    },
    "spectral_strongpeak": {
        "mean": 1.44615602493,
        "var": 1.00463688374
    },
    "zerocrossingrate": {
        "mean": 0.0396988764405,
        "var": 0.000475434062537
    },
    "barkbands": {
        "mean": [2.99682506011e-006, 2.31963385886e-005, 0.00147968332749, 0.00352206709795, 0.00525892479345, 0.00340415397659, 0.00625176308677, 0.00514896772802, 0.00623824819922, 0.00205255812034, 0.000723488221411, 0.00119821121916, 0.00179475836921, 0.000839076121338, 0.00174934614915, 0.000620690116193, 0.000544633949175, 7.88574834587e-005, 9.3840615591e-005, 3.39467806043e-005, 4.37308408436e-005, 1.43653842315e-005, 8.21536161766e-007, 4.84581086369e-008, 2.11341113499e-008, 6.08256645052e-009, 1.47151835161e-009],
        "var": [1.3102212891e-011, 8.55436221858e-010, 3.29468139171e-006, 1.18733642012e-005, 2.19916801143e-005, 8.71425891091e-006, 2.04884254345e-005, 1.92629977391e-005, 2.94361307169e-005, 3.1151002986e-006, 6.79066317844e-007, 8.53984147398e-007, 2.09601057577e-006, 3.71545837652e-007, 1.68176597981e-006, 3.436524878e-007, 5.08526170506e-007, 7.08422831508e-009, 1.71645311298e-008, 2.48191933672e-009, 2.82999890189e-009, 7.07926606225e-010, 9.61431563702e-013, 4.44368434261e-015, 4.82447414504e-016, 3.68677740825e-017, 5.79180243022e-018]
    },
    "erbbands": {
        "mean": [0.000657351745758, 0.0209911521524, 0.993564605713, 9.02684116364, 9.41695594788, 23.8429889679, 22.6503505707, 29.0181007385, 83.0702590942, 86.6357498169, 125.849472046, 165.639633179, 72.123336792, 52.4658660889, 33.796257019, 58.9856338501, 86.1207504272, 53.5015716553, 65.8312072754, 82.9500732422, 30.2904338837, 31.1984100342, 7.01494932175, 3.83928990364, 3.52718925476, 1.69144320488, 2.37419772148, 1.10319530964, 0.697347164154, 0.095699891448, 0.016790414229, 0.00215921713971, 0.000678545620758, 0.000317349622492, 0.00016451877309, 7.5636911788e-005, 1.97547597054e-005, 5.11712050866e-006, 2.10653779504e-005, 4.74885382573e-005],
        "var": [2.29366648341e-007, 0.000392901885789, 1.25946307182, 83.0752563477, 48.567565918, 611.730895996, 390.317169189, 620.21496582, 4050.98461914, 5057.71679688, 8039.78955078, 23917.0683594, 2296.95849609, 2515.38085938, 686.572814941, 1982.12072754, 5098.90869141, 1290.41296387, 2437.43066406, 4656.58886719, 759.800720215, 1516.41479492, 51.3025398254, 26.0449581146, 25.3287811279, 4.17006206512, 9.45519447327, 2.40229344368, 1.9932268858, 0.0159665513784, 0.000402881240007, 6.89427952238e-006, 7.64353217164e-007, 1.07818145523e-007, 1.83551005506e-008, 2.85373236153e-009, 6.16406578557e-011, 5.72279506769e-012, 2.34564780793e-011, 1.22835741578e-010]
    },
    "gfcc": {
        "mean": [-51.3089561462, 201.591720581, -195.064941406, -9.28541564941, -49.4972038269, -40.6128616333, -20.7202377319, -36.6795005798, -7.62828683853, -12.3282318115, -26.0887374878, -21.8867835999, -8.53749370575],
        "cov": [[2770.11303711, 311.836273193, -461.998840332, 200.781768799, -143.850997925, -66.7744369507, -53.0790863037, -106.51235199, -22.8230514526, -50.7402687073, -80.1809387207, -25.0428752899, -32.870513916], [311.836273193, 289.807342529, 33.7898445129, -92.999206543, 64.6983642578, -27.7525310516, 8.59064292908, -5.36612462997, -4.0038728714, -11.3809862137, 1.56109189987, -30.1032981873, -12.9117298126], [-461.998840332, 33.7898445129, 223.10760498, 45.4699630737, 43.6674346924, 24.4616603851, 27.7758922577, 2.90080833435, 10.6364040375, 5.3497004509, 2.49575614929, -9.72159767151, -21.0707397461], [200.781768799, -92.999206543, 45.4699630737, 282.398590088, -38.8512077332, 38.6720314026, 27.7258014679, -47.2981452942, 8.61605930328, -19.8259983063, -26.2082099915, 10.6660852432, -33.2629966736], [-143.850997925, 64.6983642578, 43.6674346924, -38.8512077332, 112.918334961, 22.8062419891, -8.73398971558, 36.8330764771, -12.1585645676, -13.5513210297, 3.51842236519, -11.855173111, -3.77038025856], [-66.7744369507, -27.7525310516, 24.4616603851, 38.6720314026, 22.8062419891, 73.9000167847, 34.717666626, -4.39381313324, -1.87766432762, -8.09641075134, -14.5849399567, -3.2825653553, -9.33685207367], [-53.0790863037, 8.59064292908, 27.7758922577, 27.7258014679, -8.73398971558, 34.717666626, 63.9388580322, -0.846727073193, 5.71748781204, -2.57475733757, -10.3041381836, -7.54244804382, -14.4450273514], [-106.51235199, -5.36612462997, 2.90080833435, -47.2981452942, 36.8330764771, -4.39381313324, -0.846727073193, 63.782749176, 7.15256166458, -0.86651289463, 5.58854675293, -8.9665813446, 0.957422733307], [-22.8230514526, -4.0038728714, 10.6364040375, 8.61605930328, -12.1585645676, -1.87766432762, 5.71748781204, 7.15256166458, 42.5502815247, 13.393362999, -6.02262306213, -6.67370128632, -9.20493888855], [-50.7402687073, -11.3809862137, 5.3497004509, -19.8259983063, -13.5513210297, -8.09641075134, -2.57475733757, -0.86651289463, 13.393362999, 36.9894447327, 11.1556062698, -2.32067131996, 0.506752431393], [-80.1809387207, 1.56109189987, 2.49575614929, -26.2082099915, 3.51842236519, -14.5849399567, -10.3041381836, 5.58854675293, -6.02262306213, 11.1556062698, 40.4740982056, 15.260269165, 2.9652299881], [-25.0428752899, -30.1032981873, -9.72159767151, 10.6660852432, -11.855173111, -3.2825653553, -7.54244804382, -8.9665813446, -6.67370128632, -2.32067131996, 15.260269165, 37.441783905, 14.6376781464], [-32.870513916, -12.9117298126, -21.0707397461, -33.2629966736, -3.77038025856, -9.33685207367, -14.4450273514, 0.957422733307, -9.20493888855, 0.506752431393, 2.9652299881, 14.6376781464, 36.1940917969]],
        "icov": [[0.0054349177517, -0.0152913052589, 0.0125570762902, -0.0101938722655, 0.0131971789524, -0.00898941420019, 0.0131256962195, -0.010555232875, 0.0074502620846, -0.00640522502363, 0.00812453310937, -0.00316471909173, 0.00459494907409], [-0.0152913052589, 0.0508359670639, -0.0354080311954, 0.0315019413829, -0.0448257923126, 0.0332434214652, -0.0433535724878, 0.0383538343012, -0.0236908923835, 0.0221373103559, -0.0238116122782, 0.0129850869998, -0.0114609580487], [0.0125570762902, -0.0354080311954, 0.0349885933101, -0.0248703435063, 0.0266074854881, -0.0198307596147, 0.027265176177, -0.0230598635972, 0.0156915187836, -0.016809059307, 0.0174048766494, -0.00689055630937, 0.0110197421163], [-0.0101938722655, 0.0315019413829, -0.0248703435063, 0.0262033157051, -0.0251928642392, 0.0173950344324, -0.0258150398731, 0.0250653773546, -0.0155667560175, 0.0162507630885, -0.0122301373631, 0.00288722966798, -0.00187216349877], [0.0131971789524, -0.0448257923126, 0.0266074854881, -0.0251928642392, 0.0582345724106, -0.0391794890165, 0.0470162220299, -0.0431757047772, 0.0254066698253, -0.0132954567671, 0.01802739501, -0.00748066324741, 0.012393145822], [-0.00898941420019, 0.0332434214652, -0.0198307596147, 0.0173950344324, -0.0391794890165, 0.0478973425925, -0.0421504974365, 0.0301420502365, -0.0141221303493, 0.0117800533772, -0.00756384013221, 0.00490165269002, -0.00632734643295], [0.0131256962195, -0.0433535724878, 0.027265176177, -0.0258150398731, 0.0470162220299, -0.0421504974365, 0.0641206651926, -0.0372304618359, 0.0209091864526, -0.016266617924, 0.0211836658418, -0.00885418150574, 0.0165932551026], [-0.010555232875, 0.0383538343012, -0.0230598635972, 0.0250653773546, -0.0431757047772, 0.0301420502365, -0.0372304618359, 0.054722007364, -0.0260070767254, 0.0205097347498, -0.0214477498084, 0.0146677047014, -0.010397138074], [0.0074502620846, -0.0236908923835, 0.0156915187836, -0.0155667560175, 0.0254066698253, -0.0141221303493, 0.0209091864526, -0.0260070767254, 0.045314066112, -0.0244369376451, 0.0220221038908, -0.00899630412459, 0.0148805975914], [-0.00640522502363, 0.0221373103559, -0.016809059307, 0.0162507630885, -0.0132954567671, 0.0117800533772, -0.016266617924, 0.0205097347498, -0.0244369376451, 0.0513748154044, -0.0268713217229, 0.0164944417775, -0.00955477356911], [0.00812453310937, -0.0238116122782, 0.0174048766494, -0.0122301373631, 0.01802739501, -0.00756384013221, 0.0211836658418, -0.0214477498084, 0.0220221038908, -0.0268713217229, 0.0575559549034, -0.0307074766606, 0.0204055588692], [-0.00316471909173, 0.0129850869998, -0.00689055630937, 0.00288722966798, -0.00748066324741, 0.00490165269002, -0.00885418150574, 0.0146677047014, -0.00899630412459, 0.0164944417775, -0.0307074766606, 0.0538460761309, -0.0248160418123], [0.00459494907409, -0.0114609580487, 0.0110197421163, -0.00187216349877, 0.012393145822, -0.00632734643295, 0.0165932551026, -0.010397138074, 0.0148805975914, -0.00955477356911, 0.0204055588692, -0.0248160418123, 0.0512467809021]]
    },
    "melbands": {
        "mean": [4.63325204692e-006, 0.000352206727257, 0.00142734474503, 0.00123262917623, 0.0008641758468, 0.000659537850879, 0.00128306704573, 0.000995357288048, 0.00107880588621, 0.000943547755014, 0.000332210300257, 0.000216549247853, 0.000110987733933, 0.000138973729918, 0.000178259389941, 0.000152231645188, 9.26884822547e-005, 9.30725072976e-005, 0.000117481831694, 7.67723176978e-005, 2.95922309306e-005, 3.83098195016e-005, 1.09445682028e-005, 2.56692464973e-006, 3.04381342175e-006, 4.01460420107e-006, 9.96986955215e-007, 1.06686150048e-006, 1.70191503912e-006, 9.33585909024e-007, 5.66912831346e-007, 4.82094606014e-007, 1.06783964782e-007, 3.01248910262e-008, 1.01239905348e-008, 2.00743510703e-009, 7.44790062956e-010, 4.44487641138e-010, 2.76949324585e-010, 2.1497943703e-010],
        "var": [2.21057130934e-011, 1.78061895895e-007, 1.77508206889e-006, 1.28549140754e-006, 5.34759635684e-007, 3.13195585022e-007, 9.39766323427e-007, 6.49746937142e-007, 4.86891281071e-007, 7.25023539871e-007, 5.67140183705e-008, 4.94025336195e-008, 1.32217232718e-008, 1.23918031392e-008, 2.12365058871e-008, 1.10656941388e-008, 4.86956031054e-009, 5.21364107442e-009, 7.43169659145e-009, 4.77384931585e-009, 1.12581333145e-009, 2.6173365697e-009, 1.37147085355e-010, 8.21180189819e-012, 1.9467307974e-011, 3.7018662441e-011, 1.24876563083e-012, 2.29484638757e-012, 5.62384860903e-012, 1.53197170661e-012, 7.95737716171e-013, 1.22995873469e-012, 2.07958718063e-014, 1.33628415391e-015, 1.57250912269e-016, 7.58001926282e-018, 1.16982456827e-018, 4.27970014045e-019, 1.31869055705e-019, 5.90568506389e-020]
    },
    "mfcc": {
        "mean": [-669.410339355, 224.15284729, -77.6324157715, 16.3082408905, -28.9412021637, -1.20900499821, -25.4123134613, -25.0113334656, 3.03193950653, -12.2424497604, -4.25666189194, -10.397436142, -9.0824842453],
        "cov": [[894.225585938, -0.135551318526, -150.765090942, 225.310592651, -104.792137146, 116.986747742, -87.4003753662, 33.9938354492, -7.22281217575, -52.7831802368, -3.31944513321, -31.8205394745, -2.24848127365], [-0.135551318526, 340.343322754, 4.76310682297, -125.820869446, 88.8507843018, -88.8095169067, 44.4940605164, -35.0369567871, 7.78153944016, 13.6418437958, -12.1517267227, 14.5624055862, -12.9319925308], [-150.765090942, 4.76310682297, 162.884155273, 40.9419403076, -5.36190891266, 32.802520752, 9.89009189606, -3.68743467331, -0.786039173603, 4.56901502609, 19.0064296722, -2.66696286201, -3.71459794044], [225.310592651, -125.820869446, 40.9419403076, 204.404556274, -34.1105613708, 82.5695495605, -36.8923377991, 28.9168491364, -8.48255825043, -27.1479854584, 18.5648021698, -16.8465690613, -0.118631608784], [-104.792137146, 88.8507843018, -5.36190891266, -34.1105613708, 117.684692383, -35.4305458069, 25.1071872711, 5.95763540268, -0.734373152256, 8.91028213501, -10.5262365341, 15.7767105103, -3.54203653336], [116.986747742, -88.8095169067, 32.802520752, 82.5695495605, -35.4305458069, 121.80316925, -4.70642328262, 20.6539115906, 7.45910692215, -16.7025470734, 6.63764858246, -16.0958194733, 6.26727056503], [-87.4003753662, 44.4940605164, 9.89009189606, -36.8923377991, 25.1071872711, -4.70642328262, 66.5781936646, 12.580655098, 1.01462268829, 6.09852218628, -6.18159008026, 4.02809095383, -1.94017016888], [33.9938354492, -35.0369567871, -3.68743467331, 28.9168491364, 5.95763540268, 20.6539115906, 12.580655098, 54.9710922241, 12.0675868988, -5.20809173584, 0.737205922604, -2.78785562515, 4.65256643295], [-7.22281217575, 7.78153944016, -0.786039173603, -8.48255825043, -0.734373152256, 7.45910692215, 1.01462268829, 12.0675868988, 44.8535919189, 17.6655311584, -1.15950524807, 1.45861637592, 2.37771081924], [-52.7831802368, 13.6418437958, 4.56901502609, -27.1479854584, 8.91028213501, -16.7025470734, 6.09852218628, -5.20809173584, 17.6655311584, 47.6461105347, 12.8138713837, 2.47827076912, 0.125007271767], [-3.31944513321, -12.1517267227, 19.0064296722, 18.5648021698, -10.5262365341, 6.63764858246, -6.18159008026, 0.737205922604, -1.15950524807, 12.8138713837, 43.8539810181, 8.44133472443, -2.87826728821], [-31.8205394745, 14.5624055862, -2.66696286201, -16.8465690613, 15.7767105103, -16.0958194733, 4.02809095383, -2.78785562515, 1.45861637592, 2.47827076912, 8.44133472443, 39.7855072021, 12.1489524841], [-2.24848127365, -12.9319925308, -3.71459794044, -0.118631608784, -3.54203653336, 6.26727056503, -1.94017016888, 4.65256643295, 2.37771081924, 0.125007271767, -2.87826728821, 12.1489524841, 34.7058105469]],
        "icov": [[0.0296780150384, -0.03847322613, 0.0428786762059, -0.0422943457961, 0.0373805128038, -0.0319434627891, 0.0287303365767, -0.0266998615116, 0.0264226067811, -0.0236841998994, 0.0210896600038, -0.0176842696965, 0.013015200384], [-0.03847322613, 0.0555140301585, -0.0564093627036, 0.0565095581114, -0.0518622659147, 0.0438718795776, -0.0397701971233, 0.0385072827339, -0.0378272756934, 0.0340988896787, -0.0291680302471, 0.0246914736927, -0.0168460663408], [0.0428786762059, -0.0564093627036, 0.0694553479552, -0.0630041211843, 0.054125957191, -0.0478851348162, 0.0391924344003, -0.0365039482713, 0.0382032617927, -0.0352458246052, 0.0279986187816, -0.02537400648, 0.018947198987], [-0.0422943457961, 0.0565095581114, -0.0630041211843, 0.0703219994903, -0.0544790178537, 0.0416866987944, -0.0360266193748, 0.0342007465661, -0.0360701754689, 0.037178657949, -0.0332317985594, 0.0270340871066, -0.0177556984127], [0.0373805128038, -0.0518622659147, 0.054125957191, -0.0544790178537, 0.0603463239968, -0.0394913293421, 0.0351560898125, -0.0386388935149, 0.037269320339, -0.0348313674331, 0.0320844240487, -0.0286639872938, 0.0194063801318], [-0.0319434627891, 0.0438718795776, -0.0478851348162, 0.0416866987944, -0.0394913293421, 0.0495990887284, -0.0350451134145, 0.0299734994769, -0.0347755029798, 0.0314834825695, -0.0256035663188, 0.0244807992131, -0.0180932097137], [0.0287303365767, -0.0397701971233, 0.0391924344003, -0.0360266193748, 0.0351560898125, -0.0350451134145, 0.0506816618145, -0.036098588258, 0.0317898541689, -0.0278127733618, 0.024848619476, -0.0204114597291, 0.0158311817795], [-0.0266998615116, 0.0385072827339, -0.0365039482713, 0.0342007465661, -0.0386388935149, 0.0299734994769, -0.036098588258, 0.053667742759, -0.0365338288248, 0.0297190770507, -0.0246691182256, 0.0213176831603, -0.0168525408953], [0.0264226067811, -0.0378272756934, 0.0382032617927, -0.0360701754689, 0.037269320339, -0.0347755029798, 0.0317898541689, -0.0365338288248, 0.0586836673319, -0.0394687056541, 0.0278989747167, -0.0224406160414, 0.0146316057071], [-0.0236841998994, 0.0340988896787, -0.0352458246052, 0.037178657949, -0.0348313674331, 0.0314834825695, -0.0278127733618, 0.0297190770507, -0.0394687056541, 0.0563477724791, -0.0333517603576, 0.0231922175735, -0.0156364738941], [0.0210896600038, -0.0291680302471, 0.0279986187816, -0.0332317985594, 0.0320844240487, -0.0256035663188, 0.024848619476, -0.0246691182256, 0.0278989747167, -0.0333517603576, 0.0506206825376, -0.0271207075566, 0.0178758464754], [-0.0176842696965, 0.0246914736927, -0.02537400648, 0.0270340871066, -0.0286639872938, 0.0244807992131, -0.0204114597291, 0.0213176831603, -0.0224406160414, 0.0231922175735, -0.0271207075566, 0.0489430874586, -0.0238418299705], [0.013015200384, -0.0168460663408, 0.018947198987, -0.0177556984127, 0.0194063801318, -0.0180932097137, 0.0158311817795, -0.0168525408953, 0.0146316057071, -0.0156364738941, 0.0178758464754, -0.0238418299705, 0.0426214411855]]
    },
    "spectral_contrast_coeffs": {
        "mean": [-0.424620956182, -0.738169431686, -0.741281628609, -0.766766309738, -0.765232980251, -0.629557013512],
        "var": [0.0042019165121, 0.00271735549904, 0.00204196106642, 0.00127751904074, 0.0012821671553, 0.00223302701488]
    },
    "spectral_contrast_valleys": {
        "mean": [-8.82991790771, -5.48442840576, -6.35407352448, -6.71509599686, -7.91344356537, -13.2072534561],
        "var": [0.788314580917, 0.815224766731, 0.725225865841, 0.694905102253, 0.665811777115, 0.386930584908]
    }
},
"metadata": {
    "audio_properties": {
        "analysis_sample_rate": 44100,
        "bit_rate": 110498,
        "equal_loudness": 0,
        "length": 45.0612258911,
        "lossless": 0,
        "replay_gain": -8.93134498596,
        "sample_rate": 44100,
        "codec": "mp3",
        "downmix": "mix",
        "md5_encoded": "657be46872540147e176edeb0a77f79a"
    },
    "tags": {
        "file_name": "748.mp3"
    },
    "version": {
        "essentia": "2.1-beta2",
        "essentia_git_sha": "v2.1_beta2",
        "extractor": "music 1.0"
    }
},
"rhythm": {
    "beats_count": 115,
    "beats_loudness": {
        "mean": 0.0421871319413,
        "var": 6.99949014233e-005
    },
    "bpm": 163.649047852,
    "bpm_histogram_first_peak_bpm": {
        "mean": 161,
        "var": 0
    },
    "bpm_histogram_first_peak_spread": {
        "mean": 0.244897976518,
        "var": 0
    },
    "bpm_histogram_first_peak_weight": {
        "mean": 0.324561417103,
        "var": 0
    },
    "bpm_histogram_second_peak_bpm": {
        "mean": 167,
        "var": 0
    },
    "bpm_histogram_second_peak_spread": {
        "mean": 0,
        "var": 0
    },
    "bpm_histogram_second_peak_weight": {
        "mean": 0.228070169687,
        "var": 0
    },
    "danceability": 2.00634980202,
    "onset_rate": 2.66184329987,
    "beats_loudness_band_ratio": {
        "mean": [0.1434995085, 0.238487869501, 0.421699553728, 0.142558157444, 0.0913090631366, 0.00568003673106],
        "var": [0.00920289009809, 0.0117193628103, 0.015813048929, 0.00423157261685, 0.00251281470992, 3.89744418499e-005]
    },
    "beats_position": [0.487619042397, 0.99845802784, 1.50929701328, 2.02013611794, 2.49614500999, 2.97215414047, 3.43655323982, 3.90095233917, 4.37696123123, 4.841360569, 5.30575942993, 5.75854873657, 6.2229475975, 6.68734693527, 7.1517457962, 7.61614513397, 8.08054447174, 8.54494285583, 9.0093421936, 9.47374153137, 9.92653083801, 10.3909292221, 10.8437185287, 11.3081178665, 11.7725172043, 12.1324262619, 12.4923353195, 12.8522443771, 13.2237634659, 13.5952835083, 13.9551925659, 14.3267116547, 14.6866207123, 15.0465307236, 15.4064397812, 15.7895689011, 16.1610889435, 16.5326080322, 16.904127121, 17.2640361786, 17.6355552673, 18.0186843872, 18.4134235382, 18.784942627, 19.1564617157, 19.5279808044, 19.8994998932, 20.2594108582, 20.6193199158, 20.9792289734, 21.339138031, 21.6990470886, 22.0821762085, 22.4536952972, 22.8136043549, 23.1735134125, 23.5218143463, 23.8701133728, 24.2184123993, 24.5667114258, 24.9034004211, 25.2400894165, 25.5883903503, 25.9366893768, 26.2733783722, 26.6100673676, 26.9699764252, 27.3298854828, 27.6897945404, 28.0497055054, 28.3980045319, 28.7695236206, 29.1410427094, 29.5241718292, 29.895690918, 30.2555999756, 30.6271190643, 31.0102481842, 31.3933773041, 31.7648983002, 32.1131973267, 32.4847145081, 32.8562355042, 33.239364624, 33.6224937439, 33.99401474, 34.3655319214, 34.7370529175, 35.1085700989, 35.480091095, 35.8400001526, 36.211517334, 36.5830383301, 36.9545555115, 37.3260765076, 37.6859855652, 38.0575065613, 38.4290237427, 38.8005447388, 39.1720619202, 39.5435829163, 39.8918800354, 40.2634010315, 40.6465301514, 41.0296592712, 41.3779602051, 41.7494773865, 42.1209983826, 42.5041275024, 42.8872566223, 43.2587738037, 43.6186828613, 43.9785919189, 44.3385009766, 44.6984100342]
},
"tonal": {
    "chords_changes_rate": 0.0113168722019,
    "chords_number_rate": 0.00205761310644,
    "chords_strength": {
        "mean": 0.540266871452,
        "var": 0.0052215908654
    },
    "hpcp_entropy": {
        "mean": 2.21618199348,
        "var": 0.410347372293
    },
    "key_strength": 0.818521738052,
    "tuning_diatonic_strength": 0.676793932915,
    "tuning_equal_tempered_deviation": 0.059167265892,
    "tuning_frequency": 440.508636475,
    "tuning_nontempered_energy_ratio": 0.692167937756,
    "hpcp": {
        "mean": [0.552324831486, 0.345336437225, 0.117787189782, 0.0770972967148, 0.0917169302702, 0.234265014529, 0.342760980129, 0.212382495403, 0.0726441368461, 0.0439268648624, 0.0858694165945, 0.224606603384, 0.311804950237, 0.305016517639, 0.36627176404, 0.331145524979, 0.172073736787, 0.103025496006, 0.111557863653, 0.159718349576, 0.375132441521, 0.590975403786, 0.370325982571, 0.0887542590499, 0.0574891157448, 0.069943882525, 0.132039785385, 0.127415090799, 0.0614102780819, 0.113749094307, 0.176034703851, 0.113099448383, 0.0697529092431, 0.0800759494305, 0.10028078407, 0.346743583679],
        "var": [0.113385878503, 0.0611169934273, 0.0283069293946, 0.0155336260796, 0.0200741905719, 0.0460069328547, 0.0936578214169, 0.038831230253, 0.00776903657243, 0.00388335459866, 0.0107488781214, 0.0661268308759, 0.0906577110291, 0.0912597030401, 0.0804337263107, 0.073445238173, 0.0306757092476, 0.0197749715298, 0.0230010244995, 0.0395509041846, 0.0660198181868, 0.108401238918, 0.0698845088482, 0.0104715963826, 0.00819998886436, 0.0054079904221, 0.0209708958864, 0.0205157995224, 0.00352141354233, 0.0130876079202, 0.0295030381531, 0.0127752451226, 0.00973609741777, 0.017751948908, 0.0150088602677, 0.0523160360754]
    },
    "chords_histogram": [97.427986145, 0, 1.54320991039, 0, 0, 0, 0, 0.102880656719, 0, 0, 0, 0, 0, 0, 0, 0, 0, 0, 0, 0.514403283596, 0, 0.411522626877, 0, 0],
    "thpcp": [1, 0.626635193825, 0.150182664394, 0.0972783565521, 0.118353284895, 0.223426878452, 0.215601339936, 0.103913426399, 0.192476868629, 0.297871470451, 0.191377595067, 0.118030138314, 0.135497942567, 0.169686898589, 0.586731016636, 0.934598684311, 0.584349930286, 0.199309796095, 0.1304577142, 0.155195847154, 0.396403998137, 0.579991936684, 0.359376192093, 0.122922435403, 0.0743294283748, 0.145301163197, 0.380060821772, 0.527610719204, 0.516123890877, 0.619774997234, 0.560337245464, 0.291169047356, 0.174331277609, 0.188769042492, 0.270262271166, 0.634768307209],
    "chords_key": "A",
    "chords_scale": "major",
    "key_key": "A",
    "key_scale": "major"
}
}