{
"lowlevel": {
    "average_loudness": 0.955640435219,
    "barkbands_crest": {
        "mean": 12.1297578812,
        "var": 19.7791728973
    },
    "barkbands_flatness_db": {
        "mean": 0.206653878093,
        "var": 0.00382442050613
    },
    "barkbands_kurtosis": {
        "mean": 6.74552154541,
        "var": 61.5549850464
    },
    "barkbands_skewness": {
        "mean": 2.00323081017,
        "var": 1.05515432358
    },
    "barkbands_spread": {
        "mean": 11.5294656754,
        "var": 68.7815322876
    },
    "dissonance": {
        "mean": 0.443081229925,
        "var": 0.00115559599362
    },
    "dynamic_complexity": 2.36554026604,
    "erbbands_crest": {
        "mean": 9.69382381439,
        "var": 17.2201251984
    },
    "erbbands_flatness_db": {
        "mean": 0.20974086225,
        "var": 0.00258741690777
    },
    "erbbands_kurtosis": {
        "mean": 0.218028530478,
        "var": 3.17494916916
    },
    "erbbands_skewness": {
        "mean": 0.598869383335,
        "var": 0.425956964493
    },
    "erbbands_spread": {
        "mean": 32.4663047791,
        "var": 210.845718384
    },
    "hfc": {
        "mean": 13.5603761673,
        "var": 125.341072083
    },
    "melbands_crest": {
        "mean": 15.6434869766,
        "var": 28.6120758057
    },
    "melbands_flatness_db": {
        "mean": 0.272609055042,
        "var": 0.00563517166302
    },
    "melbands_kurtosis": {
        "mean": 14.9424180984,
        "var": 271.132354736
    },
    "melbands_skewness": {
        "mean": 2.82577586174,
        "var": 1.76850032806
    },
    "melbands_spread": {
        "mean": 12.6982736588,
        "var": 107.141326904
    },
    "pitch_salience": {
        "mean": 0.531257987022,
        "var": 0.0123307909817
    },
    "silence_rate_20dB": {
        "mean": 1,
        "var": 0
    },
    "silence_rate_30dB": {
        "mean": 0.988671481609,
        "var": 0.0112003423274
    },
    "silence_rate_60dB": {
        "mean": 0.0365602485836,
        "var": 0.03522220999
    },
    "spectral_centroid": {
        "mean": 744.333435059,
        "var": 274201
    },
    "spectral_complexity": {
        "mean": 15.1889801025,
        "var": 44.4281959534
    },
    "spectral_decrease": {
        "mean": -7.70902452985e-009,
        "var": 4.38580325937e-017
    },
    "spectral_energy": {
        "mean": 0.0303255803883,
        "var": 0.000660754332785
    },
    "spectral_energyband_high": {
        "mean": 0.000220594462007,
        "var": 3.66503769555e-007
    },
    "spectral_energyband_low": {
        "mean": 0.00639266194776,
        "var": 0.000143418248626
    },
    "spectral_energyband_middle_high": {
        "mean": 0.00371647602879,
        "var": 1.73666066985e-005
    },
    "spectral_energyband_middle_low": {
        "mean": 0.0206226296723,
        "var": 0.000363943545381
    },
    "spectral_entropy": {
        "mean": 6.87989234924,
        "var": 0.260937899351
    },
    "spectral_flux": {
        "mean": 0.0832814872265,
        "var": 0.00267727486789
    },
    "spectral_kurtosis": {
        "mean": 11.2464380264,
        "var": 99.3141326904
    },
    "spectral_rms": {
        "mean": 0.00499370601028,
        "var": 4.64877712147e-006
    },
    "spectral_rolloff": {
        "mean": 826.657104492,
        "var": 961945.1875
    },
    "spectral_skewness": {
        "mean": 2.22954535484,
        "var": 0.794000208378
    },
    "spectral_spread": {
        "mean": 3128830.75,
        "var": 3.54953671475e+012
    },
    "spectral_strongpeak": {
        "mean": 0.939586341381,
        "var": 0.771322369576
    },
    "zerocrossingrate": {
        "mean": 0.0337635688484,
        "var": 0.000712477951311
    },
    "barkbands": {
        "mean": [1.15971433843e-005, 0.00303794885986, 0.00274623325095, 0.00234368513338, 0.0120695466176, 0.0023367414251, 0.00116302107926, 0.00188179104589, 0.000739487644751, 0.000677214411553, 0.000305603083689, 0.000887368980329, 0.000572639692109, 0.000243820963078, 0.00024580367608, 0.000228921548114, 0.000308196962578, 0.000148162973346, 0.000112783003715, 0.000104274578916, 4.22361845267e-005, 3.78015975002e-005, 3.66138010577e-005, 2.76188930002e-005, 1.09168731797e-005, 5.21739411852e-006, 3.92671125837e-007],
        "var": [7.30315752318e-010, 3.33709613187e-005, 5.23078633705e-005, 1.08450985863e-005, 0.000236651088926, 1.31685337692e-005, 2.30960631598e-006, 1.6003872588e-005, 1.22538995129e-006, 6.67389542741e-007, 1.73011642346e-007, 2.2303431706e-006, 4.17822229792e-006, 3.52782535629e-007, 1.54052656853e-007, 7.83567202234e-008, 2.45995579462e-007, 4.8226645788e-008, 3.61028611451e-008, 8.94592204759e-008, 1.04210267082e-008, 1.2416453643e-008, 1.75119883039e-008, 1.05165112174e-008, 1.28331778537e-009, 2.36778180396e-010, 2.10023665126e-012]
    },
    "erbbands": {
        "mean": [0.0368493869901, 0.866178750992, 3.36745047569, 5.15092754364, 35.6117515564, 36.4268913269, 9.73711776733, 25.5550136566, 21.8117580414, 17.4339828491, 42.4630241394, 15.8339977264, 19.8649330139, 22.2028579712, 20.1279506683, 35.599193573, 25.3730182648, 13.5174427032, 11.8901109695, 13.99588871, 14.306347847, 16.5495204926, 9.50987148285, 5.89415884018, 5.83501815796, 4.01852560043, 2.90592575073, 1.52635073662, 1.34190189838, 1.20210003853, 0.983593761921, 0.635824680328, 0.395004957914, 0.171379774809, 0.0558377280831, 0.0274722389877, 0.00880106817931, 0.00153412332293, 6.00752682658e-005, 3.56595010089e-005],
        "var": [0.00419325428084, 2.91018390656, 72.1826553345, 42.524684906, 2274.12182617, 2316.46777344, 121.483474731, 1922.18664551, 585.216125488, 802.390563965, 9131.01660156, 443.413970947, 804.481262207, 533.484680176, 854.703796387, 3340.46069336, 8341.74804688, 1049.7442627, 597.285461426, 494.069458008, 309.069641113, 753.680541992, 196.191055298, 73.9394378662, 104.581672668, 123.306373596, 88.0371627808, 12.1794128418, 13.3951702118, 17.9919204712, 13.5129880905, 5.47093439102, 2.18811678886, 0.349006712437, 0.0336883254349, 0.00745258200914, 0.000706989434548, 2.24347313633e-005, 2.25854623892e-008, 8.23181967036e-010]
    },
    "gfcc": {
        "mean": [-51.6179389954, 150.605728149, -130.440567017, 22.5053043365, -53.3573074341, -1.94342136383, -39.4969825745, -7.12053585052, -23.0777282715, -16.822807312, -13.4279212952, -8.51305389404, -3.6208691597],
        "cov": [[6353.08935547, -1438.86169434, -363.227294922, 308.713531494, -457.908111572, 226.551177979, -281.256652832, 261.298950195, -372.940155029, 244.937744141, -102.159545898, 188.556350708, -406.289215088], [-1438.86169434, 1947.79211426, -361.797668457, -134.841659546, 454.875152588, -299.320892334, 270.830444336, -218.735168457, 301.89831543, -286.735015869, 241.814407349, -252.054931641, 239.780090332], [-363.227294922, -361.797668457, 1064.73937988, 217.200195313, 33.9819755554, 310.666046143, 76.3234558105, 74.8625564575, 9.24965190887, 127.585166931, -146.678359985, 92.7757339478, 13.7543516159], [308.713531494, -134.841659546, 217.200195313, 343.076904297, -11.3050346375, 132.319412231, 67.1108093262, 1.98741006851, 14.1699666977, 12.524181366, -29.2730407715, -2.65285611153, 56.0958900452], [-457.908111572, 454.875152588, 33.9819755554, -11.3050346375, 340.328643799, -22.2715969086, 80.6890945435, 8.56932640076, 65.1245574951, -31.2684650421, 101.486602783, 1.94407165051, 20.7895851135], [226.551177979, -299.320892334, 310.666046143, 132.319412231, -22.2715969086, 224.075531006, 22.6812114716, 74.3962783813, -20.6922187805, 80.2478866577, -38.0713348389, 53.7005081177, -11.2537355423], [-281.256652832, 270.830444336, 76.3234558105, 67.1108093262, 80.6890945435, 22.6812114716, 151.097244263, -11.6892204285, 77.7144546509, -21.7778377533, 17.7239284515, -37.2218666077, 55.6170654297], [261.298950195, -218.735168457, 74.8625564575, 1.98741006851, 8.56932640076, 74.3962783813, -11.6892204285, 137.268600464, -24.2139453888, 73.6146697998, 12.5110216141, 61.8374977112, -47.1046524048], [-372.940155029, 301.89831543, 9.24965190887, 14.1699666977, 65.1245574951, -20.6922187805, 77.7144546509, -24.2139453888, 138.805892944, -3.7070350647, 32.6655426025, -38.0317764282, 64.7190551758], [244.937744141, -286.735015869, 127.585166931, 12.524181366, -31.2684650421, 80.2478866577, -21.7778377533, 73.6146697998, -3.7070350647, 147.871047974, -15.7917013168, 60.4944648743, -43.4664154053], [-102.159545898, 241.814407349, -146.678359985, -29.2730407715, 101.486602783, -38.0713348389, 17.7239284515, 12.5110216141, 32.6655426025, -15.7917013168, 135.19303894, 3.66813182831, 5.50345277786], [188.556350708, -252.054931641, 92.7757339478, -2.65285611153, 1.94407165051, 53.7005081177, -37.2218666077, 61.8374977112, -38.0317764282, 60.4944648743, 3.66813182831, 131.326446533, -33.0102043152], [-406.289215088, 239.780090332, 13.7543516159, 56.0958900452, 20.7895851135, -11.2537355423, 55.6170654297, -47.1046524048, 64.7190551758, -43.4664154053, 5.50345277786, -33.0102043152, 127.306083679]],
        "icov": [[0.000362083752407, -0.000456636655144, 0.000401183031499, -0.000848613562994, 0.000520373461768, -0.000336871220497, 0.000373380404199, -0.000438200338976, 0.000529183424078, -0.000503819668666, 0.000623915402684, -0.000561860157177, 0.00129250332247], [-0.000456636655144, 0.00433277199045, -0.000811547623016, 0.00276765576564, -0.00313429674134, 0.00172557239421, -0.00279992143624, 0.00213133147918, -0.00314356153831, 0.00323630054481, -0.00416194600984, 0.00380260241218, -0.00420469650999], [0.000401183031499, -0.000811547623016, 0.00264756777324, -0.00123589474242, -0.000194089472643, -0.00284757441841, 0.000212758546695, -0.000195894826902, 0.000260327156866, -0.00123249401804, 0.00347340246662, -0.00178181251977, 0.00151663646102], [-0.000848613562994, 0.00276765576564, -0.00123589474242, 0.00730486866087, -0.00205019116402, -0.00133056961931, -0.00321577209979, 0.00246030068956, -0.00155203975737, 0.00242908950895, -0.00317675736733, 0.00308846822008, -0.00591746158898], [0.000520373461768, -0.00313429674134, -0.000194089472643, -0.00205019116402, 0.00729782273993, -0.000335965771228, 0.000212857776205, -0.00209585716948, 0.00164652580861, -0.00113770260941, -0.000672911817674, -0.00349075207487, 0.00429702689871], [-0.000336871220497, 0.00172557239421, -0.00284757441841, -0.00133056961931, -0.000335965771228, 0.0124361030757, -0.00261425809003, -0.00245217815973, 0.000724623387214, -0.000965345418081, -0.00262319389731, 0.00126367434859, -0.00229918095283], [0.000373380404199, -0.00279992143624, 0.000212758546695, -0.00321577209979, 0.000212857776205, -0.00261425809003, 0.0142452567816, -0.00261251046322, -0.00305436132476, -0.000280229287455, 0.00294553488493, -0.000207337143365, 0.00167929846793], [-0.000438200338976, 0.00213133147918, -0.000195894826902, 0.00246030068956, -0.00209585716948, -0.00245217815973, -0.00261251046322, 0.014444032684, -0.000663141079713, -0.00206237309612, -0.00398277351633, -0.000797742861323, -0.000266199902399], [0.000529183424078, -0.00314356153831, 0.000260327156866, -0.00155203975737, 0.00164652580861, 0.000724623387214, -0.00305436132476, -0.000663141079713, 0.0172108765692, -0.00735349254683, 0.000470563449198, -6.4018095145e-005, -0.00214754487388], [-0.000503819668666, 0.00323630054481, -0.00123249401804, 0.00242908950895, -0.00113770260941, -0.000965345418081, -0.000280229287455, -0.00206237309612, -0.00735349254683, 0.0155602414161, -0.00257279886864, -7.72500352468e-005, -3.85817656934e-005], [0.000623915402684, -0.00416194600984, 0.00347340246662, -0.00317675736733, -0.000672911817674, -0.00262319389731, 0.00294553488493, -0.00398277351633, 0.000470563449198, -0.00257279886864, 0.0176916476339, -0.0056171012111, 0.00463323155418], [-0.000561860157177, 0.00380260241218, -0.00178181251977, 0.00308846822008, -0.00349075207487, 0.00126367434859, -0.000207337143365, -0.000797742861323, -6.4018095145e-005, -7.72500352468e-005, -0.0056171012111, 0.0157296117395, -0.00531888008118], [0.00129250332247, -0.00420469650999, 0.00151663646102, -0.00591746158898, 0.00429702689871, -0.00229918095283, 0.00167929846793, -0.000266199902399, -0.00214754487388, -3.85817656934e-005, 0.00463323155418, -0.00531888008118, 0.0201051421463]]
    },
    "melbands": {
        "mean": [0.000584640132729, 0.0015920108417, 0.00166403956246, 0.00312669901177, 0.000468756334158, 0.000533107842784, 0.000314842152875, 0.000231580052059, 0.000317463243846, 9.61132172961e-005, 0.000102611222246, 9.48571469053e-005, 5.13643208251e-005, 0.000109302382043, 7.48719248804e-005, 4.02857112931e-005, 2.38557986449e-005, 1.90027967619e-005, 1.96961937036e-005, 1.721202716e-005, 1.66189929587e-005, 1.89084676094e-005, 1.09276843432e-005, 6.9072793849e-006, 4.37028120359e-006, 4.66628625873e-006, 3.58938154932e-006, 2.67383643404e-006, 2.37751191889e-006, 9.13564917937e-007, 8.80709080775e-007, 8.45263571136e-007, 5.49394201244e-007, 7.46000978324e-007, 6.10556469383e-007, 4.19835146204e-007, 3.76219873033e-007, 3.08363013346e-007, 1.95194090225e-007, 1.22604546959e-007],
        "var": [1.07450807718e-006, 1.30339267344e-005, 4.29060810347e-006, 1.68603401107e-005, 3.22277713849e-007, 7.5417494827e-007, 1.17939421784e-007, 1.86337473451e-007, 5.17617991136e-007, 1.87627957615e-008, 2.14484625616e-008, 1.04108970334e-008, 4.78493022982e-009, 3.63955798832e-008, 4.13022611667e-008, 1.73466592202e-008, 3.29298033286e-009, 2.72206612806e-009, 9.77429470694e-010, 4.68297900458e-010, 4.90488816229e-010, 1.3593757231e-009, 2.59550408943e-010, 1.14213291602e-010, 4.35663068121e-011, 7.25408969005e-011, 1.30429361755e-010, 8.52954581965e-011, 7.40834546487e-011, 5.17034375383e-012, 4.56251919925e-012, 5.17916308798e-012, 5.36515536859e-012, 7.28930370925e-012, 5.65514648998e-012, 2.39297275571e-012, 1.96747544472e-012, 1.56620777545e-012, 4.34863028833e-013, 1.94835060629e-013]
    },
    "mfcc": {
        "mean": [-688.14251709, 174.645935059, -13.1942310333, 22.2035903931, 3.63198637962, 0.224787309766, -6.78309106827, 1.53339457512, -5.26807785034, -7.21130084991, -13.0504131317, -4.52247047424, -3.64024305344],
        "cov": [[5031.02148438, -1408.73498535, -294.706939697, 39.7445526123, -246.263031006, -102.039024353, 13.481924057, 41.6932487488, -290.912353516, -48.4929885864, 127.184051514, 113.462173462, 42.5406494141], [-1408.73498535, 1693.47009277, -443.91317749, 96.3041152954, 153.303253174, -54.4354858398, 19.8738155365, 32.3994903564, 31.8001194, -21.564037323, 84.4855957031, -28.3067169189, -18.7805042267], [-294.706939697, -443.91317749, 954.288635254, 70.8038024902, 61.7806167603, 263.719604492, 76.4205932617, 25.5541687012, 212.070556641, 125.075965881, -80.7218780518, 19.3530979156, -9.03878688812], [39.7445526123, 96.3041152954, 70.8038024902, 205.410812378, 53.7432823181, 90.7699584961, 47.4115791321, 36.5882415771, 54.4058189392, 26.6579208374, -7.27619123459, 4.55601406097, 0.362995892763], [-246.263031006, 153.303253174, 61.7806167603, 53.7432823181, 215.584640503, 37.5161094666, 75.4741287231, 56.1104240417, 12.7546730042, -0.0661385431886, 52.1884307861, 14.744925499, 24.5778064728], [-102.039024353, -54.4354858398, 263.719604492, 90.7699584961, 37.5161094666, 175.266052246, 41.6573371887, 21.913734436, 96.9928131104, 49.3964996338, -26.5008811951, 1.71810793877, -2.69197249413], [13.481924057, 19.8738155365, 76.4205932617, 47.4115791321, 75.4741287231, 41.6573371887, 115.079154968, 53.4734230042, 16.5074291229, 15.7462368011, 35.9186820984, 10.7193946838, 24.6606006622], [41.6932487488, 32.3994903564, 25.5541687012, 36.5882415771, 56.1104240417, 21.913734436, 53.4734230042, 99.0949325562, -0.795581281185, -6.65393972397, 31.8097248077, 7.32550239563, 15.1630964279], [-290.912353516, 31.8001194, 212.070556641, 54.4058189392, 12.7546730042, 96.9928131104, 16.5074291229, -0.795581281185, 162.738845825, 69.0724334717, -36.4942054749, 5.21447229385, -8.64195632935], [-48.4929885864, -21.564037323, 125.075965881, 26.6579208374, -0.0661385431886, 49.3964996338, 15.7462368011, -6.65393972397, 69.0724334717, 102.718315125, 8.15203285217, 20.0439796448, 5.2900853157], [127.184051514, 84.4855957031, -80.7218780518, -7.27619123459, 52.1884307861, -26.5008811951, 35.9186820984, 31.8097248077, -36.4942054749, 8.15203285217, 128.636795044, 33.1798477173, 19.2427024841], [113.462173462, -28.3067169189, 19.3530979156, 4.55601406097, 14.744925499, 1.71810793877, 10.7193946838, 7.32550239563, 5.21447229385, 20.0439796448, 33.1798477173, 79.3448562622, 22.7947063446], [42.5406494141, -18.7805042267, -9.03878688812, 0.362995892763, 24.5778064728, -2.69197249413, 24.6606006622, 15.1630964279, -8.64195632935, 5.2900853157, 19.2427024841, 22.7947063446, 69.649772644]],
        "icov": [[0.00038356159348, 0.000372120062821, 0.000215062726056, -0.000453622575151, 0.000419551710365, -7.81820999691e-005, -0.000162191921845, -0.00016598709044, 0.000461008981802, -4.5725289965e-005, -0.000405378261348, -0.000368343724404, 0.000132053362904], [0.000372120062821, 0.00124610005878, 0.000834393373225, -0.000711661705282, -0.000312465999741, 1.06245206553e-005, -3.79898992833e-005, -0.000161801828654, -0.000548614771105, -8.2924570961e-006, -0.000765027769376, 3.88645712519e-005, 0.000511258724146], [0.000215062726056, 0.000834393373225, 0.00283619668335, 0.000746701727621, -0.00067376246443, -0.00274486187845, -0.000808444048744, -0.000389308930608, -0.00122356798965, -0.00111332046799, 0.000854579149745, -0.000661379832309, 0.000873564800713], [-0.000453622575151, -0.000711661705282, 0.000746701727621, 0.00807392317802, -0.00124747387599, -0.00402994733304, -0.00128587940708, -0.00123736623209, -0.000864178407937, -0.00084768072702, 0.0019917935133, -0.000403553684009, 0.000688050291501], [0.000419551710365, -0.000312465999741, -0.00067376246443, -0.00124747387599, 0.00793979689479, -0.000280750915408, -0.00281242467463, -0.00120304548182, 0.000575587386265, 0.00174925161991, -0.002533684019, -0.000540520646609, -0.00116091663949], [-7.81820999691e-005, 1.06245206553e-005, -0.00274486187845, -0.00402994733304, -0.000280750915408, 0.0142397200689, -0.00089932809351, -0.00050264649326, -0.00342424353585, -0.000327301357174, 0.000311499461532, 0.0011232070392, -6.09774942859e-005], [-0.000162191921845, -3.79898992833e-005, -0.000808444048744, -0.00128587940708, -0.00281242467463, -0.00089932809351, 0.01563988626, -0.00475987093523, -2.88709343295e-005, -0.000965597108006, -0.00249216845259, 0.00159928074572, -0.00331813166849], [-0.00016598709044, -0.000161801828654, -0.000389308930608, -0.00123736623209, -0.00120304548182, -0.00050264649326, -0.00475987093523, 0.0151759507135, -0.00021224579541, 0.00294725620188, -0.00227099633776, 0.000306212925352, -0.000922769017052], [0.000461008981802, -0.000548614771105, -0.00122356798965, -0.000864178407937, 0.000575587386265, -0.00342424353585, -2.88709343295e-005, -0.00021224579541, 0.0143284238875, -0.00619016354904, 0.00286969030276, -0.00139552366454, 0.00104906200431], [-4.5725289965e-005, -8.2924570961e-006, -0.00111332046799, -0.00084768072702, 0.00174925161991, -0.000327301357174, -0.000965597108006, 0.00294725620188, -0.00619016354904, 0.016690723598, -0.00408051768318, -0.00178733305074, -0.00136749411467], [-0.000405378261348, -0.000765027769376, 0.000854579149745, 0.0019917935133, -0.002533684019, 0.000311499461532, -0.00249216845259, -0.00227099633776, 0.00286969030276, -0.00408051768318, 0.0137044936419, -0.00407781405374, 0.00063906237483], [-0.000368343724404, 3.88645712519e-005, -0.000661379832309, -0.000403553684009, -0.000540520646609, 0.0011232070392, 0.00159928074572, 0.000306212925352, -0.00139552366454, -0.00178733305074, -0.00407781405374, 0.0167405810207, -0.00463661784306], [0.000132053362904, 0.000511258724146, 0.000873564800713, 0.000688050291501, -0.00116091663949, -6.09774942859e-005, -0.00331813166849, -0.000922769017052, 0.00104906200431, -0.00136749411467, 0.00063906237483, -0.00463661784306, 0.017882488668]]
    },
    "spectral_contrast_coeffs": {
        "mean": [-0.526187956333, -0.702617228031, -0.738714039326, -0.763221144676, -0.74644857645, -0.758576154709],
        "var": [0.00888400059193, 0.00651946896687, 0.0038842947688, 0.004210177809, 0.00403050938621, 0.00189543317538]
    },
    "spectral_contrast_valleys": {
        "mean": [-7.64298152924, -6.78036785126, -7.4538807869, -8.07923793793, -8.5596036911, -11.6130743027],
        "var": [1.26882231236, 0.927345454693, 0.914166331291, 0.887490987778, 1.11887443066, 1.59925925732]
    }
},
"metadata": {
    "audio_properties": {
        "analysis_sample_rate": 44100,
        "bit_rate": 113953,
        "equal_loudness": 0,
        "length": 45.0612258911,
        "lossless": 0,
        "replay_gain": -8.81449699402,
        "sample_rate": 44100,
        "codec": "mp3",
        "downmix": "mix",
        "md5_encoded": "df5b033bfe960bf0f7315726c4d58296"
    },
    "tags": {
        "file_name": "749.mp3"
    },
    "version": {
        "essentia": "2.1-beta2",
        "essentia_git_sha": "v2.1_beta2",
        "extractor": "music 1.0"
    }
},
"rhythm": {
    "beats_count": 105,
    "beats_loudness": {
        "mean": 0.0401822589338,
        "var": 0.000352925591869
    },
    "bpm": 141.830459595,
    "bpm_histogram_first_peak_bpm": {
        "mean": 144,
        "var": 0
    },
    "bpm_histogram_first_peak_spread": {
        "mean": 0.493975907564,
        "var": 0
    },
    "bpm_histogram_first_peak_weight": {
        "mean": 0.403846144676,
        "var": 0
    },
    "bpm_histogram_second_peak_bpm": {
        "mean": 136,
        "var": 0
    },
    "bpm_histogram_second_peak_spread": {
        "mean": 0.0500000342727,
        "var": 0
    },
    "bpm_histogram_second_peak_weight": {
        "mean": 0.182692304254,
        "var": 0
    },
    "danceability": 1.26254367828,
    "onset_rate": 6.41060590744,
    "beats_loudness_band_ratio": {
        "mean": [0.415896862745, 0.618330895901, 0.106986530125, 0.0704090446234, 0.0324380584061, 0.0124356234446],
        "var": [0.0253019779921, 0.0286463350058, 0.00716718425974, 0.00375075219199, 0.00104250083677, 0.000402691191994]
    },
    "beats_position": [0.441179126501, 0.882358253002, 1.30031740665, 1.72988653183, 2.15945577621, 2.60063481331, 3.01859402657, 3.44816327095, 3.87773227692, 4.31891155243, 4.73687076569, 5.15482997894, 5.5727891922, 5.99074840546, 6.43192720413, 6.86149644852, 7.2910656929, 7.73224496841, 8.17342376709, 8.6146030426, 9.03256225586, 9.47374153137, 9.90331077576, 10.3328800201, 10.774058342, 11.1920175552, 11.6099767685, 12.051156044, 12.4691152573, 12.9102945328, 13.3398637772, 13.7694330215, 14.1990022659, 14.6285715103, 15.0581407547, 15.4877090454, 15.9288883209, 16.3700675964, 16.8112468719, 17.2408161163, 17.6703853607, 18.088344574, 18.5179138184, 18.9474830627, 19.365442276, 19.7950115204, 20.2245807648, 20.642539978, 21.0721092224, 21.5016784668, 21.942855835, 22.3608150482, 22.7787742615, 23.2083435059, 23.6379127502, 24.0558719635, 24.4854412079, 24.9266204834, 25.3561897278, 25.774148941, 26.1921081543, 26.6100673676, 27.0280265808, 27.4459857941, 27.8871650696, 28.316734314, 28.7230834961, 29.1410427094, 29.5357818604, 29.988571167, 30.4181404114, 30.8360996246, 31.2540588379, 31.6720180511, 32.0899772644, 32.5079345703, 32.9142837524, 33.3438529968, 33.7618141174, 34.1797714233, 34.5977325439, 35.0273017883, 35.4452590942, 35.8748283386, 36.2927894592, 36.7223587036, 37.1403160095, 37.5698852539, 37.9878463745, 38.4058036804, 38.823764801, 39.2417221069, 39.6596832275, 40.1008605957, 40.5420417786, 40.9716110229, 41.4011802673, 41.830745697, 42.2603149414, 42.6898841858, 43.1078453064, 43.5374145508, 43.9553718567, 44.3733329773, 44.7912902832]
},
"tonal": {
    "chords_changes_rate": 0.109053499997,
    "chords_number_rate": 0.0133744860068,
    "chords_strength": {
        "mean": 0.465423673391,
        "var": 0.0108354585245
    },
    "hpcp_entropy": {
        "mean": 2.01589751244,
        "var": 0.429883360863
    },
    "key_strength": 0.433026224375,
    "tuning_diatonic_strength": 0.466389417648,
    "tuning_equal_tempered_deviation": 0.165452435613,
    "tuning_frequency": 443.572570801,
    "tuning_nontempered_energy_ratio": 0.82694464922,
    "hpcp": {
        "mean": [0.126212909818, 0.0767076015472, 0.12137722224, 0.137631565332, 0.0982990860939, 0.126250967383, 0.128303289413, 0.0720879733562, 0.0578863397241, 0.0540212243795, 0.0524082146585, 0.105270437896, 0.103523507714, 0.0547829978168, 0.0996520966291, 0.123432219028, 0.0891234949231, 0.0859430283308, 0.0749382004142, 0.0636905580759, 0.0847747325897, 0.0735740438104, 0.0522168129683, 0.0776011049747, 0.0719695687294, 0.106612667441, 0.277792870998, 0.294459760189, 0.142989560962, 0.0835539922118, 0.0739781334996, 0.118302822113, 0.314956575632, 0.378012448549, 0.210327804089, 0.14879527688],
        "var": [0.0501972064376, 0.0264625828713, 0.0533780232072, 0.0660393685102, 0.0304619036615, 0.054864808917, 0.0607775077224, 0.0220508445054, 0.0179045945406, 0.0161350630224, 0.0076124179177, 0.0443520359695, 0.0495509766042, 0.0107425255701, 0.0448321811855, 0.0644371584058, 0.0267719887197, 0.0314769782126, 0.0256576258689, 0.0180816724896, 0.0383444391191, 0.0298629328609, 0.0134430285543, 0.0333913005888, 0.0296758655459, 0.0268952082843, 0.11860871315, 0.129286512733, 0.0500088334084, 0.0454011298716, 0.036542955786, 0.0422675199807, 0.12238497287, 0.15433113277, 0.0736292898655, 0.0599824786186]
    },
    "chords_histogram": [4.83539104462, 0, 5.24691343307, 0.823045253754, 2.67489719391, 0.308641970158, 2.46913576126, 9.25925922394, 0.823045253754, 14.0946502686, 37.2427978516, 1.44032919407, 0.720164597034, 0.617283940315, 5.14403295517, 1.74897122383, 0, 6.17283964157, 0, 0.308641970158, 0, 0, 2.05761313438, 4.01234579086],
    "thpcp": [1, 0.556404411793, 0.393625348806, 0.333885580301, 0.202923476696, 0.321093201637, 0.364092677832, 0.260041922331, 0.333986282349, 0.33941552043, 0.190702646971, 0.153133422136, 0.142908588052, 0.138641506433, 0.278484046459, 0.273862689734, 0.144923791289, 0.263621211052, 0.326529502869, 0.235768675804, 0.227355018258, 0.198242679238, 0.168487995863, 0.224264398217, 0.19463391602, 0.138135164976, 0.20528717339, 0.190389409661, 0.282034814358, 0.734877586365, 0.778968393803, 0.378266811371, 0.221035033464, 0.195702895522, 0.312960118055, 0.833191037178],
    "chords_key": "F",
    "chords_scale": "minor",
    "key_key": "F#",
    "key_scale": "minor"
}
}