{
"lowlevel": {
    "average_loudness": 0.882484376431,
    "barkbands_crest": {
        "mean": 10.1646604538,
        "var": 14.8256292343
    },
    "barkbands_flatness_db": {
        "mean": 0.19552719593,
        "var": 0.00165249721613
    },
    "barkbands_kurtosis": {
        "mean": 1.14362251759,
        "var": 4.27932453156
    },
    "barkbands_skewness": {
        "mean": 0.640935122967,
        "var": 0.438097298145
    },
    "barkbands_spread": {
        "mean": 12.1596689224,
        "var": 21.7642326355
    },
    "dissonance": {
        "mean": 0.450149804354,
        "var": 0.00120876659639
    },
    "dynamic_complexity": 3.98880338669,
    "erbbands_crest": {
        "mean": 12.3482141495,
        "var": 26.5506916046
    },
    "erbbands_flatness_db": {
        "mean": 0.279286026955,
        "var": 0.00160663784482
    },
    "erbbands_kurtosis": {
        "mean": 1.11841511726,
        "var": 4.02370595932
    },
    "erbbands_skewness": {
        "mean": 0.563755214214,
        "var": 0.34667891264
    },
    "erbbands_spread": {
        "mean": 18.5316505432,
        "var": 62.6115531921
    },
    "hfc": {
        "mean": 17.0870933533,
        "var": 485.523620605
    },
    "melbands_crest": {
        "mean": 12.7934217453,
        "var": 22.931596756
    },
    "melbands_flatness_db": {
        "mean": 0.191691175103,
        "var": 0.00185788050294
    },
    "melbands_kurtosis": {
        "mean": 2.75912094116,
        "var": 15.4201831818
    },
    "melbands_skewness": {
        "mean": 0.972413539886,
        "var": 0.635075569153
    },
    "melbands_spread": {
        "mean": 20.9836292267,
        "var": 84.8699951172
    },
    "pitch_salience": {
        "mean": 0.616085112095,
        "var": 0.0101844361052
    },
    "silence_rate_20dB": {
        "mean": 1,
        "var": 0
    },
    "silence_rate_30dB": {
        "mean": 1,
        "var": 0
    },
    "silence_rate_60dB": {
        "mean": 0.252187341452,
        "var": 0.188589692116
    },
    "spectral_centroid": {
        "mean": 1615.06018066,
        "var": 348489.5
    },
    "spectral_complexity": {
        "mean": 11.457025528,
        "var": 42.6751213074
    },
    "spectral_decrease": {
        "mean": -2.90156498828e-009,
        "var": 1.22142473595e-017
    },
    "spectral_energy": {
        "mean": 0.0125010171905,
        "var": 0.00022820167942
    },
    "spectral_energyband_high": {
        "mean": 0.000602781132329,
        "var": 1.47701337028e-006
    },
    "spectral_energyband_low": {
        "mean": 1.28436868181e-005,
        "var": 4.39678515818e-010
    },
    "spectral_energyband_middle_high": {
        "mean": 0.00855594035238,
        "var": 0.00013249348558
    },
    "spectral_energyband_middle_low": {
        "mean": 0.0034897539299,
        "var": 2.33487990045e-005
    },
    "spectral_entropy": {
        "mean": 6.99626922607,
        "var": 0.161018356681
    },
    "spectral_flux": {
        "mean": 0.0545952692628,
        "var": 0.00105448055547
    },
    "spectral_kurtosis": {
        "mean": 5.96397161484,
        "var": 24.2448310852
    },
    "spectral_rms": {
        "mean": 0.00298511073925,
        "var": 3.28523287862e-006
    },
    "spectral_rolloff": {
        "mean": 1851.43029785,
        "var": 951351
    },
    "spectral_skewness": {
        "mean": 1.53873896599,
        "var": 0.302144408226
    },
    "spectral_spread": {
        "mean": 2970685.25,
        "var": 2.48461577421e+012
    },
    "spectral_strongpeak": {
        "mean": 2.06442499161,
        "var": 3.457883358
    },
    "zerocrossingrate": {
        "mean": 0.0667980313301,
        "var": 0.000571448297706
    },
    "barkbands": {
        "mean": [3.78710774385e-006, 2.14562692236e-006, 3.09440474666e-006, 1.83865413419e-005, 9.93197536445e-005, 0.000411599205108, 0.000863333116286, 0.000902971660253, 0.000881756772287, 0.00109537562821, 0.00196602265351, 0.00194064236712, 0.000805006420705, 0.00118033809122, 0.000394854927436, 0.000473395513836, 0.000368496373994, 0.000245807226747, 0.000175764143933, 0.000217183158384, 0.000312140589813, 8.76639096532e-005, 2.95825848298e-005, 2.08528290386e-005, 1.21229697925e-006, 2.8959999554e-007, 5.1113464572e-009],
        "var": [7.56884901976e-011, 1.28957018675e-011, 3.83217381439e-011, 1.31495636602e-009, 3.56319773687e-008, 6.55999201626e-007, 2.96869097838e-006, 4.9346558626e-006, 9.78577463684e-006, 1.39924604809e-005, 2.17031811189e-005, 2.56805997196e-005, 4.45117439085e-006, 6.18102239969e-006, 9.15994235129e-007, 1.481394861e-006, 5.981198683e-007, 3.65799991187e-007, 2.21756522478e-007, 2.48271902592e-007, 4.16131967995e-007, 5.76069041358e-008, 1.00030463912e-008, 8.36826696826e-009, 2.07200940433e-011, 7.23962881831e-013, 1.58469498866e-015]
    },
    "erbbands": {
        "mean": [8.90631927177e-005, 0.000459057599073, 0.00305620348081, 0.03208713606, 0.147450298071, 0.363555401564, 0.980319201946, 4.6999540329, 10.8571949005, 18.4744472504, 14.9193706512, 23.8471679688, 33.5542564392, 37.8502807617, 79.308807373, 93.5887298584, 42.2759399414, 62.7006874084, 32.4793701172, 23.7476291656, 23.913860321, 18.3634471893, 15.0205383301, 9.82836818695, 8.66014289856, 10.6800079346, 9.21811294556, 12.9470491409, 4.18051195145, 1.7821559906, 0.973815739155, 0.574547231197, 0.193243309855, 0.0428891442716, 0.00568115990609, 0.00205951137468, 0.00042817229405, 4.28280363849e-005, 9.63715046964e-006, 1.62156884471e-005],
        "var": [2.95137443374e-008, 6.34560080925e-007, 2.73944297078e-005, 0.00383137864992, 0.0729317367077, 0.427920281887, 3.34639883041, 77.755027771, 374.089355469, 1295.81298828, 1915.69262695, 7137.57910156, 7835.50878906, 7094.36962891, 31038.7011719, 64605.1367188, 8078.24023438, 17125.1953125, 4201.04980469, 1824.9543457, 3593.45629883, 1092.34521484, 1432.77880859, 421.974914551, 654.642822266, 626.329711914, 295.253173828, 922.966491699, 108.72857666, 33.0756912231, 13.7771081924, 8.06110954285, 0.360868513584, 0.0215059537441, 0.000543581147213, 3.51838280039e-005, 1.59286196322e-006, 2.38286865795e-008, 1.89823351482e-010, 3.93261617715e-010]
    },
    "gfcc": {
        "mean": [-110.234764099, 86.2449798584, -217.755783081, 1.30576574802, -90.7721557617, -1.85946857929, -32.1784133911, -18.5760097504, -13.4349956512, -6.44147205353, -0.795222818851, -7.65981483459, 1.8683283329],
        "cov": [[8083.80126953, -1664.32299805, -1299.27380371, 163.545578003, -628.20690918, -132.666702271, -153.317337036, -62.3016319275, -265.265930176, 113.780052185, -241.21723938, 205.943588257, -106.630081177], [-1664.32299805, 1081.67626953, 274.114196777, -80.0286560059, 204.645401001, -31.8384380341, -7.6914100647, -86.6131134033, 70.3329849243, -144.233795166, 86.4309463501, -169.398086548, 58.1719474792], [-1299.27380371, 274.114196777, 558.900878906, 73.75340271, -6.37590646744, 50.7638664246, -11.1813545227, 69.5050048828, -50.6192054749, -14.6792621613, -33.4238586426, -17.9559497833, -25.058298111], [163.545578003, -80.0286560059, 73.75340271, 275.302856445, -27.0711269379, 11.894159317, -0.343387752771, 33.4458770752, -10.5050382614, -18.5871334076, -12.8645772934, -25.5561180115, -26.0602664948], [-628.20690918, 204.645401001, -6.37590646744, -27.0711269379, 264.612426758, 38.2180175781, 36.2762451172, -24.0338077545, 53.5567054749, -4.83417129517, 38.3898658752, -21.9067325592, -5.36801576614], [-132.666702271, -31.8384380341, 50.7638664246, 11.894159317, 38.2180175781, 120.956542969, 34.3910903931, 20.1472358704, -0.478319078684, 9.01299762726, 2.7973074913, 4.15813493729, 5.69096040726], [-153.317337036, -7.6914100647, -11.1813545227, -0.343387752771, 36.2762451172, 34.3910903931, 125.252540588, 35.1190910339, 26.9753360748, 3.68445205688, 2.96819353104, 11.6532487869, 5.2310423851], [-62.3016319275, -86.6131134033, 69.5050048828, 33.4458770752, -24.0338077545, 20.1472358704, 35.1190910339, 132.707199097, 35.7865447998, 15.8128204346, -14.1208763123, 5.36877441406, -27.1550617218], [-265.265930176, 70.3329849243, -50.6192054749, -10.5050382614, 53.5567054749, -0.478319078684, 26.9753360748, 35.7865447998, 134.18862915, 15.2229652405, 39.6110877991, -31.8797931671, -4.47099113464], [113.780052185, -144.233795166, -14.6792621613, -18.5871334076, -4.83417129517, 9.01299762726, 3.68445205688, 15.8128204346, 15.2229652405, 117.225997925, 14.0542383194, 48.7389793396, -3.96845221519], [-241.21723938, 86.4309463501, -33.4238586426, -12.8645772934, 38.3898658752, 2.7973074913, 2.96819353104, -14.1208763123, 39.6110877991, 14.0542383194, 127.638710022, -3.34054374695, 7.15488767624], [205.943588257, -169.398086548, -17.9559497833, -25.5561180115, -21.9067325592, 4.15813493729, 11.6532487869, 5.36877441406, -31.8797931671, 48.7389793396, -3.34054374695, 134.604537964, 36.6562194824], [-106.630081177, 58.1719474792, -25.058298111, -26.0602664948, -5.36801576614, 5.69096040726, 5.2310423851, -27.1550617218, -4.47099113464, -3.96845221519, 7.15488767624, 36.6562194824, 123.087898254]],
        "icov": [[0.00054799974896, -0.00030004416476, 0.0018079286674, -0.000630719354376, 0.00106008315925, -0.000586707377806, 0.000587711285334, -0.00051464169519, 0.00112729764078, -0.000565894297324, 0.000912083312869, -0.000702521356288, 0.0009647954721], [-0.00030004416476, 0.00353043270297, -0.00343054486439, 0.0015813249629, -0.00236869999208, 0.00233837356791, -0.000833631493151, 0.0022453321144, -0.0020430337172, 0.00289602368139, -0.00220185425133, 0.00346015882678, -0.00285595608875], [0.0018079286674, -0.00343054486439, 0.00998320337385, -0.0032821695786, 0.00444698659703, -0.00411969982088, 0.00291778938845, -0.00474615069106, 0.0061247413978, -0.00368656450883, 0.00431554345414, -0.0039966320619, 0.00478128483519], [-0.000630719354376, 0.0015813249629, -0.0032821695786, 0.00519243907183, -0.00150832172949, 0.00108892354183, -0.000837571453303, 0.000477112684166, -0.00142691482324, 0.00206820829771, -0.0017318977043, 0.00255124410614, -0.00148209149484], [0.00106008315925, -0.00236869999208, 0.00444698659703, -0.00150832172949, 0.00797683093697, -0.00376703171059, 0.000215865744394, 0.000168780141394, 0.000633911113255, -0.00195390032604, 0.00203468673863, -0.00306888180785, 0.00392957404256], [-0.000586707377806, 0.00233837356791, -0.00411969982088, 0.00108892354183, -0.00376703171059, 0.0119372820482, -0.00325399963185, 0.000440497096861, -0.000556113373023, 0.000977845047601, -0.00232047052123, 0.00319149740972, -0.00350649701431], [0.000587711285334, -0.000833631493151, 0.00291778938845, -0.000837571453303, 0.000215865744394, -0.00325399963185, 0.0108258426189, -0.00354327587411, 0.000317608035402, -0.000138576884638, 0.00152004952542, -0.00245715002529, 0.000888325681444], [-0.00051464169519, 0.0022453321144, -0.00474615069106, 0.000477112684166, 0.000168780141394, 0.000440497096861, -0.00354327587411, 0.0137725444511, -0.00700531480834, 0.00174672948197, -0.000177331370651, 0.000411475339206, 0.000493442930747], [0.00112729764078, -0.0020430337172, 0.0061247413978, -0.00142691482324, 0.000633911113255, -0.000556113373023, 0.000317608035402, -0.00700531480834, 0.015560192056, -0.00467723235488, -0.000332707888447, 0.00163110136054, 0.00132926134393], [-0.000565894297324, 0.00289602368139, -0.00368656450883, 0.00206820829771, -0.00195390032604, 0.000977845047601, -0.000138576884638, 0.00174672948197, -0.00467723235488, 0.0138940168545, -0.00310632120818, -0.00197503110394, -0.000863912981004], [0.000912083312869, -0.00220185425133, 0.00431554345414, -0.0017318977043, 0.00203468673863, -0.00232047052123, 0.00152004952542, -0.000177331370651, -0.000332707888447, -0.00310632120818, 0.0116131138057, -0.00299905473366, 0.00254076835699], [-0.000702521356288, 0.00346015882678, -0.0039966320619, 0.00255124410614, -0.00306888180785, 0.00319149740972, -0.00245715002529, 0.000411475339206, 0.00163110136054, -0.00197503110394, -0.00299905473366, 0.0153421014547, -0.00700261304155], [0.0009647954721, -0.00285595608875, 0.00478128483519, -0.00148209149484, 0.00392957404256, -0.00350649701431, 0.000888325681444, 0.000493442930747, 0.00132926134393, -0.000863912981004, 0.00254076835699, -0.00700261304155, 0.0133321555331]]
    },
    "melbands": {
        "mean": [9.10904702778e-007, 1.13887176667e-006, 8.84494511411e-006, 1.70268322108e-005, 3.26927547576e-005, 0.000105346131022, 0.000165932899108, 0.00020734895952, 0.000104643891973, 0.000156471112859, 0.000170533065102, 0.000146876103827, 0.000258423853666, 0.000237818443566, 0.000143794575706, 9.96708331513e-005, 0.000121707882499, 5.68822106288e-005, 2.59297630691e-005, 4.27124286944e-005, 2.41846009885e-005, 2.1548839868e-005, 1.24181096908e-005, 1.24731186588e-005, 7.3790802162e-006, 5.98670521867e-006, 5.55501446797e-006, 8.16508327262e-006, 5.03502178617e-006, 8.50343440106e-006, 6.52687367619e-006, 2.34363255913e-006, 1.47847947574e-006, 7.40938048693e-007, 5.76646982609e-007, 4.74992759791e-007, 2.91359384619e-007, 1.33899575872e-007, 1.0728738431e-007, 1.25512524818e-008],
        "var": [2.47795360619e-012, 3.83682799074e-012, 2.4016819089e-010, 7.99615818003e-010, 3.3565823454e-009, 3.55927625151e-008, 1.00639610423e-007, 1.7810022257e-007, 1.05483081825e-007, 3.37545515094e-007, 2.4125236564e-007, 1.41832870781e-007, 4.36392724623e-007, 3.40439669344e-007, 1.00758292376e-007, 8.47229770784e-008, 7.21426616224e-008, 1.58064779043e-008, 4.90838969469e-009, 9.88735315843e-009, 5.35542588054e-009, 1.75256686941e-009, 9.43815581245e-010, 8.35055968817e-010, 2.99726854447e-010, 2.876705818e-010, 2.99624436373e-010, 4.28584751022e-010, 1.193301985e-010, 3.12210812758e-010, 2.87834533985e-010, 3.50465455268e-011, 2.82968908721e-011, 5.89224372419e-012, 4.16080321239e-012, 6.03656577849e-012, 1.87814781089e-012, 1.95011257034e-013, 1.43205624225e-013, 2.65758260091e-015]
    },
    "mfcc": {
        "mean": [-720.927062988, 104.332954407, -66.4552230835, -9.06528663635, -39.872756958, -0.90848249197, -18.2209453583, -10.8966417313, -13.2234220505, -6.73833703995, -11.6056613922, 5.91322231293, -4.25356960297],
        "cov": [[6984.32275391, -1521.94250488, -908.941894531, 160.696777344, -708.402893066, 41.9081726074, -340.505310059, -32.2660064697, -162.059799194, -243.478561401, -213.050888062, 223.830764771, -102.71497345], [-1521.94250488, 1002.10992432, 113.987754822, -113.957603455, 201.286239624, -5.71814441681, 52.4161300659, -37.9524421692, -5.36186170578, 75.9956207275, -22.1317558289, -119.479446411, -20.1746520996], [-908.941894531, 113.987754822, 516.638183594, 41.9706459045, 45.0393867493, -52.9829521179, 67.208404541, 20.1751174927, 18.5955677032, 16.5434341431, 23.4290561676, -35.3067054749, -16.7142925262], [160.696777344, -113.957603455, 41.9706459045, 214.557830811, 2.86352109909, -2.47913265228, -0.984368383884, 25.6881542206, -7.20933675766, 1.24293994904, 11.5350046158, 7.35020065308, -5.84678077698], [-708.402893066, 201.286239624, 45.0393867493, 2.86352109909, 223.198287964, 20.9177818298, 34.8297576904, 7.33578824997, 8.40556716919, 49.310218811, 35.2222366333, -33.3470344543, 20.3717517853], [41.9081726074, -5.71814441681, -52.9829521179, -2.47913265228, 20.9177818298, 123.531089783, 24.5904598236, -6.73515796661, 11.1129798889, -9.93211555481, -16.7884159088, -3.45002555847, 0.555464148521], [-340.505310059, 52.4161300659, 67.208404541, -0.984368383884, 34.8297576904, 24.5904598236, 129.421813965, 19.5295944214, 12.3961553574, 6.12552928925, 17.4624729156, -11.5712070465, -11.2569589615], [-32.2660064697, -37.9524421692, 20.1751174927, 25.6881542206, 7.33578824997, -6.73515796661, 19.5295944214, 104.899269104, 29.6011447906, 21.5931453705, 24.8330287933, -1.98408544064, 5.00955867767], [-162.059799194, -5.36186170578, 18.5955677032, -7.20933675766, 8.40556716919, 11.1129798889, 12.3961553574, 29.6011447906, 126.762390137, 9.74813079834, 14.4587278366, 13.0690565109, -8.26108169556], [-243.478561401, 75.9956207275, 16.5434341431, 1.24293994904, 49.310218811, -9.93211555481, 6.12552928925, 21.5931453705, 9.74813079834, 130.52557373, 43.7936782837, -31.633939743, 7.06936216354], [-213.050888062, -22.1317558289, 23.4290561676, 11.5350046158, 35.2222366333, -16.7884159088, 17.4624729156, 24.8330287933, 14.4587278366, 43.7936782837, 132.579223633, 25.4641036987, 13.20698452], [223.830764771, -119.479446411, -35.3067054749, 7.35020065308, -33.3470344543, -3.45002555847, -11.5712070465, -1.98408544064, 13.0690565109, -31.633939743, 25.4641036987, 152.168167114, 44.5119361877], [-102.71497345, -20.1746520996, -16.7142925262, -5.84678077698, 20.3717517853, 0.555464148521, -11.2569589615, 5.00955867767, -8.26108169556, 7.06936216354, 13.20698452, 44.5119361877, 127.616867065]],
        "icov": [[0.000436594767962, 0.000398558768211, 0.000526556628756, -0.000189384096302, 0.00069812964648, -0.000130316140712, 0.000496065476909, -0.000179526628926, 0.000459583796328, -1.58355378517e-005, 0.000415385235101, -0.000270019460004, 0.000496445747558], [0.000398558768211, 0.00188381422777, 0.00028247301816, 0.000585887930356, -0.000615677214228, 0.000235820683884, 0.000145185607835, 0.000370848021703, 0.000437836017227, -0.000520557921845, 0.000958100252319, 0.000328497000737, 0.000621387327556], [0.000526556628756, 0.00028247301816, 0.00302539812401, -0.000822498754133, 0.000677900738083, 0.00118805898819, -0.000702536024619, -0.000141717959195, 0.000116874638479, 0.000197936795303, 0.000362739374395, 0.00011059310782, 0.000577720347792], [-0.000189384096302, 0.000585887930356, -0.000822498754133, 0.00546820554882, -0.00104191608261, -0.000168388098245, 0.000208428391488, -0.00113854417577, 0.000610042479821, -0.000137355717015, -0.000133841997012, -0.00012861363939, 0.000418938347138], [0.00069812964648, -0.000615677214228, 0.000677900738083, -0.00104191608261, 0.00776313897222, -0.00157696288079, 8.63085952005e-005, -0.000192281266209, 0.000460883253254, -0.000982145080343, -0.000998864183202, 0.000493913888931, -0.000696259492543], [-0.000130316140712, 0.000235820683884, 0.00118805898819, -0.000168388098245, -0.00157696288079, 0.00990127958357, -0.00275550270453, 0.00109091331251, -0.00136449350975, 0.000539738859516, 0.00138927507214, 0.000464265060145, -0.000420900003519], [0.000496065476909, 0.000145185607835, -0.000702536024619, 0.000208428391488, 8.63085952005e-005, -0.00275550270453, 0.0102607710287, -0.0019984873943, 0.000630560214631, 0.000584942172281, -0.000772549945395, -0.000327199144522, 0.00152400601655], [-0.000179526628926, 0.000370848021703, -0.000141717959195, -0.00113854417577, -0.000192281266209, 0.00109091331251, -0.0019984873943, 0.0118046114221, -0.00284879026003, -0.00128080206923, -0.00122119428124, 0.00107601389755, -0.00113270548172], [0.000459583796328, 0.000437836017227, 0.000116874638479, 0.000610042479821, 0.000460883253254, -0.00136449350975, 0.000630560214631, -0.00284879026003, 0.0095248837024, -0.000553489488084, 0.00019235277432, -0.00175154069439, 0.00182045390829], [-1.58355378517e-005, -0.000520557921845, 0.000197936795303, -0.000137355717015, -0.000982145080343, 0.000539738859516, 0.000584942172281, -0.00128080206923, -0.000553489488084, 0.0103570502251, -0.00339640118182, 0.00254293531179, -0.000964128994383], [0.000415385235101, 0.000958100252319, 0.000362739374395, -0.000133841997012, -0.000998864183202, 0.00138927507214, -0.000772549945395, -0.00122119428124, 0.00019235277432, -0.00339640118182, 0.0106460042298, -0.00274378969334, 0.000716231530532], [-0.000270019460004, 0.000328497000737, 0.00011059310782, -0.00012861363939, 0.000493913888931, 0.000464265060145, -0.000327199144522, 0.00107601389755, -0.00175154069439, 0.00254293531179, -0.00274378969334, 0.00956203788519, -0.00361424614675], [0.000496445747558, 0.000621387327556, 0.000577720347792, 0.000418938347138, -0.000696259492543, -0.000420900003519, 0.00152400601655, -0.00113270548172, 0.00182045390829, -0.000964128994383, 0.000716231530532, -0.00361424614675, 0.0100782504305]]
    },
    "spectral_contrast_coeffs": {
        "mean": [-0.63190472126, -0.691562175751, -0.669625461102, -0.689260363579, -0.727426707745, -0.652245283127],
        "var": [0.00719762127846, 0.00635505281389, 0.00757701462135, 0.00554636167362, 0.00500050652772, 0.00575039396062]
    },
    "spectral_contrast_valleys": {
        "mean": [-10.434094429, -7.68597555161, -7.93675899506, -8.42863273621, -8.77622127533, -12.4180879593],
        "var": [0.770500481129, 1.16064095497, 1.17535507679, 1.17646574974, 1.11768519878, 0.740478157997]
    }
},
"metadata": {
    "audio_properties": {
        "analysis_sample_rate": 44100,
        "bit_rate": 96706,
        "equal_loudness": 0,
        "length": 45.0873451233,
        "lossless": 0,
        "replay_gain": 2.03846549988,
        "sample_rate": 44100,
        "codec": "mp3",
        "downmix": "mix",
        "md5_encoded": "396ce82b34a90be6a148be3a9917723c"
    },
    "tags": {
        "file_name": "750.mp3"
    },
    "version": {
        "essentia": "2.1-beta2",
        "essentia_git_sha": "v2.1_beta2",
        "extractor": "music 1.0"
    }
},
"rhythm": {
    "beats_count": 95,
    "beats_loudness": {
        "mean": 0.0182750951499,
        "var": 0.000295578385703
    },
    "bpm": 128.787918091,
    "bpm_histogram_first_peak_bpm": {
        "mean": 129,
        "var": 0
    },
    "bpm_histogram_first_peak_spread": {
        "mean": 0.551282048225,
        "var": 0
    },
    "bpm_histogram_first_peak_weight": {
        "mean": 0.372340410948,
        "var": 0
    },
    "bpm_histogram_second_peak_bpm": {
        "mean": 123,
        "var": 0
    },
    "bpm_histogram_second_peak_spread": {
        "mean": 0.416666686535,
        "var": 0
    },
    "bpm_histogram_second_peak_weight": {
        "mean": 0.0744680836797,
        "var": 0
    },
    "danceability": 1.15022993088,
    "onset_rate": 4.36760997772,
    "beats_loudness_band_ratio": {
        "mean": [0.00772812031209, 0.0642614290118, 0.31772518158, 0.433447062969, 0.153999075294, 0.0569659098983],
        "var": [9.99169787974e-005, 0.00459007639438, 0.0322206802666, 0.0293974671513, 0.00832476373762, 0.00304484367371]
    },
    "beats_position": [0.487619042397, 0.96362811327, 1.42802715302, 1.90403628349, 2.36843538284, 2.8444442749, 3.29723358154, 3.76163268089, 4.22603178024, 4.67882061005, 5.14321994781, 5.60761880875, 6.08362817764, 6.5596370697, 7.03564596176, 7.52326536179, 8.01088428497, 8.498503685, 8.93968200684, 9.4040813446, 9.86848068237, 10.3328800201, 10.7972784042, 11.261677742, 11.7144670486, 12.1672563553, 12.6200447083, 13.0728340149, 13.5256233215, 13.9784126282, 14.4195919037, 14.8723802567, 15.3251695633, 15.7895689011, 16.2539672852, 16.7183666229, 17.1827659607, 17.6471652985, 18.1115646362, 18.5875740051, 19.0635814667, 19.5512008667, 20.0504302979, 20.549659729, 21.037279129, 21.5132884979, 21.9892959595, 22.4653053284, 22.9413146973, 23.4173240662, 23.8817234039, 24.3577327728, 24.8221302032, 25.286529541, 25.7509288788, 26.1921081543, 26.6332874298, 27.0976867676, 27.5736961365, 28.0497055054, 28.5141029358, 28.9785022736, 29.4429016113, 29.9073009491, 30.3717002869, 30.8244895935, 31.3004989624, 31.7648983002, 32.2292976379, 32.7053070068, 33.1929244995, 33.6689338684, 34.1449432373, 34.6209526062, 35.0969619751, 35.572971344, 36.0373687744, 36.5017662048, 36.9545555115, 37.4189567566, 37.8717460632, 38.3361434937, 38.7889328003, 39.2417221069, 39.6945114136, 40.1589126587, 40.6349182129, 41.1109275818, 41.6101570129, 42.1093864441, 42.6086158752, 43.0846252441, 43.560634613, 44.0482521057, 44.5126533508]
},
"tonal": {
    "chords_changes_rate": 0.0617283955216,
    "chords_number_rate": 0.00720164598897,
    "chords_strength": {
        "mean": 0.499915927649,
        "var": 0.0127217210829
    },
    "hpcp_entropy": {
        "mean": 1.49326896667,
        "var": 0.541168451309
    },
    "key_strength": 0.677252352238,
    "tuning_diatonic_strength": 0.497441649437,
    "tuning_equal_tempered_deviation": 0.0801405981183,
    "tuning_frequency": 441.272583008,
    "tuning_nontempered_energy_ratio": 0.702007889748,
    "hpcp": {
        "mean": [0.0649122819304, 0.0438024997711, 0.106935456395, 0.14576844871, 0.0836019143462, 0.0834193825722, 0.107402853668, 0.0981590747833, 0.265687465668, 0.376446723938, 0.183830425143, 0.040544424206, 0.033894687891, 0.038450114429, 0.148694232106, 0.213666379452, 0.111849561334, 0.108278252184, 0.145445883274, 0.081959374249, 0.0567256398499, 0.058050300926, 0.0490528456867, 0.182344555855, 0.289591223001, 0.160581946373, 0.0602987147868, 0.0592485740781, 0.0543708018959, 0.171589851379, 0.249901130795, 0.142817780375, 0.161660835147, 0.243302449584, 0.164065152407, 0.0894903838634],
        "var": [0.0187597740442, 0.00784268509597, 0.0484343580902, 0.0901427790523, 0.0236591920257, 0.0326683595777, 0.0561378933489, 0.0234821010381, 0.0795183703303, 0.142412960529, 0.0496127679944, 0.00950863305479, 0.0161097627133, 0.00619823206216, 0.0589837059379, 0.12283949554, 0.0291710551828, 0.0238285493106, 0.0560198798776, 0.0177946742624, 0.0145822875202, 0.0226250868291, 0.0118393497542, 0.0553349517286, 0.131852596998, 0.0504511855543, 0.0165768861771, 0.0230112560093, 0.0116878189147, 0.057121630758, 0.110679596663, 0.0380371436477, 0.0588035583496, 0.125572130084, 0.058498557657, 0.0236092470586]
    },
    "chords_histogram": [0, 0.514403283596, 4.32098770142, 3.39506173134, 0, 0, 0.102880656719, 0, 4.01234579086, 7.40740728378, 0, 0, 0, 0, 0, 2.36625504494, 0.720164597034, 0, 0, 0, 1.74897122383, 0.102880656719, 74.4855957031, 0.823045253754],
    "thpcp": [1, 0.488330513239, 0.107702955604, 0.0900384709239, 0.102139592171, 0.394994080067, 0.567587316036, 0.297119230032, 0.287632346153, 0.386365115643, 0.217718392611, 0.150687038898, 0.15420588851, 0.130304887891, 0.484383434057, 0.769275426865, 0.426572829485, 0.160178616643, 0.157389000058, 0.144431591034, 0.455814450979, 0.663841962814, 0.379383772612, 0.429438829422, 0.646313130856, 0.435825675726, 0.237723901868, 0.172434180975, 0.116357766092, 0.284065306187, 0.387221992016, 0.222081661224, 0.221596777439, 0.28530690074, 0.260751575232, 0.705777049065],
    "chords_key": "F",
    "chords_scale": "minor",
    "key_key": "C",
    "key_scale": "minor"
}
}