{
"lowlevel": {
    "average_loudness": 0.967073917389,
    "barkbands_crest": {
        "mean": 9.62844181061,
        "var": 13.2306003571
    },
    "barkbands_flatness_db": {
        "mean": 0.103512562811,
        "var": 0.00163156492636
    },
    "barkbands_kurtosis": {
        "mean": 4.74940156937,
        "var": 40.9523544312
    },
    "barkbands_skewness": {
        "mean": 1.90087389946,
        "var": 1.0254817009
    },
    "barkbands_spread": {
        "mean": 26.6292533875,
        "var": 230.55329895
    },
    "dissonance": {
        "mean": 0.466227978468,
        "var": 0.000546341470908
    },
    "dynamic_complexity": 1.57696509361,
    "erbbands_crest": {
        "mean": 7.02837085724,
        "var": 13.9452152252
    },
    "erbbands_flatness_db": {
        "mean": 0.114664196968,
        "var": 0.000967861327808
    },
    "erbbands_kurtosis": {
        "mean": 0.0890155956149,
        "var": 1.89167261124
    },
    "erbbands_skewness": {
        "mean": 0.517636537552,
        "var": 0.293447256088
    },
    "erbbands_spread": {
        "mean": 53.4668388367,
        "var": 390.13973999
    },
    "hfc": {
        "mean": 27.2066898346,
        "var": 392.684570313
    },
    "melbands_crest": {
        "mean": 14.3887081146,
        "var": 28.4404811859
    },
    "melbands_flatness_db": {
        "mean": 0.172444343567,
        "var": 0.00262100156397
    },
    "melbands_kurtosis": {
        "mean": 18.6645393372,
        "var": 362.122467041
    },
    "melbands_skewness": {
        "mean": 3.33175182343,
        "var": 2.31457924843
    },
    "melbands_spread": {
        "mean": 21.9260883331,
        "var": 296.838775635
    },
    "pitch_salience": {
        "mean": 0.610337615013,
        "var": 0.0117159513757
    },
    "silence_rate_20dB": {
        "mean": 1,
        "var": 0
    },
    "silence_rate_30dB": {
        "mean": 0.995882630348,
        "var": 0.00410044658929
    },
    "silence_rate_60dB": {
        "mean": 0.00257334019989,
        "var": 0.0025667718146
    },
    "spectral_centroid": {
        "mean": 1071.45141602,
        "var": 364702.46875
    },
    "spectral_complexity": {
        "mean": 22.3932056427,
        "var": 32.3663139343
    },
    "spectral_decrease": {
        "mean": -8.66168292646e-009,
        "var": 3.71307645777e-017
    },
    "spectral_energy": {
        "mean": 0.0351589284837,
        "var": 0.000550750934053
    },
    "spectral_energyband_high": {
        "mean": 0.00163164269179,
        "var": 4.64627873953e-006
    },
    "spectral_energyband_low": {
        "mean": 0.0114408303052,
        "var": 0.000208819707041
    },
    "spectral_energyband_middle_high": {
        "mean": 0.00448130536824,
        "var": 1.12851812446e-005
    },
    "spectral_energyband_middle_low": {
        "mean": 0.020808737725,
        "var": 0.000364969018847
    },
    "spectral_entropy": {
        "mean": 7.83738565445,
        "var": 0.115128912032
    },
    "spectral_flux": {
        "mean": 0.102007634938,
        "var": 0.00253270496614
    },
    "spectral_kurtosis": {
        "mean": 2.81099653244,
        "var": 4.49303245544
    },
    "spectral_rms": {
        "mean": 0.0055836411193,
        "var": 3.12435508931e-006
    },
    "spectral_rolloff": {
        "mean": 1583.20056152,
        "var": 3737113.75
    },
    "spectral_skewness": {
        "mean": 1.51830613613,
        "var": 0.138767272234
    },
    "spectral_spread": {
        "mean": 6557378.5,
        "var": 4.56589626573e+012
    },
    "spectral_strongpeak": {
        "mean": 0.802870690823,
        "var": 0.578460276127
    },
    "zerocrossingrate": {
        "mean": 0.0748035311699,
        "var": 0.0020924967248
    },
    "barkbands": {
        "mean": [0.00014397475752, 0.00390583812259, 0.00426665181294, 0.00731349503621, 0.00677643762901, 0.00191865349188, 0.00170790380798, 0.00132484571077, 0.00160422967747, 0.000708219595253, 0.00086537952302, 0.000567180977669, 0.000418962677941, 0.000580013263971, 0.00043001465383, 0.000325724657159, 0.000264216214418, 0.000188726451597, 0.000165584351635, 0.000135383132147, 0.000150023246533, 0.000175721113919, 0.000269742944511, 0.000515331455972, 0.000324353924952, 0.000107229425339, 5.11061898578e-006],
        "var": [4.54631532421e-008, 6.42812883598e-005, 3.68777727999e-005, 0.000197971705347, 4.30258405686e-005, 4.68912321594e-006, 1.04860419015e-005, 7.99523058959e-006, 6.78607420923e-006, 2.04287584893e-006, 2.42497071667e-006, 7.12774010481e-007, 3.02525734241e-007, 2.52142115187e-007, 1.8494598919e-007, 8.01164574682e-008, 5.02296799709e-008, 2.79369096745e-008, 1.56075152802e-008, 2.40586430778e-008, 3.13130179563e-008, 4.4506833774e-008, 1.96788676021e-007, 8.588085052e-007, 3.21962517091e-007, 3.22594608804e-008, 9.40913597036e-011]
    },
    "erbbands": {
        "mean": [0.0474055148661, 1.13160932064, 4.92241811752, 14.7175111771, 23.0026912689, 25.8705482483, 15.7413101196, 17.5191345215, 17.9123268127, 36.0952186584, 29.8257389069, 34.4729423523, 27.1325073242, 24.6461448669, 34.9950180054, 21.6212787628, 19.6875839233, 27.0105381012, 23.8038978577, 23.431055069, 17.4083404541, 15.2725515366, 11.6908063889, 8.33365726471, 7.30576562881, 6.79563617706, 6.21951770782, 6.05940961838, 6.12130975723, 6.97473526001, 8.09137535095, 9.06092357635, 9.11970710754, 5.28177452087, 1.45569932461, 0.53874284029, 0.190150991082, 0.0280498471111, 0.000692557427101, 6.70234876452e-005],
        "var": [0.0082401977852, 5.06052875519, 52.2244796753, 602.107971191, 1107.9934082, 646.134277344, 273.884033203, 449.325195313, 816.705078125, 7387.52099609, 3705.49194336, 3624.9128418, 1627.83789063, 1491.06945801, 3828.47973633, 1031.86279297, 618.829772949, 582.848754883, 439.884368896, 593.444580078, 210.590103149, 150.871353149, 103.384346008, 28.9305534363, 43.6158370972, 62.5167198181, 38.8243598938, 68.5987548828, 49.7745475769, 105.724365234, 188.225952148, 333.943786621, 241.67086792, 89.825378418, 6.4629650116, 0.926102399826, 0.103528238833, 0.00176591647323, 1.15763748454e-006, 2.41387376754e-009]
    },
    "gfcc": {
        "mean": [47.0073165894, 73.3352813721, -98.7353973389, 25.6000804901, -66.5159072876, 25.1522769928, -54.5992660522, 7.93647813797, -30.6238117218, -3.07636642456, -22.7821998596, -4.90019035339, -14.5749073029],
        "cov": [[4234.68408203, -535.978271484, -14.1257448196, 48.5698509216, -220.828689575, 126.367347717, -146.313171387, 105.856521606, -164.126693726, 53.9678421021, -180.208312988, 71.1256027222, -150.312149048], [-535.978271484, 977.516723633, -216.896514893, 69.9119110107, 119.677658081, -71.8091278076, 66.7038726807, -70.6468658447, 110.318511963, -73.8450775146, 98.336517334, -108.755386353, 94.4165649414], [-14.1257448196, -216.896514893, 410.999572754, 43.926071167, 93.6730651855, 68.595993042, 28.5112686157, 52.8427886963, -12.8022689819, 53.11668396, -14.0363121033, 63.8968696594, -25.1816196442], [48.5698509216, 69.9119110107, 43.926071167, 202.149734497, 30.8551063538, 21.0925502777, 8.72127246857, -26.5297813416, 17.0394153595, -5.47072172165, 6.07368183136, -28.8521347046, 24.8786125183], [-220.828689575, 119.677658081, 93.6730651855, 30.8551063538, 218.500900269, 55.0606880188, 48.7718238831, 30.2356338501, 36.7498855591, 18.6142158508, 16.608165741, 26.1866378784, 10.1283197403], [126.367347717, -71.8091278076, 68.595993042, 21.0925502777, 55.0606880188, 127.266738892, 45.8252220154, 35.6167640686, -8.27584075928, 18.8897514343, 9.57368755341, 24.3515529633, 0.409898847342], [-146.313171387, 66.7038726807, 28.5112686157, 8.72127246857, 48.7718238831, 45.8252220154, 98.0172119141, 33.3526763916, 22.1812133789, 9.73084068298, 15.9456605911, 0.48880007863, 6.2974524498], [105.856521606, -70.6468658447, 52.8427886963, -26.5297813416, 30.2356338501, 35.6167640686, 33.3526763916, 99.8018569946, 40.8006591797, 39.9566802979, 0.152929082513, 26.0856304169, -19.9187374115], [-164.126693726, 110.318511963, -12.8022689819, 17.0394153595, 36.7498855591, -8.27584075928, 22.1812133789, 40.8006591797, 95.763885498, 32.2044830322, 23.6511745453, -11.8564310074, 7.772960186], [53.9678421021, -73.8450775146, 53.11668396, -5.47072172165, 18.6142158508, 18.8897514343, 9.73084068298, 39.9566802979, 32.2044830322, 67.834236145, 16.9750595093, 23.578710556, -13.6622180939], [-180.208312988, 98.336517334, -14.0363121033, 6.07368183136, 16.608165741, 9.57368755341, 15.9456605911, 0.152929082513, 23.6511745453, 16.9750595093, 65.1522521973, 12.7429561615, 21.1593074799], [71.1256027222, -108.755386353, 63.8968696594, -28.8521347046, 26.1866378784, 24.3515529633, 0.48880007863, 26.0856304169, -11.8564310074, 23.578710556, 12.7429561615, 71.8234634399, 1.60724258423], [-150.312149048, 94.4165649414, -25.1816196442, 24.8786125183, 10.1283197403, 0.409898847342, 6.2974524498, -19.9187374115, 7.772960186, -13.6622180939, 21.1593074799, 1.60724258423, 56.595916748]],
        "icov": [[0.000502862036228, -0.000562225817703, 0.000365675456123, -0.000705820624717, 0.000791195197962, -0.000936661090236, 0.000948641914874, -0.000972109439317, 0.00119331513997, -0.00124963908456, 0.00191236392129, -0.00133736361749, 0.00102141324896], [-0.000562225817703, 0.00380903412588, 0.000113627604151, 0.00104995875154, -0.00308778462932, 0.00271234475076, -0.0023848740384, 0.00180891226046, -0.00343674607575, 0.00478992098942, -0.0064972336404, 0.00528875226155, -0.00291650067084], [0.000365675456123, 0.000113627604151, 0.00423360150307, -0.00194651645143, -0.000915136362892, -0.000528865028173, -0.000126600571093, -0.00126755062956, 0.00214675627649, -0.00273485900834, 0.00229297252372, -0.00295299780555, 0.00152811594307], [-0.000705820624717, 0.00104995875154, -0.00194651645143, 0.00785795785487, -0.00159210932907, -0.000515161489602, -0.000839426706079, 0.00403976393864, -0.00389945274219, 0.00186529301573, -0.00283457548358, 0.00581299746409, -0.0042621367611], [0.000791195197962, -0.00308778462932, -0.000915136362892, -0.00159210932907, 0.0094060562551, -0.00464526563883, 0.000582808570471, -0.000503127695993, -0.000742486328818, -0.00252794963308, 0.00636112922803, -0.00744808651507, 0.00297868670896], [-0.000936661090236, 0.00271234475076, -0.000528865028173, -0.000515161489602, -0.00464526563883, 0.0155477430671, -0.0065311472863, -0.00271828798577, 0.00317789544351, 0.00166117900517, -0.00736227072775, 0.00412557274103, -0.00393277546391], [0.000948641914874, -0.0023848740384, -0.000126600571093, -0.000839426706079, 0.000582808570471, -0.0065311472863, 0.0176543947309, -0.00684679532424, 0.00263721006922, -0.00183182326145, 0.00198133243248, 0.000259906228166, 0.000827086798381], [-0.000972109439317, 0.00180891226046, -0.00126755062956, 0.00403976393864, -0.000503127695993, -0.00271828798577, -0.00684679532424, 0.0255856029689, -0.0151961827651, 9.0968052973e-005, 0.00124957878143, -0.00453167501837, 0.00370754487813], [0.00119331513997, -0.00343674607575, 0.00214675627649, -0.00389945274219, -0.000742486328818, 0.00317789544351, 0.00263721006922, -0.0151961827651, 0.0292513612658, -0.0150914657861, 0.00165100046434, 0.00437548523769, -0.00236184382811], [-0.00124963908456, 0.00478992098942, -0.00273485900834, 0.00186529301573, -0.00252794963308, 0.00166117900517, -0.00183182326145, 9.0968052973e-005, -0.0150914657861, 0.0353097245097, -0.0156668890268, 0.000623021740466, 0.00376575859264], [0.00191236392129, -0.0064972336404, 0.00229297252372, -0.00283457548358, 0.00636112922803, -0.00736227072775, 0.00198133243248, 0.00124957878143, 0.00165100046434, -0.0156668890268, 0.0368519835174, -0.016323344782, -4.28426255894e-006], [-0.00133736361749, 0.00528875226155, -0.00295299780555, 0.00581299746409, -0.00744808651507, 0.00412557274103, 0.000259906228166, -0.00453167501837, 0.00437548523769, 0.000623021740466, -0.016323344782, 0.0348589755595, -0.0119026191533], [0.00102141324896, -0.00291650067084, 0.00152811594307, -0.0042621367611, 0.00297868670896, -0.00393277546391, 0.000827086798381, 0.00370754487813, -0.00236184382811, 0.00376575859264, -4.28426255894e-006, -0.0119026191533, 0.0300821252167]]
    },
    "melbands": {
        "mean": [0.000767445948441, 0.00221973145381, 0.00294430623762, 0.00173717760481, 0.00070825102739, 0.000382787693525, 0.000290976342512, 0.000376205804059, 0.000248471216764, 0.000211678954656, 0.00013426062651, 9.76895971689e-005, 0.000128379761009, 6.91362365615e-005, 4.98090485053e-005, 4.18522322434e-005, 5.10150675836e-005, 4.08215237258e-005, 3.11102230626e-005, 2.62889243459e-005, 1.92078896362e-005, 1.53269866132e-005, 1.41906584759e-005, 8.17668205855e-006, 6.48904870104e-006, 6.51340496916e-006, 3.90346940549e-006, 4.68469079351e-006, 3.87008230973e-006, 3.48003550243e-006, 3.5520279198e-006, 3.61410366168e-006, 3.13800455842e-006, 4.08948199038e-006, 4.66448909719e-006, 4.59555212728e-006, 5.94153925704e-006, 6.32756518826e-006, 6.20611035629e-006, 3.85358544008e-006],
        "var": [2.37442850448e-006, 1.24573643916e-005, 2.27497293963e-005, 3.08638777824e-006, 4.85180521537e-007, 2.05361601502e-007, 1.9683189123e-007, 7.18973922176e-007, 2.56305156654e-007, 1.26437100789e-007, 4.55493420759e-008, 2.8620275927e-008, 5.27527781458e-008, 1.45342715641e-008, 5.27176169385e-009, 2.18096340987e-009, 2.03568828461e-009, 1.58496660241e-009, 1.04306263626e-009, 7.03766156462e-010, 3.03415098601e-010, 1.65306657252e-010, 2.06209424536e-010, 4.78591749564e-011, 2.03453608127e-011, 2.7910536729e-011, 2.45321835762e-011, 3.33474081682e-011, 1.42577607706e-011, 2.09925635902e-011, 2.68980063917e-011, 1.91593459847e-011, 1.3428212535e-011, 4.42316218374e-011, 5.72295058565e-011, 9.39773814324e-011, 1.5097119388e-010, 1.19056389747e-010, 1.23035748256e-010, 5.42327918684e-011]
    },
    "mfcc": {
        "mean": [-597.511901855, 106.152885437, 21.7892913818, 2.80130672455, 13.7037334442, 2.64532589912, -2.66676926613, -0.294858932495, -2.38277196884, -2.07382559776, -5.55418539047, -4.89883136749, -7.42965745926],
        "cov": [[1788.34606934, -418.716247559, 110.270843506, -46.5469474792, -42.4061660767, -17.3802928925, 0.483838617802, 10.2175045013, 9.45815372467, 5.21868610382, -34.8936500549, -11.3318567276, -22.9742298126], [-418.716247559, 735.488464355, -150.069915771, 76.5368881226, 47.0713386536, 15.1203947067, 2.98901486397, 19.7731208801, 17.1618232727, 10.0449132919, 43.8746109009, 11.3961496353, 9.24419403076], [110.270843506, -150.069915771, 264.466461182, 30.4213161469, 27.7840919495, 29.0852375031, 37.1649398804, 8.41166687012, 10.802271843, 3.03941917419, 3.69456171989, 13.1967601776, 12.8289270401], [-46.5469474792, 76.5368881226, 30.4213161469, 163.609924316, 43.8647727966, 35.9402999878, -8.27603054047, -8.70540714264, 18.0153923035, 5.66745233536, -0.623088538647, 7.985850811, 2.31960749626], [-42.4061660767, 47.0713386536, 27.7840919495, 43.8647727966, 146.768676758, 48.8980102539, 27.5390853882, 24.5773086548, 29.2894630432, 6.00735187531, 18.9927330017, 21.2464008331, 17.3963165283], [-17.3802928925, 15.1203947067, 29.0852375031, 35.9402999878, 48.8980102539, 96.046043396, 53.8797912598, 16.977388382, 14.6060657501, 0.797031342983, 3.65451192856, 4.58127832413, 4.45689344406], [0.483838617802, 2.98901486397, 37.1649398804, -8.27603054047, 27.5390853882, 53.8797912598, 99.8854675293, 41.0909461975, 14.3824615479, 0.944571018219, 9.7201757431, 6.77038812637, 10.3924455643], [10.2175045013, 19.7731208801, 8.41166687012, -8.70540714264, 24.5773086548, 16.977388382, 41.0909461975, 66.999710083, 29.3538990021, 13.7130308151, 14.0995368958, 10.0969047546, 11.4107427597], [9.45815372467, 17.1618232727, 10.802271843, 18.0153923035, 29.2894630432, 14.6060657501, 14.3824615479, 29.3538990021, 64.9339828491, 33.133014679, 19.4615879059, 11.4500703812, 9.30962657928], [5.21868610382, 10.0449132919, 3.03941917419, 5.66745233536, 6.00735187531, 0.797031342983, 0.944571018219, 13.7130308151, 33.133014679, 65.8257522583, 32.9466896057, 16.2232666016, 9.42321395874], [-34.8936500549, 43.8746109009, 3.69456171989, -0.623088538647, 18.9927330017, 3.65451192856, 9.7201757431, 14.0995368958, 19.4615879059, 32.9466896057, 64.4839553833, 32.9065055847, 14.3581113815], [-11.3318567276, 11.3961496353, 13.1967601776, 7.985850811, 21.2464008331, 4.58127832413, 6.77038812637, 10.0969047546, 11.4500703812, 16.2232666016, 32.9065055847, 54.6758346558, 27.0028514862], [-22.9742298126, 9.24419403076, 12.8289270401, 2.31960749626, 17.3963165283, 4.45689344406, 10.3924455643, 11.4107427597, 9.30962657928, 9.42321395874, 14.3581113815, 27.0028514862, 49.2659263611]],
        "icov": [[0.000659906014334, 0.000338356767315, -0.000105191247712, 2.47353527811e-005, 9.29245506995e-005, 7.07215513103e-005, 4.32733359048e-005, -0.00025599624496, -0.000168268641573, -0.000117161944218, 0.00027672474971, -0.000184519463801, 0.000356120930519], [0.000338356767315, 0.00202537630685, 0.00119454984087, -0.00116766348947, -0.000253686535871, 0.000245194067247, -0.000304048153339, -0.000595612218603, 8.26381728984e-005, 0.000485300581204, -0.00160218484234, 0.000664925086312, -0.000214795829379], [-0.000105191247712, 0.00119454984087, 0.00503323413432, -0.00150025775656, -0.000472998101031, 0.000222772272537, -0.00206533982418, 0.0005220255116, -0.000110236374894, 0.00022859746241, -0.000651140813716, -0.000216559536057, -0.000766016717535], [2.47353527811e-005, -0.00116766348947, -0.00150025775656, 0.00869535561651, -0.00126114964951, -0.00368506461382, 0.00298756710254, 0.00196007965133, -0.00224401871674, -0.00051233288832, 0.00234303041361, -0.00172084872611, 0.00068878440652], [9.29245506995e-005, -0.000253686535871, -0.000472998101031, -0.00126114964951, 0.0098583586514, -0.00400863587856, 0.00101433123928, -0.00175620231312, -0.00280608329922, 0.0023974259384, -0.00154196936637, -0.00146571162622, -0.00132771593053], [7.07215513103e-005, 0.000245194067247, 0.000222772272537, -0.00368506461382, -0.00400863587856, 0.0194501504302, -0.0109987584874, 0.00264274189249, -0.00075409602141, -0.000348442845279, 0.000940335157793, 0.000347073742887, 0.00121128582396], [4.32733359048e-005, -0.000304048153339, -0.00206533982418, 0.00298756710254, 0.00101433123928, -0.0109987584874, 0.0209363214672, -0.0100875198841, 0.00106226501521, 0.00205616909079, -0.00174006214365, 0.000916375720408, -0.00155794527382], [-0.00025599624496, -0.000595612218603, 0.0005220255116, 0.00196007965133, -0.00175620231312, 0.00264274189249, -0.0100875198841, 0.0259736832231, -0.00933644361794, -0.000156357782544, 6.22019870207e-005, -0.000674779934343, -0.00159686268307], [-0.000168268641573, 8.26381728984e-005, -0.000110236374894, -0.00224401871674, -0.00280608329922, -0.00075409602141, 0.00106226501521, -0.00933644361794, 0.0272232685238, -0.0113760838285, -0.0002863217087, 0.00112397351768, -0.000463125034003], [-0.000117161944218, 0.000485300581204, 0.00022859746241, -0.00051233288832, 0.0023974259384, -0.000348442845279, 0.00205616909079, -0.000156357782544, -0.0113760838285, 0.0264694429934, -0.0116702690721, 0.00104958028533, -0.00148091826122], [0.00027672474971, -0.00160218484234, -0.000651140813716, 0.00234303041361, -0.00154196936637, 0.000940335157793, -0.00174006214365, 6.22019870207e-005, -0.0002863217087, -0.0116702690721, 0.0307810734957, -0.0156495943666, 0.00319403083995], [-0.000184519463801, 0.000664925086312, -0.000216559536057, -0.00172084872611, -0.00146571162622, 0.000347073742887, 0.000916375720408, -0.000674779934343, 0.00112397351768, 0.00104958028533, -0.0156495943666, 0.0351098068058, -0.0147202955559], [0.000356120930519, -0.000214795829379, -0.000766016717535, 0.00068878440652, -0.00132771593053, 0.00121128582396, -0.00155794527382, -0.00159686268307, -0.000463125034003, -0.00148091826122, 0.00319403083995, -0.0147202955559, 0.0292373262346]]
    },
    "spectral_contrast_coeffs": {
        "mean": [-0.565643966198, -0.747114419937, -0.776039421558, -0.798496365547, -0.804635345936, -0.793198168278],
        "var": [0.00735922297463, 0.00440145749599, 0.00296976510435, 0.00129028561059, 0.000743664044421, 0.000499341927934]
    },
    "spectral_contrast_valleys": {
        "mean": [-7.10917139053, -6.316177845, -6.87041807175, -7.16982793808, -7.35535287857, -9.21534824371],
        "var": [1.28295230865, 1.00175786018, 0.968230366707, 0.888210237026, 0.901384830475, 0.999010682106]
    }
},
"metadata": {
    "audio_properties": {
        "analysis_sample_rate": 44100,
        "bit_rate": 106129,
        "equal_loudness": 0,
        "length": 45.0873451233,
        "lossless": 0,
        "replay_gain": -14.7200469971,
        "sample_rate": 44100,
        "codec": "mp3",
        "downmix": "mix",
        "md5_encoded": "0b5055c9591b6d2b0775c6b82105fca0"
    },
    "tags": {
        "file_name": "759.mp3"
    },
    "version": {
        "essentia": "2.1-beta2",
        "essentia_git_sha": "v2.1_beta2",
        "extractor": "music 1.0"
    }
},
"rhythm": {
    "beats_count": 115,
    "beats_loudness": {
        "mean": 0.0511297732592,
        "var": 0.000605928071309
    },
    "bpm": 153.903030396,
    "bpm_histogram_first_peak_bpm": {
        "mean": 152,
        "var": 0
    },
    "bpm_histogram_first_peak_spread": {
        "mean": 0.0677965804935,
        "var": 0
    },
    "bpm_histogram_first_peak_weight": {
        "mean": 0.482456147671,
        "var": 0
    },
    "bpm_histogram_second_peak_bpm": {
        "mean": 157,
        "var": 0
    },
    "bpm_histogram_second_peak_spread": {
        "mean": 0.11111112684,
        "var": 0
    },
    "bpm_histogram_second_peak_weight": {
        "mean": 0.421052634716,
        "var": 0
    },
    "danceability": 1.46651828289,
    "onset_rate": 2.79349660873,
    "beats_loudness_band_ratio": {
        "mean": [0.568097174168, 0.200626373291, 0.0996750369668, 0.0751671269536, 0.0415270067751, 0.0606412366033],
        "var": [0.043123472482, 0.014010425657, 0.00990304350853, 0.00556003767997, 0.000780194008257, 0.0068876426667]
    },
    "beats_position": [0.441179126501, 0.882358253002, 1.26548755169, 1.64861679077, 2.04335594177, 2.43809509277, 2.83283448219, 3.22757363319, 3.61070299149, 3.99383211136, 4.38857126236, 4.78331041336, 5.17804956436, 5.5727891922, 5.95591831207, 6.33904743195, 6.72217655182, 7.10530614853, 7.50004529953, 7.89478445053, 8.28952407837, 8.67265319824, 9.05578231812, 9.45052146912, 9.84526062012, 10.2399997711, 10.6347389221, 11.0294780731, 11.4242172241, 11.807346344, 12.202085495, 12.5852155685, 12.9683446884, 13.3514738083, 13.7346029282, 14.117732048, 14.512471199, 14.90721035, 15.2903394699, 15.6850786209, 16.0798187256, 16.4861679077, 16.8809070587, 17.2756462097, 17.6703853607, 18.0651245117, 18.4714736938, 18.877822876, 19.272562027, 19.667301178, 20.062040329, 20.45677948, 20.851518631, 21.246257782, 21.640996933, 22.035736084, 22.4188652039, 22.8019943237, 23.1967334747, 23.5914726257, 23.974603653, 24.3577327728, 24.7408618927, 25.1123809814, 25.4955101013, 25.8786392212, 26.2617683411, 26.6448974609, 27.0280265808, 27.4227657318, 27.8175048828, 28.2006340027, 28.5837631226, 28.9785022736, 29.3616313934, 29.7447605133, 30.1394996643, 30.5226306915, 30.9057598114, 31.2772789001, 31.66040802, 32.0435371399, 32.4150543213, 32.7865753174, 33.1580963135, 33.5296134949, 33.9243545532, 34.3190917969, 34.7138328552, 35.0969619751, 35.480091095, 35.8748283386, 36.269569397, 36.6526985168, 37.0358276367, 37.4189567566, 37.8020858765, 38.1852149963, 38.5683441162, 38.9630813599, 39.3578224182, 39.7525634766, 40.1356925964, 40.5188217163, 40.9019508362, 41.3083000183, 41.703037262, 42.0977783203, 42.492515564, 42.8872566223, 43.2703857422, 43.6535148621, 44.0482521057, 44.4429931641, 44.8377304077]
},
"tonal": {
    "chords_changes_rate": 0.042181070894,
    "chords_number_rate": 0.00720164598897,
    "chords_strength": {
        "mean": 0.513999342918,
        "var": 0.00743636209518
    },
    "hpcp_entropy": {
        "mean": 2.1702029705,
        "var": 0.523965358734
    },
    "key_strength": 0.842137753963,
    "tuning_diatonic_strength": 0.711398780346,
    "tuning_equal_tempered_deviation": 0.0687279775739,
    "tuning_frequency": 440.508636475,
    "tuning_nontempered_energy_ratio": 0.696930706501,
    "hpcp": {
        "mean": [0.229018032551, 0.147304177284, 0.087590791285, 0.0847794264555, 0.0816043019295, 0.196295291185, 0.325929760933, 0.221161946654, 0.0915260985494, 0.0695685744286, 0.0567790083587, 0.0782673954964, 0.112965837121, 0.0939115360379, 0.0634929016232, 0.0659904032946, 0.0691558346152, 0.0837182253599, 0.105266876519, 0.134489789605, 0.25983056426, 0.378334999084, 0.291161060333, 0.145504519343, 0.090444907546, 0.0791229456663, 0.128210231662, 0.18471108377, 0.133267492056, 0.0710713267326, 0.0643341317773, 0.0675363093615, 0.104921326041, 0.138966649771, 0.128881186247, 0.183646067977],
        "var": [0.119900122285, 0.0548905171454, 0.0272927749902, 0.0280305352062, 0.023343693465, 0.0602884143591, 0.126536071301, 0.0581544488668, 0.0284554250538, 0.0210851449519, 0.0143581787124, 0.0197041891515, 0.0368093512952, 0.0242174305022, 0.0130891902372, 0.0171645823866, 0.0224984381348, 0.0257273577154, 0.0331924967468, 0.0483437925577, 0.088659979403, 0.138971403241, 0.102392852306, 0.0560206212103, 0.0374244600534, 0.0304064955562, 0.045251108706, 0.0757100135088, 0.0409063249826, 0.0204538125545, 0.0194756090641, 0.0204846896231, 0.0300288815051, 0.0441691726446, 0.0354619733989, 0.0692373886704]
    },
    "chords_histogram": [48.6625518799, 0, 18.8271598816, 0, 5.04115247726, 0, 0, 0, 0, 0, 0, 0, 0, 0, 0, 0.102880656719, 0, 0, 0, 1.95473253727, 0, 10.9053497314, 12.7572011948, 1.74897122383],
    "thpcp": [1, 0.769585311413, 0.384591758251, 0.239060372114, 0.209134623408, 0.338880181313, 0.488220989704, 0.352247327566, 0.187852904201, 0.170045420527, 0.178509280086, 0.277323871851, 0.367311120033, 0.340653628111, 0.485405981541, 0.605331361294, 0.38934853673, 0.231516495347, 0.224085599184, 0.215693235397, 0.518839895725, 0.861484587193, 0.584566473961, 0.241918131709, 0.183880880475, 0.150076016784, 0.206873267889, 0.298586815596, 0.248223230243, 0.167821913958, 0.174423202872, 0.182789951563, 0.221280679107, 0.278237223625, 0.355478048325, 0.686773777008],
    "chords_key": "E",
    "chords_scale": "major",
    "key_key": "E",
    "key_scale": "major"
}
}