{
"lowlevel": {
    "average_loudness": 0.972663760185,
    "barkbands_crest": {
        "mean": 13.3667383194,
        "var": 21.6055717468
    },
    "barkbands_flatness_db": {
        "mean": 0.342295378447,
        "var": 0.00657997792587
    },
    "barkbands_kurtosis": {
        "mean": 12.6907224655,
        "var": 182.917495728
    },
    "barkbands_skewness": {
        "mean": 2.41234469414,
        "var": 2.1112306118
    },
    "barkbands_spread": {
        "mean": 4.63649749756,
        "var": 19.7983894348
    },
    "dissonance": {
        "mean": 0.442380994558,
        "var": 0.00159960496239
    },
    "dynamic_complexity": 1.98754906654,
    "erbbands_crest": {
        "mean": 9.99684715271,
        "var": 15.3609800339
    },
    "erbbands_flatness_db": {
        "mean": 0.271707475185,
        "var": 0.00222596083768
    },
    "erbbands_kurtosis": {
        "mean": 2.70132637024,
        "var": 23.9294071198
    },
    "erbbands_skewness": {
        "mean": 1.16910922527,
        "var": 0.741383671761
    },
    "erbbands_spread": {
        "mean": 21.430109024,
        "var": 135.13760376
    },
    "hfc": {
        "mean": 11.8094596863,
        "var": 77.057434082
    },
    "melbands_crest": {
        "mean": 17.4723739624,
        "var": 35.6181526184
    },
    "melbands_flatness_db": {
        "mean": 0.455640792847,
        "var": 0.00978177692741
    },
    "melbands_kurtosis": {
        "mean": 23.7063732147,
        "var": 558.093078613
    },
    "melbands_skewness": {
        "mean": 3.17060041428,
        "var": 2.8681781292
    },
    "melbands_spread": {
        "mean": 4.96553421021,
        "var": 62.4938354492
    },
    "pitch_salience": {
        "mean": 0.503773570061,
        "var": 0.0316598974168
    },
    "silence_rate_20dB": {
        "mean": 1,
        "var": 0
    },
    "silence_rate_30dB": {
        "mean": 0.872811555862,
        "var": 0.111009828746
    },
    "silence_rate_60dB": {
        "mean": 0.00205973233096,
        "var": 0.00205553858541
    },
    "spectral_centroid": {
        "mean": 366.276184082,
        "var": 226677.59375
    },
    "spectral_complexity": {
        "mean": 12.6400613785,
        "var": 55.5074234009
    },
    "spectral_decrease": {
        "mean": -1.57880091223e-008,
        "var": 9.52300812276e-017
    },
    "spectral_energy": {
        "mean": 0.0606586076319,
        "var": 0.0013821485918
    },
    "spectral_energyband_high": {
        "mean": 2.32187412621e-005,
        "var": 7.92340770772e-009
    },
    "spectral_energyband_low": {
        "mean": 0.0410439260304,
        "var": 0.00153369782493
    },
    "spectral_energyband_middle_high": {
        "mean": 0.00207247422077,
        "var": 1.72872350959e-005
    },
    "spectral_energyband_middle_low": {
        "mean": 0.0207743421197,
        "var": 0.000275630794931
    },
    "spectral_entropy": {
        "mean": 6.26636362076,
        "var": 0.353812843561
    },
    "spectral_flux": {
        "mean": 0.0903888642788,
        "var": 0.00157365342602
    },
    "spectral_kurtosis": {
        "mean": 38.3383674622,
        "var": 679.713378906
    },
    "spectral_rms": {
        "mean": 0.00735154422,
        "var": 5.13404347657e-006
    },
    "spectral_rolloff": {
        "mean": 343.378448486,
        "var": 760614.1875
    },
    "spectral_skewness": {
        "mean": 4.03745555878,
        "var": 2.87772297859
    },
    "spectral_spread": {
        "mean": 1609576.625,
        "var": 2.90004874035e+012
    },
    "spectral_strongpeak": {
        "mean": 0.771269798279,
        "var": 0.337682873011
    },
    "zerocrossingrate": {
        "mean": 0.0124954236671,
        "var": 0.000557057966944
    },
    "barkbands": {
        "mean": [0.000168308004504, 0.0264757350087, 0.0112807694823, 0.00539294583723, 0.00979560054839, 0.002723938087, 0.00116713042371, 0.00073676451575, 0.000755000917707, 0.000492217484862, 0.000424098601798, 0.000197823348572, 0.000211179591133, 0.000204858704819, 0.000179928727448, 0.000268135190709, 9.79323958745e-005, 3.01308609778e-005, 2.89323234028e-005, 8.50407286634e-006, 1.01041105154e-005, 3.60094168173e-006, 2.23858751269e-006, 1.83905922313e-006, 7.99750239366e-007, 2.54580555747e-007, 1.5686575594e-008],
        "var": [3.22824647014e-008, 0.000962338526733, 0.000246341282036, 3.08547423629e-005, 0.000138537972816, 2.71470435109e-005, 3.16963132718e-006, 1.271561473e-006, 3.12100769406e-006, 1.85979718026e-006, 1.0196418998e-006, 2.51421425901e-007, 4.05140610837e-007, 2.04552449645e-007, 1.87151968589e-007, 3.53652637841e-007, 5.89390367622e-008, 4.6438493051e-009, 4.09580325211e-009, 9.53854439878e-010, 1.48505507891e-009, 2.09389991457e-010, 1.07126967019e-010, 7.01747271403e-011, 1.31392396963e-011, 1.40518879085e-012, 4.6129969114e-015]
    },
    "erbbands": {
        "mean": [0.403568983078, 7.07594776154, 16.2469654083, 15.1767807007, 32.0153617859, 26.9037742615, 18.3894805908, 25.6429672241, 19.2092914581, 13.7884626389, 17.7100334167, 19.6982250214, 17.7160263062, 15.1699552536, 13.406419754, 9.00889968872, 9.70493412018, 9.96559524536, 9.30167579651, 14.4367780685, 11.3945331573, 5.61633968353, 2.01247024536, 1.63909888268, 1.03853535652, 0.40948009491, 0.393059045076, 0.376586228609, 0.134540066123, 0.0954108461738, 0.0606945939362, 0.043771777302, 0.0275219213217, 0.0115194264799, 0.00446650572121, 0.00153080024756, 0.000362656835932, 6.80252705934e-005, 2.92942386295e-005, 6.64303588565e-005],
        "var": [0.21249769628, 72.3004074097, 492.44442749, 209.15411377, 2044.33911133, 692.483947754, 576.651062012, 3818.42358398, 673.364318848, 1318.1739502, 678.136291504, 2140.83520508, 2351.12768555, 779.439331055, 1054.21435547, 552.645385742, 753.668762207, 550.551147461, 416.197753906, 1082.61328125, 674.526000977, 181.745605469, 18.5615959167, 13.7319784164, 5.67440748215, 1.96875, 2.23077821732, 2.14036989212, 0.274745851755, 0.173938199878, 0.0834698006511, 0.041705917567, 0.0153520908207, 0.00264245434664, 0.000431934982771, 5.0202710554e-005, 2.61339027929e-006, 9.73711635766e-008, 3.31956129251e-010, 1.62155266992e-009]
    },
    "gfcc": {
        "mean": [-113.506736755, 225.424728394, -94.1828918457, 15.650302887, -12.3623552322, -10.6696071625, -21.7529468536, -6.65346860886, -4.00271129608, -15.2268619537, -5.79716205597, -13.574131012, 3.72747516632],
        "cov": [[6420.02050781, -697.189208984, -1819.32617188, -16.0094738007, -500.85848999, 232.399505615, -308.430297852, 173.563583374, -219.121841431, -1.56707644463, -217.893295288, 12.7070503235, -153.749954224], [-697.189208984, 947.04095459, 68.3424301147, -301.155517578, 402.439849854, -176.659561157, 79.3869552612, -81.6463546753, 160.181747437, -93.1468353271, 101.272354126, -47.5927848816, 55.994304657], [-1819.32617188, 68.3424301147, 1194.96105957, 307.767333984, -14.3281555176, 9.35254383087, 127.074668884, -31.1764965057, 57.0058898926, 120.754371643, 91.4793243408, 38.3122177124, 73.7253646851], [-16.0094738007, -301.155517578, 307.767333984, 330.817993164, -165.333328247, 76.0241928101, 31.7155323029, 7.09521770477, -48.952747345, 65.3418731689, -10.4309625626, 10.1819381714, 24.9904594421], [-500.85848999, 402.439849854, -14.3281555176, -165.333328247, 422.296295166, -81.9746017456, 83.1884689331, -9.88393688202, 76.7325057983, -49.6734085083, 17.7031860352, -41.6828308105, -26.8371315002], [232.399505615, -176.659561157, 9.35254383087, 76.0241928101, -81.9746017456, 100.087272644, 7.94124984741, 35.5767669678, -5.01634407043, 38.6802177429, -2.87732172012, 18.4107379913, 5.54248809814], [-308.430297852, 79.3869552612, 127.074668884, 31.7155323029, 83.1884689331, 7.94124984741, 100.743515015, 18.3271198273, 36.4789962769, 19.5360355377, 21.1533279419, -7.97571468353, 11.4332408905], [173.563583374, -81.6463546753, -31.1764965057, 7.09521770477, -9.88393688202, 35.5767669678, 18.3271198273, 60.186126709, 19.53947258, 30.025308609, 0.655621290207, 15.6185798645, -6.8839006424], [-219.121841431, 160.181747437, 57.0058898926, -48.952747345, 76.7325057983, -5.01634407043, 36.4789962769, 19.53947258, 94.1278686523, 28.6477394104, 46.1205673218, 13.1379470825, 29.3349380493], [-1.56707644463, -93.1468353271, 120.754371643, 65.3418731689, -49.6734085083, 38.6802177429, 19.5360355377, 30.025308609, 28.6477394104, 82.7101745605, 28.1607208252, 32.6649398804, 14.471496582], [-217.893295288, 101.272354126, 91.4793243408, -10.4309625626, 17.7031860352, -2.87732172012, 21.1533279419, 0.655621290207, 46.1205673218, 28.1607208252, 63.0002326965, 24.797706604, 31.6060523987], [12.7070503235, -47.5927848816, 38.3122177124, 10.1819381714, -41.6828308105, 18.4107379913, -7.97571468353, 15.6185798645, 13.1379470825, 32.6649398804, 24.797706604, 48.1184616089, 21.3744659424], [-153.749954224, 55.994304657, 73.7253646851, 24.9904594421, -26.8371315002, 5.54248809814, 11.4332408905, -6.8839006424, 29.3349380493, 14.471496582, 31.6060523987, 21.3744659424, 56.4068527222]],
        "icov": [[0.000871892552823, -0.00232589500956, 0.00168969354127, -0.00209289207123, 0.000909696740564, -0.00177197251469, 0.00175437156577, -0.00248603289947, 0.00212695891969, -0.0027647963725, 0.00224506552331, -0.00178471778054, 0.00237362412736], [-0.00232589500956, 0.0128149958327, -0.00510697206482, 0.00870945770293, -0.00449250265956, 0.00819971319288, -0.00617016293108, 0.0106988251209, -0.0111500956118, 0.0118613624945, -0.0116663910449, 0.00992295797914, -0.0110990898684], [0.00168969354127, -0.00510697206482, 0.00503751449287, -0.00609437702224, 0.00186955288518, -0.00281696417369, 0.0020954455249, -0.00293444865383, 0.00356909492984, -0.00679371366277, 0.00395815912634, -0.00520798563957, 0.00581703707576], [-0.00209289207123, 0.00870945770293, -0.00609437702224, 0.0151689937338, -0.00191111001186, 0.00293560978025, -0.00705922255293, 0.00719762407243, -0.000833409489132, 0.00321838818491, -0.00535527197644, 0.0114181516692, -0.0137121379375], [0.000909696740564, -0.00449250265956, 0.00186955288518, -0.00191111001186, 0.00744474027306, -0.00108390173409, -0.00287871505134, -0.00173518271185, -0.00124091573525, -0.00104230886791, 0.0045448592864, -0.00426485762, 0.00934492144734], [-0.00177197251469, 0.00819971319288, -0.00281696417369, 0.00293560978025, -0.00108390173409, 0.0233498513699, -0.00604973547161, 8.98545295058e-006, -0.00696110026911, 0.00495383935049, -0.00621921755373, 0.00466404063627, -0.00810444261879], [0.00175437156577, -0.00617016293108, 0.0020954455249, -0.00705922255293, -0.00287871505134, -0.00604973547161, 0.0249899104238, -0.0156124141067, 0.00669444678351, -0.00840209051967, 0.000843110552523, 0.00595585023984, -0.000505301170051], [-0.00248603289947, 0.0106988251209, -0.00293444865383, 0.00719762407243, -0.00173518271185, 8.98545295058e-006, -0.0156124141067, 0.0469884946942, -0.0227323379368, 0.00629440136254, -0.000862801156472, -0.00698600104079, 0.00466028926894], [0.00212695891969, -0.0111500956118, 0.00356909492984, -0.000833409489132, -0.00124091573525, -0.00696110026911, 0.00669444678351, -0.0227323379368, 0.0447852015495, -0.0228744540364, -0.00133644859307, 0.00412006257102, -0.00970199238509], [-0.0027647963725, 0.0118613624945, -0.00679371366277, 0.00321838818491, -0.00104230886791, 0.00495383935049, -0.00840209051967, 0.00629440136254, -0.0228744540364, 0.0450776331127, -0.0170376189053, -0.00529159000143, 0.0015144366771], [0.00224506552331, -0.0116663910449, 0.00395815912634, -0.00535527197644, 0.0045448592864, -0.00621921755373, 0.000843110552523, -0.000862801156472, -0.00133644859307, -0.0170376189053, 0.0498444139957, -0.0225354526192, 0.00307354144752], [-0.00178471778054, 0.00992295797914, -0.00520798563957, 0.0114181516692, -0.00426485762, 0.00466404063627, 0.00595585023984, -0.00698600104079, 0.00412006257102, -0.00529159000143, -0.0225354526192, 0.0567222684622, -0.0271658878773], [0.00237362412736, -0.0110990898684, 0.00581703707576, -0.0137121379375, 0.00934492144734, -0.00810444261879, -0.000505301170051, 0.00466028926894, -0.00970199238509, 0.0015144366771, 0.00307354144752, -0.0271658878773, 0.0528306849301]]
    },
    "melbands": {
        "mean": [0.00567307509482, 0.00923574529588, 0.00307624321431, 0.00235692667775, 0.000693752372172, 0.000546821276657, 0.000285755610093, 0.0001459660416, 0.000132713044877, 0.000125544247567, 8.71664014994e-005, 5.99409067945e-005, 5.56588202016e-005, 2.31093235925e-005, 2.05411088245e-005, 2.11415608646e-005, 1.85801745829e-005, 1.54369572556e-005, 1.46928132381e-005, 2.26334395848e-005, 1.06863953988e-005, 6.485022368e-006, 2.42232545133e-006, 1.35974244131e-006, 1.33433331939e-006, 1.01885200365e-006, 3.80852412718e-007, 2.44518247428e-007, 2.35008528193e-007, 2.57493809386e-007, 1.97844883587e-007, 7.39362491231e-008, 5.89000421769e-008, 4.83020343722e-008, 3.3836453639e-008, 3.3132117494e-008, 2.42642759218e-008, 2.12751452011e-008, 1.33549145076e-008, 8.36434921325e-009],
        "var": [4.40418698417e-005, 0.000122068719065, 6.27192184766e-006, 8.3831291704e-006, 7.26142559415e-007, 1.51842345986e-006, 1.51785314983e-007, 1.24407293356e-007, 3.79447619991e-008, 1.01708437228e-007, 6.01941962941e-008, 1.21078036486e-008, 1.97112441924e-008, 2.99428859485e-009, 2.57701593398e-009, 5.03832708887e-009, 1.9455097533e-009, 1.16296217101e-009, 1.25556021136e-009, 2.50694909276e-009, 6.46494635603e-010, 2.67733668569e-010, 2.79965148287e-011, 1.00032005249e-011, 9.59263050937e-012, 5.16394479261e-012, 1.4458688153e-012, 8.02895510493e-013, 7.98961808171e-013, 1.02806370188e-012, 5.98894198123e-013, 8.30572725397e-014, 6.6521075215e-014, 4.60334556389e-014, 2.71709314526e-014, 2.60656686529e-014, 1.28626772658e-014, 9.74308626128e-015, 3.43267471061e-015, 1.52794325179e-015]
    },
    "mfcc": {
        "mean": [-759.731567383, 247.97253418, 3.05193734169, 31.3939113617, 29.1478843689, 4.09510850906, 1.17873597145, 4.39366579056, 6.75639104843, 1.29029846191, -2.33086109161, -2.80719900131, -1.9455935955],
        "cov": [[4957.3125, -631.832946777, -1716.15649414, -225.179794312, -473.632080078, -86.4671859741, -138.708755493, 9.23330020905, -15.5298442841, -55.8440246582, -48.910358429, -81.0816726685, -127.708312988], [-631.832946777, 1083.03320313, -280.858856201, -160.385559082, 272.020050049, -69.5344619751, -16.3485469818, 37.4910507202, 25.8185901642, 2.88634610176, 57.4541625977, -12.9326133728, 60.5400238037], [-1716.15649414, -280.858856201, 1306.83886719, 285.640350342, 14.0773973465, 120.75920105, 69.7214431763, -50.4542045593, -3.73480963707, 49.0861663818, -20.0337181091, 94.4404983521, 58.8469238281], [-225.179794312, -160.385559082, 285.640350342, 206.94833374, -15.2781400681, 61.2064933777, 58.471572876, -21.8196563721, 23.6643276215, 16.921049118, -7.30748033524, 38.9296684265, -8.49478149414], [-473.632080078, 272.020050049, 14.0773973465, -15.2781400681, 201.767837524, 7.80279111862, 17.7719497681, 36.9638519287, 8.8038225174, 11.6030445099, 35.352268219, -1.42999696732, 18.7254333496], [-86.4671859741, -69.5344619751, 120.75920105, 61.2064933777, 7.80279111862, 68.7034072876, 35.5750350952, 0.0832438096404, 19.0110359192, 16.88397789, 3.35002303123, 25.1377944946, 5.17272424698], [-138.708755493, -16.3485469818, 69.7214431763, 58.471572876, 17.7719497681, 35.5750350952, 68.9417953491, 15.9485692978, 19.1973114014, 17.1820774078, 11.837064743, 15.7323608398, -4.42258882523], [9.23330020905, 37.4910507202, -50.4542045593, -21.8196563721, 36.9638519287, 0.0832438096404, 15.9485692978, 50.0054359436, 14.3541097641, 7.81997442245, 16.4501495361, -5.47526693344, 2.07926893234], [-15.5298442841, 25.8185901642, -3.73480963707, 23.6643276215, 8.8038225174, 19.0110359192, 19.1973114014, 14.3541097641, 54.0536003113, 25.4363937378, 11.0974245071, 24.6366901398, 9.34219837189], [-55.8440246582, 2.88634610176, 49.0861663818, 16.921049118, 11.6030445099, 16.88397789, 17.1820774078, 7.81997442245, 25.4363937378, 38.3675460815, 19.9591083527, 20.5453567505, 12.3857488632], [-48.910358429, 57.4541625977, -20.0337181091, -7.30748033524, 35.352268219, 3.35002303123, 11.837064743, 16.4501495361, 11.0974245071, 19.9591083527, 41.9328422546, 17.5978279114, 10.9795675278], [-81.0816726685, -12.9326133728, 94.4404983521, 38.9296684265, -1.42999696732, 25.1377944946, 15.7323608398, -5.47526693344, 24.6366901398, 20.5453567505, 17.5978279114, 59.0174751282, 29.2310009003], [-127.708312988, 60.5400238037, 58.8469238281, -8.49478149414, 18.7254333496, 5.17272424698, -4.42258882523, 2.07926893234, 9.34219837189, 12.3857488632, 10.9795675278, 29.2310009003, 48.2431411743]],
        "icov": [[0.000873679236975, 0.000263295398327, 0.00148702855222, -0.000859770691022, 0.00152769708075, -0.00124853197485, 0.00176737236325, -0.00158822676167, 0.00169249472674, -0.00176003924571, 0.000931651797146, -0.00118216872215, 0.000416855677031], [0.000263295398327, 0.00218431442045, 0.000633489165921, 0.000803269504104, -0.00230846414343, 0.00168310664594, -0.000962634512689, 0.00216197106056, -0.00204529147595, 0.00102403957862, -0.000693862501066, 0.000859761319589, -0.00237111421302], [0.00148702855222, 0.000633489165921, 0.00407255114987, -0.00326564372517, 0.00194626580924, -0.00276591582224, 0.00315222563222, -0.00270179193467, 0.00544543378055, -0.00546611752361, 0.0036932672374, -0.00294180237688, -0.00116392062046], [-0.000859770691022, 0.000803269504104, -0.00326564372517, 0.0132248802111, -0.00293672224507, -9.80241093202e-005, -0.00882431864738, 0.00782614201307, -0.00700235040858, 0.00483604986221, -7.56081572035e-005, -0.00251314230263, 0.00468659913167], [0.00152769708075, -0.00230846414343, 0.00194626580924, -0.00293672224507, 0.0133635401726, -0.00605250755325, 0.00433913106099, -0.00878111459315, 0.00503153260797, -0.00225310749374, -0.00397369684651, 0.00117230298929, 8.61593653099e-005], [-0.00124853197485, 0.00168310664594, -0.00276591582224, -9.80241093202e-005, -0.00605250755325, 0.0295172352344, -0.0121468584985, 0.00530436681584, -0.00674205925316, 0.000216590604396, 0.00236444058828, -0.00296335387975, -0.00171100918669], [0.00176737236325, -0.000962634512689, 0.00315222563222, -0.00882431864738, 0.00433913106099, -0.0121468584985, 0.0331469327211, -0.015464941971, 0.00633725244552, -0.00913719274104, 0.0002387931454, -0.00564173143357, 0.00829375162721], [-0.00158822676167, 0.00216197106056, -0.00270179193467, 0.00782614201307, -0.00878111459315, 0.00530436681584, -0.015464941971, 0.0408755987883, -0.0183503031731, 0.0102360602468, -0.0136905508116, 0.014791467227, -0.0075044548139], [0.00169249472674, -0.00204529147595, 0.00544543378055, -0.00700235040858, 0.00503153260797, -0.00674205925316, 0.00633725244552, -0.0183503031731, 0.0458240173757, -0.0293154995888, 0.0162423942238, -0.0193521827459, 0.00599511526525], [-0.00176003924571, 0.00102403957862, -0.00546611752361, 0.00483604986221, -0.00225310749374, 0.000216590604396, -0.00913719274104, 0.0102360602468, -0.0293154995888, 0.0628110691905, -0.0287761744112, 0.00988322030753, -0.00874077808112], [0.000931651797146, -0.000693862501066, 0.0036932672374, -7.56081572035e-005, -0.00397369684651, 0.00236444058828, 0.0002387931454, -0.0136905508116, 0.0162423942238, -0.0287761744112, 0.0534670911729, -0.0232971198857, 0.0069094770588], [-0.00118216872215, 0.000859761319589, -0.00294180237688, -0.00251314230263, 0.00117230298929, -0.00296335387975, -0.00564173143357, 0.014791467227, -0.0193521827459, 0.00988322030753, -0.0232971198857, 0.0508157461882, -0.0266319103539], [0.000416855677031, -0.00237111421302, -0.00116392062046, 0.00468659913167, 8.61593653099e-005, -0.00171100918669, 0.00829375162721, -0.0075044548139, 0.00599511526525, -0.00874077808112, 0.0069094770588, -0.0266319103539, 0.043933223933]]
    },
    "spectral_contrast_coeffs": {
        "mean": [-0.621619880199, -0.761443018913, -0.817875623703, -0.845344662666, -0.78008890152, -0.780341088772],
        "var": [0.00683142943308, 0.00336602190509, 0.00182448676787, 0.00128336949274, 0.00517654651776, 0.00120816379786]
    },
    "spectral_contrast_valleys": {
        "mean": [-6.28123569489, -6.38852119446, -7.36888933182, -7.93123197556, -9.39720726013, -13.1148176193],
        "var": [1.02062284946, 1.11432862282, 1.35563325882, 1.53515195847, 1.30293214321, 1.24977123737]
    }
},
"metadata": {
    "audio_properties": {
        "analysis_sample_rate": 44100,
        "bit_rate": 111957,
        "equal_loudness": 0,
        "length": 45.0612258911,
        "lossless": 0,
        "replay_gain": -13.4415016174,
        "sample_rate": 44100,
        "codec": "mp3",
        "downmix": "mix",
        "md5_encoded": "1681bd983bd5923150c0c41f2f820812"
    },
    "tags": {
        "file_name": "76.mp3"
    },
    "version": {
        "essentia": "2.1-beta2",
        "essentia_git_sha": "v2.1_beta2",
        "extractor": "music 1.0"
    }
},
"rhythm": {
    "beats_count": 72,
    "beats_loudness": {
        "mean": 0.0678460970521,
        "var": 0.0010077735642
    },
    "bpm": 96.6844940186,
    "bpm_histogram_first_peak_bpm": {
        "mean": 98,
        "var": 0
    },
    "bpm_histogram_first_peak_spread": {
        "mean": 0.477611958981,
        "var": 0
    },
    "bpm_histogram_first_peak_weight": {
        "mean": 0.492957741022,
        "var": 0
    },
    "bpm_histogram_second_peak_bpm": {
        "mean": 91,
        "var": 0
    },
    "bpm_histogram_second_peak_spread": {
        "mean": 0.25,
        "var": 0
    },
    "bpm_histogram_second_peak_weight": {
        "mean": 0.0422535203397,
        "var": 0
    },
    "danceability": 1.15759956837,
    "onset_rate": 2.99457359314,
    "beats_loudness_band_ratio": {
        "mean": [0.666550934315, 0.285750538111, 0.0820287615061, 0.035556986928, 0.0182656869292, 0.00411877222359],
        "var": [0.0522253327072, 0.0351825989783, 0.006616785191, 0.00234000827186, 0.000876539503224, 3.17557423841e-005]
    },
    "beats_position": [0.650158703327, 1.31192743778, 1.97369611263, 2.65868473053, 3.32045340538, 3.94739222527, 4.57433080673, 5.20126962662, 5.81659841537, 6.43192720413, 7.05886602402, 7.6858048439, 8.3011341095, 8.91646194458, 9.54340076447, 10.1587295532, 10.7856683731, 11.4009971619, 12.0279359818, 12.6548748016, 13.2702035904, 13.8855323792, 14.512471199, 15.1394100189, 15.7547388077, 16.3700675964, 16.99700737, 17.6239452362, 18.2392749786, 18.8662128448, 19.4815406799, 20.0968704224, 20.7121982574, 21.3159179688, 21.9196376801, 22.523355484, 23.1502952576, 23.7656230927, 24.3809528351, 25.0078907013, 25.6348285675, 26.2501583099, 26.865486145, 27.4808158875, 28.0961437225, 28.7230834961, 29.3616313934, 29.988571167, 30.6271190643, 31.2540588379, 31.8809967041, 32.5079345703, 33.1232643127, 33.7618141174, 34.3887519836, 35.0156898499, 35.6542396545, 36.2927894592, 36.908115387, 37.5234451294, 38.1271629333, 38.730884552, 39.3578224182, 39.9847602844, 40.6116981506, 41.2270278931, 41.8423576355, 42.4460754395, 43.0614051819, 43.6767349243, 44.2920608521, 44.9073905945]
},
"tonal": {
    "chords_changes_rate": 0.0864197537303,
    "chords_number_rate": 0.00823045242578,
    "chords_strength": {
        "mean": 0.437437653542,
        "var": 0.00756720639765
    },
    "hpcp_entropy": {
        "mean": 2.23977947235,
        "var": 0.561614215374
    },
    "key_strength": 0.438964515924,
    "tuning_diatonic_strength": 0.365336686373,
    "tuning_equal_tempered_deviation": 0.200334638357,
    "tuning_frequency": 439.238189697,
    "tuning_nontempered_energy_ratio": 0.886494755745,
    "hpcp": {
        "mean": [0.0424411818385, 0.0487489625812, 0.0465763360262, 0.0390832908452, 0.0383273214102, 0.0613955110312, 0.0945959687233, 0.0686181858182, 0.0321837887168, 0.0456356853247, 0.0806855931878, 0.145122766495, 0.24568605423, 0.270147919655, 0.201471939683, 0.181872427464, 0.172104150057, 0.112613297999, 0.0674924328923, 0.0538758262992, 0.0536716468632, 0.0560582242906, 0.069825142622, 0.100186243653, 0.122230172157, 0.106356374919, 0.0934264436364, 0.095812022686, 0.0981357470155, 0.200872570276, 0.345008075237, 0.292422264814, 0.160133108497, 0.12065692246, 0.096232958138, 0.0607492998242],
        "var": [0.0123581616208, 0.0158113818616, 0.0138215431944, 0.00954212155193, 0.00964062102139, 0.0101845739409, 0.0238605365157, 0.0166311711073, 0.00854671932757, 0.0200543180108, 0.0446575134993, 0.0742761790752, 0.119576193392, 0.128870353103, 0.0900026708841, 0.0754824951291, 0.0808935016394, 0.0473915748298, 0.0313494279981, 0.0201680976897, 0.0197290536016, 0.0209769681096, 0.0282139461488, 0.0350981317461, 0.0399680286646, 0.0355080924928, 0.040725775063, 0.0506000816822, 0.0472748652101, 0.0793977826834, 0.171644628048, 0.120452016592, 0.0630957707763, 0.0427770838141, 0.0288654863834, 0.0200930088758]
    },
    "chords_histogram": [61.0082321167, 0.205761313438, 0, 1.13168728352, 1.44032919407, 2.46913576126, 0, 0, 0, 0, 0.514403283596, 5.45267486572, 23.0452671051, 0, 0, 0, 0, 3.18930029869, 0, 0.308641970158, 0, 0, 1.23456788063, 0],
    "thpcp": [1, 0.847580909729, 0.464143067598, 0.349722027779, 0.278929591179, 0.176080808043, 0.123015038669, 0.141298040748, 0.135000705719, 0.113282248378, 0.111091084778, 0.177953839302, 0.274184793234, 0.198888629675, 0.0932841598988, 0.132274255157, 0.233865812421, 0.420635849237, 0.712116837502, 0.783019125462, 0.583962976933, 0.52715408802, 0.498840928078, 0.326407730579, 0.195625662804, 0.156158164144, 0.155566349626, 0.162483796477, 0.202386975288, 0.2903881073, 0.354282051325, 0.308272123337, 0.270794957876, 0.277709513903, 0.284444779158, 0.582225680351],
    "chords_key": "G",
    "chords_scale": "major",
    "key_key": "G",
    "key_scale": "major"
}
}