{
"lowlevel": {
    "average_loudness": 0.754114031792,
    "barkbands_crest": {
        "mean": 11.0631723404,
        "var": 37.6117134094
    },
    "barkbands_flatness_db": {
        "mean": 0.22815926373,
        "var": 0.0203300230205
    },
    "barkbands_kurtosis": {
        "mean": 18.6049022675,
        "var": 6000.89306641
    },
    "barkbands_skewness": {
        "mean": 1.54086887836,
        "var": 13.3510160446
    },
    "barkbands_spread": {
        "mean": 22.550453186,
        "var": 281.875762939
    },
    "dissonance": {
        "mean": 0.411957502365,
        "var": 0.0103718284518
    },
    "dynamic_complexity": 3.79925179482,
    "erbbands_crest": {
        "mean": 11.7511558533,
        "var": 48.0283966064
    },
    "erbbands_flatness_db": {
        "mean": 0.255317956209,
        "var": 0.0166915375739
    },
    "erbbands_kurtosis": {
        "mean": 6.62936306,
        "var": 382.330932617
    },
    "erbbands_skewness": {
        "mean": 0.166880354285,
        "var": 4.90464162827
    },
    "erbbands_spread": {
        "mean": 24.2269420624,
        "var": 226.912612915
    },
    "hfc": {
        "mean": 9.57341861725,
        "var": 308.232513428
    },
    "melbands_crest": {
        "mean": 16.7080459595,
        "var": 59.7251396179
    },
    "melbands_flatness_db": {
        "mean": 0.262474566698,
        "var": 0.0229705907404
    },
    "melbands_kurtosis": {
        "mean": 24.5713253021,
        "var": 6869.53466797
    },
    "melbands_skewness": {
        "mean": 2.35061240196,
        "var": 9.61062240601
    },
    "melbands_spread": {
        "mean": 31.9111499786,
        "var": 700.995483398
    },
    "pitch_salience": {
        "mean": 0.518784463406,
        "var": 0.0426314398646
    },
    "silence_rate_20dB": {
        "mean": 1,
        "var": 0
    },
    "silence_rate_30dB": {
        "mean": 0.992794632912,
        "var": 0.00715337321162
    },
    "silence_rate_60dB": {
        "mean": 0.499742656946,
        "var": 0.250004827976
    },
    "spectral_centroid": {
        "mean": 1608.84155273,
        "var": 855273.5625
    },
    "spectral_complexity": {
        "mean": 9.92280006409,
        "var": 122.143478394
    },
    "spectral_decrease": {
        "mean": -2.60862709212e-009,
        "var": 2.80001993925e-017
    },
    "spectral_energy": {
        "mean": 0.0107139013708,
        "var": 0.000435867812485
    },
    "spectral_energyband_high": {
        "mean": 0.000591243733652,
        "var": 2.37319454754e-006
    },
    "spectral_energyband_low": {
        "mean": 0.00526766525581,
        "var": 0.000261523207882
    },
    "spectral_energyband_middle_high": {
        "mean": 0.00229327077977,
        "var": 1.03571383079e-005
    },
    "spectral_energyband_middle_low": {
        "mean": 0.00299318809994,
        "var": 4.45775549451e-005
    },
    "spectral_entropy": {
        "mean": 7.00886440277,
        "var": 1.31482946873
    },
    "spectral_flux": {
        "mean": 0.0591312199831,
        "var": 0.00306907179765
    },
    "spectral_kurtosis": {
        "mean": 15.5981416702,
        "var": 529.466918945
    },
    "spectral_rms": {
        "mean": 0.00236408505589,
        "var": 4.8636829888e-006
    },
    "spectral_rolloff": {
        "mean": 2170.75048828,
        "var": 3172167
    },
    "spectral_skewness": {
        "mean": 2.2687253952,
        "var": 2.56371235847
    },
    "spectral_spread": {
        "mean": 4120238.5,
        "var": 8.49151420006e+012
    },
    "spectral_strongpeak": {
        "mean": 0.464448392391,
        "var": 0.343740135431
    },
    "zerocrossingrate": {
        "mean": 0.0710096135736,
        "var": 0.00260490295477
    },
    "barkbands": {
        "mean": [0.000150637730258, 0.00366895017214, 0.00102854392026, 0.00131093605887, 0.000850048381835, 0.000337897101417, 0.000237008804106, 0.000122815719806, 0.000112356327008, 8.88840295374e-005, 0.000105843646452, 0.000206412631087, 0.000207717443118, 0.000119714844914, 0.000428033381468, 0.000374869006919, 0.000277371727861, 0.000205305157579, 0.000207747347304, 0.00016301991127, 0.000174247048562, 0.000134003843414, 0.000103373895399, 4.95569875056e-005, 3.37225137628e-005, 1.44951509355e-005, 3.89144275914e-007],
        "var": [3.47057039107e-007, 0.000191671744687, 8.56121550896e-006, 1.43008683153e-005, 5.26503481524e-006, 4.63595739575e-007, 1.5351108118e-007, 8.87080133793e-008, 2.70002438185e-008, 1.57597952466e-008, 4.29265440971e-008, 1.8941733515e-007, 1.30387036279e-007, 3.62815306687e-008, 4.65430076702e-007, 3.11447337253e-007, 3.0007348073e-007, 2.88298110718e-007, 4.53979197346e-007, 2.60378243411e-007, 3.05536474343e-007, 1.46946746327e-007, 5.67290889819e-008, 1.11577085349e-008, 4.62345273178e-009, 6.79649170277e-010, 1.51439125996e-012]
    },
    "erbbands": {
        "mean": [0.134607464075, 0.70473587513, 1.21963143349, 2.58538031578, 5.07703447342, 1.65555167198, 1.75871944427, 3.24772620201, 3.55743503571, 2.96714472771, 2.60814070702, 2.33561348915, 2.79205846786, 3.81948399544, 5.18436861038, 8.94416427612, 9.88555812836, 6.32905340195, 12.2300443649, 26.080581665, 21.8414592743, 14.3229789734, 12.5220947266, 11.0709152222, 9.63435173035, 7.64862298965, 7.62020921707, 6.12681484222, 4.86563491821, 3.52790665627, 2.93279767036, 1.30090343952, 0.781040251255, 0.424960434437, 0.200385332108, 0.0901508703828, 0.021844746545, 0.0023144823499, 6.30584618193e-005, 1.58237671712e-005],
        "var": [0.314112871885, 6.72841119766, 11.8613710403, 41.3778152466, 234.736373901, 18.0438289642, 11.0444564819, 42.1511993408, 43.9035606384, 22.4617767334, 31.8296947479, 12.2011032104, 13.5163507462, 26.927072525, 55.7216491699, 428.769317627, 315.974639893, 88.6503829956, 307.559631348, 2290.79980469, 1049.34631348, 836.22857666, 1073.73046875, 1282.34558105, 886.761535645, 540.000183105, 598.088562012, 378.84085083, 199.767333984, 89.5829391479, 42.8987426758, 7.54275846481, 2.75394797325, 0.875596344471, 0.144313588738, 0.0293564274907, 0.00180505099706, 3.02434746118e-005, 1.80092811775e-008, 7.28824778307e-010]
    },
    "gfcc": {
        "mean": [-173.111404419, 75.7885437012, -160.308822632, -1.59458780289, -50.6834754944, -1.40783178806, -58.077747345, -1.14384019375, -15.3505554199, -0.397781908512, -12.407910347, 8.40677452087, -6.23498344421],
        "cov": [[36151.6054688, -3342.47558594, 3797.30053711, 8348.03515625, 534.994384766, 5230.27685547, 909.531921387, 1189.70300293, -1573.37475586, 8.98152923584, -2027.3380127, -1112.66125488, -1237.32849121], [-3342.47558594, 3241.44458008, -783.236572266, -1388.05505371, 950.175354004, -956.303039551, 242.223083496, -228.265701294, 275.832214355, -291.271026611, 397.649749756, -0.200448393822, 374.30581665], [3797.30053711, -783.236572266, 4080.1965332, 2015.73999023, -295.669769287, 1626.54589844, -151.948547363, 531.637451172, -373.001281738, 380.691009521, -457.328796387, 91.8488311768, -357.00982666], [8348.03515625, -1388.05505371, 2015.73999023, 3972.40454102, 122.872909546, 1655.09191895, 386.774993896, 283.399291992, -602.237365723, 123.564338684, -643.283081055, -474.395874023, -477.07623291], [534.994384766, 950.175354004, -295.669769287, 122.872909546, 772.235656738, -45.7323951721, 304.612670898, 48.0768508911, 46.9184951782, -41.4984512329, 107.970497131, -64.9787368774, 76.5175628662], [5230.27685547, -956.303039551, 1626.54589844, 1655.09191895, -45.7323951721, 1353.44702148, 85.9412155151, 366.094024658, -238.747695923, 175.484893799, -348.582733154, -63.5065002441, -227.731109619], [909.531921387, 242.223083496, -151.948547363, 386.774993896, 304.612670898, 85.9412155151, 289.281829834, 36.7653160095, 36.8630599976, 14.4423656464, 22.9424324036, -96.8078155518, -17.2401828766], [1189.70300293, -228.265701294, 531.637451172, 283.399291992, 48.0768508911, 366.094024658, 36.7653160095, 260.716827393, 17.7931919098, 144.854858398, -36.078994751, 1.99099051952, -94.3783035278], [-1573.37475586, 275.832214355, -373.001281738, -602.237365723, 46.9184951782, -238.747695923, 36.8630599976, 17.7931919098, 251.376800537, 58.4697532654, 187.213760376, 84.6317443848, 74.8793182373], [8.98152923584, -291.271026611, 380.691009521, 123.564338684, -41.4984512329, 175.484893799, 14.4423656464, 144.854858398, 58.4697532654, 210.059783936, 51.4332199097, 63.6910438538, -60.4554100037], [-2027.3380127, 397.649749756, -457.328796387, -643.283081055, 107.970497131, -348.582733154, 22.9424324036, -36.078994751, 187.213760376, 51.4332199097, 299.893157959, 141.922775269, 144.829437256], [-1112.66125488, -0.200448393822, 91.8488311768, -474.395874023, -64.9787368774, -63.5065002441, -96.8078155518, 1.99099051952, 84.6317443848, 63.6910438538, 141.922775269, 269.297119141, 148.09463501], [-1237.32849121, 374.30581665, -357.00982666, -477.07623291, 76.5175628662, -227.731109619, -17.2401828766, -94.3783035278, 74.8793182373, -60.4554100037, 144.829437256, 148.09463501, 254.774246216]],
        "icov": [[0.000140348405694, -0.000166710728081, 0.000272245699307, -0.000117033603601, 0.000141195298056, -0.000523145019542, -0.000152169479406, -0.000382623431506, 0.000448666105513, 7.78458488639e-005, 0.000376422511181, -0.000401154364226, 0.000332629249897], [-0.000166710728081, 0.00172519497573, -0.00124682695605, 0.000681542267557, -0.00176770298276, 0.00115904433187, -0.000202390641789, 0.00111283548176, -0.00137409672607, 0.00180740642827, -0.00156557059381, 0.00235684961081, -0.00149699731264], [0.000272245699307, -0.00124682695605, 0.00176362914499, -0.00074139656499, 0.00109457678627, -0.00164697587024, 0.000561040942557, -0.00149687449448, 0.00158890103921, -0.00152543082368, 0.0018202093197, -0.00268068071455, 0.00161412847228], [-0.000117033603601, 0.000681542267557, -0.00074139656499, 0.00162353715859, -0.00049291405594, -0.000467602192657, -0.00163653783966, 0.00160963472445, 0.00124470714945, -0.000397493859055, -0.000880893785506, 0.00233604270034, -0.000670119537972], [0.000141195298056, -0.00176770298276, 0.00109457678627, -0.00049291405594, 0.00486281933263, -0.000718257913832, -0.00325645017438, -0.00311434548348, 0.00282754562795, -0.000216250657104, 0.000131852400955, -0.00207703537308, 0.000667091750074], [-0.000523145019542, 0.00115904433187, -0.00164697587024, -0.000467602192657, -0.000718257913832, 0.00591400917619, -0.000226919379202, -0.00201383954845, -0.00219418876804, 0.00107806012966, 0.000488868507091, 6.44129395369e-005, -0.00210102577694], [-0.000152169479406, -0.000202390641789, 0.000561040942557, -0.00163653783966, -0.00325645017438, -0.000226919379202, 0.0112988306209, 0.00163888907991, -0.00491119455546, -0.00197341432795, -0.000496969674714, 0.00206194887869, -0.000514022714924], [-0.000382623431506, 0.00111283548176, -0.00149687449448, 0.00160963472445, -0.00311434548348, -0.00201383954845, 0.00163888907991, 0.0140257440507, -0.00378904305398, -0.00524347787723, -0.00124970218167, 0.00407152343541, 7.83595169196e-005], [0.000448666105513, -0.00137409672607, 0.00158890103921, 0.00124470714945, 0.00282754562795, -0.00219418876804, -0.00491119455546, -0.00378904305398, 0.0143399732187, -0.00273044337519, -0.00214201677591, -0.0016332276864, 0.00151310348883], [7.78458488639e-005, 0.00180740642827, -0.00152543082368, -0.000397493859055, -0.000216250657104, 0.00107806012966, -0.00197341432795, -0.00524347787723, -0.00273044337519, 0.0168054103851, -0.00592384161428, -0.0020477543585, 0.00314149283804], [0.000376422511181, -0.00156557059381, 0.0018202093197, -0.000880893785506, 0.000131852400955, 0.000488868507091, -0.000496969674714, -0.00124970218167, -0.00214201677591, -0.00592384161428, 0.0147979306057, -0.00591419823468, -0.000820262939669], [-0.000401154364226, 0.00235684961081, -0.00268068071455, 0.00233604270034, -0.00207703537308, 6.44129395369e-005, 0.00206194887869, 0.00407152343541, -0.0016332276864, -0.0020477543585, -0.00591419823468, 0.0160743650049, -0.00845128949732], [0.000332629249897, -0.00149699731264, 0.00161412847228, -0.000670119537972, 0.000667091750074, -0.00210102577694, -0.000514022714924, 7.83595169196e-005, 0.00151310348883, 0.00314149283804, -0.000820262939669, -0.00845128949732, 0.0123422900215]]
    },
    "melbands": {
        "mean": [0.00109227804933, 0.000738805974834, 0.000588721653912, 0.000233837621636, 6.02336185693e-005, 7.00892924215e-005, 5.45328985027e-005, 3.16596851917e-005, 1.95630327653e-005, 1.53699129442e-005, 1.38676550705e-005, 1.49528432303e-005, 1.64673529071e-005, 2.46619438258e-005, 2.05711257877e-005, 1.96129458345e-005, 1.03671463876e-005, 1.56022742885e-005, 3.52148163074e-005, 2.83421541099e-005, 2.5046248993e-005, 1.46757456605e-005, 1.28731489895e-005, 1.01966907096e-005, 8.86203906703e-006, 7.20491152606e-006, 6.4398846007e-006, 4.8036094995e-006, 4.75208480566e-006, 4.33862123828e-006, 3.32901618094e-006, 2.67717541647e-006, 2.56935618381e-006, 1.77175456884e-006, 1.79935852884e-006, 1.24114330902e-006, 6.11954021679e-007, 5.72402882426e-007, 4.46143872068e-007, 3.29849257241e-007],
        "var": [1.88363155758e-005, 4.89182457386e-006, 2.3946076908e-006, 4.47032221018e-007, 1.31657689195e-008, 2.012314404e-008, 8.73637340248e-009, 2.88704926632e-009, 1.61949575972e-009, 5.32295763023e-010, 3.41860262321e-010, 4.38118846757e-010, 8.93339180408e-010, 2.46878806287e-009, 1.52584267443e-009, 9.83114034625e-010, 2.71207667435e-010, 6.30182628303e-010, 3.33839356159e-009, 2.41698661085e-009, 1.49597967347e-009, 9.27337040491e-010, 9.96780213924e-010, 7.43977657258e-010, 9.3364260767e-010, 4.89670970438e-010, 4.40599223772e-010, 2.14653933517e-010, 2.37336650333e-010, 2.02006203431e-010, 1.1454836385e-010, 5.978015305e-011, 5.51610285227e-011, 2.2284347978e-011, 1.70850781439e-011, 6.94000239221e-012, 1.8517266713e-012, 1.74494132251e-012, 8.84157059632e-013, 5.55483447868e-013]
    },
    "mfcc": {
        "mean": [-790.982177734, 88.3683853149, -34.5410041809, -3.8757288456, 10.9320068359, -2.74161839485, -21.4761333466, -4.24968528748, -5.53855466843, -9.30569553375, -8.97554111481, 1.69788038731, 6.39641571045],
        "cov": [[24664.8242188, 681.730407715, 1431.66650391, 3283.07714844, 1564.53198242, 2395.76245117, 1725.4420166, 1368.20581055, 741.94934082, 845.45703125, 101.163345337, -454.957580566, -759.35723877], [681.730407715, 2355.55322266, -266.282592773, -171.155639648, 350.159423828, 29.1489429474, 138.564147949, 147.844802856, 166.214309692, 7.71183538437, -36.591709137, -48.604221344, -31.9621143341], [1431.66650391, -266.282592773, 2638.76733398, 863.044677734, 310.205169678, 602.913208008, 428.267944336, 210.299819946, 51.396282196, 317.202789307, 108.917739868, -41.7993965149, -57.7917747498], [3283.07714844, -171.155639648, 863.044677734, 1760.4152832, 392.244049072, 729.420654297, 688.242431641, 181.036087036, 95.65965271, 272.833007813, 140.906143188, -52.1292076111, -136.029022217], [1564.53198242, 350.159423828, 310.205169678, 392.244049072, 375.104034424, 309.393127441, 251.554931641, 203.443649292, 122.57875824, 124.255737305, 66.9686279297, 11.8951663971, -6.7204284668], [2395.76245117, 29.1489429474, 602.913208008, 729.420654297, 309.393127441, 549.771850586, 378.166870117, 210.671524048, 106.165153503, 177.172271729, 78.2055664063, -7.42547512054, -44.4048843384], [1725.4420166, 138.564147949, 428.267944336, 688.242431641, 251.554931641, 378.166870117, 385.432983398, 145.838150024, 92.8592071533, 153.657592773, 90.7853469849, -2.8521797657, -43.2709579468], [1368.20581055, 147.844802856, 210.299819946, 181.036087036, 203.443649292, 210.671524048, 145.838150024, 210.788085938, 108.346504211, 89.4889602661, 39.5957336426, 23.4533252716, 13.612112999], [741.94934082, 166.214309692, 51.396282196, 95.65965271, 122.57875824, 106.165153503, 92.8592071533, 108.346504211, 121.160171509, 78.9934082031, 39.3446998596, 21.9238948822, 16.3608722687], [845.45703125, 7.71183538437, 317.202789307, 272.833007813, 124.255737305, 177.172271729, 153.657592773, 89.4889602661, 78.9934082031, 186.636123657, 126.605010986, 41.5547637939, -19.5701751709], [101.163345337, -36.591709137, 108.917739868, 140.906143188, 66.9686279297, 78.2055664063, 90.7853469849, 39.5957336426, 39.3446998596, 126.605010986, 183.392608643, 113.9012146, 38.8548774719], [-454.957580566, -48.604221344, -41.7993965149, -52.1292076111, 11.8951663971, -7.42547512054, -2.8521797657, 23.4533252716, 21.9238948822, 41.5547637939, 113.9012146, 168.319213867, 131.471878052], [-759.35723877, -31.9621143341, -57.7917747498, -136.029022217, -6.7204284668, -44.4048843384, -43.2709579468, 13.612112999, 16.3608722687, -19.5701751709, 38.8548774719, 131.471878052, 198.82635498]],
        "icov": [[0.000109523512947, 9.49881086854e-006, 7.33686611056e-005, -4.97672626807e-005, 6.99665324646e-005, -0.000278625549981, 4.70330996905e-006, -0.000498222594615, -5.99798404437e-005, -0.000156548368977, 0.000154465466039, 5.97336074861e-005, 0.000302209722577], [9.49881086854e-006, 0.000675877439789, 6.23707237537e-005, 0.000396719464334, -0.000971411820501, 0.00042625964852, -0.000963290862273, 0.00039093507803, -0.000551303091925, 0.000123734280351, 0.00034483478521, -2.47440784733e-005, 0.000266951596132], [7.33686611056e-005, 6.23707237537e-005, 0.000695146736689, 4.52705389762e-005, -4.59904404124e-005, -0.000558863277547, -0.000220629823161, -0.000540768844076, 0.00114793388639, -0.00165453285445, 0.000607445952483, 0.0006067151553, -0.000391304842196], [-4.97672626807e-005, 0.000396719464334, 4.52705389762e-005, 0.00264067132957, -0.000527807918843, -0.000826593313832, -0.00422702915967, 0.00171569956001, 0.000817109714262, -0.000592701660935, 0.000459838542156, 8.66745613166e-005, 0.000180907343747], [6.99665324646e-005, -0.000971411820501, -4.59904404124e-005, -0.000527807918843, 0.00918367411941, -0.00201739510521, -0.000690797169227, -0.00517715094611, -0.00111102638766, 0.000807408709079, -0.00187717436347, 0.00135842256714, -0.000559965032153], [-0.000278625549981, 0.00042625964852, -0.000558863277547, -0.000826593313832, -0.00201739510521, 0.00946350768209, -0.00423967000097, -0.00219905399717, 0.00153216940816, -0.00140072393697, 0.00182605651207, -0.000998844741844, -0.000410681881476], [4.70330996905e-006, -0.000963290862273, -0.000220629823161, -0.00422702915967, -0.000690797169227, -0.00423967000097, 0.0167120005935, -0.000595175020862, -0.00278308126144, 0.00107167090755, -0.0040593277663, 0.00178594072349, -0.000438548740931], [-0.000498222594615, 0.00039093507803, -0.000540768844076, 0.00171569956001, -0.00517715094611, -0.00219905399717, -0.000595175020862, 0.0179606117308, -0.00742115965113, 0.000638763129245, 0.00178955844603, -0.00312407291494, -0.000459023372969], [-5.99798404437e-005, -0.000551303091925, 0.00114793388639, 0.000817109714262, -0.00111102638766, 0.00153216940816, -0.00278308126144, -0.00742115965113, 0.0227259136736, -0.0105009004474, 0.00352977728471, 0.00163296773098, -0.00389120192267], [-0.000156548368977, 0.000123734280351, -0.00165453285445, -0.000592701660935, 0.000807408709079, -0.00140072393697, 0.00107167090755, 0.000638763129245, -0.0105009004474, 0.0237476825714, -0.0146217336878, 0.00147701986134, 0.00352181377821], [0.000154465466039, 0.00034483478521, 0.000607445952483, 0.000459838542156, -0.00187717436347, 0.00182605651207, -0.0040593277663, 0.00178955844603, 0.00352977728471, -0.0146217336878, 0.0252574682236, -0.0173745062202, 0.0052981688641], [5.97336074861e-005, -2.47440784733e-005, 0.0006067151553, 8.66745613166e-005, 0.00135842256714, -0.000998844741844, 0.00178594072349, -0.00312407291494, 0.00163296773098, 0.00147701986134, -0.0173745062202, 0.0298362895846, -0.0154373813421], [0.000302209722577, 0.000266951596132, -0.000391304842196, 0.000180907343747, -0.000559965032153, -0.000410681881476, -0.000438548740931, -0.000459023372969, -0.00389120192267, 0.00352181377821, 0.0052981688641, -0.0154373813421, 0.0159012731165]]
    },
    "spectral_contrast_coeffs": {
        "mean": [-0.676011145115, -0.674764990807, -0.752400755882, -0.74289816618, -0.756446540356, -0.789511561394],
        "var": [0.0222061853856, 0.0166205670685, 0.0129043217748, 0.00947347003967, 0.00668574962765, 0.00616091489792]
    },
    "spectral_contrast_valleys": {
        "mean": [-10.2046337128, -8.970703125, -9.10671710968, -8.98729991913, -9.37541294098, -12.0340995789],
        "var": [6.57342863083, 3.99701952934, 3.54825878143, 3.71677827835, 5.73163700104, 6.36128282547]
    }
},
"metadata": {
    "audio_properties": {
        "analysis_sample_rate": 44100,
        "bit_rate": 111609,
        "equal_loudness": 0,
        "length": 45.0873451233,
        "lossless": 0,
        "replay_gain": -8.26646614075,
        "sample_rate": 44100,
        "codec": "mp3",
        "downmix": "mix",
        "md5_encoded": "4d1101ea92629b6b140a1e1e7a47e99e"
    },
    "tags": {
        "file_name": "767.mp3"
    },
    "version": {
        "essentia": "2.1-beta2",
        "essentia_git_sha": "v2.1_beta2",
        "extractor": "music 1.0"
    }
},
"rhythm": {
    "beats_count": 89,
    "beats_loudness": {
        "mean": 0.0275514349341,
        "var": 0.000601678504609
    },
    "bpm": 119.922157288,
    "bpm_histogram_first_peak_bpm": {
        "mean": 120,
        "var": 0
    },
    "bpm_histogram_first_peak_spread": {
        "mean": 0.453488379717,
        "var": 0
    },
    "bpm_histogram_first_peak_weight": {
        "mean": 0.534090936184,
        "var": 0
    },
    "bpm_histogram_second_peak_bpm": {
        "mean": 110,
        "var": 0
    },
    "bpm_histogram_second_peak_spread": {
        "mean": 0.5,
        "var": 0
    },
    "bpm_histogram_second_peak_weight": {
        "mean": 0.0113636367023,
        "var": 0
    },
    "danceability": 1.51905179024,
    "onset_rate": 6.76203536987,
    "beats_loudness_band_ratio": {
        "mean": [0.417742192745, 0.0509461723268, 0.126194864511, 0.127377972007, 0.173014715314, 0.129846662283],
        "var": [0.0824660286307, 0.00230171950534, 0.021767321974, 0.0234336294234, 0.0121734682471, 0.012465630658]
    },
    "beats_position": [0.49922901392, 1.04489791393, 1.57895684242, 2.08979582787, 2.60063481331, 3.11147379875, 3.61070299149, 4.1099319458, 4.60916090012, 5.10838985443, 5.61922883987, 6.10684776306, 6.6176867485, 7.10530614853, 7.61614513397, 8.11537361145, 8.6146030426, 9.11383247375, 9.61306095123, 10.1122903824, 10.6115188599, 11.110748291, 11.6099767685, 12.1092061996, 12.6200447083, 13.1192741394, 13.6185035706, 14.117732048, 14.6169614792, 15.1161899567, 15.6270294189, 16.114648819, 16.6254863739, 17.1131057739, 17.6239452362, 18.1115646362, 18.6224040985, 19.1100215912, 19.6208610535, 20.1200904846, 20.6193199158, 21.1185474396, 21.6177768707, 22.1170063019, 22.616235733, 23.1154651642, 23.614692688, 24.1139221191, 24.6131515503, 25.1123809814, 25.6116104126, 26.1108379364, 26.6100673676, 27.1209068298, 27.620136261, 28.1193637848, 28.6302032471, 29.1178226471, 29.6286621094, 30.1162815094, 30.6271190643, 31.1147384644, 31.6255779266, 32.1131973267, 32.6240348816, 33.111656189, 33.6224937439, 34.1101112366, 34.6209526062, 35.1085700989, 35.6194114685, 36.118637085, 36.6178665161, 37.1170959473, 37.6163253784, 38.1155548096, 38.6147842407, 39.1256217957, 39.613243103, 40.1124725342, 40.6116981506, 41.1109275818, 41.6101570129, 42.1209983826, 42.6202278137, 43.1194534302, 43.6302947998, 44.1179122925, 44.6171417236]
},
"tonal": {
    "chords_changes_rate": 0.0483539104462,
    "chords_number_rate": 0.0102880662307,
    "chords_strength": {
        "mean": 0.519814550877,
        "var": 0.00586228258908
    },
    "hpcp_entropy": {
        "mean": 1.76221179962,
        "var": 0.904643654823
    },
    "key_strength": 0.654742896557,
    "tuning_diatonic_strength": 0.424524337053,
    "tuning_equal_tempered_deviation": 0.0241368189454,
    "tuning_frequency": 439.745910645,
    "tuning_nontempered_energy_ratio": 0.668517649174,
    "hpcp": {
        "mean": [0.189258083701, 0.121422484517, 0.103464581072, 0.13892942667, 0.0907168090343, 0.122528232634, 0.193382441998, 0.135244056582, 0.068071782589, 0.05626822263, 0.0645006597042, 0.158095598221, 0.23883216083, 0.161057606339, 0.141058012843, 0.199125722051, 0.132997334003, 0.0572165548801, 0.0455535762012, 0.0427917838097, 0.102744355798, 0.173959925771, 0.120160087943, 0.088287346065, 0.166181921959, 0.151872396469, 0.186924040318, 0.274742007256, 0.15957993269, 0.0830515399575, 0.122896015644, 0.0978782251477, 0.0850922986865, 0.0966503918171, 0.0681627169251, 0.120456218719],
        "var": [0.100080899894, 0.0336598828435, 0.0247251894325, 0.057670917362, 0.0270166639239, 0.0369185470045, 0.0902010276914, 0.0426593199372, 0.0156373549253, 0.0122969932854, 0.0172493588179, 0.0420202761889, 0.0968873798847, 0.0409506112337, 0.0394738428295, 0.0949129909277, 0.043512377888, 0.0120722753927, 0.0094385407865, 0.00674903299659, 0.0272622779012, 0.0870460942388, 0.0360717773438, 0.0193057581782, 0.0985855162144, 0.0741514414549, 0.0553189069033, 0.1465703547, 0.0488491132855, 0.0238288231194, 0.0757073536515, 0.0446589440107, 0.0292463451624, 0.0338317751884, 0.0202967375517, 0.0407762639225]
    },
    "chords_histogram": [9.46502017975, 11.2139921188, 4.52674913406, 26.1316871643, 0, 1.44032919407, 0, 2.46913576126, 0, 25.1028804779, 0.617283940315, 0, 0, 0, 0, 0, 0, 2.36625504494, 0.308641970158, 0, 0, 0, 11.2139921188, 5.14403295517],
    "thpcp": [1, 0.580835580826, 0.302289187908, 0.44731426239, 0.356255054474, 0.309717088938, 0.351785987616, 0.24809718132, 0.438433945179, 0.688857495785, 0.441950917244, 0.376588135958, 0.505672335625, 0.330189079046, 0.445975601673, 0.703869223595, 0.492258369923, 0.247766196728, 0.204803854227, 0.234768107533, 0.575432956219, 0.869296133518, 0.586214005947, 0.513419866562, 0.724773466587, 0.484080821276, 0.208255574107, 0.165804922581, 0.155752614141, 0.373966664076, 0.633175551891, 0.437356084585, 0.321346372366, 0.604865372181, 0.552781879902, 0.680362045765],
    "chords_key": "A",
    "chords_scale": "major",
    "key_key": "B",
    "key_scale": "minor"
}
}