{
"lowlevel": {
    "average_loudness": 0.664367854595,
    "barkbands_crest": {
        "mean": 10.9092226028,
        "var": 20.1090812683
    },
    "barkbands_flatness_db": {
        "mean": 0.171294972301,
        "var": 0.00232335901819
    },
    "barkbands_kurtosis": {
        "mean": 3.9663233757,
        "var": 468.006103516
    },
    "barkbands_skewness": {
        "mean": 0.661191105843,
        "var": 3.51367807388
    },
    "barkbands_spread": {
        "mean": 21.1930065155,
        "var": 98.3545761108
    },
    "dissonance": {
        "mean": 0.472094595432,
        "var": 0.000619613449089
    },
    "dynamic_complexity": 5.32168054581,
    "erbbands_crest": {
        "mean": 11.5815439224,
        "var": 22.623292923
    },
    "erbbands_flatness_db": {
        "mean": 0.237496763468,
        "var": 0.00421869941056
    },
    "erbbands_kurtosis": {
        "mean": 0.718155562878,
        "var": 13.4500179291
    },
    "erbbands_skewness": {
        "mean": -0.357538819313,
        "var": 1.18050289154
    },
    "erbbands_spread": {
        "mean": 29.3481521606,
        "var": 280.737884521
    },
    "hfc": {
        "mean": 12.249710083,
        "var": 312.781311035
    },
    "melbands_crest": {
        "mean": 15.3998622894,
        "var": 59.8285942078
    },
    "melbands_flatness_db": {
        "mean": 0.21514737606,
        "var": 0.00333093409427
    },
    "melbands_kurtosis": {
        "mean": 13.8100233078,
        "var": 7432.44726563
    },
    "melbands_skewness": {
        "mean": 1.75197172165,
        "var": 8.22071743011
    },
    "melbands_spread": {
        "mean": 33.9754524231,
        "var": 418.548553467
    },
    "pitch_salience": {
        "mean": 0.565582215786,
        "var": 0.0238768160343
    },
    "silence_rate_20dB": {
        "mean": 1,
        "var": 0
    },
    "silence_rate_30dB": {
        "mean": 1,
        "var": 0
    },
    "silence_rate_60dB": {
        "mean": 0.393408864737,
        "var": 0.238640904427
    },
    "spectral_centroid": {
        "mean": 1923.30236816,
        "var": 709603.0625
    },
    "spectral_complexity": {
        "mean": 11.3867149353,
        "var": 93.9345550537
    },
    "spectral_decrease": {
        "mean": -1.69624914115e-009,
        "var": 3.63446989775e-018
    },
    "spectral_energy": {
        "mean": 0.00751311238855,
        "var": 7.4638541264e-005
    },
    "spectral_energyband_high": {
        "mean": 0.000134665882797,
        "var": 5.5938429e-008
    },
    "spectral_energyband_low": {
        "mean": 0.000220952671953,
        "var": 2.54547046552e-007
    },
    "spectral_energyband_middle_high": {
        "mean": 0.00420583458617,
        "var": 4.71249186376e-005
    },
    "spectral_energyband_middle_low": {
        "mean": 0.00296179368161,
        "var": 1.63144559338e-005
    },
    "spectral_entropy": {
        "mean": 7.25331830978,
        "var": 0.154941260815
    },
    "spectral_flux": {
        "mean": 0.0501748584211,
        "var": 0.000959864584729
    },
    "spectral_kurtosis": {
        "mean": 9.06482887268,
        "var": 33.7353210449
    },
    "spectral_rms": {
        "mean": 0.00227360008284,
        "var": 2.16061380343e-006
    },
    "spectral_rolloff": {
        "mean": 2155.61669922,
        "var": 1873441.25
    },
    "spectral_skewness": {
        "mean": 1.5557615757,
        "var": 0.53558498621
    },
    "spectral_spread": {
        "mean": 2855657.25,
        "var": 4.10615440998e+012
    },
    "spectral_strongpeak": {
        "mean": 1.18903791904,
        "var": 3.0749604702
    },
    "zerocrossingrate": {
        "mean": 0.070051766932,
        "var": 0.00122892449144
    },
    "barkbands": {
        "mean": [0.000138309944305, 9.40720710787e-005, 9.46932232182e-006, 6.05074310442e-005, 0.000230764329899, 0.000348633999238, 0.00130481715314, 0.000609207723755, 0.000347585504642, 0.000166899437318, 0.000354790885467, 0.000127958759549, 0.000119773743791, 0.000139599229442, 0.000366875727195, 0.000546828028746, 0.000763827294577, 0.000491965038236, 0.00099552446045, 0.0002158737625, 5.80805099162e-005, 1.39507119457e-005, 3.81962536267e-006, 1.87581269984e-006, 1.27933105887e-006, 7.85787563018e-007, 4.53684201318e-008],
        "var": [1.49180905851e-007, 5.97749547637e-008, 2.93596591483e-010, 5.81000598743e-008, 4.62359281528e-007, 7.8305072293e-007, 6.28563475402e-006, 5.21558467881e-006, 6.87309523073e-007, 2.04614607924e-007, 1.14129124995e-006, 2.74927401733e-007, 9.45758813486e-008, 1.3377784569e-007, 2.58851105173e-006, 2.89979857371e-006, 6.22857669441e-006, 1.39695953294e-006, 3.58338638762e-006, 2.26902372447e-007, 1.23974945865e-008, 9.562211023e-010, 1.00709086903e-010, 2.09437606147e-011, 7.75127011188e-012, 2.01418829532e-012, 6.87678436602e-015]
    },
    "erbbands": {
        "mean": [0.00640384340659, 0.00859625451267, 0.0118399942294, 0.105697281659, 0.33005040884, 0.774714827538, 1.8428580761, 3.60791969299, 14.8913841248, 17.8725681305, 12.7505884171, 8.12390995026, 6.42388439178, 9.73883056641, 10.3914995193, 6.03101730347, 5.60470199585, 6.33681106567, 15.8918275833, 21.0096607208, 34.9551773071, 41.6113777161, 27.0546588898, 37.245552063, 47.4753837585, 10.1912660599, 3.9100997448, 1.23644995689, 0.554891467094, 0.25966373086, 0.0929929241538, 0.0441956706345, 0.0296415556222, 0.0154757434502, 0.0086375484243, 0.00415666075423, 0.00127585465088, 0.000213829378481, 1.06969991975e-005, 1.02311751107e-005],
        "var": [0.00031833187677, 0.000324627646478, 0.000378795724828, 0.155457183719, 1.62135076523, 5.19748878479, 32.7632255554, 81.0191192627, 933.137145996, 1253.75646973, 2953.25561523, 367.722900391, 218.355743408, 729.76965332, 974.491638184, 594.38092041, 182.909500122, 245.200653076, 3229.20117188, 4065.61010742, 13106.7011719, 16749.3984375, 3909.44946289, 5214.14111328, 9521.06347656, 403.844390869, 50.1077079773, 6.94523048401, 1.57167160511, 0.348659217358, 0.0628251284361, 0.0135542051867, 0.00489043490961, 0.00126184278633, 0.000340694852639, 7.02901597833e-005, 4.93839570481e-006, 1.18863390242e-007, 2.75742095823e-010, 1.49656551041e-010]
    },
    "gfcc": {
        "mean": [-138.373046875, 85.8985061646, -158.261703491, 18.5926742554, -48.4790039063, -18.9234294891, -32.8677749634, 20.4527950287, -12.4079208374, 16.2852878571, -10.8108062744, 7.23791360855, -3.86356115341],
        "cov": [[9292.39355469, 245.99848938, -3131.77587891, -15.3940610886, -628.607971191, -1236.90917969, 133.61227417, -61.1929016113, -108.423065186, -264.716339111, 251.453918457, -444.855407715, -239.807815552], [245.99848938, 1168.86462402, 39.1032180786, -454.93170166, -6.92915487289, -111.339752197, -215.561004639, -448.594726563, -100.448951721, -66.7187194824, -102.304626465, 34.8543052673, 222.889953613], [-3131.77587891, 39.1032180786, 1504.04370117, 156.612197876, 142.992996216, 396.466033936, -162.382507324, -11.6964883804, 21.2019691467, 104.222099304, -98.8957214355, 206.430969238, 98.9572219849], [-15.3940610886, -454.93170166, 156.612197876, 548.660217285, -18.8188934326, -190.421203613, 27.8538627625, 205.688446045, 58.3354949951, 35.5097999573, 73.1239700317, 3.82127070427, -116.588493347], [-628.607971191, -6.92915487289, 142.992996216, -18.8188934326, 282.245819092, 222.934341431, -47.7663726807, 0.119535632432, -0.877906262875, -34.5630226135, -52.3411483765, 56.8930244446, 44.9375724792], [-1236.90917969, -111.339752197, 396.466033936, -190.421203613, 222.934341431, 780.884399414, 109.960472107, -83.7590408325, -18.3958759308, 10.4662494659, -228.608703613, 20.6576461792, 93.7209396362], [133.61227417, -215.561004639, -162.382507324, 27.8538627625, -47.7663726807, 109.960472107, 291.921600342, 116.64932251, 26.7657108307, 45.0956535339, -0.181515023112, -97.2035827637, -56.9951210022], [-61.1929016113, -448.594726563, -11.6964883804, 205.688446045, 0.119535632432, -83.7590408325, 116.64932251, 390.623138428, 118.566467285, 47.2719650269, 119.829750061, -2.28959512711, -113.543182373], [-108.423065186, -100.448951721, 21.2019691467, 58.3354949951, -0.877906262875, -18.3958759308, 26.7657108307, 118.566467285, 162.182006836, 53.5262374878, 2.22407746315, -6.3032040596, -32.8301620483], [-264.716339111, -66.7187194824, 104.222099304, 35.5097999573, -34.5630226135, 10.4662494659, 45.0956535339, 47.2719650269, 53.5262374878, 155.849456787, 67.9088363647, -13.5836257935, -34.2856864929], [251.453918457, -102.304626465, -98.8957214355, 73.1239700317, -52.3411483765, -228.608703613, -0.181515023112, 119.829750061, 2.22407746315, 67.9088363647, 286.179718018, 53.9291763306, -79.1628341675], [-444.855407715, 34.8543052673, 206.430969238, 3.82127070427, 56.8930244446, 20.6576461792, -97.2035827637, -2.28959512711, -6.3032040596, -13.5836257935, 53.9291763306, 194.586990356, 75.2055435181], [-239.807815552, 222.889953613, 98.9572219849, -116.588493347, 44.9375724792, 93.7209396362, -56.9951210022, -113.543182373, -32.8301620483, -34.2856864929, -79.1628341675, 75.2055435181, 161.912414551]],
        "icov": [[0.000701862329151, -0.000859833089635, 0.00175054464489, -0.00121890939772, 0.00136472505983, -0.000868500850629, 0.000949986744672, -0.000656938005704, 0.000367570639355, 0.00022870329849, -0.000158205119078, 4.13272864535e-005, 0.000299668812659], [-0.000859833089635, 0.00449115084484, -0.00309207872488, 0.00396393425763, -0.00284972996451, 0.00356988515705, -0.00176453299355, 0.00375257479027, -0.0013998511713, 6.35915712337e-005, 0.000106843006506, 0.0010080273496, -0.00266333040781], [0.00175054464489, -0.00309207872488, 0.00595959881321, -0.00439106160775, 0.0040774224326, -0.003742368659, 0.00365268881433, -0.00276238517836, 0.00155563501175, -0.000864233064931, 0.000222891874728, -0.00123521953356, 0.00124339025933], [-0.00121890939772, 0.00396393425763, -0.00439106160775, 0.00707066338509, -0.00393265439197, 0.00478748092428, -0.00290762749501, 0.00224899454042, -0.000866983318701, -0.000452827400295, 0.00145146099385, -0.000189965721802, -8.6875501438e-005], [0.00136472505983, -0.00284972996451, 0.0040774224326, -0.00393265439197, 0.00897637940943, -0.00518379732966, 0.00425693020225, -0.00314131937921, 0.000614394259173, 0.00171976373531, -0.00121219456196, -0.000305791530991, 0.000463387259515], [-0.000868500850629, 0.00356988515705, -0.003742368659, 0.00478748092428, -0.00518379732966, 0.00693666236475, -0.00443776277825, 0.00321247125976, -0.000282307970338, -0.00129672547337, 0.00296576786786, -0.000723269942682, -0.000897769175936], [0.000949986744672, -0.00176453299355, 0.00365268881433, -0.00290762749501, 0.00425693020225, -0.00443776277825, 0.0087357275188, -0.003900060663, 0.00138908380177, -0.000932630966417, -0.000967390544247, 0.00260144285858, -0.000359809142537], [-0.000656938005704, 0.00375257479027, -0.00276238517836, 0.00224899454042, -0.00314131937921, 0.00321247125976, -0.003900060663, 0.00907899625599, -0.00482983421534, 0.00170211738441, -0.00193474709522, 0.000118865595141, -0.000444866978796], [0.000367570639355, -0.0013998511713, 0.00155563501175, -0.000866983318701, 0.000614394259173, -0.000282307970338, 0.00138908380177, -0.00482983421534, 0.0107024153695, -0.00464046886191, 0.00368973845616, -0.00174835242797, 0.00179479038343], [0.00022870329849, 6.35915712337e-005, -0.000864233064931, -0.000452827400295, 0.00171976373531, -0.00129672547337, -0.000932630966417, 0.00170211738441, -0.00464046886191, 0.0117509234697, -0.00542093813419, 0.00318056414835, -0.000988413696177], [-0.000158205119078, 0.000106843006506, 0.000222891874728, 0.00145146099385, -0.00121219456196, 0.00296576786786, -0.000967390544247, -0.00193474709522, 0.00368973845616, -0.00542093813419, 0.0100270025432, -0.00597788812593, 0.00472927791998], [4.13272864535e-005, 0.0010080273496, -0.00123521953356, -0.000189965721802, -0.000305791530991, -0.000723269942682, 0.00260144285858, 0.000118865595141, -0.00174835242797, 0.00318056414835, -0.00597788812593, 0.0126214930788, -0.00767188332975], [0.000299668812659, -0.00266333040781, 0.00124339025933, -8.6875501438e-005, 0.000463387259515, -0.000897769175936, -0.000359809142537, -0.000444866978796, 0.00179479038343, -0.000988413696177, 0.00472927791998, -0.00767188332975, 0.015446651727]]
    },
    "melbands": {
        "mean": [5.01772519783e-005, 6.76959643897e-006, 2.43867507379e-005, 3.71819805878e-005, 6.00585699431e-005, 7.86478994996e-005, 0.000245684117544, 0.000183140306035, 9.3125490821e-005, 4.92106410093e-005, 3.02523185383e-005, 3.6436766095e-005, 4.39412142441e-005, 1.44881969391e-005, 1.46625088746e-005, 1.19511369121e-005, 1.09410921141e-005, 2.25154835789e-005, 2.86568410957e-005, 3.22241103277e-005, 4.38006136392e-005, 4.78722286061e-005, 2.66501701844e-005, 2.3380627681e-005, 2.93080083793e-005, 4.34932262579e-005, 1.86215984286e-005, 4.04041111324e-006, 2.68658527602e-006, 1.23548329611e-006, 5.29578130681e-007, 3.27115429855e-007, 2.17201375108e-007, 1.11086549737e-007, 5.61444757352e-008, 3.23361888377e-008, 2.45386342357e-008, 2.17351434628e-008, 1.62828399652e-008, 1.19219798478e-008],
        "var": [1.76397154661e-008, 1.09788268754e-010, 8.58842152951e-009, 1.47868659539e-008, 3.53127660446e-008, 3.87954308678e-008, 2.3699833207e-007, 1.41079382843e-007, 1.60404454164e-007, 1.32942270525e-008, 5.41915090579e-009, 1.05013713281e-008, 1.85009501052e-008, 2.20173768106e-009, 3.24219029402e-009, 1.33547028991e-009, 8.16693712657e-010, 5.38026512231e-009, 1.70137166577e-008, 8.50084269644e-009, 2.62723727218e-008, 2.75458749144e-008, 5.43221290172e-009, 3.66219632397e-009, 3.78532760692e-009, 7.9639894679e-009, 1.85294357635e-009, 8.02582236781e-011, 2.80631785171e-011, 6.4150247614e-012, 1.62770393951e-012, 6.64093454707e-013, 2.06933062808e-013, 8.00554826423e-014, 2.51939209783e-014, 9.0219046223e-015, 4.23184224954e-015, 2.80611025173e-015, 1.54833779346e-015, 7.81252209752e-016]
    },
    "mfcc": {
        "mean": [-775.670959473, 126.17049408, -50.7380752563, 32.8379020691, -6.16419744492, -18.032781601, -10.2451839447, -3.86431336403, 4.82326459885, 6.33515691757, 2.9916241169, 2.24081850052, 11.3980827332],
        "cov": [[9522.43261719, -351.914642334, -2696.37524414, 431.874328613, -1184.59411621, -980.590087891, -235.377380371, -235.146484375, -464.535675049, -31.4824123383, 137.617614746, -71.9576873779, -30.0408992767], [-351.914642334, 1486.36254883, 46.85131073, -455.51763916, 60.5151176453, 225.465957642, -179.631225586, -282.440948486, -43.2914276123, -194.521438599, -309.266601563, -235.157775879, -148.057739258], [-2696.37524414, 46.85131073, 1143.69445801, 18.8856506348, 284.129272461, 269.368408203, 12.6534452438, 25.1976089478, 92.9541091919, 1.96818375587, -29.8130016327, 13.0042028427, 11.459690094], [431.874328613, -455.51763916, 18.8856506348, 718.161071777, -34.0994110107, -421.681213379, -75.3911743164, 14.9560060501, -145.023635864, -8.55339241028, 171.89692688, 124.828422546, 95.1131668091], [-1184.59411621, 60.5151176453, 284.129272461, -34.0994110107, 439.1769104, 146.503692627, -27.6611843109, 82.9220428467, 51.2587814331, -90.9633102417, -68.8639297485, 29.5362091064, -27.4114437103], [-980.590087891, 225.465957642, 269.368408203, -421.681213379, 146.503692627, 598.953674316, 97.9791717529, -19.523141861, 201.205780029, -2.05568981171, -173.781921387, -95.888923645, -72.5806274414], [-235.377380371, -179.631225586, 12.6534452438, -75.3911743164, -27.6611843109, 97.9791717529, 238.323608398, 78.0863952637, 20.2790565491, 105.022247314, 32.0228004456, -3.55612444878, 28.4674034119], [-235.146484375, -282.440948486, 25.1976089478, 14.9560060501, 82.9220428467, -19.523141861, 78.0863952637, 231.400741577, 82.7979202271, 24.7797641754, 50.8048362732, 51.6952552795, 19.2985610962], [-464.535675049, -43.2914276123, 92.9541091919, -145.023635864, 51.2587814331, 201.205780029, 20.2790565491, 82.7979202271, 288.1612854, 69.1842269897, -51.1290817261, 5.41260528564, -34.6832313538], [-31.4824123383, -194.521438599, 1.96818375587, -8.55339241028, -90.9633102417, -2.05568981171, 105.022247314, 24.7797641754, 69.1842269897, 249.337799072, 105.087600708, 12.9124193192, 37.0663795471], [137.617614746, -309.266601563, -29.8130016327, 171.89692688, -68.8639297485, -173.781921387, 32.0228004456, 50.8048362732, -51.1290817261, 105.087600708, 251.846206665, 115.206184387, 59.8706474304], [-71.9576873779, -235.157775879, 13.0042028427, 124.828422546, 29.5362091064, -95.888923645, -3.55612444878, 51.6952552795, 5.41260528564, 12.9124193192, 115.206184387, 181.06690979, 50.9662513733], [-30.0408992767, -148.057739258, 11.459690094, 95.1131668091, -27.4114437103, -72.5806274414, 28.4674034119, 19.2985610962, -34.6832313538, 37.0663795471, 59.8706474304, 50.9662513733, 132.694473267]],
        "icov": [[0.000568383955397, 0.00016112056619, 0.00112757855095, -0.000316320278216, 0.000908166111913, -0.000259663211182, 0.00073285761755, -0.000232348276768, 0.000589812581893, -0.000139567579026, 0.000325101165799, 4.30250074714e-005, 0.000389892084058], [0.00016112056619, 0.00168074027169, 0.000130547647132, 0.00102375959978, -0.00010516562179, 0.000596672820393, 0.000615033553913, 0.0015644984087, 8.57202030602e-005, 0.000557953258976, 0.000551482546143, 0.000932454655413, 0.000371464964701], [0.00112757855095, 0.000130547647132, 0.00349579006433, -0.00122236739844, 0.00117688497994, -0.0014357335167, 0.0016201606486, -0.000597359554376, 0.00120884843636, -0.000598964397795, 0.000383054255508, 9.67882588156e-005, 0.000445582176326], [-0.000316320278216, 0.00102375959978, -0.00122236739844, 0.00379231339321, -0.00102614948992, 0.00270062033087, -0.000307621143293, 0.00177589047235, -0.000689077540301, 0.00102464598604, -0.00054576859111, 0.000280884734821, -0.000797078886535], [0.000908166111913, -0.00010516562179, 0.00117688497994, -0.00102614948992, 0.00537661742419, -0.00181322661228, 0.00221980595961, -0.00291333300993, 0.0019933108706, -1.72154341271e-005, 0.00155200355221, -0.00149500893895, 0.00118829368148], [-0.000259663211182, 0.000596672820393, -0.0014357335167, 0.00270062033087, -0.00181322661228, 0.00617823610082, -0.00327164214104, 0.00351837836206, -0.00369577342644, 0.00180850515608, 0.000284626352368, 0.00123598857317, -8.4162769781e-005], [0.00073285761755, 0.000615033553913, 0.0016201606486, -0.000307621143293, 0.00221980595961, -0.00327164214104, 0.00938975717872, -0.00423731049523, 0.00421780440956, -0.00392552185804, 0.00138896424323, -0.000203607327421, -0.000145887184772], [-0.000232348276768, 0.0015644984087, -0.000597359554376, 0.00177589047235, -0.00291333300993, 0.00351837836206, -0.00423731049523, 0.0102756572887, -0.00485127931461, 0.0031694881618, -0.00194404495414, 0.00140658020973, -0.000607545836829], [0.000589812581893, 8.57202030602e-005, 0.00120884843636, -0.000689077540301, 0.0019933108706, -0.00369577342644, 0.00421780440956, -0.00485127931461, 0.0089802108705, -0.0045273876749, 0.00330670317635, -0.00268158176914, 0.0019595422782], [-0.000139567579026, 0.000557953258976, -0.000598964397795, 0.00102464598604, -1.72154341271e-005, 0.00180850515608, -0.00392552185804, 0.0031694881618, -0.0045273876749, 0.00904859881848, -0.00451577408239, 0.0027579201851, -0.00145767314825], [0.000325101165799, 0.000551482546143, 0.000383054255508, -0.00054576859111, 0.00155200355221, 0.000284626352368, 0.00138896424323, -0.00194404495414, 0.00330670317635, -0.00451577408239, 0.0103224860504, -0.00491368724033, 0.000863673165441], [4.30250074714e-005, 0.000932454655413, 9.67882588156e-005, 0.000280884734821, -0.00149500893895, 0.00123598857317, -0.000203607327421, 0.00140658020973, -0.00268158176914, 0.0027579201851, -0.00491368724033, 0.0107059413567, -0.00231949216686], [0.000389892084058, 0.000371464964701, 0.000445582176326, -0.000797078886535, 0.00118829368148, -8.4162769781e-005, -0.000145887184772, -0.000607545836829, 0.0019595422782, -0.00145767314825, 0.000863673165441, -0.00231949216686, 0.010311360471]]
    },
    "spectral_contrast_coeffs": {
        "mean": [-0.731129109859, -0.716375172138, -0.781970500946, -0.775524914265, -0.752644598484, -0.741073906422],
        "var": [0.0115809943527, 0.00924180354923, 0.0043125981465, 0.00358757865615, 0.0060682236217, 0.00389378610998]
    },
    "spectral_contrast_valleys": {
        "mean": [-9.20188713074, -7.83246660233, -8.44452095032, -8.55357837677, -8.34211063385, -12.2624635696],
        "var": [0.799343526363, 1.80243337154, 1.86460018158, 1.86175322533, 2.17602610588, 0.980833649635]
    }
},
"metadata": {
    "audio_properties": {
        "analysis_sample_rate": 44100,
        "bit_rate": 113687,
        "equal_loudness": 0,
        "length": 45.0612258911,
        "lossless": 0,
        "replay_gain": -18.4165992737,
        "sample_rate": 44100,
        "codec": "mp3",
        "downmix": "mix",
        "md5_encoded": "8ab14659596b0de2546f37ebca17ec40"
    },
    "tags": {
        "file_name": "769.mp3"
    },
    "version": {
        "essentia": "2.1-beta2",
        "essentia_git_sha": "v2.1_beta2",
        "extractor": "music 1.0"
    }
},
"rhythm": {
    "beats_count": 85,
    "beats_loudness": {
        "mean": 0.0109626548365,
        "var": 0.000106257110019
    },
    "bpm": 113.974243164,
    "bpm_histogram_first_peak_bpm": {
        "mean": 115,
        "var": 0
    },
    "bpm_histogram_first_peak_spread": {
        "mean": 0.397590398788,
        "var": 0
    },
    "bpm_histogram_first_peak_weight": {
        "mean": 0.595238089561,
        "var": 0
    },
    "bpm_histogram_second_peak_bpm": {
        "mean": 120,
        "var": 0
    },
    "bpm_histogram_second_peak_spread": {
        "mean": 0,
        "var": 0
    },
    "bpm_histogram_second_peak_weight": {
        "mean": 0.0119047621265,
        "var": 0
    },
    "danceability": 1.02338576317,
    "onset_rate": 5.03532028198,
    "beats_loudness_band_ratio": {
        "mean": [0.110386498272, 0.109472170472, 0.287190258503, 0.0933713316917, 0.274408936501, 0.149811968207],
        "var": [0.0280892122537, 0.0178675744683, 0.0414552465081, 0.00970673095435, 0.0434873066843, 0.0248204041272]
    },
    "beats_position": [0.49922901392, 1.02167797089, 1.53251695633, 2.0549659729, 2.58902478218, 3.11147379875, 3.64553284645, 4.1679816246, 4.7020406723, 5.23609972, 5.7701587677, 6.29260778427, 6.81505680084, 7.32589578629, 7.85995435715, 8.38240337372, 8.90485286713, 9.42730140686, 9.94974994659, 10.4838094711, 11.0062580109, 11.5287075043, 12.051156044, 12.5852155685, 13.1076641083, 13.6301136017, 14.1525621414, 14.6750106812, 15.2090702057, 15.7431287766, 16.2655773163, 16.7880268097, 17.3220863342, 17.8445339203, 18.3669834137, 18.8894329071, 19.4118824005, 19.9459400177, 20.4799995422, 21.0140590668, 21.5365066528, 22.0589561462, 22.5930156708, 23.1154651642, 23.6379127502, 24.1603622437, 24.6828117371, 25.2168693542, 25.7509288788, 26.2849884033, 26.8190479279, 27.3182754517, 27.8407249451, 28.3747844696, 28.897233963, 29.4196815491, 29.9537410736, 30.4878005981, 31.0102481842, 31.5326976776, 32.0551452637, 32.5775947571, 33.111656189, 33.6341018677, 34.1565513611, 34.690612793, 35.2130622864, 35.7471199036, 36.269569397, 36.8036270142, 37.3260765076, 37.848526001, 38.3825836182, 38.9050331116, 39.427482605, 39.9615402222, 40.4956016541, 41.0296592712, 41.5521087646, 42.0745582581, 42.5970077515, 43.1194534302, 43.6419029236, 44.164352417, 44.6984100342]
},
"tonal": {
    "chords_changes_rate": 0.0709876567125,
    "chords_number_rate": 0.00925925932825,
    "chords_strength": {
        "mean": 0.478960484266,
        "var": 0.0157575085759
    },
    "hpcp_entropy": {
        "mean": 2.28234815598,
        "var": 0.689784944057
    },
    "key_strength": 0.480962455273,
    "tuning_diatonic_strength": 0.426497280598,
    "tuning_equal_tempered_deviation": 0.354293435812,
    "tuning_frequency": 448.208557129,
    "tuning_nontempered_energy_ratio": 0.939060211182,
    "hpcp": {
        "mean": [0.249329164624, 0.242275804281, 0.256132721901, 0.235091209412, 0.231650933623, 0.21794821322, 0.187125504017, 0.228153213859, 0.221104174852, 0.159401476383, 0.168816030025, 0.206846281886, 0.180224001408, 0.132870405912, 0.124014817178, 0.12646356225, 0.123210169375, 0.108578048646, 0.0997036844492, 0.109975606203, 0.128151208162, 0.140168651938, 0.193487361073, 0.201101660728, 0.146733388305, 0.133093431592, 0.153178691864, 0.160788446665, 0.150511354208, 0.138685151935, 0.110896043479, 0.117698967457, 0.167823687196, 0.20580676198, 0.243318542838, 0.270464301109],
        "var": [0.0809920579195, 0.0722740069032, 0.0920147299767, 0.0758009925485, 0.0796604752541, 0.0802018269897, 0.0598947927356, 0.0816178768873, 0.0762619748712, 0.0468445122242, 0.0530884303153, 0.0749155506492, 0.0559094063938, 0.0415648929775, 0.0404335185885, 0.0418781749904, 0.0412686355412, 0.0342763178051, 0.0279035866261, 0.0239458009601, 0.0330481342971, 0.0343681909144, 0.0688733682036, 0.0621184781194, 0.0400732718408, 0.038526892662, 0.0576839484274, 0.0608615092933, 0.0367368794978, 0.0326352789998, 0.0273805800825, 0.032884914428, 0.054355442524, 0.0660277605057, 0.0815105885267, 0.0921924263239]
    },
    "chords_histogram": [7.30452680588, 0, 3.80658435822, 0.617283940315, 0, 0, 0.308641970158, 5.76131677628, 0, 47.119342804, 0.308641970158, 0.205761313438, 0, 9.97942352295, 0.617283940315, 0, 2.16049385071, 0, 0, 0.102880656719, 1.54320991039, 1.02880656719, 0.514403283596, 18.6213989258],
    "thpcp": [1, 0.921856105328, 0.895777404308, 0.947011172771, 0.869213461876, 0.856493592262, 0.805829882622, 0.691867649555, 0.843561291695, 0.81749856472, 0.589362323284, 0.624171197414, 0.764782190323, 0.66635042429, 0.491267800331, 0.458525627851, 0.467579483986, 0.455550581217, 0.401450574398, 0.36863899231, 0.406617820263, 0.473819315434, 0.518251955509, 0.715389668941, 0.74354237318, 0.542524039745, 0.492092430592, 0.566354572773, 0.594490468502, 0.556492507458, 0.512766957283, 0.410021007061, 0.435173749924, 0.620502173901, 0.760938704014, 0.899632751942],
    "chords_key": "E",
    "chords_scale": "major",
    "key_key": "A",
    "key_scale": "minor"
}
}