{
"lowlevel": {
    "average_loudness": 0.923350870609,
    "barkbands_crest": {
        "mean": 8.99693012238,
        "var": 10.167881012
    },
    "barkbands_flatness_db": {
        "mean": 0.165261998773,
        "var": 0.000985604710877
    },
    "barkbands_kurtosis": {
        "mean": 2.87187600136,
        "var": 21.9981632233
    },
    "barkbands_skewness": {
        "mean": 1.36926293373,
        "var": 0.836490809917
    },
    "barkbands_spread": {
        "mean": 16.8425636292,
        "var": 73.7555541992
    },
    "dissonance": {
        "mean": 0.44811630249,
        "var": 0.00111596263014
    },
    "dynamic_complexity": 2.31788849831,
    "erbbands_crest": {
        "mean": 9.19824123383,
        "var": 15.7309579849
    },
    "erbbands_flatness_db": {
        "mean": 0.195100605488,
        "var": 0.00106718321331
    },
    "erbbands_kurtosis": {
        "mean": 0.562035679817,
        "var": 2.87767720222
    },
    "erbbands_skewness": {
        "mean": 0.290446490049,
        "var": 0.364074707031
    },
    "erbbands_spread": {
        "mean": 32.4145736694,
        "var": 251.706390381
    },
    "hfc": {
        "mean": 20.4212417603,
        "var": 225.062683105
    },
    "melbands_crest": {
        "mean": 13.6312255859,
        "var": 23.8344707489
    },
    "melbands_flatness_db": {
        "mean": 0.209134981036,
        "var": 0.00208670226857
    },
    "melbands_kurtosis": {
        "mean": 8.14251422882,
        "var": 108.952033997
    },
    "melbands_skewness": {
        "mean": 2.13475704193,
        "var": 1.54664623737
    },
    "melbands_spread": {
        "mean": 20.3871707916,
        "var": 129.127929688
    },
    "pitch_salience": {
        "mean": 0.545416712761,
        "var": 0.00979177467525
    },
    "silence_rate_20dB": {
        "mean": 1,
        "var": 0
    },
    "silence_rate_30dB": {
        "mean": 1,
        "var": 0
    },
    "silence_rate_60dB": {
        "mean": 0.00257466523908,
        "var": 0.00256808288395
    },
    "spectral_centroid": {
        "mean": 1027.24121094,
        "var": 327744.5625
    },
    "spectral_complexity": {
        "mean": 18.4351177216,
        "var": 37.520740509
    },
    "spectral_decrease": {
        "mean": -6.79590517194e-009,
        "var": 1.28440767399e-017
    },
    "spectral_energy": {
        "mean": 0.0275015681982,
        "var": 0.000215502688661
    },
    "spectral_energyband_high": {
        "mean": 0.000444229430286,
        "var": 4.13366763041e-007
    },
    "spectral_energyband_low": {
        "mean": 0.00498943543062,
        "var": 2.77169601759e-005
    },
    "spectral_energyband_middle_high": {
        "mean": 0.00792048312724,
        "var": 6.70145673212e-005
    },
    "spectral_energyband_middle_low": {
        "mean": 0.0160741154104,
        "var": 9.81773700914e-005
    },
    "spectral_entropy": {
        "mean": 7.33849620819,
        "var": 0.0967703983188
    },
    "spectral_flux": {
        "mean": 0.0650430172682,
        "var": 0.000759406830184
    },
    "spectral_kurtosis": {
        "mean": 4.64415168762,
        "var": 8.73947715759
    },
    "spectral_rms": {
        "mean": 0.00500354915857,
        "var": 1.79529388333e-006
    },
    "spectral_rolloff": {
        "mean": 1250.28076172,
        "var": 1082888.25
    },
    "spectral_skewness": {
        "mean": 1.62562787533,
        "var": 0.221697822213
    },
    "spectral_spread": {
        "mean": 3887677.5,
        "var": 3.20989272474e+012
    },
    "spectral_strongpeak": {
        "mean": 1.24313902855,
        "var": 2.526283741
    },
    "zerocrossingrate": {
        "mean": 0.0473602637649,
        "var": 0.000788421661127
    },
    "barkbands": {
        "mean": [1.22732617456e-005, 0.000824907736387, 0.00259656528942, 0.0028013214469, 0.00493388995528, 0.00234525441192, 0.00163352908567, 0.00220786221325, 0.00152637285646, 0.00148060254287, 0.00164753885474, 0.00103056139778, 0.00124431191944, 0.000608600443229, 0.000768952129874, 0.000358761026291, 0.0005671219551, 0.000150571446284, 0.000194192718482, 0.000153239787323, 8.17260151962e-005, 0.000219371795538, 6.72922178637e-005, 3.1212286558e-005, 1.44900714076e-005, 1.06096842956e-006, 8.22022450109e-009],
        "var": [1.51601631249e-009, 3.45722833117e-006, 1.09774746306e-005, 9.11221923161e-006, 1.60322142619e-005, 5.74674686504e-006, 4.71730572826e-006, 1.2234911992e-005, 2.34241360886e-005, 1.34288611662e-005, 8.50774358696e-006, 3.3094202081e-006, 1.20210961541e-005, 1.03579350252e-006, 1.98455063583e-006, 7.68664790485e-007, 1.33797698254e-006, 8.1196439794e-008, 1.20341169918e-007, 5.34175121913e-008, 2.25171810087e-008, 1.35141263513e-007, 1.24772014942e-008, 5.13982456596e-009, 7.03874625252e-010, 5.90036223005e-012, 5.34204409834e-016]
    },
    "erbbands": {
        "mean": [0.0109748048708, 0.257487863302, 2.34292221069, 7.42646026611, 16.2334632874, 11.0776309967, 21.8789730072, 15.6089172363, 20.9385757446, 31.3801708221, 49.0983657837, 41.8709373474, 44.6585998535, 53.1653671265, 58.0647926331, 51.987071991, 50.2860488892, 43.6714401245, 45.3045196533, 26.4358291626, 22.0255088806, 27.5096664429, 13.3292837143, 6.83368062973, 12.0152664185, 6.67664575577, 3.06600546837, 3.59492087364, 6.99158763885, 5.93504953384, 1.52684009075, 0.859707355499, 0.396472334862, 0.169904202223, 0.106166936457, 0.0131877735257, 0.000819159904495, 6.54715986457e-005, 1.81920804607e-005, 3.29747635988e-005],
        "var": [0.000840592372697, 0.285989791155, 10.2021036148, 56.3980560303, 302.158599854, 112.055923462, 574.661743164, 471.697143555, 693.308288574, 2613.86157227, 5598.01904297, 21927.84375, 10104.3574219, 10815.9365234, 9961.46289063, 8072.10009766, 13197.2822266, 11404.8486328, 5128.30126953, 2875.83325195, 2161.40869141, 2373.66088867, 826.931640625, 127.254524231, 361.480529785, 85.1929092407, 25.8506278992, 44.4073944092, 145.004837036, 81.214630127, 6.54615306854, 3.75211071968, 0.804008841515, 0.13629847765, 0.0357828214765, 0.000769182574004, 2.70600980912e-006, 1.48270018485e-008, 1.31163066519e-010, 3.14752918174e-010]
    },
    "gfcc": {
        "mean": [-11.2461128235, 125.515151978, -144.346542358, 28.9331455231, -77.8207931519, 15.1935911179, -41.0655136108, -11.0870189667, -23.2787780762, -13.1922092438, -17.5180091858, -12.3789701462, -9.60955810547],
        "cov": [[4238.43701172, -264.460388184, -820.478149414, -6.15020608902, -258.995819092, -1.91272044182, -234.620880127, 95.7518692017, -96.6223068237, -25.9751682281, -113.159126282, -66.3000030518, -169.958343506], [-264.460388184, 640.776123047, 86.5926971436, -114.445320129, 147.066101074, -51.3080787659, 100.124603271, -50.4459037781, 36.2609481812, -45.4375762939, 95.6219100952, -3.31538772583, 76.7847213745], [-820.478149414, 86.5926971436, 551.170410156, 141.670654297, -4.89636659622, 197.501205444, 112.298828125, -12.9729785919, 26.160446167, 78.3439788818, 2.52350234985, 17.0807056427, 37.5823364258], [-6.15020608902, -114.445320129, 141.670654297, 311.361572266, 32.2534713745, 11.5052194595, -26.8028259277, 40.5555648804, 51.4840202332, 38.1149101257, -11.2459573746, 13.4501132965, 22.0599517822], [-258.995819092, 147.066101074, -4.89636659622, 32.2534713745, 210.525970459, -33.8579940796, 32.4601516724, 29.4791030884, 29.8468151093, -0.311160236597, 36.7733612061, -10.1113538742, 14.7589273453], [-1.91272044182, -51.3080787659, 197.501205444, 11.5052194595, -33.8579940796, 271.056671143, 95.1322555542, -4.88360023499, -23.3826313019, 61.7951965332, -15.9638252258, -35.639125824, -20.5615711212], [-234.620880127, 100.124603271, 112.298828125, -26.8028259277, 32.4601516724, 95.1322555542, 155.844039917, 28.9314670563, -29.7285194397, -1.64780330658, 37.520816803, -19.6210193634, -20.0205974579], [95.7518692017, -50.4459037781, -12.9729785919, 40.5555648804, 29.4791030884, -4.88360023499, 28.9314670563, 97.9306793213, 13.5053453445, 3.38670015335, 10.0972528458, 1.11765277386, -15.6149654388], [-96.6223068237, 36.2609481812, 26.160446167, 51.4840202332, 29.8468151093, -23.3826313019, -29.7285194397, 13.5053453445, 114.408676147, 20.2573318481, -13.2097492218, 12.420715332, 31.774105072], [-25.9751682281, -45.4375762939, 78.3439788818, 38.1149101257, -0.311160236597, 61.7951965332, -1.64780330658, 3.38670015335, 20.2573318481, 98.4595489502, 9.47083187103, -5.18647289276, 1.24118125439], [-113.159126282, 95.6219100952, 2.52350234985, -11.2459573746, 36.7733612061, -15.9638252258, 37.520816803, 10.0972528458, -13.2097492218, 9.47083187103, 87.633934021, 10.0410194397, 2.63088107109], [-66.3000030518, -3.31538772583, 17.0807056427, 13.4501132965, -10.1113538742, -35.639125824, -19.6210193634, 1.11765277386, 12.420715332, -5.18647289276, 10.0410194397, 84.1946716309, 44.1197929382], [-169.958343506, 76.7847213745, 37.5823364258, 22.0599517822, 14.7589273453, -20.5615711212, -20.0205974579, -15.6149654388, 31.774105072, 1.24118125439, 2.63088107109, 44.1197929382, 94.3842010498]],
        "icov": [[0.00110051070806, -0.00226395879872, 0.0028401738964, -0.00186008249875, 0.0020547111053, -0.00241138460115, 0.00213955435902, -0.00244396273047, 0.00160788244102, -0.00130778411403, 0.00213022809476, -0.00163122010417, 0.00250927405432], [-0.00226395879872, 0.00906057097018, -0.0070723304525, 0.00569809786975, -0.00611094105989, 0.00636928528547, -0.00661961780861, 0.00769054051489, -0.0055443989113, 0.00494448142126, -0.00799887441099, 0.00595177849755, -0.00850990694016], [0.0028401738964, -0.0070723304525, 0.011570722796, -0.00715676136315, 0.00618098210543, -0.0080587239936, 0.00281445123255, -0.00500573543832, 0.00398458447307, -0.00558321457356, 0.00718347122893, -0.00638549402356, 0.00649674516171], [-0.00186008249875, 0.00569809786975, -0.00715676136315, 0.00874659232795, -0.00497723650187, 0.00479171378538, -0.00191225600429, 0.0024975517299, -0.00413249712437, 0.00293744006194, -0.00504639837891, 0.00421092286706, -0.00582506973296], [0.0020547111053, -0.00611094105989, 0.00618098210543, -0.00497723650187, 0.0109097696841, -0.00392934540287, 0.00292255682871, -0.00646292837337, 0.00238075247034, -0.00348741095513, 0.00353331910446, -0.00197791284882, 0.00443271873519], [-0.00241138460115, 0.00636928528547, -0.0080587239936, 0.00479171378538, -0.00392934540287, 0.0139141464606, -0.0101187257096, 0.00698646344244, -0.00286496290937, -0.00106091948692, -0.00234774965793, 0.00633520865813, -0.00669731758535], [0.00213955435902, -0.00661961780861, 0.00281445123255, -0.00191225600429, 0.00292255682871, -0.0101187257096, 0.0211737100035, -0.0115861007944, 0.00597079191357, 0.00171049020719, -0.000380158511689, -0.00238169496879, 0.00756879569963], [-0.00244396273047, 0.00769054051489, -0.00500573543832, 0.0024975517299, -0.00646292837337, 0.00698646344244, -0.0115861007944, 0.0214220657945, -0.00721653876826, 0.00283614732325, -0.00614363327622, 0.00234416616149, -0.00416124612093], [0.00160788244102, -0.0055443989113, 0.00398458447307, -0.00413249712437, 0.00238075247034, -0.00286496290937, 0.00597079191357, -0.00721653876826, 0.0156858041883, -0.00568792503327, 0.00751165533438, -0.00309118349105, 0.00189116061665], [-0.00130778411403, 0.00494448142126, -0.00558321457356, 0.00293744006194, -0.00348741095513, -0.00106091948692, 0.00171049020719, 0.00283614732325, -0.00568792503327, 0.0183575116098, -0.00957017298788, 0.00443945080042, -0.00382963754237], [0.00213022809476, -0.00799887441099, 0.00718347122893, -0.00504639837891, 0.00353331910446, -0.00234774965793, -0.000380158511689, -0.00614363327622, 0.00751165533438, -0.00957017298788, 0.023886134848, -0.00822501815856, 0.0072774332948], [-0.00163122010417, 0.00595177849755, -0.00638549402356, 0.00421092286706, -0.00197791284882, 0.00633520865813, -0.00238169496879, 0.00234416616149, -0.00309118349105, 0.00443945080042, -0.00822501815856, 0.0222760289907, -0.0138502689078], [0.00250927405432, -0.00850990694016, 0.00649674516171, -0.00582506973296, 0.00443271873519, -0.00669731758535, 0.00756879569963, -0.00416124612093, 0.00189116061665, -0.00382963754237, 0.0072774332948, -0.0138502689078, 0.025261150673]]
    },
    "melbands": {
        "mean": [0.000150341540575, 0.000938875600696, 0.00154699163977, 0.000992935965769, 0.000689491105732, 0.000373652874259, 0.000333300529746, 0.000360850302968, 0.000369887246052, 0.000256374652963, 0.000216684420593, 0.00020572815265, 0.000210408281418, 0.000133743495098, 8.72902601259e-005, 0.000137913724757, 7.15423811926e-005, 7.22739714547e-005, 4.88031328132e-005, 3.02364314848e-005, 2.43497361225e-005, 2.90889456664e-005, 2.28688131756e-005, 6.06921685176e-006, 5.11955522597e-006, 8.00588622951e-006, 9.2026693892e-006, 3.10810173687e-006, 1.49838729158e-006, 2.38112784245e-006, 1.94313383872e-006, 3.50416826222e-006, 5.39835627933e-006, 2.3616701128e-006, 8.43856241772e-007, 6.16217505467e-007, 4.71885158504e-007, 2.901829248e-007, 1.92415257061e-007, 1.21748229276e-007],
        "var": [1.15716126459e-007, 1.77826905201e-006, 1.4312880694e-006, 8.99254473552e-007, 5.49725882593e-007, 2.2850836956e-007, 1.67789281136e-007, 3.58280942692e-007, 3.22217260873e-007, 8.61746684677e-007, 2.59998444108e-007, 2.02091541723e-007, 1.5709855461e-007, 4.50370016836e-008, 1.83326402947e-008, 1.52325398517e-007, 3.02423082132e-008, 1.3231008289e-008, 1.15059561878e-008, 4.92322538292e-009, 2.89517765317e-009, 2.78656231423e-009, 4.45947323513e-009, 1.19197512971e-010, 9.02935365366e-011, 2.31953803387e-010, 2.25846827351e-010, 1.91440734792e-011, 6.50052060791e-012, 2.57198238401e-011, 1.75623838389e-011, 4.58131414749e-011, 8.80441761164e-011, 1.33324393192e-011, 2.02902842097e-012, 1.74587980791e-012, 1.2961888507e-012, 4.27298062385e-013, 2.17974686152e-013, 7.16747692556e-014]
    },
    "mfcc": {
        "mean": [-638.755004883, 141.505218506, -9.38829135895, 10.3053197861, -13.1732120514, 12.8631391525, -13.3659934998, 2.14903521538, -9.7705411911, -5.65574026108, -4.62432050705, -10.6806812286, -3.24796891212],
        "cov": [[2416.32788086, -448.367004395, -495.690368652, -143.079925537, -27.8483524323, -194.75894165, -120.346679688, -21.725479126, -68.9049835205, 30.2196273804, 25.6539382935, -57.5126800537, -42.0383644104], [-448.367004395, 777.025695801, -62.4352455139, -17.1148834229, 8.76189899445, 7.37545490265, 84.1963500977, 32.4893798828, -19.067440033, 0.283521085978, -30.6898536682, 4.86580371857, 36.2770996094], [-495.690368652, -62.4352455139, 563.075500488, 19.6445140839, -16.6605606079, 202.157836914, 74.3911132813, 10.9971170425, 79.700088501, 1.8635777235, 40.8198852539, 55.7128791809, -20.1146030426], [-143.079925537, -17.1148834229, 19.6445140839, 288.560882568, 108.625442505, -43.696559906, -45.4626045227, 17.450717926, 25.2601852417, 9.26124286652, -28.2356433868, 28.1170730591, 73.9290924072], [-27.8483524323, 8.76189899445, -16.6605606079, 108.625442505, 153.704727173, 11.2941684723, -34.3850898743, -2.95924901962, 44.3902511597, 25.4353923798, 0.490041077137, 14.9019556046, 24.3249874115], [-194.75894165, 7.37545490265, 202.157836914, -43.696559906, 11.2941684723, 194.120559692, 69.0028533936, -14.2515764236, 41.4296264648, 29.1298141479, 40.3907394409, 6.57333850861, -44.067073822], [-120.346679688, 84.1963500977, 74.3911132813, -45.4626045227, -34.3850898743, 69.0028533936, 232.183319092, 47.08152771, -27.6292190552, 38.0233879089, 61.3874282837, 5.33822250366, -34.1038322449], [-21.725479126, 32.4893798828, 10.9971170425, 17.450717926, -2.95924901962, -14.2515764236, 47.08152771, 99.0224533081, 14.7279014587, -3.79510378838, 8.06520938873, 7.31831073761, 7.7767572403], [-68.9049835205, -19.067440033, 79.700088501, 25.2601852417, 44.3902511597, 41.4296264648, -27.6292190552, 14.7279014587, 104.620094299, 17.5057258606, -3.9883275032, 14.3122005463, 1.54157519341], [30.2196273804, 0.283521085978, 1.8635777235, 9.26124286652, 25.4353923798, 29.1298141479, 38.0233879089, -3.79510378838, 17.5057258606, 94.1395568848, 45.191280365, 0.627170562744, -10.9115962982], [25.6539382935, -30.6898536682, 40.8198852539, -28.2356433868, 0.490041077137, 40.3907394409, 61.3874282837, 8.06520938873, -3.9883275032, 45.191280365, 101.948394775, 11.1479969025, -25.7023963928], [-57.5126800537, 4.86580371857, 55.7128791809, 28.1170730591, 14.9019556046, 6.57333850861, 5.33822250366, 7.31831073761, 14.3122005463, 0.627170562744, 11.1479969025, 59.9028968811, 19.248632431], [-42.0383644104, 36.2770996094, -20.1146030426, 73.9290924072, 24.3249874115, -44.067073822, -34.1038322449, 7.7767572403, 1.54157519341, -10.9115962982, -25.7023963928, 19.248632431, 86.0194854736]],
        "icov": [[0.000647562672384, 0.000405853934353, 0.000524861854501, 0.000381444726372, -7.47176236473e-005, 0.00016878619499, 0.000189840575331, -0.000202307317522, 0.000112526700832, -0.000321177300066, -0.000132686735014, -9.5188152045e-005, 8.02568320069e-005], [0.000405853934353, 0.00177042931318, 0.000642202445306, 0.000615123426542, -0.000370977300918, -0.000375144794816, -0.000636293727439, -0.000465773598989, 0.000303504231852, -0.000337174511515, 0.000874428194948, -0.00032312903204, -0.000938858545851], [0.000524861854501, 0.000642202445306, 0.00447666551918, -0.00110516010318, 0.0021920807194, -0.00405100593343, -0.000285123998765, -0.000175339722773, -0.00194246310275, 0.00129896239378, -0.00068463239586, -0.0025936930906, -0.000234657127294], [0.000381444726372, 0.000615123426542, -0.00110516010318, 0.00694556860253, -0.00467578787357, 0.00206132489257, 0.000143367535202, -0.00123860849999, 0.00135730090551, -0.00171219941694, 0.00166212278418, -0.000357639102731, -0.00341856083833], [-7.47176236473e-005, -0.000370977300918, 0.0021920807194, -0.00467578787357, 0.0120110306889, -0.00306027336046, 0.00101022794843, 0.000952842528932, -0.00414843671024, -0.000736055371817, -0.00151478755288, -0.00141396943945, -0.000154027846293], [0.00016878619499, -0.000375144794816, -0.00405100593343, 0.00206132489257, -0.00306027336046, 0.0127363018692, -0.00247600255534, 0.00319238868542, -0.00241563259624, -0.000946079613641, -0.000940911122598, 0.00204068538733, 0.00282715051435], [0.000189840575331, -0.000636293727439, -0.000285123998765, 0.000143367535202, 0.00101022794843, -0.00247600255534, 0.00823819171637, -0.0046022743918, 0.00404638703912, -0.00277028395794, -0.00185482157394, -0.000793880142737, 0.00149886647705], [-0.000202307317522, -0.000465773598989, -0.000175339722773, -0.00123860849999, 0.000952842528932, 0.00319238868542, -0.0046022743918, 0.0142097771168, -0.00532806897536, 0.00316195888445, -0.00185084028635, 0.000514226208907, -0.000793759827502], [0.000112526700832, 0.000303504231852, -0.00194246310275, 0.00135730090551, -0.00414843671024, -0.00241563259624, 0.00404638703912, -0.00532806897536, 0.0165402349085, -0.00467417342588, 0.00333271035925, -0.0019635616336, 0.000873654498719], [-0.000321177300066, -0.000337174511515, 0.00129896239378, -0.00171219941694, -0.000736055371817, -0.000946079613641, -0.00277028395794, 0.00316195888445, -0.00467417342588, 0.0168603789061, -0.0071240416728, 0.00179495860357, -0.00020797974139], [-0.000132686735014, 0.000874428194948, -0.00068463239586, 0.00166212278418, -0.00151478755288, -0.000940911122598, -0.00185482157394, -0.00185084028635, 0.00333271035925, -0.0071240416728, 0.0168017018586, -0.00406517460942, 0.00232263398357], [-9.5188152045e-005, -0.00032312903204, -0.0025936930906, -0.000357639102731, -0.00141396943945, 0.00204068538733, -0.000793880142737, 0.000514226208907, -0.0019635616336, 0.00179495860357, -0.00406517460942, 0.0221702232957, -0.00503816595301], [8.02568320069e-005, -0.000938858545851, -0.000234657127294, -0.00341856083833, -0.000154027846293, 0.00282715051435, 0.00149886647705, -0.000793759827502, 0.000873654498719, -0.00020797974139, 0.00232263398357, -0.00503816595301, 0.0188808832318]]
    },
    "spectral_contrast_coeffs": {
        "mean": [-0.514774143696, -0.6903616786, -0.741087913513, -0.756442427635, -0.771960198879, -0.719135642052],
        "var": [0.0067384140566, 0.00439999159425, 0.00538822077215, 0.0031323232688, 0.00384062109515, 0.00113129941747]
    },
    "spectral_contrast_valleys": {
        "mean": [-7.94302368164, -6.63085889816, -6.98857498169, -7.52584171295, -7.93632602692, -10.6534290314],
        "var": [1.15915346146, 0.998476266861, 0.958627521992, 0.955448329449, 0.916175663471, 0.905086398125]
    }
},
"metadata": {
    "audio_properties": {
        "analysis_sample_rate": 44100,
        "bit_rate": 112875,
        "equal_loudness": 0,
        "length": 45.0612258911,
        "lossless": 0,
        "replay_gain": -16.1036453247,
        "sample_rate": 44100,
        "codec": "mp3",
        "downmix": "mix",
        "md5_encoded": "0babc2e161f1bf273ce966c2183286f8"
    },
    "tags": {
        "file_name": "77.mp3"
    },
    "version": {
        "essentia": "2.1-beta2",
        "essentia_git_sha": "v2.1_beta2",
        "extractor": "music 1.0"
    }
},
"rhythm": {
    "beats_count": 90,
    "beats_loudness": {
        "mean": 0.0311108082533,
        "var": 0.00021104690677
    },
    "bpm": 120.710861206,
    "bpm_histogram_first_peak_bpm": {
        "mean": 120,
        "var": 0
    },
    "bpm_histogram_first_peak_spread": {
        "mean": 0.527027010918,
        "var": 0
    },
    "bpm_histogram_first_peak_weight": {
        "mean": 0.393258422613,
        "var": 0
    },
    "bpm_histogram_second_peak_bpm": {
        "mean": 126,
        "var": 0
    },
    "bpm_histogram_second_peak_spread": {
        "mean": 0.363636344671,
        "var": 0
    },
    "bpm_histogram_second_peak_weight": {
        "mean": 0.078651688993,
        "var": 0
    },
    "danceability": 0.957552731037,
    "onset_rate": 1.9298363924,
    "beats_loudness_band_ratio": {
        "mean": [0.344991266727, 0.254434853792, 0.198752492666, 0.193961903453, 0.0711183771491, 0.0399486385286],
        "var": [0.0463681332767, 0.024656586349, 0.0191091522574, 0.0247017014772, 0.00537138851359, 0.00136711890809]
    },
    "beats_position": [0.510838985443, 1.03328800201, 1.55573689938, 2.07818579674, 2.60063481331, 3.11147379875, 3.61070299149, 4.1099319458, 4.60916090012, 5.10838985443, 5.59600877762, 6.09523820877, 6.59446716309, 7.10530614853, 7.56970500946, 8.03410434723, 8.498503685, 8.98612213135, 9.47374153137, 9.94974994659, 10.4141492844, 10.8901586533, 11.3777770996, 11.8653964996, 12.3530158997, 12.8290243149, 13.3050336838, 13.7926530838, 14.2918815613, 14.7911109924, 15.2903394699, 15.7895689011, 16.2887973785, 16.7880268097, 17.2872562408, 17.786485672, 18.2741031647, 18.7501125336, 19.2377319336, 19.7369613647, 20.2245807648, 20.7121982574, 21.1998176575, 21.6874370575, 22.1750564575, 22.6626758575, 23.1619052887, 23.6611328125, 24.1487522125, 24.6363716125, 25.1239910126, 25.6116104126, 26.1108379364, 26.6100673676, 27.1092967987, 27.6085262299, 28.1077537537, 28.6069831848, 29.0946025848, 29.5706119537, 30.0466213226, 30.5342407227, 31.0218582153, 31.5094776154, 31.9970970154, 32.4847145081, 32.9839439392, 33.4831733704, 33.9707946777, 34.4700202942, 34.9692497253, 35.4684791565, 35.9677085876, 36.4785499573, 36.9893875122, 37.5002250671, 38.0110664368, 38.5102958679, 39.0095214844, 39.5087509155, 40.0195922852, 40.5188217163, 41.0296592712, 41.5288887024, 42.0281181335, 42.5389556885, 43.0497932434, 43.560634613, 44.071472168, 44.5823135376]
},
"tonal": {
    "chords_changes_rate": 0.0442386828363,
    "chords_number_rate": 0.0133744860068,
    "chords_strength": {
        "mean": 0.48658901453,
        "var": 0.00893732253462
    },
    "hpcp_entropy": {
        "mean": 1.77447664738,
        "var": 0.460367560387
    },
    "key_strength": 0.773279190063,
    "tuning_diatonic_strength": 0.55285102129,
    "tuning_equal_tempered_deviation": 0.0363708660007,
    "tuning_frequency": 440.508636475,
    "tuning_nontempered_energy_ratio": 0.668520867825,
    "hpcp": {
        "mean": [0.132272213697, 0.0912842825055, 0.0759062469006, 0.126321256161, 0.125519543886, 0.0939369425178, 0.0731839463115, 0.058053188026, 0.127163469791, 0.207115888596, 0.150506511331, 0.0612552538514, 0.0427547432482, 0.0671719312668, 0.260928869247, 0.459526062012, 0.291546881199, 0.0665473341942, 0.0337613597512, 0.0331928282976, 0.0426973849535, 0.0509681999683, 0.0609561949968, 0.127419054508, 0.144393801689, 0.082926414907, 0.0892651453614, 0.120004341006, 0.106462560594, 0.24083198607, 0.431219488382, 0.292360156775, 0.0767953619361, 0.0370328277349, 0.036326430738, 0.08571203053],
        "var": [0.0328848436475, 0.0162711255252, 0.0219763573259, 0.063347786665, 0.0583800710738, 0.0285330601037, 0.022506531328, 0.0125026749447, 0.044824745506, 0.107723355293, 0.0694121345878, 0.0192861910909, 0.0173004418612, 0.0204555913806, 0.0581770949066, 0.15139426291, 0.0746908411384, 0.014913816005, 0.0109046017751, 0.00781457964331, 0.00601484905928, 0.00984841957688, 0.01276560314, 0.0535294376314, 0.0700374916196, 0.0223210733384, 0.0246697571129, 0.0565361604095, 0.0421799048781, 0.0641454011202, 0.158541887999, 0.0896503329277, 0.0158796776086, 0.00400625728071, 0.00287379603833, 0.0165320448577]
    },
    "chords_histogram": [37.139919281, 7.30452680588, 5.86419773102, 3.70370364189, 0, 7.92181062698, 2.57201647758, 14.9176950455, 2.57201647758, 8.64197540283, 0, 0, 0, 0, 0, 1.33744859695, 0.205761313438, 2.57201647758, 0, 0, 2.67489719391, 0, 2.57201647758, 0],
    "thpcp": [1, 0.634451270103, 0.144817322493, 0.0734699591994, 0.0722327455878, 0.0929161310196, 0.110914707184, 0.132650136948, 0.277283638716, 0.314223319292, 0.180460751057, 0.194254800677, 0.261148065329, 0.231679052114, 0.524087786674, 0.938400506973, 0.636221051216, 0.167118623853, 0.0805891752243, 0.0790519490838, 0.186522677541, 0.287844866514, 0.198648765683, 0.165183767676, 0.274894654751, 0.273149996996, 0.20442135632, 0.159259617329, 0.126332744956, 0.276727437973, 0.4507163167, 0.327525526285, 0.133300930262, 0.0930409505963, 0.146176546812, 0.567821681499],
    "chords_key": "G",
    "chords_scale": "minor",
    "key_key": "G",
    "key_scale": "minor"
}
}