{
"lowlevel": {
    "average_loudness": 0.949972093105,
    "barkbands_crest": {
        "mean": 12.1041278839,
        "var": 14.6509408951
    },
    "barkbands_flatness_db": {
        "mean": 0.321202874184,
        "var": 0.00979785621166
    },
    "barkbands_kurtosis": {
        "mean": 9.50774002075,
        "var": 81.2882003784
    },
    "barkbands_skewness": {
        "mean": 2.31101989746,
        "var": 1.42948663235
    },
    "barkbands_spread": {
        "mean": 9.50349712372,
        "var": 116.132614136
    },
    "dissonance": {
        "mean": 0.435259133577,
        "var": 0.00235978281125
    },
    "dynamic_complexity": 2.29800081253,
    "erbbands_crest": {
        "mean": 9.91729640961,
        "var": 13.4861755371
    },
    "erbbands_flatness_db": {
        "mean": 0.265795201063,
        "var": 0.00427915109321
    },
    "erbbands_kurtosis": {
        "mean": 1.43233454227,
        "var": 11.6999568939
    },
    "erbbands_skewness": {
        "mean": 0.773015618324,
        "var": 0.860208451748
    },
    "erbbands_spread": {
        "mean": 33.7136077881,
        "var": 548.634460449
    },
    "hfc": {
        "mean": 10.7436065674,
        "var": 214.622711182
    },
    "melbands_crest": {
        "mean": 16.4763278961,
        "var": 19.2462463379
    },
    "melbands_flatness_db": {
        "mean": 0.408239245415,
        "var": 0.0166969373822
    },
    "melbands_kurtosis": {
        "mean": 22.5596637726,
        "var": 439.558685303
    },
    "melbands_skewness": {
        "mean": 3.35390925407,
        "var": 2.86206507683
    },
    "melbands_spread": {
        "mean": 9.11574649811,
        "var": 184.815643311
    },
    "pitch_salience": {
        "mean": 0.510966598988,
        "var": 0.0103504331782
    },
    "silence_rate_20dB": {
        "mean": 1,
        "var": 0
    },
    "silence_rate_30dB": {
        "mean": 0.991250634193,
        "var": 0.00867261644453
    },
    "silence_rate_60dB": {
        "mean": 0.00205867225304,
        "var": 0.00205448735505
    },
    "spectral_centroid": {
        "mean": 750.756225586,
        "var": 608306.1875
    },
    "spectral_complexity": {
        "mean": 11.0344829559,
        "var": 46.1360740662
    },
    "spectral_decrease": {
        "mean": -7.56920748302e-009,
        "var": 2.86804628021e-017
    },
    "spectral_energy": {
        "mean": 0.0295423902571,
        "var": 0.000437576905824
    },
    "spectral_energyband_high": {
        "mean": 0.000304130226141,
        "var": 4.13341069816e-007
    },
    "spectral_energyband_low": {
        "mean": 0.0158499442041,
        "var": 0.00023427605629
    },
    "spectral_energyband_middle_high": {
        "mean": 0.00221903133206,
        "var": 2.22995367949e-005
    },
    "spectral_energyband_middle_low": {
        "mean": 0.0140495467931,
        "var": 0.000157535774633
    },
    "spectral_entropy": {
        "mean": 6.3467798233,
        "var": 0.645632684231
    },
    "spectral_flux": {
        "mean": 0.0682383030653,
        "var": 0.00183687487151
    },
    "spectral_kurtosis": {
        "mean": 34.8688774109,
        "var": 2870.31298828
    },
    "spectral_rms": {
        "mean": 0.0051339790225,
        "var": 2.46415220317e-006
    },
    "spectral_rolloff": {
        "mean": 602.468994141,
        "var": 1363918.25
    },
    "spectral_skewness": {
        "mean": 3.23113083839,
        "var": 10.1768484116
    },
    "spectral_spread": {
        "mean": 2425393.25,
        "var": 2.76630260941e+012
    },
    "spectral_strongpeak": {
        "mean": 0.693366289139,
        "var": 1.77669560909
    },
    "zerocrossingrate": {
        "mean": 0.0242544859648,
        "var": 0.000921342347283
    },
    "barkbands": {
        "mean": [4.63126707473e-005, 0.00721504399553, 0.00575055368245, 0.00419090921059, 0.00753639405593, 0.000847496965434, 0.000420524651418, 0.000348846951965, 0.000613314565271, 0.000214959058212, 0.000336322555086, 0.000160489726113, 0.00031336711254, 0.000307671027258, 8.47518895171e-005, 0.00010679384286, 5.40451073903e-005, 7.84059157013e-005, 0.000243390968535, 0.000503435730934, 0.000148632942, 1.67473026522e-005, 2.43863269134e-006, 1.18708283026e-006, 3.49722768078e-007, 3.82211275962e-008, 2.63875943318e-009],
        "var": [1.78647958649e-008, 3.98499796574e-005, 6.69004148222e-005, 4.31342996308e-005, 7.23048287909e-005, 7.33707906875e-007, 1.21534341702e-007, 1.45653586969e-007, 3.94276776206e-006, 2.29738049029e-007, 1.33063610974e-006, 2.79301275441e-007, 7.42745271509e-007, 3.92664423998e-006, 5.5078444916e-008, 8.9550368898e-008, 1.59185553628e-008, 1.788768067e-008, 5.2975002518e-007, 3.29107092512e-006, 1.52945247578e-007, 2.14354090033e-009, 4.3944275302e-011, 8.55592940247e-012, 4.73035618922e-013, 1.61841890665e-014, 4.39903511838e-015]
    },
    "erbbands": {
        "mean": [0.0970866084099, 1.96663844585, 5.83525943756, 13.3058700562, 14.0684947968, 30.4495429993, 19.7729167938, 7.1326584816, 6.28833055496, 7.83582830429, 5.99956035614, 11.4401569366, 13.3016338348, 12.7729969025, 8.56196117401, 4.95644140244, 12.066277504, 20.8838100433, 4.62573432922, 4.81571769714, 5.58739709854, 3.41113185883, 4.04663419724, 8.6442565918, 24.8761081696, 16.4915523529, 9.18532752991, 3.15344834328, 0.753251731396, 0.209351971745, 0.0616695657372, 0.0313378311694, 0.0179311484098, 0.00559849664569, 0.00185030023567, 0.000397758063627, 4.4399388571e-005, 6.48940658721e-006, 1.49317393152e-005, 3.32638592226e-005],
        "var": [0.0093640377745, 3.01915454865, 45.0909805298, 431.576293945, 278.123565674, 2108.72338867, 293.422821045, 45.0039634705, 23.0618305206, 51.2647209167, 51.6991043091, 1057.78869629, 2095.13256836, 1679.03869629, 464.935455322, 209.306121826, 1079.8203125, 14080.7177734, 206.464660645, 115.105628967, 235.26612854, 55.9050254822, 49.5554084778, 319.564056396, 7870.51416016, 2077.83642578, 440.953125, 73.9149475098, 3.50892591476, 0.380177438259, 0.027561429888, 0.00764200324193, 0.00150496792048, 0.000118047537399, 1.46097117977e-005, 9.53842118179e-007, 3.4557949391e-008, 3.34228289489e-009, 3.02316754963e-010, 5.64304658557e-010]
    },
    "gfcc": {
        "mean": [-125.613555908, 199.027206421, -99.1465530396, 46.5502662659, -38.950012207, -18.5569610596, -10.7555990219, -17.1413249969, -20.7465133667, -5.65839290619, -0.999035060406, -23.3508110046, 3.34292221069],
        "cov": [[9017.17773438, -2784.45874023, -3657.54174805, 2106.69213867, -788.247680664, -68.5443725586, -244.51184082, 277.923736572, -730.007568359, -201.67906189, -534.608581543, -384.496673584, 341.380065918], [-2784.45874023, 1915.97888184, 1518.51550293, -1241.87866211, 374.337585449, -5.25305938721, 244.738204956, -219.042053223, 200.421478271, 54.3960342407, 268.512512207, 77.9948043823, -137.96685791], [-3657.54174805, 1518.51550293, 2151.47045898, -897.007019043, 392.447479248, 80.9016494751, -17.1407260895, -105.926338196, 493.493164063, 87.4607467651, 228.918670654, 235.36227417, -219.700134277], [2106.69213867, -1241.87866211, -897.007019043, 1318.91357422, -145.049697876, -98.8123855591, -281.868255615, 248.557876587, 108.775253296, -74.8311691284, -135.957122803, 37.1134033203, 156.904937744], [-788.247680664, 374.337585449, 392.447479248, -145.049697876, 265.185058594, -10.8229665756, -5.1539273262, 24.3980007172, 116.537864685, 27.5005989075, 62.4967651367, 56.2247161865, -15.4865674973], [-68.5443725586, -5.25305938721, 80.9016494751, -98.8123855591, -10.8229665756, 214.540771484, -4.95903968811, -79.7515411377, 37.4125289917, -5.11139154434, 7.63759040833, 19.3619766235, -38.9632263184], [-244.51184082, 244.738204956, -17.1407260895, -281.868255615, -5.1539273262, -4.95903968811, 230.509414673, -25.1069927216, -139.304580688, 41.5518035889, 32.9047088623, -63.0965385437, 7.37883090973], [277.923736572, -219.042053223, -105.926338196, 248.557876587, 24.3980007172, -79.7515411377, -25.1069927216, 218.196243286, 33.1289100647, 5.73524332047, -40.0304985046, 25.3178749084, 67.7057495117], [-730.007568359, 200.421478271, 493.493164063, 108.775253296, 116.537864685, 37.4125289917, -139.304580688, 33.1289100647, 369.532012939, -29.2621383667, 43.3256874084, 130.333831787, -46.431388855], [-201.67906189, 54.3960342407, 87.4607467651, -74.8311691284, 27.5005989075, -5.11139154434, 41.5518035889, 5.73524332047, -29.2621383667, 133.782791138, 33.1262207031, -31.7081565857, -20.8278408051], [-534.608581543, 268.512512207, 228.918670654, -135.957122803, 62.4967651367, 7.63759040833, 32.9047088623, -40.0304985046, 43.3256874084, 33.1262207031, 114.297798157, 36.1823997498, -20.4159812927], [-384.496673584, 77.9948043823, 235.36227417, 37.1134033203, 56.2247161865, 19.3619766235, -63.0965385437, 25.3178749084, 130.333831787, -31.7081565857, 36.1823997498, 132.233016968, -0.461904376745], [341.380065918, -137.96685791, -219.700134277, 156.904937744, -15.4865674973, -38.9632263184, 7.37883090973, 67.7057495117, -46.431388855, -20.8278408051, -20.4159812927, -0.461904376745, 122.636978149]],
        "icov": [[0.00115111691412, -0.00292254099622, 0.00203251442872, -0.00260248407722, 0.00169184489641, -0.00233280193061, 0.00226458301768, -0.00169987988193, 0.0025901873596, -0.000794787716586, 0.00277304579504, -0.000283227680484, 0.0020596482791], [-0.00292254099622, 0.0130351865664, -0.00678014103323, 0.00997905246913, -0.00669701956213, 0.00897703785449, -0.00855466444045, 0.00673436466604, -0.00974600668997, 0.00437716208398, -0.0108736623079, 0.00284531037323, -0.00805668067187], [0.00203251442872, -0.00678014103323, 0.00607488770038, -0.00404706923291, 0.00313424505293, -0.00450003705919, 0.00523875188082, -0.00390178966336, 0.00324998074211, -0.00320653896779, 0.0056442245841, -0.00269316975027, 0.0051957317628], [-0.00260248407722, 0.00997905246913, -0.00404706923291, 0.0108635658398, -0.004583097063, 0.00763548864052, -0.00446400139481, 0.00379186915234, -0.00990626402199, 0.00233453256078, -0.00865550152957, 0.00134191417601, -0.00744611024857], [0.00169184489641, -0.00669701956213, 0.00313424505293, -0.004583097063, 0.00944827590138, -0.00435372255743, 0.0050531453453, -0.00483338395134, 0.00408034492284, -0.00273857964203, 0.0041051004082, -0.00125673424918, 0.00316764274612], [-0.00233280193061, 0.00897703785449, -0.00450003705919, 0.00763548864052, -0.00435372255743, 0.0124133406207, -0.00646392628551, 0.00709970993921, -0.00836962275207, 0.00197940529324, -0.00628419220448, -0.000196314285859, -0.00525395572186], [0.00226458301768, -0.00855466444045, 0.00523875188082, -0.00446400139481, 0.0050531453453, -0.00646392628551, 0.0150699838996, -0.00676480401307, 0.00822674948722, -0.00309009174816, 0.00402541505173, 0.000905314518604, 0.00384445954114], [-0.00169987988193, 0.00673436466604, -0.00390178966336, 0.00379186915234, -0.00483338395134, 0.00709970993921, -0.00676480401307, 0.0126789165661, -0.00603465689346, -0.000232472666539, -0.00133510457817, -0.00144123518839, -0.00703270081431], [0.0025901873596, -0.00974600668997, 0.00324998074211, -0.00990626402199, 0.00408034492284, -0.00836962275207, 0.00822674948722, -0.00603465689346, 0.0161245558411, -0.00101598061156, 0.00722541753203, -0.00323803513311, 0.00813785661012], [-0.000794787716586, 0.00437716208398, -0.00320653896779, 0.00233453256078, -0.00273857964203, 0.00197940529324, -0.00309009174816, -0.000232472666539, -0.00101598061156, 0.0124812480062, -0.00776686146855, 0.00572156812996, -0.000533575890586], [0.00277304579504, -0.0108736623079, 0.0056442245841, -0.00865550152957, 0.0041051004082, -0.00628419220448, 0.00402541505173, -0.00133510457817, 0.00722541753203, -0.00776686146855, 0.0251866355538, -0.00764436274767, 0.00583079690114], [-0.000283227680484, 0.00284531037323, -0.00269316975027, 0.00134191417601, -0.00125673424918, -0.000196314285859, 0.000905314518604, -0.00144123518839, -0.00323803513311, 0.00572156812996, -0.00764436274767, 0.0173915978521, -0.0034934009891], [0.0020596482791, -0.00805668067187, 0.0051957317628, -0.00744611024857, 0.00316764274612, -0.00525395572186, 0.00384445954114, -0.00703270081431, 0.00813785661012, -0.000533575890586, 0.00583079690114, -0.0034934009891, 0.0185217764229]]
    },
    "melbands": {
        "mean": [0.00147369399201, 0.00315478886478, 0.0022145351395, 0.00158729543909, 0.00089602713706, 0.000147219107021, 9.32359398575e-005, 8.80865336512e-005, 4.71753810416e-005, 8.22707152111e-005, 6.39564314042e-005, 4.80644921481e-005, 3.44205291185e-005, 2.25763724302e-005, 6.3810307438e-006, 4.85105811094e-005, 3.38631616614e-005, 6.05157219979e-006, 7.1176145866e-006, 6.99859538145e-006, 6.05136392551e-006, 3.4761749248e-006, 3.03734395857e-006, 3.88825037589e-006, 6.84564247422e-006, 1.2152770978e-005, 2.46662384598e-005, 7.86474538472e-006, 6.68741131449e-006, 3.38765676133e-006, 1.15240072773e-006, 4.35562895973e-007, 2.12895756135e-007, 7.36397254286e-008, 3.38567751612e-008, 2.46760993861e-008, 1.68831029157e-008, 1.39414026989e-008, 7.24019288967e-009, 3.82728293502e-009],
        "var": [1.54059887336e-006, 9.4698571047e-006, 1.06394991235e-005, 4.91233004141e-006, 6.52576659377e-007, 2.09806998441e-008, 5.08545427991e-009, 7.15188352984e-009, 5.01541297382e-009, 6.43629718411e-008, 5.15813702862e-008, 2.34527988141e-008, 9.77200542707e-009, 5.45618128456e-009, 3.26982080301e-010, 3.03710727678e-008, 4.08517273343e-008, 6.01193483885e-010, 3.61413898808e-010, 4.40956771097e-010, 3.33815391995e-010, 7.44543454667e-011, 3.94334460918e-011, 4.07443002948e-011, 2.28827581883e-010, 1.62897051403e-009, 1.09749969113e-008, 3.02418784459e-010, 2.20800058792e-010, 1.01347319426e-010, 8.84223510383e-012, 1.27658647542e-012, 4.501853263e-013, 4.86934745184e-014, 8.75250833453e-015, 4.72313872312e-015, 2.4519393067e-015, 1.00588465915e-015, 1.81144970557e-016, 6.18360190403e-017]
    },
    "mfcc": {
        "mean": [-762.565490723, 202.066070557, 18.059261322, 58.2315635681, -1.02218234539, 8.24524497986, 14.9937639236, -12.1504249573, -1.88474404812, 1.51280796528, -2.46475505829, -1.19404482841, -5.54143810272],
        "cov": [[8130.12646484, -3005.4987793, -3599.72241211, 1806.83898926, -859.896484375, -214.36038208, 227.377792358, -266.586334229, 338.098266602, -47.9002571106, -534.60925293, -414.854797363, -366.477264404], [-3005.4987793, 1924.41662598, 1283.17297363, -1004.23114014, 128.423828125, 47.1623878479, 201.851608276, 4.78706216812, -200.089126587, 66.6965408325, 148.53263855, 57.1052589417, 71.8572235107], [-3599.72241211, 1283.17297363, 2097.72436523, -856.071655273, 525.633056641, 217.102035522, -328.953186035, 242.768829346, -155.49508667, 26.3613929749, 294.530029297, 221.327835083, 199.422714233], [1806.83898926, -1004.23114014, -856.071655273, 991.58807373, 30.8958778381, -191.698959351, -90.4123382568, -22.1201076508, 207.695114136, -62.2475585938, -85.4250946045, 51.1631507874, -34.0164070129], [-859.896484375, 128.423828125, 525.633056641, 30.8958778381, 531.311767578, 59.5077056885, -305.80065918, 184.990341187, 28.9157733917, -2.795109272, 72.428276062, 138.453323364, 109.034484863], [-214.36038208, 47.1623878479, 217.102035522, -191.698959351, 59.5077056885, 215.17515564, -69.3386688232, 26.5404281616, -67.9267272949, 30.9757347107, 39.0180473328, -29.4850845337, 32.9829559326], [227.377792358, 201.851608276, -328.953186035, -90.4123382568, -305.80065918, -69.3386688232, 413.285797119, -172.240982056, -25.7415294647, 20.1293144226, -49.1352500916, -71.291847229, -64.5894317627], [-266.586334229, 4.78706216812, 242.768829346, -22.1201076508, 184.990341187, 26.5404281616, -172.240982056, 217.227920532, 27.060464859, -20.2086753845, 8.23100566864, 47.7089614868, 44.2272987366], [338.098266602, -200.089126587, -155.49508667, 207.695114136, 28.9157733917, -67.9267272949, -25.7415294647, 27.060464859, 150.332000732, 5.99534368515, -31.43891716, 6.74796199799, 12.0394468307], [-47.9002571106, 66.6965408325, 26.3613929749, -62.2475585938, -2.795109272, 30.9757347107, 20.1293144226, -20.2086753845, 5.99534368515, 92.5210113525, 13.9635591507, -24.7426624298, 11.0156965256], [-534.60925293, 148.53263855, 294.530029297, -85.4250946045, 72.428276062, 39.0180473328, -49.1352500916, 8.23100566864, -31.43891716, 13.9635591507, 120.506813049, 74.6885452271, 35.2287979126], [-414.854797363, 57.1052589417, 221.327835083, 51.1631507874, 138.453323364, -29.4850845337, -71.291847229, 47.7089614868, 6.74796199799, -24.7426624298, 74.6885452271, 142.54536438, 44.421295166], [-366.477264404, 71.8572235107, 199.422714233, -34.0164070129, 109.034484863, 32.9829559326, -64.5894317627, 44.2272987366, 12.0394468307, 11.0156965256, 35.2287979126, 44.421295166, 97.4886322021]],
        "icov": [[0.000930020411033, 0.000335265009198, 0.00103251659311, -0.000552114390302, 0.000670308130793, -0.000880532083102, 0.000416798924562, -0.000428484141594, -9.5322735433e-005, -0.000481242692331, 0.000675891060382, 9.6345665952e-006, 0.00078049430158], [0.000335265009198, 0.00235322234221, -0.000612385512795, 0.00123581686057, -0.000968435255345, 0.00153903593309, -0.00174383691046, 0.000102913814771, 0.00058950856328, -0.000559524982236, 6.62642050884e-005, 0.000659323355649, 0.000236153093283], [0.00103251659311, -0.000612385512795, 0.00355648482218, 0.000521226262208, 0.000326132023474, -0.0014616008848, 0.00193264207337, -0.000841169792693, -0.000692137167789, 0.000186135279364, -0.00145455671009, -0.00103107118048, 9.11910174182e-005], [-0.000552114390302, 0.00123581686057, 0.000521226262208, 0.00480610597879, -0.00194430432748, 0.00249253446236, 0.000100919845863, 0.00149993167724, -0.00213600182906, 0.00121478235815, -0.00108192907646, -0.00168934464455, -0.00037070576218], [0.000670308130793, -0.000968435255345, 0.000326132023474, -0.00194430432748, 0.0064086522907, -0.00251984572969, 0.00328561360948, -0.001531137852, -0.000393271504436, -0.0016879014438, 0.00297890766524, -0.00367069314234, -0.000720196403563], [-0.000880532083102, 0.00153903593309, -0.0014616008848, 0.00249253446236, -0.00251984572969, 0.0107361869887, -0.000682480458636, 0.000214599334868, 0.0034549171105, -0.000757111876737, -0.00406525516883, 0.00529305217788, -0.00323238712735], [0.000416798924562, -0.00174383691046, 0.00193264207337, 0.000100919845863, 0.00328561360948, -0.000682480458636, 0.00765942782164, 0.00224073207937, -0.000893370248377, -0.000805784540717, 0.00194859527983, -0.00256194057874, 0.000212808343349], [-0.000428484141594, 0.000102913814771, -0.000841169792693, 0.00149993167724, -0.001531137852, 0.000214599334868, 0.00224073207937, 0.00902679748833, -0.00204646680504, 0.00160580035299, 0.00279888580553, -0.00181662105024, -0.000525641720742], [-9.5322735433e-005, 0.00058950856328, -0.000692137167789, -0.00213600182906, -0.000393271504436, 0.0034549171105, -0.000893370248377, -0.00204646680504, 0.0122950943187, -0.0033139155712, 0.00128731376026, 0.00173965422437, -0.00291665131226], [-0.000481242692331, -0.000559524982236, 0.000186135279364, 0.00121478235815, -0.0016879014438, -0.000757111876737, -0.000805784540717, 0.00160580035299, -0.0033139155712, 0.0149553520605, -0.00514762243256, 0.00472884066403, -0.00204713502899], [0.000675891060382, 6.62642050884e-005, -0.00145455671009, -0.00108192907646, 0.00297890766524, -0.00406525516883, 0.00194859527983, 0.00279888580553, 0.00128731376026, -0.00514762243256, 0.0222170222551, -0.0120249763131, 0.00102832063567], [9.6345665952e-006, 0.000659323355649, -0.00103107118048, -0.00168934464455, -0.00367069314234, 0.00529305217788, -0.00256194057874, -0.00181662105024, 0.00173965422437, 0.00472884066403, -0.0120249763131, 0.0211061630398, -0.00350958574563], [0.00078049430158, 0.000236153093283, 9.11910174182e-005, -0.00037070576218, -0.000720196403563, -0.00323238712735, 0.000212808343349, -0.000525641720742, -0.00291665131226, -0.00204713502899, 0.00102832063567, -0.00350958574563, 0.0167992990464]]
    },
    "spectral_contrast_coeffs": {
        "mean": [-0.606517255306, -0.74242413044, -0.768626272678, -0.767832696438, -0.790800273418, -0.71439063549],
        "var": [0.00781306717545, 0.00183000753168, 0.00719768740237, 0.00469062430784, 0.007787165232, 0.00705167325214]
    },
    "spectral_contrast_valleys": {
        "mean": [-6.69840621948, -6.9740228653, -8.41281223297, -9.07708454132, -8.96803569794, -13.0497188568],
        "var": [1.03039801121, 0.768726766109, 0.97125685215, 1.28946423531, 2.5105946064, 1.62766551971]
    }
},
"metadata": {
    "audio_properties": {
        "analysis_sample_rate": 44100,
        "bit_rate": 96699,
        "equal_loudness": 0,
        "length": 45.0873451233,
        "lossless": 0,
        "replay_gain": -8.65684890747,
        "sample_rate": 44100,
        "codec": "mp3",
        "downmix": "mix",
        "md5_encoded": "400920978b9c647ac13797404df0094d"
    },
    "tags": {
        "file_name": "773.mp3"
    },
    "version": {
        "essentia": "2.1-beta2",
        "essentia_git_sha": "v2.1_beta2",
        "extractor": "music 1.0"
    }
},
"rhythm": {
    "beats_count": 77,
    "beats_loudness": {
        "mean": 0.0469484291971,
        "var": 0.000782214163337
    },
    "bpm": 103.363677979,
    "bpm_histogram_first_peak_bpm": {
        "mean": 103,
        "var": 0
    },
    "bpm_histogram_first_peak_spread": {
        "mean": 0.105263121426,
        "var": 0
    },
    "bpm_histogram_first_peak_weight": {
        "mean": 0.89473682642,
        "var": 0
    },
    "bpm_histogram_second_peak_bpm": {
        "mean": 0,
        "var": 0
    },
    "bpm_histogram_second_peak_spread": {
        "mean": 0,
        "var": 0
    },
    "bpm_histogram_second_peak_weight": {
        "mean": 0,
        "var": 0
    },
    "danceability": 1.2765763998,
    "onset_rate": 3.50295615196,
    "beats_loudness_band_ratio": {
        "mean": [0.710861325264, 0.222137108445, 0.0368706509471, 0.0283670835197, 0.0198610536754, 0.0296050999314],
        "var": [0.0364235006273, 0.0239328742027, 0.00135831627995, 0.00274150166661, 0.000350241782144, 0.00267202733085]
    },
    "beats_position": [0.53405892849, 1.11455774307, 1.69505667686, 2.27555561066, 2.85605430603, 3.43655323982, 4.01705217361, 4.59755086899, 5.17804956436, 5.7701587677, 6.35065746307, 6.93115615845, 7.50004529953, 8.08054447174, 8.66104316711, 9.25315189362, 9.83365058899, 10.4141492844, 10.9830379486, 11.5635375977, 12.144036293, 12.7245349884, 13.3050336838, 13.8855323792, 14.4660310745, 15.0465307236, 15.6270294189, 16.2075271606, 16.7880268097, 17.3685264587, 17.9490242004, 18.5295238495, 19.1100215912, 19.6905212402, 20.2710208893, 20.8631286621, 21.43201828, 22.0125160217, 22.5930156708, 23.1735134125, 23.7540130615, 24.3345127106, 24.9150104523, 25.4955101013, 26.076007843, 26.6565074921, 27.2370071411, 27.8175048828, 28.3980045319, 28.9785022736, 29.5590019226, 30.1394996643, 30.7199993134, 31.3004989624, 31.8809967041, 32.4614944458, 33.0419960022, 33.6224937439, 34.2029914856, 34.783493042, 35.3639907837, 35.9444885254, 36.5249862671, 37.1054878235, 37.6859855652, 38.2664833069, 38.8469848633, 39.427482605, 40.0079803467, 40.5884780884, 41.1689796448, 41.761089325, 42.3299751282, 42.9104766846, 43.4909744263, 44.071472168, 44.6519737244]
},
"tonal": {
    "chords_changes_rate": 0.0401234552264,
    "chords_number_rate": 0.00720164598897,
    "chords_strength": {
        "mean": 0.624814152718,
        "var": 0.00580549798906
    },
    "hpcp_entropy": {
        "mean": 1.81761574745,
        "var": 0.507331609726
    },
    "key_strength": 0.65073287487,
    "tuning_diatonic_strength": 0.639455378056,
    "tuning_equal_tempered_deviation": 0.114697143435,
    "tuning_frequency": 439.745910645,
    "tuning_nontempered_energy_ratio": 0.806106925011,
    "hpcp": {
        "mean": [0.0201416332275, 0.0260256398469, 0.0825276076794, 0.162245720625, 0.125649780035, 0.0390769504011, 0.0178939327598, 0.0247138664126, 0.0616401620209, 0.141466394067, 0.237078100443, 0.352641224861, 0.407643258572, 0.268922179937, 0.0927649736404, 0.0303712487221, 0.0213104132563, 0.0239489711821, 0.0319675765932, 0.0298658628017, 0.0203133579344, 0.0182733070105, 0.0607855133712, 0.246114179492, 0.364147305489, 0.209307968616, 0.0687400102615, 0.0743095204234, 0.0693795606494, 0.0324656292796, 0.0180316567421, 0.0277884677052, 0.060136269778, 0.0838341414928, 0.0632885545492, 0.032068412751],
        "var": [0.00330072036013, 0.00582613656297, 0.0425097458065, 0.108648821712, 0.0696248337626, 0.00668635359034, 0.00187185965478, 0.00539775565267, 0.0152387814596, 0.0357135012746, 0.0641814693809, 0.115820042789, 0.158881485462, 0.10309355706, 0.0349082686007, 0.012335292995, 0.00858941022307, 0.0102971699089, 0.0170428343117, 0.0162396766245, 0.00710947113112, 0.00809520017356, 0.0212473906577, 0.117385044694, 0.179195046425, 0.0809167325497, 0.0169000402093, 0.0346365310252, 0.0288335960358, 0.00676612136886, 0.00278962380253, 0.00550973368809, 0.0153547795489, 0.0245906542987, 0.0160174015909, 0.00549986958504]
    },
    "chords_histogram": [30.5555553436, 0, 0, 0, 0, 0, 0, 3.49794244766, 0, 9.67078208923, 0, 0, 0, 0, 0, 0, 0.720164597034, 0, 0, 0, 6.89300394058, 3.70370364189, 20.4732513428, 24.4855976105],
    "thpcp": [1, 0.65969979763, 0.227564111352, 0.0745044797659, 0.0522771142423, 0.0587498284876, 0.0784204751253, 0.0732647031546, 0.0498312115669, 0.0448267124593, 0.149114474654, 0.60374891758, 0.893298983574, 0.513458669186, 0.168627858162, 0.182290568948, 0.170196756721, 0.0796422585845, 0.0442339144647, 0.0681685954332, 0.147521808743, 0.205655649304, 0.155254751444, 0.0786678344011, 0.0494099520147, 0.0638441592455, 0.202450558543, 0.398009091616, 0.308234661818, 0.0958606600761, 0.043896060437, 0.0606262125075, 0.151211038232, 0.347034782171, 0.581582307816, 0.865073144436],
    "chords_key": "F",
    "chords_scale": "minor",
    "key_key": "F",
    "key_scale": "minor"
}
}