{
"lowlevel": {
    "average_loudness": 0.979593575001,
    "barkbands_crest": {
        "mean": 13.160317421,
        "var": 31.5467643738
    },
    "barkbands_flatness_db": {
        "mean": 0.351922035217,
        "var": 0.0186559818685
    },
    "barkbands_kurtosis": {
        "mean": 12.2852973938,
        "var": 312.246185303
    },
    "barkbands_skewness": {
        "mean": 2.38438344002,
        "var": 2.99480724335
    },
    "barkbands_spread": {
        "mean": 5.88214063644,
        "var": 45.639881134
    },
    "dissonance": {
        "mean": 0.41544687748,
        "var": 0.00239805760793
    },
    "dynamic_complexity": 3.65213131905,
    "erbbands_crest": {
        "mean": 11.2533988953,
        "var": 13.5945949554
    },
    "erbbands_flatness_db": {
        "mean": 0.280941516161,
        "var": 0.00898548029363
    },
    "erbbands_kurtosis": {
        "mean": 1.73614227772,
        "var": 7.25622797012
    },
    "erbbands_skewness": {
        "mean": 0.634520947933,
        "var": 0.634643256664
    },
    "erbbands_spread": {
        "mean": 17.8539142609,
        "var": 197.501876831
    },
    "hfc": {
        "mean": 5.73520612717,
        "var": 40.3269882202
    },
    "melbands_crest": {
        "mean": 18.4739971161,
        "var": 49.5332832336
    },
    "melbands_flatness_db": {
        "mean": 0.483998954296,
        "var": 0.0258164443076
    },
    "melbands_kurtosis": {
        "mean": 17.0993041992,
        "var": 400.578521729
    },
    "melbands_skewness": {
        "mean": 2.80100536346,
        "var": 2.53598880768
    },
    "melbands_spread": {
        "mean": 5.70919466019,
        "var": 47.0685653687
    },
    "pitch_salience": {
        "mean": 0.449085175991,
        "var": 0.0248743519187
    },
    "silence_rate_20dB": {
        "mean": 0.998970150948,
        "var": 0.00102880550548
    },
    "silence_rate_30dB": {
        "mean": 0.90937179327,
        "var": 0.0824149772525
    },
    "silence_rate_60dB": {
        "mean": 0.00566426385194,
        "var": 0.00563246849924
    },
    "spectral_centroid": {
        "mean": 404.436523438,
        "var": 210921.265625
    },
    "spectral_complexity": {
        "mean": 7.73017501831,
        "var": 10.1259632111
    },
    "spectral_decrease": {
        "mean": -9.7598791271e-009,
        "var": 1.58616117622e-016
    },
    "spectral_energy": {
        "mean": 0.0373561754823,
        "var": 0.00230545294471
    },
    "spectral_energyband_high": {
        "mean": 3.44411782862e-005,
        "var": 2.01189269688e-008
    },
    "spectral_energyband_low": {
        "mean": 0.0281979758292,
        "var": 0.00133428128902
    },
    "spectral_energyband_middle_high": {
        "mean": 0.000392691115849,
        "var": 5.74149964905e-007
    },
    "spectral_energyband_middle_low": {
        "mean": 0.0108042163774,
        "var": 0.000596356752794
    },
    "spectral_entropy": {
        "mean": 5.93475294113,
        "var": 0.746236383915
    },
    "spectral_flux": {
        "mean": 0.0955869406462,
        "var": 0.00761096505448
    },
    "spectral_kurtosis": {
        "mean": 96.0788879395,
        "var": 24150.2753906
    },
    "spectral_rms": {
        "mean": 0.00521600339562,
        "var": 9.23843435885e-006
    },
    "spectral_rolloff": {
        "mean": 374.10168457,
        "var": 709548.9375
    },
    "spectral_skewness": {
        "mean": 6.11659145355,
        "var": 25.1546859741
    },
    "spectral_spread": {
        "mean": 2095413.125,
        "var": 6.75804925133e+012
    },
    "spectral_strongpeak": {
        "mean": 0.449494600296,
        "var": 0.142223581672
    },
    "zerocrossingrate": {
        "mean": 0.0169226415455,
        "var": 0.000733723863959
    },
    "barkbands": {
        "mean": [0.00177334703039, 0.0166333764791, 0.007747432217, 0.00507249683142, 0.00271802674979, 0.00133969902527, 0.000407435727539, 0.000364497449482, 0.000827778188977, 0.000149867555592, 2.70497839665e-005, 8.79568178789e-005, 4.35049150838e-005, 3.63902108802e-005, 3.78992954211e-005, 9.65832532529e-006, 1.95683824131e-005, 1.52919401444e-005, 8.92897242011e-006, 3.3774399526e-006, 2.5922443001e-006, 2.35015136241e-006, 3.8216021494e-006, 4.41051770395e-006, 8.30436420074e-006, 1.09314796646e-005, 2.93144864827e-007],
        "var": [0.000210306345252, 0.000642293191049, 0.000277442566585, 0.000236812542425, 9.606378444e-005, 1.47327193645e-006, 1.95114935764e-007, 4.81250367557e-007, 1.02389708445e-006, 1.53524112534e-007, 4.34405311722e-009, 5.5532471066e-008, 8.60124327318e-009, 5.99786886823e-009, 6.77274902827e-009, 4.23716339792e-010, 2.17220219589e-009, 1.97573379879e-009, 5.12587028378e-010, 1.32395289176e-010, 1.2094746038e-010, 9.05165178922e-011, 2.68260830216e-010, 3.41283390437e-010, 1.26262833522e-009, 2.5929118852e-009, 3.56720946185e-012]
    },
    "erbbands": {
        "mean": [0.559032380581, 3.43814110756, 7.71087598801, 15.178030014, 14.67852211, 6.29881811142, 6.29180669785, 9.97921562195, 11.458357811, 2.86471748352, 14.398068428, 20.3283824921, 5.15084934235, 2.98032784462, 1.34611773491, 4.60486555099, 2.39657640457, 2.1578245163, 2.14017629623, 1.02776515484, 0.868504881859, 0.802269041538, 0.798221170902, 0.727822542191, 0.277089774609, 0.182271689177, 0.142188504338, 0.0836949050426, 0.0894161760807, 0.070268034935, 0.126474916935, 0.107205033302, 0.0677373632789, 0.0806285664439, 0.0644323080778, 0.0491061061621, 0.0196271687746, 0.00261019496247, 7.29135936126e-005, 4.25885191362e-005],
        "var": [0.708536446095, 33.8184127808, 250.871429443, 1255.85949707, 2977.91210938, 477.933898926, 190.16859436, 64.3803482056, 95.9782028198, 13.7526817322, 497.448577881, 507.940216064, 180.771606445, 64.1171646118, 8.00655174255, 148.558120728, 24.8460941315, 16.1359405518, 23.6375370026, 4.27948904037, 2.95410823822, 4.45755338669, 5.06172370911, 3.09295129776, 0.608861327171, 0.315044611692, 0.230113789439, 0.206489995122, 0.13305324316, 0.0858302041888, 0.307049006224, 0.198975220323, 0.0844917446375, 0.118064343929, 0.0800077617168, 0.0512055382133, 0.00825528427958, 0.000147486367496, 7.38819068147e-008, 2.75887845902e-009]
    },
    "gfcc": {
        "mean": [-167.5209198, 200.190414429, -54.2537536621, 1.19199037552, -28.413187027, -7.93747997284, -21.7403469086, 15.4792356491, -4.61413145065, 0.986117243767, -7.23675727844, -12.7147321701, -11.6697568893],
        "cov": [[10561.8310547, -3149.84057617, -3822.07495117, 1114.36413574, 143.523864746, 408.20324707, -724.855407715, 219.660751343, -894.137207031, 265.906524658, -241.226898193, 482.202697754, -229.543395996], [-3149.84057617, 2741.09350586, 953.906982422, -494.310791016, 479.12612915, -373.321075439, 569.506530762, -291.253845215, 407.619903564, -325.020202637, 259.585906982, -385.840332031, 211.929153442], [-3822.07495117, 953.906982422, 2545.59667969, -400.058380127, -345.844482422, -44.8140602112, 200.660888672, -43.4391479492, 398.694915771, -69.7652511597, -31.3250465393, -162.85067749, 33.2343292236], [1114.36413574, -494.310791016, -400.058380127, 286.699249268, 120.795669556, 60.505897522, -58.0037765503, 52.0704116821, -72.4337615967, 40.0933456421, -22.4948558807, 48.7149085999, -39.6065216064], [143.523864746, 479.12612915, -345.844482422, 120.795669556, 560.834960938, -57.9762954712, 198.225341797, -17.6076812744, 78.9410934448, -75.4527206421, 127.299125671, -86.8105163574, 39.6666984558], [408.20324707, -373.321075439, -44.8140602112, 60.505897522, -57.9762954712, 106.710456848, -62.9673538208, 64.3734207153, -32.7464447021, 54.7185401917, -37.8340606689, 54.9863014221, -32.2951126099], [-724.855407715, 569.506530762, 200.660888672, -58.0037765503, 198.225341797, -62.9673538208, 233.937591553, -40.1367988586, 131.094818115, -59.8548736572, 99.1303634644, -76.6083068848, 72.5881118774], [219.660751343, -291.253845215, -43.4391479492, 52.0704116821, -17.6076812744, 64.3734207153, -40.1367988586, 149.518981934, 31.0771789551, 78.6617736816, 6.7081785202, 69.0151519775, -24.0249671936], [-894.137207031, 407.619903564, 398.694915771, -72.4337615967, 78.9410934448, -32.7464447021, 131.094818115, 31.0771789551, 185.503051758, 4.5558719635, 76.662322998, -37.6502189636, 47.6416969299], [265.906524658, -325.020202637, -69.7652511597, 40.0933456421, -75.4527206421, 54.7185401917, -59.8548736572, 78.6617736816, 4.5558719635, 116.758049011, 16.8663654327, 77.4282836914, -12.8515863419], [-241.226898193, 259.585906982, -31.3250465393, -22.4948558807, 127.299125671, -37.8340606689, 99.1303634644, 6.7081785202, 76.662322998, 16.8663654327, 120.347045898, 7.75121021271, 50.0805969238], [482.202697754, -385.840332031, -162.85067749, 48.7149085999, -86.8105163574, 54.9863014221, -76.6083068848, 69.0151519775, -37.6502189636, 77.4282836914, 7.75121021271, 114.624267578, -0.835603713989], [-229.543395996, 211.929153442, 33.2343292236, -39.6065216064, 39.6666984558, -32.2951126099, 72.5881118774, -24.0249671936, 47.6416969299, -12.8515863419, 50.0805969238, -0.835603713989, 65.1896057129]],
        "icov": [[0.000416335911723, -0.000366656604456, 0.000384067941923, -0.0010695992969, 7.74930158514e-005, -0.000813807593659, 0.000174339715159, -2.61554287135e-005, 0.000831124314573, -0.000323907937855, 0.00062523066299, -0.000954604765866, -5.56441273147e-006], [-0.000366656604456, 0.00415210239589, -0.000343842199072, 0.00418214127421, -0.000804811017588, 0.00321360118687, -2.68022540695e-005, 0.00104110967368, -0.00405800854787, 0.00431584147736, -0.00477713579312, 0.00651734275743, -0.0020079605747], [0.000384067941923, -0.000343842199072, 0.00168084248435, -0.000678666343447, 0.00135469483212, -0.0016663200222, -0.00043009466026, 0.0013027805835, -0.00343195302412, 0.000886442721821, 0.00141167314723, -0.00114945322275, 0.00209383433685], [-0.0010695992969, 0.00418214127421, -0.000678666343447, 0.0126672042534, -0.0043081282638, 0.00375462393276, -0.00107644533273, 0.00153403973673, -0.00436268886551, 0.00137251720298, -0.000339236168656, 0.00319036887959, 0.000685682927724], [7.74930158514e-005, -0.000804811017588, 0.00135469483212, -0.0043081282638, 0.00722150178626, -0.00285499566235, -0.00164356501773, -0.0013200356625, -0.00192821759265, 0.00448043039069, -0.00628099264577, 0.00403712270781, 0.00228573265485], [-0.000813807593659, 0.00321360118687, -0.0016663200222, 0.00375462393276, -0.00285499566235, 0.0250378083438, -0.00484501570463, -0.00299784960225, -0.00027269142447, -0.00423571979627, 0.00670614326373, -0.00299256341532, 0.00242291088216], [0.000174339715159, -2.68022540695e-005, -0.00043009466026, -0.00107644533273, -0.00164356501773, -0.00484501570463, 0.0184664633125, -0.000762969080824, -0.00320167886093, 0.00516288541257, -0.00943210627884, 0.00892014987767, -0.0112592997029], [-2.61554287135e-005, 0.00104110967368, 0.0013027805835, 0.00153403973673, -0.0013200356625, -0.00299784960225, -0.000762969080824, 0.0199654493481, -0.0138986855745, -0.00143598311115, 0.00325510581024, -0.0110104205087, 0.0115493452176], [0.000831124314573, -0.00405800854787, -0.00343195302412, -0.00436268886551, -0.00192821759265, -0.00027269142447, -0.00320167886093, -0.0138986855745, 0.0340350903571, -0.0123613681644, -0.00135409820359, 0.00425816094503, -0.0115164909512], [-0.000323907937855, 0.00431584147736, 0.000886442721821, 0.00137251720298, 0.00448043039069, -0.00423571979627, 0.00516288541257, -0.00143598311115, -0.0123613681644, 0.032053578645, -0.0177472606301, 0.00181721430272, 0.00311835040338], [0.00062523066299, -0.00477713579312, 0.00141167314723, -0.000339236168656, -0.00628099264577, 0.00670614326373, -0.00943210627884, 0.00325510581024, -0.00135409820359, -0.0177472606301, 0.0407787337899, -0.0240017231554, 0.00150815991219], [-0.000954604765866, 0.00651734275743, -0.00114945322275, 0.00319036887959, 0.00403712270781, -0.00299256341532, 0.00892014987767, -0.0110104205087, 0.00425816094503, 0.00181721430272, -0.0240017231554, 0.0503954105079, -0.0236228536814], [-5.56441273147e-006, -0.0020079605747, 0.00209383433685, 0.000685682927724, 0.00228573265485, 0.00242291088216, -0.0112592997029, 0.0115493452176, -0.0115164909512, 0.00311835040338, 0.00150815991219, -0.0236228536814, 0.0453700423241]]
    },
    "melbands": {
        "mean": [0.00485828658566, 0.00433125393465, 0.00269820750691, 0.000745558936615, 0.000204192314413, 0.000249706587056, 0.000159642513609, 3.12657757604e-005, 0.000149386731209, 0.000108142849058, 2.17756969505e-005, 1.22957899293e-005, 3.96249606638e-006, 9.84837424767e-006, 8.22401216283e-006, 3.54951430381e-006, 4.23714709541e-006, 3.18440038427e-006, 1.87415082564e-006, 9.37796585276e-007, 1.15814646051e-006, 8.41059431878e-007, 1.01083594473e-006, 5.98885492309e-007, 6.03642604347e-007, 2.23407127464e-007, 1.10974021084e-007, 1.1670724831e-007, 1.08104941887e-007, 4.5485464284e-008, 4.77546429067e-008, 5.45297424992e-008, 3.84117733176e-008, 3.78632627474e-008, 7.7442642521e-008, 7.11089995775e-008, 6.13303683394e-008, 4.88579985358e-008, 4.52687132224e-008, 7.6375492597e-008],
        "var": [5.35555154784e-005, 5.34507998964e-005, 4.45003679488e-005, 7.73640385887e-006, 2.19293738724e-007, 3.93866166348e-008, 1.86510469291e-008, 1.98271132845e-009, 4.12682013007e-008, 1.59765480845e-008, 4.27666213554e-009, 1.21504939443e-009, 9.1904948929e-011, 6.84936440898e-010, 3.53077317383e-010, 5.23561576038e-011, 6.68033198203e-011, 5.62252432112e-011, 1.43859047938e-011, 4.04505595686e-012, 5.871147752e-012, 4.39342008954e-012, 1.05332426809e-011, 2.32504488752e-012, 2.20241099663e-012, 5.41573567676e-013, 1.76477335891e-013, 1.18400284694e-013, 1.28682722572e-013, 4.21997201452e-014, 7.42747334991e-014, 5.30684742298e-014, 2.27866194609e-014, 2.59844652983e-014, 1.20413715891e-013, 8.71248399489e-014, 6.75887500807e-014, 4.54548406564e-014, 3.64040327288e-014, 1.11933289785e-013]
    },
    "mfcc": {
        "mean": [-820.819946289, 227.009094238, 38.6128082275, 30.5369949341, 17.3717517853, -8.30328083038, -0.730365216732, 5.02734899521, 4.96589326859, 12.3945331573, 14.427189827, 6.89800977707, -4.69093799591],
        "cov": [[6282.27197266, -822.254516602, -3133.93945313, -388.231170654, 153.340316772, 146.33241272, 275.872924805, -84.7046813965, -282.904449463, -299.130279541, -315.853302002, -105.07975769, 56.209651947], [-822.254516602, 1410.31164551, -264.467163086, 173.880279541, 203.176956177, 49.8746795654, 140.279968262, 94.9657745361, 28.0138092041, 65.5322494507, 84.5268173218, -19.2203330994, -38.2729187012], [-3133.93945313, -264.467163086, 2656.52758789, 218.12008667, -244.580551147, -56.5867958069, -252.916809082, -1.04012298584, 186.268112183, 106.669723511, 105.993743896, 78.6170196533, -26.7264213562], [-388.231170654, 173.880279541, 218.12008667, 142.922073364, 16.1532917023, 20.1120243073, 20.4702796936, 12.8018836975, 31.1894760132, 22.255865097, 26.2847118378, 15.0816011429, 8.28881835938], [153.340316772, 203.176956177, -244.580551147, 16.1532917023, 237.288650513, 68.0742416382, 57.4381904602, 63.4815826416, 12.4740219116, 23.2714271545, 53.1660423279, 38.7272949219, -4.49898529053], [146.33241272, 49.8746795654, -56.5867958069, 20.1120243073, 68.0742416382, 86.4302444458, 54.0791740417, 13.6523361206, 6.27839946747, -0.594634115696, 6.09956455231, 8.87937927246, 1.16357409954], [275.872924805, 140.279968262, -252.916809082, 20.4702796936, 57.4381904602, 54.0791740417, 109.543304443, 33.4959373474, -7.18996143341, 0.438967704773, 1.23458945751, 3.73051190376, 16.4999885559], [-84.7046813965, 94.9657745361, -1.04012298584, 12.8018836975, 63.4815826416, 13.6523361206, 33.4959373474, 74.5424041748, 36.7426071167, 14.4828271866, 33.347026825, 25.6396808624, 3.39239239693], [-282.904449463, 28.0138092041, 186.268112183, 31.1894760132, 12.4740219116, 6.27839946747, -7.18996143341, 36.7426071167, 66.3722000122, 34.8019714355, 24.1280250549, 21.0229911804, -0.619121670723], [-299.130279541, 65.5322494507, 106.669723511, 22.255865097, 23.2714271545, -0.594634115696, 0.438967704773, 14.4828271866, 34.8019714355, 65.2033004761, 46.8372955322, 16.9202404022, 4.73719263077], [-315.853302002, 84.5268173218, 105.993743896, 26.2847118378, 53.1660423279, 6.09956455231, 1.23458945751, 33.347026825, 24.1280250549, 46.8372955322, 85.3914031982, 49.1247901917, 10.8160572052], [-105.07975769, -19.2203330994, 78.6170196533, 15.0816011429, 38.7272949219, 8.87937927246, 3.73051190376, 25.6396808624, 21.0229911804, 16.9202404022, 49.1247901917, 76.6007003784, 36.3348999023], [56.209651947, -38.2729187012, -26.7264213562, 8.28881835938, -4.49898529053, 1.16357409954, 16.4999885559, 3.39239239693, -0.619121670723, 4.73719263077, 10.8160572052, 36.3348999023, 54.0362854004]],
        "icov": [[0.0008235143614, 0.000601229490712, 0.000930021575186, -7.95405576355e-005, 3.3690896089e-005, -0.00105509499554, -0.000143739103805, -0.000178409027285, 0.000159122399054, 0.000842896930408, 0.00128356507048, -0.000647754990496, 0.000228578428505], [0.000601229490712, 0.00167341972701, 0.000785740208812, -0.00154023023788, -0.000610959134065, 0.000220305140829, -0.00137753866147, -0.000467798585305, 0.000229337645578, 0.000404050893849, -0.000189069396583, 0.000684405385982, 0.00112396443728], [0.000930021575186, 0.000785740208812, 0.002042084001, -0.0017004708061, 0.00163688499015, -0.00292579107918, 0.00268782395869, -0.00183691189159, 0.00022266356973, -0.000376211246476, 0.00161835330073, -0.00196678936481, 0.00138793711085], [-7.95405576355e-005, -0.00154023023788, -0.0017004708061, 0.0132141243666, -0.002266574651, 0.00227841991, -0.00681405793875, 0.00869661848992, -0.00908557977527, 0.00635420577601, -0.00512392679229, 0.00349061889574, -0.00456194905564], [3.3690896089e-005, -0.000610959134065, 0.00163688499015, -0.002266574651, 0.0121191134676, -0.0105847651139, 0.00747846392915, -0.0122592160478, 0.00898731406778, -0.00829148106277, 0.00312623335049, -0.00797921791673, 0.00598199665546], [-0.00105509499554, 0.000220305140829, -0.00292579107918, 0.00227841991, -0.0105847651139, 0.0311782676727, -0.0218353141099, 0.0193041283637, -0.0164707060903, 0.0131992399693, -0.00956292357296, 0.00495659885928, 0.000595231773332], [-0.000143739103805, -0.00137753866147, 0.00268782395869, -0.00681405793875, 0.00747846392915, -0.0218353141099, 0.0359216295183, -0.0267594531178, 0.0206054002047, -0.0175269022584, 0.0130337970331, -0.00380982365459, -0.00492189731449], [-0.000178409027285, -0.000467798585305, -0.00183691189159, 0.00869661848992, -0.0122592160478, 0.0193041283637, -0.0267594531178, 0.0538670904934, -0.041577655822, 0.0302585586905, -0.024732330814, 0.00926631130278, -0.003444803413], [0.000159122399054, 0.000229337645578, 0.00022266356973, -0.00908557977527, 0.00898731406778, -0.0164707060903, 0.0206054002047, -0.041577655822, 0.0611601285636, -0.0402087904513, 0.0289278272539, -0.0192160215229, 0.0102786477655], [0.000842896930408, 0.000404050893849, -0.000376211246476, 0.00635420577601, -0.00829148106277, 0.0131992399693, -0.0175269022584, 0.0302585586905, -0.0402087904513, 0.0569190569222, -0.0368133708835, 0.0214333366603, -0.0117678036913], [0.00128356507048, -0.000189069396583, 0.00161835330073, -0.00512392679229, 0.00312623335049, -0.00956292357296, 0.0130337970331, -0.024732330814, 0.0289278272539, -0.0368133708835, 0.0528747327626, -0.0312419421971, 0.012139139697], [-0.000647754990496, 0.000684405385982, -0.00196678936481, 0.00349061889574, -0.00797921791673, 0.00495659885928, -0.00380982365459, 0.00926631130278, -0.0192160215229, 0.0214333366603, -0.0312419421971, 0.048562142998, -0.0290388129652], [0.000228578428505, 0.00112396443728, 0.00138793711085, -0.00456194905564, 0.00598199665546, 0.000595231773332, -0.00492189731449, -0.003444803413, 0.0102786477655, -0.0117678036913, 0.012139139697, -0.0290388129652, 0.04090083763]]
    },
    "spectral_contrast_coeffs": {
        "mean": [-0.656892716885, -0.713450849056, -0.730344474316, -0.807870864868, -0.801025927067, -0.824797689915],
        "var": [0.00788513105363, 0.00275684846565, 0.00207288190722, 0.00155522453133, 0.00275492994115, 0.0020375570748]
    },
    "spectral_contrast_valleys": {
        "mean": [-7.0224108696, -6.98995018005, -8.82820320129, -9.66516780853, -10.4058847427, -13.364569664],
        "var": [1.00848305225, 1.0328015089, 1.56781220436, 2.16412401199, 2.56807184219, 2.18027806282]
    }
},
"metadata": {
    "audio_properties": {
        "analysis_sample_rate": 44100,
        "bit_rate": 105534,
        "equal_loudness": 0,
        "length": 45.0612258911,
        "lossless": 0,
        "replay_gain": -9.76636123657,
        "sample_rate": 44100,
        "codec": "mp3",
        "downmix": "mix",
        "md5_encoded": "29fbadbf0989c76796bb9588fd45db45"
    },
    "tags": {
        "file_name": "775.mp3"
    },
    "version": {
        "essentia": "2.1-beta2",
        "essentia_git_sha": "v2.1_beta2",
        "extractor": "music 1.0"
    }
},
"rhythm": {
    "beats_count": 75,
    "beats_loudness": {
        "mean": 0.121753618121,
        "var": 0.00159079453442
    },
    "bpm": 99.8591156006,
    "bpm_histogram_first_peak_bpm": {
        "mean": 99,
        "var": 0
    },
    "bpm_histogram_first_peak_spread": {
        "mean": 0.229729712009,
        "var": 0
    },
    "bpm_histogram_first_peak_weight": {
        "mean": 0.770270287991,
        "var": 0
    },
    "bpm_histogram_second_peak_bpm": {
        "mean": 0,
        "var": 0
    },
    "bpm_histogram_second_peak_spread": {
        "mean": 0,
        "var": 0
    },
    "bpm_histogram_second_peak_weight": {
        "mean": 0,
        "var": 0
    },
    "danceability": 2.76603674889,
    "onset_rate": 4.48076963425,
    "beats_loudness_band_ratio": {
        "mean": [0.974872410297, 0.0198783166707, 0.011659219861, 0.00155546574388, 0.000667035754304, 5.09696183144e-005],
        "var": [0.000469679362141, 0.000348822708474, 3.46039378201e-005, 6.66268488203e-006, 1.87575403743e-006, 1.42379104062e-008]
    },
    "beats_position": [0.557278871536, 1.13777780533, 1.72988653183, 2.32199549675, 2.92571425438, 3.52943301201, 4.13315200806, 4.73687076569, 5.32897949219, 5.92108821869, 6.52480697632, 7.12852573395, 7.73224496841, 8.33596324921, 8.93968200684, 9.54340076447, 10.1355104446, 10.7392292023, 11.3313379288, 11.9350566864, 12.538775444, 13.1424942017, 13.7462129593, 14.3499317169, 14.9536504745, 15.5573692322, 16.1494789124, 16.7531967163, 17.3453063965, 17.9490242004, 18.5527439117, 19.1564617157, 19.760181427, 20.363899231, 20.9676189423, 21.5713367462, 22.1750564575, 22.7787742615, 23.3708839417, 23.974603653, 24.5667114258, 25.1704311371, 25.774148941, 26.3778686523, 26.9815864563, 27.5853061676, 28.1890239716, 28.7927436829, 29.3964614868, 30.0001811981, 30.5922889709, 31.1843986511, 31.7881164551, 32.391834259, 32.9955558777, 33.5992736816, 34.2029914856, 34.8067131042, 35.4104309082, 36.0141487122, 36.6178665161, 37.2215881348, 37.8253059387, 38.4174156189, 39.0211334229, 39.613243103, 40.216960907, 40.8206787109, 41.4243965149, 42.0281181335, 42.6318359375, 43.2355537415, 43.8392753601, 44.4313812256, 45.0234909058]
},
"tonal": {
    "chords_changes_rate": 0.0102880662307,
    "chords_number_rate": 0.00411522621289,
    "chords_strength": {
        "mean": 0.591093122959,
        "var": 0.0109319556504
    },
    "hpcp_entropy": {
        "mean": 1.84117555618,
        "var": 0.296559035778
    },
    "key_strength": 0.802657365799,
    "tuning_diatonic_strength": 0.45001539588,
    "tuning_equal_tempered_deviation": 0.0981246605515,
    "tuning_frequency": 434.193115234,
    "tuning_nontempered_energy_ratio": 0.760815322399,
    "hpcp": {
        "mean": [0.0744226202369, 0.0760961920023, 0.0501739084721, 0.0485133193433, 0.0678502470255, 0.0897540077567, 0.0966252684593, 0.110853075981, 0.222122937441, 0.435848683119, 0.371047198772, 0.122186355293, 0.0422853529453, 0.0281500872225, 0.0401330664754, 0.113779686391, 0.13912729919, 0.0679835230112, 0.0302871894091, 0.0413151569664, 0.104312509298, 0.192280188203, 0.166694939137, 0.154223054647, 0.196756511927, 0.106007061899, 0.0226716566831, 0.0165485907346, 0.0169808696955, 0.0887646004558, 0.276999086142, 0.270344644785, 0.106134958565, 0.0614670813084, 0.0489729829133, 0.0494827665389],
        "var": [0.0360781364143, 0.0339759290218, 0.0220289696008, 0.0278398580849, 0.0385724641383, 0.053331233561, 0.0491641275585, 0.0507777519524, 0.0742436572909, 0.153034865856, 0.133261755109, 0.0442804060876, 0.0202889274806, 0.0127239469439, 0.0181216076016, 0.042235750705, 0.0640902370214, 0.0208614077419, 0.0121559938416, 0.015191424638, 0.0260196216404, 0.0453661419451, 0.0462447628379, 0.0542626306415, 0.131887659431, 0.0399333238602, 0.0102975862101, 0.00737580610439, 0.00611916230991, 0.0167632866651, 0.0894262865186, 0.0969198867679, 0.0421132147312, 0.037381272763, 0.0285351350904, 0.0244750678539]
    },
    "chords_histogram": [81.7901229858, 0, 13.6831274033, 0, 0, 0, 0, 0, 0, 0, 0, 0, 0, 0, 0, 0, 0, 0, 0, 0, 0, 2.16049385071, 0, 2.36625504494],
    "thpcp": [1, 0.851321160793, 0.280341237783, 0.0970184281468, 0.0645868331194, 0.0920802727342, 0.261053174734, 0.319210082293, 0.155979648232, 0.0694901496172, 0.0947924330831, 0.239331930876, 0.441162705421, 0.382460564375, 0.3538454175, 0.451433062553, 0.243219867349, 0.0520172640681, 0.0379686616361, 0.0389604717493, 0.20365922153, 0.635539591312, 0.620271801949, 0.243513315916, 0.141028493643, 0.112362354994, 0.113531984389, 0.170753344893, 0.174593150616, 0.11511772126, 0.111307710409, 0.155673861504, 0.205929279327, 0.221694529057, 0.254338443279, 0.509633123875],
    "chords_key": "C",
    "chords_scale": "major",
    "key_key": "C",
    "key_scale": "major"
}
}