{
"lowlevel": {
    "average_loudness": 0.973936200142,
    "barkbands_crest": {
        "mean": 12.0908565521,
        "var": 17.5063476563
    },
    "barkbands_flatness_db": {
        "mean": 0.210635736585,
        "var": 0.00529223214835
    },
    "barkbands_kurtosis": {
        "mean": 15.6737689972,
        "var": 581.759033203
    },
    "barkbands_skewness": {
        "mean": 2.44810056686,
        "var": 3.81012678146
    },
    "barkbands_spread": {
        "mean": 12.5747528076,
        "var": 125.224159241
    },
    "dissonance": {
        "mean": 0.443569332361,
        "var": 0.00194502959494
    },
    "dynamic_complexity": 2.75511908531,
    "erbbands_crest": {
        "mean": 11.6165847778,
        "var": 31.7849063873
    },
    "erbbands_flatness_db": {
        "mean": 0.188111633062,
        "var": 0.00322899012826
    },
    "erbbands_kurtosis": {
        "mean": 2.94447398186,
        "var": 42.3185043335
    },
    "erbbands_skewness": {
        "mean": 0.845934212208,
        "var": 1.56359481812
    },
    "erbbands_spread": {
        "mean": 36.3651885986,
        "var": 601.06072998
    },
    "hfc": {
        "mean": 17.1612663269,
        "var": 289.403137207
    },
    "melbands_crest": {
        "mean": 17.1518383026,
        "var": 26.5943279266
    },
    "melbands_flatness_db": {
        "mean": 0.280688226223,
        "var": 0.00796168856323
    },
    "melbands_kurtosis": {
        "mean": 35.3045272827,
        "var": 2497.49389648
    },
    "melbands_skewness": {
        "mean": 3.55566048622,
        "var": 7.20969343185
    },
    "melbands_spread": {
        "mean": 14.0204534531,
        "var": 305.393341064
    },
    "pitch_salience": {
        "mean": 0.495405822992,
        "var": 0.0146043254063
    },
    "silence_rate_20dB": {
        "mean": 1,
        "var": 0
    },
    "silence_rate_30dB": {
        "mean": 0.998970687389,
        "var": 0.00102827965748
    },
    "silence_rate_60dB": {
        "mean": 0.0416881106794,
        "var": 0.0399508737028
    },
    "spectral_centroid": {
        "mean": 848.196716309,
        "var": 431345.34375
    },
    "spectral_complexity": {
        "mean": 12.1168298721,
        "var": 47.6902427673
    },
    "spectral_decrease": {
        "mean": -8.96316532106e-009,
        "var": 3.21885390887e-017
    },
    "spectral_energy": {
        "mean": 0.0353856012225,
        "var": 0.000494208885357
    },
    "spectral_energyband_high": {
        "mean": 0.000371759175323,
        "var": 3.60260173693e-007
    },
    "spectral_energyband_low": {
        "mean": 0.0157245639712,
        "var": 0.000265802431386
    },
    "spectral_energyband_middle_high": {
        "mean": 0.00709424819797,
        "var": 0.000194114094484
    },
    "spectral_energyband_middle_low": {
        "mean": 0.0155600225553,
        "var": 0.00017718654999
    },
    "spectral_entropy": {
        "mean": 7.03118515015,
        "var": 0.343531280756
    },
    "spectral_flux": {
        "mean": 0.0933583676815,
        "var": 0.00304635264911
    },
    "spectral_kurtosis": {
        "mean": 5.89767599106,
        "var": 23.0579032898
    },
    "spectral_rms": {
        "mean": 0.0055107739754,
        "var": 4.15381236962e-006
    },
    "spectral_rolloff": {
        "mean": 857.781005859,
        "var": 1264433.625
    },
    "spectral_skewness": {
        "mean": 1.78251457214,
        "var": 0.483627319336
    },
    "spectral_spread": {
        "mean": 4271726,
        "var": 2.64289176781e+012
    },
    "spectral_strongpeak": {
        "mean": 1.20321619511,
        "var": 2.89620542526
    },
    "zerocrossingrate": {
        "mean": 0.0371802411973,
        "var": 0.000941665144637
    },
    "barkbands": {
        "mean": [6.62397578708e-005, 0.00555133447051, 0.00700454227626, 0.00557512184605, 0.00545614538714, 0.00106141867582, 0.000953246722929, 0.000484221061924, 0.0014485323336, 0.00208504544571, 0.00225143507123, 0.000916933000553, 0.000521275040228, 0.00038298315485, 0.000317931117024, 0.000267524417723, 0.000205423493753, 0.000219170702621, 0.000187336205272, 0.000129917898448, 0.000111966597615, 7.52188425395e-005, 4.41039337602e-005, 4.02783261961e-005, 2.07579760172e-005, 7.11232132744e-006, 3.95930186414e-007],
        "var": [5.38341105027e-008, 6.60299119772e-005, 9.62450212683e-005, 4.44673860329e-005, 5.45451111975e-005, 3.18359707308e-006, 4.6948111958e-006, 2.23830375035e-006, 2.55592804024e-005, 5.25890900462e-005, 7.73386491346e-005, 1.5680305296e-005, 3.15073839374e-006, 1.83892530004e-006, 1.14770045911e-006, 8.98697976481e-007, 4.61268939489e-007, 2.58866151626e-007, 3.04320082023e-007, 5.64265967284e-008, 3.34131478041e-008, 1.98392999806e-008, 1.606396971e-008, 1.69349032575e-008, 1.54996826485e-009, 2.06593422925e-010, 1.07659129008e-012]
    },
    "erbbands": {
        "mean": [0.0659392401576, 1.61292719841, 7.51498508453, 14.8381280899, 21.2404537201, 15.7435445786, 7.40914154053, 9.47175502777, 13.4441404343, 12.7382278442, 12.7607898712, 28.6384449005, 59.9015274048, 82.0702438354, 72.0187072754, 35.6935768127, 23.3535289764, 24.2426261902, 16.8313713074, 15.7548646927, 14.5201044083, 11.6933574677, 11.1526165009, 13.1783285141, 6.5681977272, 6.20150756836, 5.16183423996, 4.12331676483, 2.90411734581, 1.62790262699, 1.26647508144, 1.02349352837, 0.540957689285, 0.267696797848, 0.130963489413, 0.0420461706817, 0.0112519366667, 0.00170209887438, 6.16639590589e-005, 4.19797324867e-005],
        "var": [0.0133456420153, 5.12173557281, 100.654045105, 289.417663574, 662.86932373, 448.27255249, 121.987808228, 336.718902588, 902.341003418, 961.520568848, 1512.0111084, 11472.3808594, 35625.0625, 89510.7578125, 63030.09375, 20578.9296875, 5541.29150391, 7099.65380859, 3228.43139648, 2308.88769531, 2685.74609375, 1133.11181641, 706.916259766, 1539.37756348, 177.598937988, 122.707992554, 95.042678833, 46.9159889221, 28.6190834045, 14.8322153091, 13.7803153992, 12.2301368713, 2.43343114853, 0.271994322538, 0.0623639114201, 0.00825171172619, 0.00050375785213, 1.48775679918e-005, 1.06209476769e-008, 6.56213916539e-010]
    },
    "gfcc": {
        "mean": [-36.8198013306, 119.663162231, -105.035400391, 42.1212272644, -57.8078727722, 18.6033763885, -25.8144454956, 0.456878483295, -32.1755180359, -10.3518266678, -20.1528244019, -12.1366567612, -6.5901889801],
        "cov": [[5458.26953125, -906.59552002, -863.321655273, -304.513549805, -161.819107056, -3.71019792557, -249.031265259, 248.693084717, -276.465026855, 166.7684021, -124.49395752, 253.691116333, -159.88633728], [-906.59552002, 1156.82067871, 66.2222061157, -92.3711242676, 243.013870239, -110.426170349, 191.231643677, -115.352745056, 159.067092896, -127.728431702, 181.583969116, -139.89074707, 125.914367676], [-863.321655273, 66.2222061157, 1524.45581055, 315.355041504, 82.4181518555, 86.3536300659, -86.032371521, -3.41699433327, 52.5082550049, 85.4828948975, -135.5909729, 61.9519119263, -65.3583374023], [-304.513549805, -92.3711242676, 315.355041504, 527.210083008, 40.092338562, 3.51577806473, -37.2097511292, 9.18697166443, 112.340591431, -26.6698322296, -5.37667131424, -31.2446212769, 30.0457420349], [-161.819107056, 243.013870239, 82.4181518555, 40.092338562, 358.205749512, 9.63483524323, 19.5690441132, -10.3680906296, 63.9595680237, -21.3519363403, -25.6700401306, 1.66484177113, 10.031580925], [-3.71019792557, -110.426170349, 86.3536300659, 3.51577806473, 9.63483524323, 235.739349365, 106.027961731, -45.2034797668, -33.9776191711, 31.576631546, 4.50582408905, -2.78593802452, -1.703571558], [-249.031265259, 191.231643677, -86.032371521, -37.2097511292, 19.5690441132, 106.027961731, 338.542663574, -15.9306430817, -28.276266098, -23.0895633698, 97.0427627563, -75.31300354, 28.960943222], [248.693084717, -115.352745056, -3.41699433327, 9.18697166443, -10.3680906296, -45.2034797668, -15.9306430817, 168.285324097, 19.0162982941, 17.5304450989, -9.82120704651, 21.3990440369, -11.9291353226], [-276.465026855, 159.067092896, 52.5082550049, 112.340591431, 63.9595680237, -33.9776191711, -28.276266098, 19.0162982941, 159.663879395, 4.62517404556, 15.2970151901, -35.4455947876, 25.1606407166], [166.7684021, -127.728431702, 85.4828948975, -26.6698322296, -21.3519363403, 31.576631546, -23.0895633698, 17.5304450989, 4.62517404556, 132.708450317, -1.82401537895, 28.631986618, -41.3596000671], [-124.49395752, 181.583969116, -135.5909729, -5.37667131424, -25.6700401306, 4.50582408905, 97.0427627563, -9.82120704651, 15.2970151901, -1.82401537895, 199.419342041, -28.2954101563, 46.5752906799], [253.691116333, -139.89074707, 61.9519119263, -31.2446212769, 1.66484177113, -2.78593802452, -75.31300354, 21.3990440369, -35.4455947876, 28.631986618, -28.2954101563, 118.057472229, -12.4374694824], [-159.88633728, 125.914367676, -65.3583374023, 30.0457420349, 10.031580925, -1.703571558, 28.960943222, -11.9291353226, 25.1606407166, -41.3596000671, 46.5752906799, -12.4374694824, 99.0300674438]],
        "icov": [[0.000312547985232, -0.000230535311857, 0.000326411245624, -0.000243193397182, 8.71611264301e-005, -0.000315895420499, 0.000296632992104, -0.000577890779823, 0.000677097181324, -0.00045657978626, 0.000254375103395, -0.000480802147649, 0.000373580987798], [-0.000230535311857, 0.00439358083531, -0.00159178557806, 0.00286360085011, -0.00214431690983, 0.00323121529073, -0.00196503149346, 0.00320004625246, -0.00427700858563, 0.00300711160526, -0.00307519664057, 0.00254994444549, -0.00253582769074], [0.000326411245624, -0.00159178557806, 0.00167068955489, -0.00168919633143, 0.000647592707537, -0.00151299138088, 0.000803487724625, -0.00133970531169, 0.00179951870814, -0.00179634476081, 0.00166798138525, -0.00166951329447, 0.00147646549158], [-0.000243193397182, 0.00286360085011, -0.00168919633143, 0.00459932722151, -0.00124093703926, 0.0017405267572, -0.000946264946833, 0.00196560123004, -0.00452130520716, 0.00300715654157, -0.00223010126501, 0.00227176491171, -0.00213594106026], [8.71611264301e-005, -0.00214431690983, 0.000647592707537, -0.00124093703926, 0.0043505653739, -0.00168724986725, 0.000240615772782, -0.0011098140385, 9.42743718042e-005, -0.000583936518524, 0.00216914876364, -0.0023035290651, 0.00141996750608], [-0.000315895420499, 0.00323121529073, -0.00151299138088, 0.0017405267572, -0.00168724986725, 0.00853999704123, -0.00385719584301, 0.00416892347857, -0.00232188310474, 0.000242179041379, -0.00145329791121, 0.00138807436451, -0.00264811934903], [0.000296632992104, -0.00196503149346, 0.000803487724625, -0.000946264946833, 0.000240615772782, -0.00385719584301, 0.00632424699143, -0.00273077073507, 0.00383144407533, -0.000888492329977, -0.00079918972915, 0.00205726688728, 0.000815336708911], [-0.000577890779823, 0.00320004625246, -0.00133970531169, 0.00196560123004, -0.0011098140385, 0.00416892347857, -0.00273077073507, 0.00978453736752, -0.00502712000161, 0.00175601139199, -0.0017736639129, 0.000344053463778, -0.00143293768633], [0.000677097181324, -0.00427700858563, 0.00179951870814, -0.00452130520716, 9.42743718042e-005, -0.00232188310474, 0.00383144407533, -0.00502712000161, 0.0152370948344, -0.00587650667876, 0.00230527622625, 0.0011937438976, 5.5291056924e-005], [-0.00045657978626, 0.00300711160526, -0.00179634476081, 0.00300715654157, -0.000583936518524, 0.000242179041379, -0.000888492329977, 0.00175601139199, -0.00587650667876, 0.0132536664605, -0.00380473560654, -0.000197682558792, 0.00266911741346], [0.000254375103395, -0.00307519664057, 0.00166798138525, -0.00223010126501, 0.00216914876364, -0.00145329791121, -0.00079918972915, -0.0017736639129, 0.00230527622625, -0.00380473560654, 0.00937307532877, -0.00215109600686, -0.000979673699476], [-0.000480802147649, 0.00254994444549, -0.00166951329447, 0.00227176491171, -0.0023035290651, 0.00138807436451, 0.00205726688728, 0.000344053463778, 0.0011937438976, -0.000197682558792, -0.00215109600686, 0.0148267094046, -0.00362457591109], [0.000373580987798, -0.00253582769074, 0.00147646549158, -0.00213594106026, 0.00141996750608, -0.00264811934903, 0.000815336708911, -0.00143293768633, 5.5291056924e-005, 0.00266911741346, -0.000979673699476, -0.00362457591109, 0.0160536188632]]
    },
    "melbands": {
        "mean": [0.00106575305108, 0.00341886421666, 0.00276710279286, 0.00145186425652, 0.000304406043142, 0.000211731661693, 0.000207475168281, 0.000128886167658, 0.000107984276838, 0.00020336075977, 0.00030475272797, 0.000327926536556, 0.000291626056423, 0.000111316803668, 6.36528493487e-005, 5.40275214007e-005, 4.20128817495e-005, 2.67360483122e-005, 2.22528560698e-005, 1.7988442778e-005, 1.74307824636e-005, 1.18271991596e-005, 1.07408004624e-005, 1.0281251889e-005, 1.11139006549e-005, 5.50597815163e-006, 3.92785568692e-006, 4.12873623645e-006, 3.42897487826e-006, 2.59262787949e-006, 2.33527839555e-006, 1.74982494627e-006, 1.1668581692e-006, 7.94406616933e-007, 7.15050248346e-007, 7.25177585537e-007, 5.81912274811e-007, 3.97943352937e-007, 2.81306853367e-007, 2.09714954735e-007],
        "var": [2.46438480644e-006, 1.84483924386e-005, 7.59473368817e-006, 3.62509626939e-006, 1.79608534268e-007, 1.52158108335e-007, 2.04170333973e-007, 1.05999141908e-007, 1.49987755549e-007, 5.59253692245e-007, 9.5725056326e-007, 1.48262290622e-006, 1.12118073048e-006, 2.37986142793e-007, 7.14140639957e-008, 3.52503271017e-008, 2.38927206908e-008, 9.31012511529e-009, 5.67812508123e-009, 3.7147236398e-009, 5.51734924414e-009, 1.50014001221e-009, 8.96845875342e-010, 6.1409521912e-010, 1.34298394627e-009, 2.12177858616e-010, 4.64633991004e-011, 6.18136999919e-011, 5.82954726158e-011, 1.76388903483e-011, 1.81534266785e-011, 1.08210844799e-011, 6.25699015169e-012, 4.39501516777e-012, 4.5318514566e-012, 5.10968264228e-012, 4.77362897475e-012, 1.57932434491e-012, 4.05192399815e-013, 1.58522134763e-013]
    },
    "mfcc": {
        "mean": [-681.6953125, 140.033630371, 14.982588768, 31.2907009125, -1.15725469589, 13.8041954041, 12.8780260086, 5.34446668625, 4.09266328812, -2.94416332245, -6.86316680908, -6.65010213852, -9.08843803406],
        "cov": [[5245.97558594, -823.134338379, -1020.64648438, -357.805084229, -217.222244263, -358.749053955, -56.8431472778, -52.6298370361, -135.932525635, -77.5033416748, -35.0160179138, 16.5774803162, -38.8618965149], [-823.134338379, 1205.87573242, -43.022605896, -14.2086868286, 82.0670700073, 26.9404373169, 79.3483276367, 3.79855155945, 26.2188568115, -3.49474382401, 36.6132354736, 15.0739793777, 0.306891173124], [-1020.64648438, -43.022605896, 1160.9317627, 221.213943481, 151.526367188, 177.800048828, -42.916683197, 36.371635437, 24.106754303, 83.0410919189, -22.8561000824, 21.4774360657, 65.2955322266], [-357.805084229, -14.2086868286, 221.213943481, 397.474243164, 160.36390686, 16.9049358368, -37.5543327332, 48.2915878296, 64.2523498535, 21.6324234009, 15.4535055161, 34.7991104126, 9.81042957306], [-217.222244263, 82.0670700073, 151.526367188, 160.36390686, 343.316589355, 33.3981933594, -118.026222229, 28.3133907318, 56.9274787903, -9.13720989227, -4.01041078568, 9.74534606934, 37.4281921387], [-358.749053955, 26.9404373169, 177.800048828, 16.9049358368, 33.3981933594, 312.082092285, 66.3389358521, 9.17906570435, 14.1324968338, 37.4579391479, 16.5983047485, -36.3540077209, 6.30784845352], [-56.8431472778, 79.3483276367, -42.916683197, -37.5543327332, -118.026222229, 66.3389358521, 285.036743164, 34.2491493225, -8.085978508, 23.8089981079, 24.5468711853, 22.7903995514, -25.8499183655], [-52.6298370361, 3.79855155945, 36.371635437, 48.2915878296, 28.3133907318, 9.17906570435, 34.2491493225, 106.654006958, 36.168094635, 2.01236581802, -1.14314067364, -4.63557720184, 7.24597215652], [-135.932525635, 26.2188568115, 24.106754303, 64.2523498535, 56.9274787903, 14.1324968338, -8.085978508, 36.168094635, 120.61089325, 21.8284912109, 14.2656202316, -17.5288887024, -6.68529701233], [-77.5033416748, -3.49474382401, 83.0410919189, 21.6324234009, -9.13720989227, 37.4579391479, 23.8089981079, 2.01236581802, 21.8284912109, 107.469833374, 41.1803703308, 14.0269098282, 1.3294634819], [-35.0160179138, 36.6132354736, -22.8561000824, 15.4535055161, -4.01041078568, 16.5983047485, 24.5468711853, -1.14314067364, 14.2656202316, 41.1803703308, 94.7576675415, 20.882106781, -4.394094944], [16.5774803162, 15.0739793777, 21.4774360657, 34.7991104126, 9.74534606934, -36.3540077209, 22.7903995514, -4.63557720184, -17.5288887024, 14.0269098282, 20.882106781, 114.093894958, 16.276304245], [-38.8618965149, 0.306891173124, 65.2955322266, 9.81042957306, 37.4281921387, 6.30784845352, -25.8499183655, 7.24597215652, -6.68529701233, 1.3294634819, -4.394094944, 16.276304245, 98.2576599121]],
        "icov": [[0.000288936163997, 0.000202972791158, 0.000222649672651, 0.00015472288942, -8.07397882454e-005, 0.000183754556929, 3.34481546815e-006, -7.36976799089e-005, 0.000198591369553, -0.000110456268885, 5.13354207214e-005, -6.18591875536e-005, 3.0594483178e-006], [0.000202972791158, 0.00104576349258, 0.000171849722392, 0.000274852907751, -0.000492944265716, 0.000167714082636, -0.000429726409493, 0.000138088522363, -3.08484595735e-005, 0.000114652575576, -0.000303047534544, -5.7570876379e-005, -1.85287117347e-005], [0.000222649672651, 0.000171849722392, 0.00137909152545, -0.000416628405219, -0.000200267822947, -0.000498430978041, 0.000217950990191, -0.000246451003477, 0.000426711980253, -0.00108526996337, 0.000882470631041, -0.000277708022622, -0.000474351196317], [0.00015472288942, 0.000274852907751, -0.000416628405219, 0.00382850272581, -0.00138553383294, 0.000277677929262, 3.38441132044e-005, -0.000948352564592, -0.00100830686279, -8.44602072902e-006, -0.000463106727693, -0.00114761991426, 0.000644639250822], [-8.07397882454e-005, -0.000492944265716, -0.000200267822947, -0.00138553383294, 0.00501650059596, -0.000984952785075, 0.00215606368147, -0.000761962437537, -0.00146962737199, 0.00106781045906, 6.74017283018e-005, -0.000901351158973, -0.000945322855841], [0.000183754556929, 0.000167714082636, -0.000498430978041, 0.000277677929262, -0.000984952785075, 0.00449719792232, -0.00162779912353, 0.000541740155313, 0.000332386553055, -0.000905750843231, -0.000714966561645, 0.00216952268966, -0.000362546474207], [3.34481546815e-006, -0.000429726409493, 0.000217950990191, 3.38441132044e-005, 0.00215606368147, -0.00162779912353, 0.00555283483118, -0.0025148759596, 0.000204673517146, -0.000307622074615, -0.000295181933325, -0.00194445147645, 0.00111096387263], [-7.36976799089e-005, 0.000138088522363, -0.000246451003477, -0.000948352564592, -0.000761962437537, 0.000541740155313, -0.0025148759596, 0.0120175341144, -0.00315018952824, 0.000720438838471, 0.000537579879165, 0.00109152577352, -0.00144435034599], [0.000198591369553, -3.08484595735e-005, 0.000426711980253, -0.00100830686279, -0.00146962737199, 0.000332386553055, 0.000204673517146, -0.00315018952824, 0.0115623511374, -0.00250737718306, -0.000981256598607, 0.00237171538174, 0.00110423134174], [-0.000110456268885, 0.000114652575576, -0.00108526996337, -8.44602072902e-006, 0.00106781045906, -0.000905750843231, -0.000307622074615, 0.000720438838471, -0.00250737718306, 0.0131650539115, -0.00516140041873, -0.0011118715629, -0.000200028065592], [5.13354207214e-005, -0.000303047534544, 0.000882470631041, -0.000463106727693, 6.74017283018e-005, -0.000714966561645, -0.000295181933325, 0.000537579879165, -0.000981256598607, -0.00516140041873, 0.0141048058867, -0.0022996859625, 0.000398762669647], [-6.18591875536e-005, -5.7570876379e-005, -0.000277708022622, -0.00114761991426, -0.000901351158973, 0.00216952268966, -0.00194445147645, 0.00109152577352, 0.00237171538174, -0.0011118715629, -0.0022996859625, 0.0115860467777, -0.00195878837258], [3.0594483178e-006, -1.85287117347e-005, -0.000474351196317, 0.000644639250822, -0.000945322855841, -0.000362546474207, 0.00111096387263, -0.00144435034599, 0.00110423134174, -0.000200028065592, 0.000398762669647, -0.00195878837258, 0.0116317458451]]
    },
    "spectral_contrast_coeffs": {
        "mean": [-0.580087900162, -0.735985219479, -0.736477971077, -0.780019640923, -0.789432585239, -0.7334420681],
        "var": [0.00591176468879, 0.00706397555768, 0.0108811277896, 0.00622479896992, 0.00452358834445, 0.00250584748574]
    },
    "spectral_contrast_valleys": {
        "mean": [-7.15599107742, -7.17570734024, -7.5718960762, -8.270154953, -8.1980047226, -10.9397802353],
        "var": [0.899584174156, 0.862930119038, 0.885144948959, 0.87438172102, 0.812668204308, 1.01090323925]
    }
},
"metadata": {
    "audio_properties": {
        "analysis_sample_rate": 44100,
        "bit_rate": 109940,
        "equal_loudness": 0,
        "length": 45.0873451233,
        "lossless": 0,
        "replay_gain": -15.160194397,
        "sample_rate": 44100,
        "codec": "mp3",
        "downmix": "mix",
        "md5_encoded": "0ee6164321f60a54bfbbcd64d681701a"
    },
    "tags": {
        "file_name": "777.mp3"
    },
    "version": {
        "essentia": "2.1-beta2",
        "essentia_git_sha": "v2.1_beta2",
        "extractor": "music 1.0"
    }
},
"rhythm": {
    "beats_count": 72,
    "beats_loudness": {
        "mean": 0.0398973561823,
        "var": 0.000290081487037
    },
    "bpm": 97.6607818604,
    "bpm_histogram_first_peak_bpm": {
        "mean": 99,
        "var": 0
    },
    "bpm_histogram_first_peak_spread": {
        "mean": 0.355932235718,
        "var": 0
    },
    "bpm_histogram_first_peak_weight": {
        "mean": 0.535211265087,
        "var": 0
    },
    "bpm_histogram_second_peak_bpm": {
        "mean": 94,
        "var": 0
    },
    "bpm_histogram_second_peak_spread": {
        "mean": 0.272727280855,
        "var": 0
    },
    "bpm_histogram_second_peak_weight": {
        "mean": 0.112676054239,
        "var": 0
    },
    "danceability": 1.47031104565,
    "onset_rate": 3.7468328476,
    "beats_loudness_band_ratio": {
        "mean": [0.531352996826, 0.286676168442, 0.109620012343, 0.130856081843, 0.0422567650676, 0.0286773480475],
        "var": [0.0406933352351, 0.0227463431656, 0.0148925054818, 0.031140293926, 0.00240688025951, 0.00057726475643]
    },
    "beats_position": [0.650158703327, 1.3235373497, 1.97369611263, 2.62385487556, 3.26240348816, 3.90095233917, 4.52789115906, 5.15482997894, 5.75854873657, 6.39709758759, 7.02403593063, 7.65097475052, 8.27791404724, 8.91646194458, 9.56662082672, 10.2051696777, 10.8437185287, 11.4706573486, 12.0975961685, 12.7245349884, 13.3514738083, 13.9900226593, 14.6285715103, 15.2555103302, 15.8824491501, 16.4977779388, 17.1131057739, 17.7168254852, 18.3205432892, 18.9474830627, 19.574420929, 20.1781406403, 20.7702484131, 21.3855781555, 22.0125160217, 22.616235733, 23.219953537, 23.8236732483, 24.4273910522, 25.0311107635, 25.6348285675, 26.2501583099, 26.865486145, 27.4692058563, 28.0845336914, 28.6998634338, 29.3035831451, 29.9073009491, 30.5110206604, 31.1263484955, 31.7416782379, 32.3453979492, 32.9491157532, 33.5760536194, 34.2029914856, 34.8067131042, 35.4104309082, 36.0141487122, 36.6294784546, 37.2331962585, 37.8369140625, 38.4522438049, 39.0791816711, 39.7061233521, 40.309841156, 40.9251708984, 41.5404968262, 42.1674385071, 42.7827644348, 43.3980941772, 44.0250320435, 44.6403617859]
},
"tonal": {
    "chords_changes_rate": 0.0679012313485,
    "chords_number_rate": 0.0102880662307,
    "chords_strength": {
        "mean": 0.537926495075,
        "var": 0.0098338779062
    },
    "hpcp_entropy": {
        "mean": 1.96054923534,
        "var": 0.567534923553
    },
    "key_strength": 0.619154691696,
    "tuning_diatonic_strength": 0.603160917759,
    "tuning_equal_tempered_deviation": 0.0630330219865,
    "tuning_frequency": 437.971466064,
    "tuning_nontempered_energy_ratio": 0.774808704853,
    "hpcp": {
        "mean": [0.195771127939, 0.121367484331, 0.0639029741287, 0.0597298033535, 0.0698457881808, 0.123243451118, 0.170247003436, 0.126519724727, 0.0657474175096, 0.0510840639472, 0.0552681423724, 0.0717035755515, 0.0891105756164, 0.0920632705092, 0.110476732254, 0.153843447566, 0.132618516684, 0.0723451077938, 0.0535328686237, 0.0666184127331, 0.164782166481, 0.254636257887, 0.186221688986, 0.0913909897208, 0.0610073357821, 0.0586804375052, 0.09357329458, 0.124914616346, 0.125382333994, 0.173472255468, 0.219417005777, 0.157928436995, 0.106970250607, 0.106514438987, 0.111667342484, 0.169486731291],
        "var": [0.101079769433, 0.0496828593314, 0.0237432233989, 0.0267214775085, 0.0267804600298, 0.0537143982947, 0.0839708372951, 0.0487647689879, 0.0265812762082, 0.0196347944438, 0.0221323017031, 0.0285687409341, 0.0400464758277, 0.0378485806286, 0.0407864786685, 0.0804727077484, 0.0632017627358, 0.0220864005387, 0.0161398351192, 0.0230385735631, 0.0685266330838, 0.13578055799, 0.0845933929086, 0.0371908508241, 0.0250093434006, 0.022017268464, 0.0414732955396, 0.0612910576165, 0.0535390898585, 0.0688464939594, 0.115251578391, 0.0633098632097, 0.0466062761843, 0.0497293248773, 0.0495462529361, 0.0746586248279]
    },
    "chords_histogram": [27.1604938507, 8.12757205963, 3.49794244766, 2.16049385071, 13.271604538, 4.42386817932, 8.02469158173, 0.823045253754, 6.27572011948, 0, 0, 0, 0.411522626877, 0, 0, 0, 0, 0, 0, 0, 0, 3.49794244766, 0.102880656719, 22.2222213745],
    "thpcp": [1, 0.731324315071, 0.358907997608, 0.23958620429, 0.230448082089, 0.36747828126, 0.490561008453, 0.492397814989, 0.681255102158, 0.861688017845, 0.620211899281, 0.420090407133, 0.418300360441, 0.438536703587, 0.665603280067, 0.768826603889, 0.476630806923, 0.250957876444, 0.234569117427, 0.274296313524, 0.483998060226, 0.668588995934, 0.496864527464, 0.2582013309, 0.200615823269, 0.217047423124, 0.281592160463, 0.349952429533, 0.361548155546, 0.433860957623, 0.604169428349, 0.520815551281, 0.284111559391, 0.210232704878, 0.26162186265, 0.647127687931],
    "chords_key": "G",
    "chords_scale": "major",
    "key_key": "G",
    "key_scale": "major"
}
}