{
"lowlevel": {
    "average_loudness": 0.915665745735,
    "barkbands_crest": {
        "mean": 11.9187374115,
        "var": 33.5365104675
    },
    "barkbands_flatness_db": {
        "mean": 0.178509473801,
        "var": 0.015974862501
    },
    "barkbands_kurtosis": {
        "mean": 4.61367559433,
        "var": 98.5211868286
    },
    "barkbands_skewness": {
        "mean": 1.24930250645,
        "var": 3.0157315731
    },
    "barkbands_spread": {
        "mean": 35.6277809143,
        "var": 682.988037109
    },
    "dissonance": {
        "mean": 0.442166805267,
        "var": 0.00591315422207
    },
    "dynamic_complexity": 2.86190509796,
    "erbbands_crest": {
        "mean": 10.8076353073,
        "var": 34.6014556885
    },
    "erbbands_flatness_db": {
        "mean": 0.181423798203,
        "var": 0.00892732013017
    },
    "erbbands_kurtosis": {
        "mean": 1.0825895071,
        "var": 8.90940475464
    },
    "erbbands_skewness": {
        "mean": 0.423013150692,
        "var": 1.31459140778
    },
    "erbbands_spread": {
        "mean": 47.8961296082,
        "var": 719.555664063
    },
    "hfc": {
        "mean": 56.0271606445,
        "var": 5903.56982422
    },
    "melbands_crest": {
        "mean": 17.1882667542,
        "var": 36.4393043518
    },
    "melbands_flatness_db": {
        "mean": 0.210243180394,
        "var": 0.0203804038465
    },
    "melbands_kurtosis": {
        "mean": 15.2792596817,
        "var": 488.273864746
    },
    "melbands_skewness": {
        "mean": 2.80136466026,
        "var": 4.31888055801
    },
    "melbands_spread": {
        "mean": 41.3196678162,
        "var": 1635.26831055
    },
    "pitch_salience": {
        "mean": 0.459826350212,
        "var": 0.0231690686196
    },
    "silence_rate_20dB": {
        "mean": 1,
        "var": 0
    },
    "silence_rate_30dB": {
        "mean": 0.986618638039,
        "var": 0.0132023980841
    },
    "silence_rate_60dB": {
        "mean": 0.0308800823987,
        "var": 0.0299266017973
    },
    "spectral_centroid": {
        "mean": 1806.34960938,
        "var": 1158896.75
    },
    "spectral_complexity": {
        "mean": 13.8517751694,
        "var": 106.261459351
    },
    "spectral_decrease": {
        "mean": -4.92060836521e-009,
        "var": 3.4342884672e-017
    },
    "spectral_energy": {
        "mean": 0.0236533246934,
        "var": 0.000714307359885
    },
    "spectral_energyband_high": {
        "mean": 0.00518223084509,
        "var": 5.82561078772e-005
    },
    "spectral_energyband_low": {
        "mean": 0.00771252484992,
        "var": 0.000270486983936
    },
    "spectral_energyband_middle_high": {
        "mean": 0.00417159544304,
        "var": 6.6893058829e-005
    },
    "spectral_energyband_middle_low": {
        "mean": 0.00809772126377,
        "var": 0.000116608796816
    },
    "spectral_entropy": {
        "mean": 7.38612937927,
        "var": 1.63463139534
    },
    "spectral_flux": {
        "mean": 0.0857195705175,
        "var": 0.00593088380992
    },
    "spectral_kurtosis": {
        "mean": 8.03346538544,
        "var": 818.857666016
    },
    "spectral_rms": {
        "mean": 0.00422988738865,
        "var": 5.18445676789e-006
    },
    "spectral_rolloff": {
        "mean": 4236.91162109,
        "var": 16243051
    },
    "spectral_skewness": {
        "mean": 1.56624960899,
        "var": 3.45796084404
    },
    "spectral_spread": {
        "mean": 6685969.5,
        "var": 8.57834730291e+012
    },
    "spectral_strongpeak": {
        "mean": 1.08872401714,
        "var": 2.41414546967
    },
    "zerocrossingrate": {
        "mean": 0.127117231488,
        "var": 0.00852824375033
    },
    "barkbands": {
        "mean": [4.32416090916e-005, 0.00463486462831, 0.00186431559268, 0.00175359135028, 0.00142185098957, 0.000742387434002, 0.000992694520392, 0.00134335819166, 0.00139377464075, 0.000923244224396, 0.000175619483343, 0.000609763490502, 0.000358299497748, 0.000244080074481, 0.000959819706623, 0.000370561640011, 0.000156254536705, 0.000182509538718, 0.000198723879294, 0.000230137797189, 0.000371737231035, 0.000755692482926, 0.000972609443124, 0.000979026313871, 0.000967146886978, 0.000993790803477, 1.42539729495e-005],
        "var": [1.92121767384e-008, 0.000179365801159, 1.60812487593e-005, 6.14773352936e-006, 3.58494471584e-005, 3.68019777852e-006, 3.11298617817e-006, 3.39572125085e-006, 1.52049324242e-005, 1.2544760466e-005, 1.53776369416e-007, 1.19543744859e-006, 2.13366047319e-006, 2.55346321865e-007, 2.12566428672e-005, 1.73906164491e-006, 8.46129495358e-008, 1.0245200599e-007, 1.62384480973e-007, 2.58896164951e-007, 3.34812995106e-007, 1.32158868382e-006, 2.960687425e-006, 3.002744279e-006, 2.4730277346e-006, 4.10010761698e-006, 1.41997980041e-009]
    },
    "erbbands": {
        "mean": [0.0779456496239, 1.20178937912, 2.33987975121, 4.90507459641, 4.28887987137, 5.07123947144, 6.91467475891, 4.85978937149, 12.2952613831, 15.6708898544, 33.283946991, 31.1954650879, 38.3194084167, 13.7787847519, 14.5237131119, 20.6241531372, 17.2495498657, 12.8610277176, 19.8200397491, 58.2743530273, 18.3794517517, 9.51344108582, 9.78346347809, 9.49874019623, 10.6502857208, 11.3454408646, 15.1744747162, 16.6738586426, 22.2222156525, 29.6918067932, 28.4031581879, 22.9713535309, 14.5732126236, 11.7698431015, 6.98685216904, 6.04411220551, 1.43527233601, 0.0824721604586, 0.00236610299908, 0.000148248349433],
        "var": [0.0393366254866, 12.8226060867, 32.1730575562, 39.4035377502, 133.252761841, 541.422607422, 406.829223633, 206.831741333, 469.629302979, 421.225952148, 3111.4934082, 8836.91210938, 14044.1171875, 1044.95556641, 847.329223633, 1213.5123291, 5441.57958984, 592.457641602, 2480.91943359, 91289.328125, 3257.94897461, 286.567504883, 295.459716797, 291.405212402, 578.498535156, 604.231994629, 721.901611328, 521.066772461, 1087.01721191, 2798.84423828, 2933.80932617, 1616.46594238, 697.984313965, 385.173583984, 144.281677246, 151.784866333, 8.71538352966, 0.0321547016501, 2.65511098405e-005, 6.10339156992e-008]
    },
    "gfcc": {
        "mean": [-23.9465904236, 34.9300041199, -109.462974548, 21.6436538696, -81.717666626, 22.0841598511, -43.9387741089, 11.2678308487, -22.6826953888, 2.75357699394, -25.3383769989, -3.44271087646, -19.9293365479],
        "cov": [[14276.0058594, -2986.30664063, 1291.90710449, 1579.58520508, 413.11630249, 1583.04846191, 790.409179688, 1561.77697754, -386.935638428, 414.472473145, -1479.00317383, -452.127960205, -1215.14880371], [-2986.30664063, 3856.56054688, -675.611755371, -649.048828125, 284.547332764, -534.000671387, 166.324172974, -552.101745605, 180.106933594, -394.848815918, 387.119659424, -68.4237594604, 699.726318359], [1291.90710449, -675.611755371, 1120.13037109, 262.360687256, 274.502410889, 272.526641846, 58.9841384888, 212.221710205, -83.850730896, 73.933631897, -208.691162109, 47.2427902222, -170.038818359], [1579.58520508, -649.048828125, 262.360687256, 906.163208008, 172.653244019, 374.743896484, 185.002960205, 402.202301025, 126.030426025, 141.786636353, -181.502700806, -204.2081604, -311.578552246], [413.11630249, 284.547332764, 274.502410889, 172.653244019, 508.474700928, 155.249969482, 109.267181396, 42.2819480896, -23.6321640015, -11.775592804, -82.6141891479, -10.9082555771, 63.458782196], [1583.04846191, -534.000671387, 272.526641846, 374.743896484, 155.249969482, 450.560058594, 200.108535767, 268.015533447, -30.4291877747, 55.0731430054, -190.265853882, -80.8933029175, -202.886184692], [790.409179688, 166.324172974, 58.9841384888, 185.002960205, 109.267181396, 200.108535767, 317.560546875, 198.51322937, -8.92456817627, -35.6495704651, -123.226715088, -65.8088378906, -12.9790916443], [1561.77697754, -552.101745605, 212.221710205, 402.202301025, 42.2819480896, 268.015533447, 198.51322937, 433.489746094, 98.040687561, 136.915557861, -199.22467041, -115.683601379, -256.253143311], [-386.935638428, 180.106933594, -83.850730896, 126.030426025, -23.6321640015, -30.4291877747, -8.92456817627, 98.040687561, 337.554748535, 211.30847168, 172.662277222, -49.8397865295, -97.8508300781], [414.472473145, -394.848815918, 73.933631897, 141.786636353, -11.775592804, 55.0731430054, -35.6495704651, 136.915557861, 211.30847168, 341.142822266, 147.56640625, 49.9729766846, -179.165222168], [-1479.00317383, 387.119659424, -208.691162109, -181.502700806, -82.6141891479, -190.265853882, -123.226715088, -199.22467041, 172.662277222, 147.56640625, 416.4581604, 144.209640503, 111.330917358], [-452.127960205, -68.4237594604, 47.2427902222, -204.2081604, -10.9082555771, -80.8933029175, -65.8088378906, -115.683601379, -49.8397865295, 49.9729766846, 144.209640503, 232.970809937, 139.669464111], [-1215.14880371, 699.726318359, -170.038818359, -311.578552246, 63.458782196, -202.886184692, -12.9790916443, -256.253143311, -97.8508300781, -179.165222168, 111.330917358, 139.669464111, 413.568817139]],
        "icov": [[0.000239539163886, -0.000159034723765, 3.73098555428e-005, -7.6169228123e-005, 0.000138335351949, -0.000384524231777, 9.10323215066e-005, -0.00026716751745, 0.00062576844357, -0.000906939094421, 0.000809949822724, -0.000150847306941, 0.000146360209328], [-0.000159034723765, 0.00113368639722, 3.21870857078e-006, 0.000547650910448, -0.000890637747943, 0.000999131356366, -0.00155893771444, 0.000944478320889, -0.00156146951485, 0.00157796486747, -0.00132586574182, 0.00133920076769, -0.00058956828434], [3.73098555428e-005, 3.21870857078e-006, 0.00148669374175, -0.000108513893792, -0.000792481645476, -0.000220059329877, 0.000329729460645, -0.000311837124173, -1.87297373486e-005, 0.000223079041461, 0.00074445415521, -0.00153563788626, 0.000874870980624], [-7.6169228123e-005, 0.000547650910448, -0.000108513893792, 0.00286776013672, -0.000985053018667, -0.000619816360995, -0.000201353017474, -0.00139415904414, -0.000557482067961, 0.000669803703204, -0.00155195675325, 0.0024138269946, -0.000296677055303], [0.000138335351949, -0.000890637747943, -0.000792481645476, -0.000985053018667, 0.00401024799794, -0.0018461298896, 0.000606621382758, 0.000717051676475, 0.000846379029099, -0.00269533297978, 0.00206837174483, -0.000127568142489, -0.0016934069572], [-0.000384524231777, 0.000999131356366, -0.000220059329877, -0.000619816360995, -0.0018461298896, 0.00730267958716, -0.00389282312244, 0.000717114715371, -0.000438137503807, 0.00197751587257, -0.00156871916261, 2.12782524613e-005, 0.0019783785101], [9.10323215066e-005, -0.00155893771444, 0.000329729460645, -0.000201353017474, 0.000606621382758, -0.00389282312244, 0.00984875485301, -0.00642658537254, 0.00250895111822, -9.70802720985e-005, -0.000334605399985, -0.000258589891018, -0.00205780682154], [-0.00026716751745, 0.000944478320889, -0.000311837124173, -0.00139415904414, 0.000717051676475, 0.000717114715371, -0.00642658537254, 0.0131625160575, -0.00563733186573, -0.00168608676177, 0.00528828799725, -0.00150691799354, 0.00165532284882], [0.00062576844357, -0.00156146951485, -1.87297373486e-005, -0.000557482067961, 0.000846379029099, -0.000438137503807, 0.00250895111822, -0.00563733186573, 0.01316720061, -0.00790277589113, -0.0026257361751, 0.00475243851542, -0.000912615971174], [-0.000906939094421, 0.00157796486747, 0.000223079041461, 0.000669803703204, -0.00269533297978, 0.00197751587257, -9.70802720985e-005, -0.00168608676177, -0.00790277589113, 0.016680598259, -0.00694487243891, -0.00466649001464, 0.00439970893785], [0.000809949822724, -0.00132586574182, 0.00074445415521, -0.00155195675325, 0.00206837174483, -0.00156871916261, -0.000334605399985, 0.00528828799725, -0.0026257361751, -0.00694487243891, 0.0138854207471, -0.00633947458118, 0.000712327891961], [-0.000150847306941, 0.00133920076769, -0.00153563788626, 0.0024138269946, -0.000127568142489, 2.12782524613e-005, -0.000258589891018, -0.00150691799354, 0.00475243851542, -0.00466649001464, -0.00633947458118, 0.016194794327, -0.00709355948493], [0.000146360209328, -0.00058956828434, 0.000874870980624, -0.000296677055303, -0.0016934069572, 0.0019783785101, -0.00205780682154, 0.00165532284882, -0.000912615971174, 0.00439970893785, 0.000712327891961, -0.00709355948493, 0.0100671378896]]
    },
    "melbands": {
        "mean": [0.00103429786395, 0.00145408126991, 0.000807441829238, 0.000324891472701, 0.000235746585531, 0.000115227732749, 0.000204179741559, 0.000197454239242, 0.000268695701379, 0.000200331021915, 0.000193171144929, 5.78183098696e-005, 3.68335313397e-005, 6.33524250588e-005, 4.27174090873e-005, 3.51022608811e-005, 2.34382569033e-005, 2.28399676416e-005, 8.56216865941e-005, 4.61135605292e-005, 1.74785946001e-005, 9.89544514596e-006, 8.33725243865e-006, 8.52716766531e-006, 7.56926965551e-006, 7.34765490051e-006, 7.81427388574e-006, 7.26672624296e-006, 8.83637130755e-006, 8.96130859473e-006, 1.0445087355e-005, 1.16778419397e-005, 1.60564923135e-005, 1.64697466971e-005, 1.65076635312e-005, 1.44186333273e-005, 1.42906610563e-005, 1.0665939044e-005, 8.61951230036e-006, 1.04173468571e-005],
        "var": [8.10938672657e-006, 1.40531092256e-005, 1.15444606763e-006, 1.56405326379e-006, 6.05324657954e-007, 1.06438569958e-007, 1.30528306386e-007, 6.23866611704e-008, 2.78070643844e-007, 3.54967255589e-007, 3.74688227112e-007, 2.24757901179e-008, 5.30211341498e-009, 1.62493822842e-008, 1.16216671842e-008, 1.92616873562e-008, 2.02603867017e-009, 1.4483022559e-009, 1.82198718335e-007, 4.78630397538e-008, 2.01148475654e-009, 3.21493470734e-010, 2.70098055033e-010, 2.34989389059e-010, 1.87599963342e-010, 2.76386386e-010, 3.64467789282e-010, 2.51209691937e-010, 2.71749345249e-010, 2.00193236988e-010, 1.93283972161e-010, 2.49411297171e-010, 9.13716324824e-010, 8.37901525941e-010, 1.03278441355e-009, 6.55088094881e-010, 6.5963123852e-010, 3.89466070505e-010, 2.37809216763e-010, 3.16812742707e-010]
    },
    "mfcc": {
        "mean": [-679.041809082, 66.6299972534, 18.5572986603, 2.27310872078, -6.66088104248, 1.35677087307, -9.1922454834, 5.29590702057, 0.422390252352, -1.63244986534, 3.56337571144, 2.13966178894, -9.27352809906],
        "cov": [[14641.7763672, -1080.92797852, 656.429748535, 317.652770996, -3.45833396912, 648.442504883, 1127.48815918, 916.991760254, 1318.84448242, 1800.8079834, -182.136276245, -521.629333496, 549.120666504], [-1080.92797852, 2413.90356445, -465.987884521, 71.7301254272, -232.960418701, -78.0497817993, -7.16888046265, -66.7068405151, 56.2803916931, 20.4050045013, -345.468200684, -148.35446167, 77.740814209], [656.429748535, -465.987884521, 672.57208252, 69.1377563477, 164.544708252, 105.279876709, 77.7619934082, 109.738182068, 59.4866485596, 82.676109314, 136.512969971, -12.6714696884, 5.0780172348], [317.652770996, 71.7301254272, 69.1377563477, 343.511444092, 188.783203125, 74.7847290039, 56.6253509521, 55.2580833435, 120.854270935, 147.481506348, 108.42175293, 72.1936721802, 47.0626449585], [-3.45833396912, -232.960418701, 164.544708252, 188.783203125, 386.518371582, 136.017166138, -19.0582027435, -5.57598781586, 0.713445723057, 28.8994026184, 228.117111206, 127.749488831, 37.5754165649], [648.442504883, -78.0497817993, 105.279876709, 74.7847290039, 136.017166138, 219.477890015, 148.266052246, 78.0166244507, 68.6728134155, 106.829185486, 6.87099981308, -8.47006988525, 61.2486572266], [1127.48815918, -7.16888046265, 77.7619934082, 56.6253509521, -19.0582027435, 148.266052246, 294.470153809, 172.267410278, 153.84588623, 180.683288574, -154.698638916, -172.337844849, 39.3801689148], [916.991760254, -66.7068405151, 109.738182068, 55.2580833435, -5.57598781586, 78.0166244507, 172.267410278, 247.89793396, 187.425704956, 179.572525024, 5.50273370743, -70.2546157837, -10.8145236969], [1318.84448242, 56.2803916931, 59.4866485596, 120.854270935, 0.713445723057, 68.6728134155, 153.84588623, 187.425704956, 331.785339355, 299.215362549, -68.1142196655, -116.676750183, 55.2054595947], [1800.8079834, 20.4050045013, 82.676109314, 147.481506348, 28.8994026184, 106.829185486, 180.683288574, 179.572525024, 299.215362549, 458.307678223, 40.807384491, -49.4327735901, 95.5883483887], [-182.136276245, -345.468200684, 136.512969971, 108.42175293, 228.117111206, 6.87099981308, -154.698638916, 5.50273370743, -68.1142196655, 40.807384491, 737.374572754, 537.275756836, 12.632358551], [-521.629333496, -148.35446167, -12.6714696884, 72.1936721802, 127.749488831, -8.47006988525, -172.337844849, -70.2546157837, -116.676750183, -49.4327735901, 537.275756836, 594.044433594, 67.0677108765], [549.120666504, 77.740814209, 5.0780172348, 47.0626449585, 37.5754165649, 61.2486572266, 39.3801689148, -10.8145236969, 55.2054595947, 95.5883483887, 12.632358551, 67.0677108765, 201.697753906]],
        "icov": [[0.000177232563146, 9.11460228963e-005, -2.39808668994e-005, 0.000121567405586, 7.01754615875e-005, -5.48301832168e-005, -0.000237991902395, 5.70217980567e-006, -0.000161358941114, -0.000469761434942, -2.63157289737e-005, 5.97062826273e-005, -0.000246469920967], [9.11460228963e-005, 0.00060051237233, 0.00028800740256, -0.00039459526306, 0.000451552332379, -0.000221596012125, 0.000206981596421, -6.31602742942e-005, -3.39060752594e-005, -0.000239823129959, 0.000138144852826, 0.000128180312458, -0.000383746868465], [-2.39808668994e-005, 0.00028800740256, 0.00210664351471, -0.000149699539179, -0.000367193017155, -0.000401227880502, 0.000167296209838, -0.000792030652519, 0.000223480441491, 0.000196137363673, -0.000707284663804, 0.000881725980435, -0.000351723312633], [0.000121567405586, -0.00039459526306, -0.000149699539179, 0.00596448453143, -0.00374526903033, 0.00202496908605, -0.00233157421462, 0.000876906618942, -0.00187724083662, -0.00114246807061, 0.000699679832906, -0.00161898159422, 0.000568001472857], [7.01754615875e-005, 0.000451552332379, -0.000367193017155, -0.00374526903033, 0.00794224441051, -0.00599170150235, 0.00314332451671, 0.000786535383668, -0.000179013281013, 0.00114799907897, -0.00281431851909, 0.00253791036084, -0.000876327219885], [-5.48301832168e-005, -0.000221596012125, -0.000401227880502, 0.00202496908605, -0.00599170150235, 0.0130097288638, -0.00727955251932, 7.67623569118e-005, 0.000632473558653, -0.000860332918819, 0.00177505915053, -0.0024612613488, -0.000694828515407], [-0.000237991902395, 0.000206981596421, 0.000167296209838, -0.00233157421462, 0.00314332451671, -0.00727955251932, 0.0136271882802, -0.00652445619926, 0.00276142638177, -0.00110033084638, 0.00121334916912, 0.00202752323821, -0.00126203056425], [5.70217980567e-006, -6.31602742942e-005, -0.000792030652519, 0.000876906618942, 0.000786535383668, 7.67623569118e-005, -0.00652445619926, 0.013008932583, -0.00650856737047, 0.00109022273682, -0.00246586487629, 4.38845745521e-005, 0.00303026312031], [-0.000161358941114, -3.39060752594e-005, 0.000223480441491, -0.00187724083662, -0.000179013281013, 0.000632473558653, 0.00276142638177, -0.00650856737047, 0.0120121110231, -0.00515595683828, 0.00188327149954, 0.0005356456968, -0.00130238954443], [-0.000469761434942, -0.000239823129959, 0.000196137363673, -0.00114246807061, 0.00114799907897, -0.000860332918819, -0.00110033084638, 0.00109022273682, -0.00515595683828, 0.00845124199986, -0.00262479041703, 0.00139172514901, -0.000938708137255], [-2.63157289737e-005, 0.000138144852826, -0.000707284663804, 0.000699679832906, -0.00281431851909, 0.00177505915053, 0.00121334916912, -0.00246586487629, 0.00188327149954, -0.00262479041703, 0.00719446782023, -0.00595036195591, 0.00174558488652], [5.97062826273e-005, 0.000128180312458, 0.000881725980435, -0.00161898159422, 0.00253791036084, -0.0024612613488, 0.00202752323821, 4.38845745521e-005, 0.0005356456968, 0.00139172514901, -0.00595036195591, 0.00794298481196, -0.00304997130297], [-0.000246469920967, -0.000383746868465, -0.000351723312633, 0.000568001472857, -0.000876327219885, -0.000694828515407, -0.00126203056425, 0.00303026312031, -0.00130238954443, -0.000938708137255, 0.00174558488652, -0.00304997130297, 0.0081424638629]]
    },
    "spectral_contrast_coeffs": {
        "mean": [-0.595283865929, -0.656848609447, -0.728883087635, -0.729757547379, -0.774056077003, -0.72616815567],
        "var": [0.0133903678507, 0.016954889521, 0.0101958531886, 0.00671632541344, 0.00380971492268, 0.00548925902694]
    },
    "spectral_contrast_valleys": {
        "mean": [-8.78661823273, -7.81723737717, -8.17638683319, -8.74490070343, -8.31436824799, -10.2953109741],
        "var": [2.43106651306, 2.15046787262, 2.59608721733, 2.53037881851, 3.1880967617, 4.55642747879]
    }
},
"metadata": {
    "audio_properties": {
        "analysis_sample_rate": 44100,
        "bit_rate": 116047,
        "equal_loudness": 0,
        "length": 45.0873451233,
        "lossless": 0,
        "replay_gain": -7.23021697998,
        "sample_rate": 44100,
        "codec": "mp3",
        "downmix": "mix",
        "md5_encoded": "42d10aa09745a0fcb48ea74cb9e5a7f3"
    },
    "tags": {
        "file_name": "780.mp3"
    },
    "version": {
        "essentia": "2.1-beta2",
        "essentia_git_sha": "v2.1_beta2",
        "extractor": "music 1.0"
    }
},
"rhythm": {
    "beats_count": 73,
    "beats_loudness": {
        "mean": 0.035274066031,
        "var": 0.000779880560003
    },
    "bpm": 98.2970581055,
    "bpm_histogram_first_peak_bpm": {
        "mean": 98,
        "var": 0
    },
    "bpm_histogram_first_peak_spread": {
        "mean": 0.0972222089767,
        "var": 0
    },
    "bpm_histogram_first_peak_weight": {
        "mean": 0.902777791023,
        "var": 0
    },
    "bpm_histogram_second_peak_bpm": {
        "mean": 0,
        "var": 0
    },
    "bpm_histogram_second_peak_spread": {
        "mean": 0,
        "var": 0
    },
    "bpm_histogram_second_peak_weight": {
        "mean": 0,
        "var": 0
    },
    "danceability": 1.40851318836,
    "onset_rate": 4.43412160873,
    "beats_loudness_band_ratio": {
        "mean": [0.328434914351, 0.0786940455437, 0.214851528406, 0.0850162729621, 0.0375893265009, 0.293538749218],
        "var": [0.0709997490048, 0.0368367545307, 0.0457085110247, 0.0149616170675, 0.0018796606455, 0.04402506724]
    },
    "beats_position": [0.557278871536, 1.16099774837, 1.764716506, 2.36843538284, 2.97215414047, 3.58748292923, 4.20281171799, 4.80653047562, 5.42185926437, 6.03718805313, 6.64090681076, 7.24462556839, 7.85995435715, 8.47528362274, 9.06739234924, 9.65950107574, 10.2748298645, 10.8901586533, 11.505487442, 12.1324262619, 12.7477550507, 13.3514738083, 13.9551925659, 14.5705213547, 15.1742401123, 15.7895689011, 16.4048976898, 17.0202255249, 17.6355552673, 18.2508831024, 18.8546028137, 19.458322525, 20.0736503601, 20.6889801025, 21.2926979065, 21.9196376801, 22.523355484, 23.1270751953, 23.7307929993, 24.3345127106, 24.9382305145, 25.5651702881, 26.1921081543, 26.7958278656, 27.3995456696, 28.0264854431, 28.6302032471, 29.2339229584, 29.8492507935, 30.4645805359, 31.0682983398, 31.6836280823, 32.2989578247, 32.9026756287, 33.5063934326, 34.121723175, 34.7370529175, 35.3407707214, 35.9561004639, 36.5714263916, 37.1751480103, 37.790473938, 38.4058036804, 39.0095214844, 39.6248512268, 40.2401809692, 40.8438987732, 41.4592285156, 42.0745582581, 42.678276062, 43.281993866, 43.8973236084, 44.5126533508]
},
"tonal": {
    "chords_changes_rate": 0.0905349776149,
    "chords_number_rate": 0.0102880662307,
    "chords_strength": {
        "mean": 0.467300564051,
        "var": 0.00611422304064
    },
    "hpcp_entropy": {
        "mean": 1.56091713905,
        "var": 0.709244966507
    },
    "key_strength": 0.54120695591,
    "tuning_diatonic_strength": 0.440833240747,
    "tuning_equal_tempered_deviation": 0.127037107944,
    "tuning_frequency": 453.416503906,
    "tuning_nontempered_energy_ratio": 0.703111708164,
    "hpcp": {
        "mean": [0.228255674243, 0.160609617829, 0.0551506653428, 0.0600493550301, 0.0609438717365, 0.0563286244869, 0.0717353671789, 0.0837861299515, 0.142489045858, 0.221202000976, 0.173975482583, 0.138982489705, 0.16637390852, 0.102330930531, 0.16076387465, 0.34813991189, 0.312391638756, 0.139226987958, 0.0514345094562, 0.0305530130863, 0.0458157062531, 0.0706503018737, 0.0813275799155, 0.115863233805, 0.152970850468, 0.11217944324, 0.0621083155274, 0.0572819933295, 0.0517639033496, 0.0903329104185, 0.128178298473, 0.0810203030705, 0.0504538714886, 0.0617607086897, 0.0602647140622, 0.126099452376],
        "var": [0.116311237216, 0.057419385761, 0.0166424270719, 0.0295663364232, 0.0272207465023, 0.0185271650553, 0.0303572732955, 0.0395610444248, 0.0584776215255, 0.115771099925, 0.0692571699619, 0.0526862591505, 0.0968901365995, 0.0359296351671, 0.0440085381269, 0.159182041883, 0.123410351574, 0.071942448616, 0.0157023053616, 0.00889989174902, 0.0131029272452, 0.0196589976549, 0.0323177725077, 0.0481852442026, 0.0793199390173, 0.0480273142457, 0.0221214257181, 0.0224606189877, 0.0188225116581, 0.0284528713673, 0.0568239092827, 0.0197235140949, 0.0131678460166, 0.0211621578783, 0.0214424785227, 0.0383153371513]
    },
    "chords_histogram": [22.2222213745, 20.6790122986, 6.06995868683, 0.514403283596, 0, 1.64609050751, 6.48148155212, 19.1358032227, 0, 0, 0, 0, 0, 0, 0, 0, 0, 0, 1.02880656719, 0, 1.54320991039, 0, 2.98353910446, 17.6954727173],
    "thpcp": [1, 0.897316336632, 0.399916768074, 0.147740915418, 0.0877607315779, 0.131601423025, 0.202936515212, 0.233606025577, 0.332806527615, 0.43939474225, 0.322225183249, 0.178400442004, 0.164537280798, 0.148687064648, 0.259472995996, 0.368180423975, 0.232723399997, 0.144924119115, 0.177401974797, 0.173104867339, 0.362209111452, 0.655643522739, 0.461336404085, 0.158415228128, 0.172486275434, 0.175055682659, 0.1617988199, 0.20605327189, 0.24066798389, 0.409286737442, 0.635382473469, 0.499728620052, 0.399214476347, 0.477893799543, 0.293936222792, 0.461779505014],
    "chords_key": "D",
    "chords_scale": "minor",
    "key_key": "D",
    "key_scale": "minor"
}
}