{
"lowlevel": {
    "average_loudness": 0.966221272945,
    "barkbands_crest": {
        "mean": 10.4128198624,
        "var": 17.2841720581
    },
    "barkbands_flatness_db": {
        "mean": 0.168174788356,
        "var": 0.00588024314493
    },
    "barkbands_kurtosis": {
        "mean": 8.5289068222,
        "var": 309.093536377
    },
    "barkbands_skewness": {
        "mean": 1.86711716652,
        "var": 2.65493893623
    },
    "barkbands_spread": {
        "mean": 16.643283844,
        "var": 86.6056518555
    },
    "dissonance": {
        "mean": 0.470387428999,
        "var": 0.000831847137306
    },
    "dynamic_complexity": 2.16587138176,
    "erbbands_crest": {
        "mean": 9.13638210297,
        "var": 27.3306694031
    },
    "erbbands_flatness_db": {
        "mean": 0.173335269094,
        "var": 0.00208464241587
    },
    "erbbands_kurtosis": {
        "mean": 1.27590870857,
        "var": 25.664396286
    },
    "erbbands_skewness": {
        "mean": 0.358850568533,
        "var": 0.887788176537
    },
    "erbbands_spread": {
        "mean": 33.6283073425,
        "var": 218.538375854
    },
    "hfc": {
        "mean": 22.5066661835,
        "var": 275.964416504
    },
    "melbands_crest": {
        "mean": 16.2850818634,
        "var": 24.5260105133
    },
    "melbands_flatness_db": {
        "mean": 0.240956053138,
        "var": 0.00875806249678
    },
    "melbands_kurtosis": {
        "mean": 19.5969295502,
        "var": 1031.1159668
    },
    "melbands_skewness": {
        "mean": 2.94598293304,
        "var": 3.96185922623
    },
    "melbands_spread": {
        "mean": 18.654914856,
        "var": 178.682067871
    },
    "pitch_salience": {
        "mean": 0.516216218472,
        "var": 0.0123681146652
    },
    "silence_rate_20dB": {
        "mean": 1,
        "var": 0
    },
    "silence_rate_30dB": {
        "mean": 0.995882630348,
        "var": 0.00410043215379
    },
    "silence_rate_60dB": {
        "mean": 0.00463201245293,
        "var": 0.00461052404717
    },
    "spectral_centroid": {
        "mean": 1043.19030762,
        "var": 416059.1875
    },
    "spectral_complexity": {
        "mean": 23.9073600769,
        "var": 131.496551514
    },
    "spectral_decrease": {
        "mean": -9.73347091815e-009,
        "var": 2.24590107676e-017
    },
    "spectral_energy": {
        "mean": 0.0387777872384,
        "var": 0.00035032723099
    },
    "spectral_energyband_high": {
        "mean": 0.000448105362011,
        "var": 2.07171879651e-007
    },
    "spectral_energyband_low": {
        "mean": 0.0177439600229,
        "var": 0.000198510635528
    },
    "spectral_energyband_middle_high": {
        "mean": 0.00970330741256,
        "var": 0.000135224297992
    },
    "spectral_energyband_middle_low": {
        "mean": 0.0157687123865,
        "var": 0.000147692640894
    },
    "spectral_entropy": {
        "mean": 7.35943222046,
        "var": 0.315057754517
    },
    "spectral_flux": {
        "mean": 0.0965949594975,
        "var": 0.00184869288933
    },
    "spectral_kurtosis": {
        "mean": 6.82111501694,
        "var": 41.1428871155
    },
    "spectral_rms": {
        "mean": 0.00594482943416,
        "var": 2.49096387961e-006
    },
    "spectral_rolloff": {
        "mean": 974.158813477,
        "var": 989272.9375
    },
    "spectral_skewness": {
        "mean": 1.78637230396,
        "var": 0.504815995693
    },
    "spectral_spread": {
        "mean": 3584104.5,
        "var": 3.11596102451e+012
    },
    "spectral_strongpeak": {
        "mean": 1.06108248234,
        "var": 2.59213423729
    },
    "zerocrossingrate": {
        "mean": 0.0401604399085,
        "var": 0.000790289544966
    },
    "barkbands": {
        "mean": [5.24034730915e-005, 0.00368729233742, 0.00932300556451, 0.00679645873606, 0.00473157688975, 0.000665348081384, 0.00089407642372, 0.00139664334711, 0.000907397130504, 0.00155691895634, 0.00265497504734, 0.00168156833388, 0.000674044364132, 0.000624329899438, 0.000841391971335, 0.000516878208145, 0.000380057550501, 0.000506986805703, 0.000360458536306, 0.00016924321244, 0.000143078155816, 8.04863375379e-005, 5.84611771046e-005, 4.3515170546e-005, 2.12388404179e-005, 9.30620717554e-006, 6.71085615522e-007],
        "var": [3.19024309192e-008, 2.10031012102e-005, 5.91474308749e-005, 7.29488674551e-005, 3.70589514205e-005, 5.97990378992e-007, 3.14844328386e-006, 5.71289638174e-006, 2.21019217861e-006, 1.0543290955e-005, 4.98172739753e-005, 2.44199836743e-005, 1.54777819716e-006, 1.37941196954e-006, 2.3215791316e-006, 8.17992827251e-007, 1.98417808406e-007, 3.78042727789e-007, 1.86623509535e-007, 4.68434073753e-008, 2.51612650715e-008, 1.15724878569e-008, 8.08667532937e-009, 3.98325372686e-009, 9.41092870299e-010, 3.42004591314e-010, 2.76545713412e-012]
    },
    "erbbands": {
        "mean": [0.0451747849584, 1.15335142612, 8.82169628143, 20.6539020538, 19.5136585236, 12.6688613892, 7.57614469528, 4.88033723831, 10.2258176804, 23.5854949951, 25.7304649353, 22.2986774445, 33.426158905, 91.4394989014, 92.3665237427, 57.7897262573, 31.4606227875, 34.2866897583, 35.2945671082, 43.7215309143, 26.3279495239, 22.1343708038, 29.5978164673, 21.9149799347, 12.6668643951, 7.85755109787, 6.97765398026, 4.73880290985, 3.16322946548, 2.17693328857, 1.52614736557, 1.12392294407, 0.588238537312, 0.268023014069, 0.142958581448, 0.0499155409634, 0.0154494866729, 0.00272463867441, 8.58366329339e-005, 4.7019264457e-005],
        "var": [0.00782305095345, 1.56962203979, 54.8266029358, 539.064941406, 528.059082031, 248.484146118, 65.6700210571, 32.0673904419, 282.618591309, 2116.4543457, 1266.12194824, 1391.9251709, 2268.60253906, 46849.3632813, 43947.0585938, 24447.8964844, 3285.71411133, 4249.87402344, 2750.01000977, 5874.52490234, 1850.50646973, 634.034790039, 1186.2310791, 654.955444336, 233.261138916, 101.39415741, 68.2262496948, 26.3239612579, 17.7836093903, 9.35798072815, 5.37907981873, 2.55439639091, 0.792821884155, 0.133665665984, 0.0559290349483, 0.00962504278868, 0.000907230540179, 3.14883254759e-005, 1.97595095841e-008, 5.18268095107e-010]
    },
    "gfcc": {
        "mean": [-0.301129758358, 122.086273193, -122.881996155, 35.3935699463, -45.431640625, 17.3720836639, -28.7605800629, 5.14566850662, -27.2562427521, -10.8253040314, -23.0867862701, -10.8714227676, -14.0900669098],
        "cov": [[7999.47460938, -1652.46679688, -1505.77624512, -33.4255332947, -526.033874512, 195.742950439, -495.908569336, 298.337310791, -458.5496521, 85.5307235718, -214.416671753, 270.916137695, -427.325378418], [-1652.46679688, 1178.015625, 227.921691895, -12.3977661133, 241.918701172, -166.519638062, 164.451690674, -141.545333862, 187.928131104, -118.765014648, 110.067459106, -139.540878296, 191.21144104], [-1505.77624512, 227.921691895, 949.280334473, 82.9064865112, 47.88489151, 11.0362567902, 27.2620944977, -60.2104110718, 66.0596466064, 46.62241745, -20.4018859863, -22.1360607147, 11.1997756958], [-33.4255332947, -12.3977661133, 82.9064865112, 216.656936646, -44.8844642639, -1.43068408966, -8.88115024567, -16.2145347595, 37.5148277283, -26.410238266, 10.389081955, -25.5555591583, 32.0516166687], [-526.033874512, 241.918701172, 47.88489151, -44.8844642639, 257.542236328, -35.1019287109, 59.0863456726, -30.1217441559, 16.5799350739, 1.12482941151, -0.577775537968, 0.689428329468, 35.9126014709], [195.742950439, -166.519638062, 11.0362567902, -1.43068408966, -35.1019287109, 147.165298462, 25.6565322876, 15.3243713379, -17.3219680786, 20.5348815918, 3.55166149139, 12.584031105, -17.2541160583], [-495.908569336, 164.451690674, 27.2620944977, -8.88115024567, 59.0863456726, 25.6565322876, 160.126724243, -8.50417709351, 23.3526229858, -4.80429935455, 22.2333927155, -22.7346477509, 48.5769042969], [298.337310791, -141.545333862, -60.2104110718, -16.2145347595, -30.1217441559, 15.3243713379, -8.50417709351, 108.434013367, 3.12365603447, 26.6372489929, -14.3302698135, 14.744017601, -29.2134017944], [-458.5496521, 187.928131104, 66.0596466064, 37.5148277283, 16.5799350739, -17.3219680786, 23.3526229858, 3.12365603447, 113.931373596, -4.90609645844, 27.5909080505, -43.6105499268, 31.6080055237], [85.5307235718, -118.765014648, 46.62241745, -26.410238266, 1.12482941151, 20.5348815918, -4.80429935455, 26.6372489929, -4.90609645844, 96.5463180542, -11.185002327, 27.5316085815, -30.3208770752], [-214.416671753, 110.067459106, -20.4018859863, 10.389081955, -0.577775537968, 3.55166149139, 22.2333927155, -14.3302698135, 27.5909080505, -11.185002327, 77.7571716309, -10.2509403229, 20.7668437958], [270.916137695, -139.540878296, -22.1360607147, -25.5555591583, 0.689428329468, 12.584031105, -22.7346477509, 14.744017601, -43.6105499268, 27.5316085815, -10.2509403229, 81.8878707886, -14.2034463882], [-427.325378418, 191.21144104, 11.1997756958, 32.0516166687, 35.9126014709, -17.2541160583, 48.5769042969, -29.2134017944, 31.6080055237, -30.3208770752, 20.7668437958, -14.2034463882, 102.407585144]],
        "icov": [[0.000686595158186, -0.00116279127542, 0.00121436128393, -0.00133970042225, 0.000934432086069, -0.00151628872845, 0.00138635467738, -0.001148450654, 0.00211689854041, -0.000833660655189, 0.00182911194861, -0.00149458856322, 0.00227581756189], [-0.00116279127542, 0.00627441238612, -0.00289163482375, 0.00446955952793, -0.00339520233683, 0.00579720456153, -0.00383098400198, 0.00414956081659, -0.00708694942296, 0.00400226190686, -0.006177787669, 0.00535182375461, -0.00711432052776], [0.00121436128393, -0.00289163482375, 0.00360592501238, -0.00329329189844, 0.00184435478877, -0.00348616181873, 0.00253552012146, -0.00142023933586, 0.00351424794644, -0.00284205889329, 0.00460744509473, -0.00325598148629, 0.00494872080162], [-0.00133970042225, 0.00446955952793, -0.00329329189844, 0.00953362509608, -0.0015340076061, 0.00425013527274, -0.00260020745918, 0.0036396777723, -0.00722122192383, 0.00402747327462, -0.00504906894639, 0.00491275172681, -0.00790709722787], [0.000934432086069, -0.00339520233683, 0.00184435478877, -0.0015340076061, 0.00708615127951, -0.00210914271884, 0.00069386290852, -0.00118211901281, 0.00343075930141, -0.00249329325743, 0.00468203471974, -0.00429968023673, 0.00366737018339], [-0.00151628872845, 0.00579720456153, -0.00348616181873, 0.00425013527274, -0.00210914271884, 0.0139253791422, -0.00662762764841, 0.0036765281111, -0.00607860181481, 0.00269457441755, -0.00718509173021, 0.0045615057461, -0.00605830503628], [0.00138635467738, -0.00383098400198, 0.00253552012146, -0.00260020745918, 0.00069386290852, -0.00662762764841, 0.01250227727, -0.0041194553487, 0.00604498945177, -0.00331381172873, 0.00310137192719, -0.00105313328095, 0.00138707528822], [-0.001148450654, 0.00414956081659, -0.00142023933586, 0.0036396777723, -0.00118211901281, 0.0036765281111, -0.0041194553487, 0.0153044704348, -0.00888174958527, 0.000676136638504, -0.00192776939366, 0.00151367648505, -0.00262767635286], [0.00211689854041, -0.00708694942296, 0.00351424794644, -0.00722122192383, 0.00343075930141, -0.00607860181481, 0.00604498945177, -0.00888174958527, 0.0242494437844, -0.00683389464393, 0.00352938403375, 0.000521686160937, 0.00616195844486], [-0.000833660655189, 0.00400226190686, -0.00284205889329, 0.00402747327462, -0.00249329325743, 0.00269457441755, -0.00331381172873, 0.000676136638504, -0.00683389464393, 0.0168558266014, -0.0033144755289, -0.00130062410608, -0.00121643359307], [0.00182911194861, -0.006177787669, 0.00460744509473, -0.00504906894639, 0.00468203471974, -0.00718509173021, 0.00310137192719, -0.00192776939366, 0.00352938403375, -0.0033144755289, 0.0229066833854, -0.00745266210288, 0.00762074673548], [-0.00149458856322, 0.00535182375461, -0.00325598148629, 0.00491275172681, -0.00429968023673, 0.0045615057461, -0.00105313328095, 0.00151367648505, 0.000521686160937, -0.00130062410608, -0.00745266210288, 0.023757128045, -0.00994291622192], [0.00227581756189, -0.00711432052776, 0.00494872080162, -0.00790709722787, 0.00366737018339, -0.00605830503628, 0.00138707528822, -0.00262767635286, 0.00616195844486, -0.00121643359307, 0.00762074673548, -0.00994291622192, 0.0255777239799]]
    },
    "melbands": {
        "mean": [0.000694043468684, 0.00361382565461, 0.0034651379101, 0.00120593467727, 0.000296348385746, 0.000113888738269, 0.000164399418281, 0.000281406100839, 0.00019671334303, 0.000135873240652, 0.000161297983141, 0.000354033167241, 0.000341617094819, 0.000222686096095, 7.87866592873e-005, 6.78257056279e-005, 6.18760750513e-005, 5.24327297171e-005, 6.5560976509e-005, 4.60520204797e-005, 2.81903467112e-005, 2.31060876104e-005, 2.47355801548e-005, 2.41883499257e-005, 1.75844015757e-005, 1.11446424853e-005, 6.38456458546e-006, 4.95789072374e-006, 4.80641347167e-006, 3.32135027747e-006, 2.47739421866e-006, 1.8421516188e-006, 1.36054541144e-006, 1.1609994317e-006, 8.83632480964e-007, 8.08171932931e-007, 6.39195832264e-007, 4.66150908096e-007, 2.62588173428e-007, 2.07086301884e-007],
        "var": [9.77541390057e-007, 8.90247792995e-006, 1.11843582999e-005, 2.43221961682e-006, 9.11705342332e-008, 1.79645738285e-008, 8.72851941836e-008, 2.87686333422e-007, 7.49296447111e-008, 5.50371552777e-008, 5.96562657051e-008, 7.15128862794e-007, 6.95541359619e-007, 4.54715916476e-007, 2.34453292336e-008, 1.73214331767e-008, 1.6576438e-008, 6.5498793056e-009, 1.67486469138e-008, 5.87275783559e-009, 2.73380607041e-009, 8.46427428147e-010, 1.23308696587e-009, 8.22311274629e-010, 5.01791885821e-010, 2.08497358267e-010, 7.28270846406e-011, 4.492010236e-011, 3.637320653e-011, 1.5419072269e-011, 8.28096705791e-012, 7.5807806213e-012, 3.15133769774e-012, 3.65857951573e-012, 2.13093583577e-012, 1.42561299137e-012, 8.86091005257e-013, 5.354070594e-013, 1.65353326734e-013, 8.97790956161e-014]
    },
    "mfcc": {
        "mean": [-638.756652832, 146.803436279, -10.0798358917, 26.4060268402, 6.44630336761, 11.9443721771, 7.73818397522, 10.7110862732, 4.52315235138, 0.206062123179, -3.77329015732, -3.77883243561, -7.4936504364],
        "cov": [[6708.40478516, -1816.54992676, -1146.35742188, -446.37298584, -235.299301147, -297.653778076, -116.673240662, 112.842689514, -330.151519775, -17.4543743134, -125.940307617, 35.9438209534, -37.1114311218], [-1816.54992676, 1163.88806152, 86.4350891113, 152.756317139, 112.126365662, 51.7256889343, 31.491104126, -29.7736911774, 96.1112518311, -27.6381492615, 47.1565322876, -24.8708457947, 0.596013963223], [-1146.35742188, 86.4350891113, 780.162475586, 95.0022735596, 47.0307998657, 89.1304626465, -32.2045707703, -18.4333839417, 22.1425666809, 35.0695953369, 40.2167778015, -4.31107759476, 5.22440290451], [-446.37298584, 152.756317139, 95.0022735596, 219.942520142, 42.9887199402, 14.4320487976, -12.978055954, -17.0444869995, 42.1966705322, -20.1211833954, -1.78104019165, -8.30092525482, -0.489706605673], [-235.299301147, 112.126365662, 47.0307998657, 42.9887199402, 134.937973022, 14.712389946, -16.3698883057, -2.25671434402, 8.91945648193, -6.42821979523, 4.94825792313, 2.27171421051, 2.19479823112], [-297.653778076, 51.7256889343, 89.1304626465, 14.4320487976, 14.712389946, 131.577102661, 39.5509338379, -2.27839589119, 11.2655744553, 5.5100569725, -2.88993215561, -13.6879816055, 18.6764450073], [-116.673240662, 31.491104126, -32.2045707703, -12.978055954, -16.3698883057, 39.5509338379, 113.103378296, 15.1771879196, 20.8777809143, -0.971228599548, -5.91797542572, 3.04310393333, 11.5438776016], [112.842689514, -29.7736911774, -18.4333839417, -17.0444869995, -2.25671434402, -2.27839589119, 15.1771879196, 71.6256942749, 1.54925000668, 9.37367343903, -3.91317796707, 2.74146389961, 4.63994693756], [-330.151519775, 96.1112518311, 22.1425666809, 42.1966705322, 8.91945648193, 11.2655744553, 20.8777809143, 1.54925000668, 101.919189453, 12.8647251129, 9.85930919647, -8.5488910675, 2.86815690994], [-17.4543743134, -27.6381492615, 35.0695953369, -20.1211833954, -6.42821979523, 5.5100569725, -0.971228599548, 9.37367343903, 12.8647251129, 77.7509307861, 22.7380104065, 11.5469274521, -1.43566095829], [-125.940307617, 47.1565322876, 40.2167778015, -1.78104019165, 4.94825792313, -2.88993215561, -5.91797542572, -3.91317796707, 9.85930919647, 22.7380104065, 70.715965271, 15.4011802673, -4.19788789749], [35.9438209534, -24.8708457947, -4.31107759476, -8.30092525482, 2.27171421051, -13.6879816055, 3.04310393333, 2.74146389961, -8.5488910675, 11.5469274521, 15.4011802673, 56.7649307251, 17.5809650421], [-37.1114311218, 0.596013963223, 5.22440290451, -0.489706605673, 2.19479823112, 18.6764450073, 11.5438776016, 4.63994693756, 2.86815690994, -1.43566095829, -4.19788789749, 17.5809650421, 59.1323738098]],
        "icov": [[0.000477733934531, 0.000591451243963, 0.000567044946365, 0.000138635368785, 4.64880213258e-005, 0.000294910103548, 0.000321722327499, -0.000406731502153, 0.000729295366909, -1.95722695935e-005, 1.47939390445e-005, 0.000193074374693, 2.69483207376e-005], [0.000591451243963, 0.0018582601333, 0.000731788866688, -0.000291206291877, -0.000677652889863, 0.000237576052314, 5.77535502089e-006, -0.000195591434021, 0.000255322695011, 0.000449829909485, -0.000908962625545, 0.000752113235649, -3.98718111683e-005], [0.000567044946365, 0.000731788866688, 0.00227060704492, -0.000447109283414, -0.000116079449072, -0.000860179425217, 0.00108914414886, -0.000363569066394, 0.000894882599823, -0.000620629114565, -0.000716963841114, 0.000265799491899, 4.76830427942e-005], [0.000138635368785, -0.000291206291877, -0.000447109283414, 0.00609684642404, -0.000955896626692, -0.000101618032204, 0.00105652969796, 0.000601790612563, -0.00219083647244, 0.00175150460564, 0.000897720572539, -0.000466435943963, 0.000345231470419], [4.64880213258e-005, -0.000677652889863, -0.000116079449072, -0.000955896626692, 0.00880906824023, -0.00123945833184, 0.00194828491658, -0.000830916047562, -4.07379302487e-005, 0.000702120654751, 0.000138023649924, -0.00145415519364, 0.000248871510848], [0.000294910103548, 0.000237576052314, -0.000860179425217, -0.000101618032204, -0.00123945833184, 0.0111401919276, -0.00418094499037, 0.000856313214172, 0.00133361236658, -0.00154449336696, 0.000213903942495, 0.00440945196897, -0.00386366224848], [0.000321722327499, 5.77535502089e-006, 0.00108914414886, 0.00105652969796, 0.00194828491658, -0.00418094499037, 0.012235132046, -0.00260625057854, -0.00227943970822, 0.00123194267508, 0.00102112011518, -0.00249209790491, 0.000132431174279], [-0.000406731502153, -0.000195591434021, -0.000363569066394, 0.000601790612563, -0.000830916047562, 0.000856313214172, -0.00260625057854, 0.0155393360183, -0.000806724885479, -0.0021026711911, 0.00102582690306, 0.000254974031122, -0.00118124170695], [0.000729295366909, 0.000255322695011, 0.000894882599823, -0.00219083647244, -4.07379302487e-005, 0.00133361236658, -0.00227943970822, -0.000806724885479, 0.0138388378546, -0.00317345070653, -0.00135044322815, 0.00341580249369, -0.00141320459079], [-1.95722695935e-005, 0.000449829909485, -0.000620629114565, 0.00175150460564, 0.000702120654751, -0.00154449336696, 0.00123194267508, -0.0021026711911, -0.00317345070653, 0.0164136309177, -0.00411439267918, -0.00315393134952, 0.00163681840058], [1.47939390445e-005, -0.000908962625545, -0.000716963841114, 0.000897720572539, 0.000138023649924, 0.000213903942495, 0.00102112011518, 0.00102582690306, -0.00135044322815, -0.00411439267918, 0.0182134918869, -0.00551297375932, 0.00263440725394], [0.000193074374693, 0.000752113235649, 0.000265799491899, -0.000466435943963, -0.00145415519364, 0.00440945196897, -0.00249209790491, 0.000254974031122, 0.00341580249369, -0.00315393134952, -0.00551297375932, 0.0243523623794, -0.00865992438048], [2.69483207376e-005, -3.98718111683e-005, 4.76830427942e-005, 0.000345231470419, 0.000248871510848, -0.00386366224848, 0.000132431174279, -0.00118124170695, -0.00141320459079, 0.00163681840058, 0.00263440725394, -0.00865992438048, 0.0210751071572]]
    },
    "spectral_contrast_coeffs": {
        "mean": [-0.580380260944, -0.770845234394, -0.775374352932, -0.803531169891, -0.789232671261, -0.728016912937],
        "var": [0.00469571957365, 0.00395369902253, 0.00538766430691, 0.00255622551776, 0.00187133485451, 0.00183269591071]
    },
    "spectral_contrast_valleys": {
        "mean": [-6.92415428162, -6.58473968506, -6.77808046341, -7.25961017609, -7.54739761353, -10.8137226105],
        "var": [0.992636740208, 1.17875492573, 1.30305218697, 1.46621417999, 1.58668792248, 1.52855682373]
    }
},
"metadata": {
    "audio_properties": {
        "analysis_sample_rate": 44100,
        "bit_rate": 110066,
        "equal_loudness": 0,
        "length": 45.0873451233,
        "lossless": 0,
        "replay_gain": -14.793674469,
        "sample_rate": 44100,
        "codec": "mp3",
        "downmix": "mix",
        "md5_encoded": "ca63bb78533aa3f87e2f438550202e47"
    },
    "tags": {
        "file_name": "782.mp3"
    },
    "version": {
        "essentia": "2.1-beta2",
        "essentia_git_sha": "v2.1_beta2",
        "extractor": "music 1.0"
    }
},
"rhythm": {
    "beats_count": 87,
    "beats_loudness": {
        "mean": 0.0432791784406,
        "var": 0.000342619925505
    },
    "bpm": 116.978233337,
    "bpm_histogram_first_peak_bpm": {
        "mean": 117,
        "var": 0
    },
    "bpm_histogram_first_peak_spread": {
        "mean": 0.518987357616,
        "var": 0
    },
    "bpm_histogram_first_peak_weight": {
        "mean": 0.441860467196,
        "var": 0
    },
    "bpm_histogram_second_peak_bpm": {
        "mean": 112,
        "var": 0
    },
    "bpm_histogram_second_peak_spread": {
        "mean": 0,
        "var": 0
    },
    "bpm_histogram_second_peak_weight": {
        "mean": 0.0581395365298,
        "var": 0
    },
    "danceability": 1.16035187244,
    "onset_rate": 3.03737330437,
    "beats_loudness_band_ratio": {
        "mean": [0.622322022915, 0.150164708495, 0.0970215946436, 0.128212928772, 0.0556085593998, 0.0242663547397],
        "var": [0.03836132586, 0.012325193733, 0.00622409628704, 0.0194494966418, 0.00270723481663, 0.000338976475177]
    },
    "beats_position": [0.522448956966, 1.04489791393, 1.55573689938, 2.07818579674, 2.58902478218, 3.08825397491, 3.59909296036, 4.1099319458, 4.62077093124, 5.13160991669, 5.630838871, 6.14167785645, 6.65251684189, 7.16335582733, 7.66258478165, 8.17342376709, 8.68426322937, 9.19510173798, 9.70594120026, 10.2167797089, 10.7276191711, 11.2268476486, 11.7260770798, 12.2136955261, 12.7013149261, 13.2005443573, 13.7113828659, 14.2338323593, 14.7330608368, 15.2322902679, 15.7431287766, 16.2539672852, 16.7648067474, 17.2756462097, 17.7980957031, 18.3205432892, 18.8429927826, 19.365442276, 19.8762817383, 20.3871192932, 20.8979587555, 21.4087982178, 21.9196376801, 22.4420852661, 22.9529247284, 23.4753742218, 23.9978218079, 24.5202713013, 25.0427207947, 25.5767803192, 26.0992279053, 26.6332874298, 27.1673469543, 27.7014045715, 28.2238540649, 28.7463035583, 29.2571430206, 29.7563705444, 30.2672100067, 30.7896595001, 31.3004989624, 31.8113365173, 32.3105659485, 32.8097953796, 33.3206329346, 33.8314743042, 34.3423118591, 34.8531494141, 35.3523788452, 35.8748283386, 36.3740577698, 36.8965072632, 37.4073448181, 37.9181861877, 38.4406356812, 38.9630813599, 39.4739227295, 39.9963722229, 40.5072097778, 41.0296592712, 41.5521087646, 42.0745582581, 42.5970077515, 43.1194534302, 43.6419029236, 44.164352417, 44.6984100342]
},
"tonal": {
    "chords_changes_rate": 0.0802469104528,
    "chords_number_rate": 0.0144032919779,
    "chords_strength": {
        "mean": 0.509193480015,
        "var": 0.00925807468593
    },
    "hpcp_entropy": {
        "mean": 2.18511795998,
        "var": 0.558768987656
    },
    "key_strength": 0.789873480797,
    "tuning_diatonic_strength": 0.608134508133,
    "tuning_equal_tempered_deviation": 0.0865895301104,
    "tuning_frequency": 438.984558105,
    "tuning_nontempered_energy_ratio": 0.791006028652,
    "hpcp": {
        "mean": [0.200021222234, 0.145162716508, 0.106628954411, 0.107634149492, 0.129284635186, 0.17870439589, 0.17463862896, 0.11759532243, 0.124490551651, 0.172438517213, 0.154964461923, 0.109335549176, 0.0964254066348, 0.096416413784, 0.166073545814, 0.294937282801, 0.254084557295, 0.111273556948, 0.0550346039236, 0.0435412414372, 0.0822627991438, 0.114331915975, 0.0934376865625, 0.0786575600505, 0.0763397738338, 0.0635515078902, 0.0692484751344, 0.0781880691648, 0.0910332798958, 0.205358847976, 0.28869497776, 0.195005819201, 0.103922903538, 0.0931710153818, 0.105879411101, 0.167161166668],
        "var": [0.0910880565643, 0.0509968400002, 0.0401626080275, 0.0417210161686, 0.0528703331947, 0.0857934802771, 0.0797269195318, 0.0426020845771, 0.0411906205118, 0.0868262201548, 0.0678983926773, 0.0372394323349, 0.0345386527479, 0.035329606384, 0.0559647344053, 0.127409055829, 0.10106549412, 0.0326754190028, 0.0153623241931, 0.0079266699031, 0.0284571908414, 0.0496569946408, 0.0290967766196, 0.0198761485517, 0.0247550867498, 0.0162353944033, 0.0171037167311, 0.021545175463, 0.0248961113393, 0.0736051648855, 0.128249019384, 0.0688143447042, 0.0359006859362, 0.0382929295301, 0.0422030501068, 0.0697832331061]
    },
    "chords_histogram": [32.8189315796, 6.06995868683, 7.09876537323, 1.33744859695, 7.71604919434, 0, 0, 0, 0, 0, 4.32098770142, 2.05761313438, 0.102880656719, 2.77777767181, 0, 5.04115247726, 0, 11.2139921188, 2.05761313438, 0.925925910473, 4.62962961197, 5.24691343307, 6.58436203003, 0],
    "thpcp": [1, 0.86148673296, 0.377278715372, 0.186597645283, 0.147628813982, 0.278916239738, 0.387648224831, 0.316805273294, 0.266692489386, 0.258833914995, 0.215474650264, 0.234790503979, 0.26510065794, 0.308652997017, 0.696279704571, 0.978835165501, 0.66117721796, 0.352355927229, 0.315901100636, 0.358989566565, 0.566768527031, 0.678182244301, 0.492181628942, 0.361530929804, 0.364939123392, 0.438346207142, 0.605906426907, 0.592121243477, 0.398712992668, 0.422091603279, 0.584661662579, 0.525414943695, 0.370707780123, 0.32693529129, 0.326904803514, 0.563080906868],
    "chords_key": "G",
    "chords_scale": "major",
    "key_key": "G",
    "key_scale": "major"
}
}