{
"lowlevel": {
    "average_loudness": 0.931382715702,
    "barkbands_crest": {
        "mean": 10.6522331238,
        "var": 13.2098894119
    },
    "barkbands_flatness_db": {
        "mean": 0.198443248868,
        "var": 0.00256701163016
    },
    "barkbands_kurtosis": {
        "mean": 6.41488456726,
        "var": 46.8933563232
    },
    "barkbands_skewness": {
        "mean": 1.69825279713,
        "var": 1.46849226952
    },
    "barkbands_spread": {
        "mean": 12.2429132462,
        "var": 181.042373657
    },
    "dissonance": {
        "mean": 0.416733920574,
        "var": 0.00280534359626
    },
    "dynamic_complexity": 2.62029910088,
    "erbbands_crest": {
        "mean": 10.7644720078,
        "var": 27.5112838745
    },
    "erbbands_flatness_db": {
        "mean": 0.189111217856,
        "var": 0.00309902010486
    },
    "erbbands_kurtosis": {
        "mean": 2.24355912209,
        "var": 15.0037469864
    },
    "erbbands_skewness": {
        "mean": 0.702154219151,
        "var": 0.583053827286
    },
    "erbbands_spread": {
        "mean": 28.9807777405,
        "var": 535.639282227
    },
    "hfc": {
        "mean": 17.3627338409,
        "var": 447.387542725
    },
    "melbands_crest": {
        "mean": 14.1400508881,
        "var": 17.0377922058
    },
    "melbands_flatness_db": {
        "mean": 0.278568834066,
        "var": 0.00468366313726
    },
    "melbands_kurtosis": {
        "mean": 13.2892217636,
        "var": 238.986236572
    },
    "melbands_skewness": {
        "mean": 2.3961288929,
        "var": 2.69831085205
    },
    "melbands_spread": {
        "mean": 12.4087934494,
        "var": 202.194869995
    },
    "pitch_salience": {
        "mean": 0.558635413647,
        "var": 0.0112320380285
    },
    "silence_rate_20dB": {
        "mean": 1,
        "var": 0
    },
    "silence_rate_30dB": {
        "mean": 0.998456001282,
        "var": 0.00154162035324
    },
    "silence_rate_60dB": {
        "mean": 0.00205867225304,
        "var": 0.00205448735505
    },
    "spectral_centroid": {
        "mean": 665.58581543,
        "var": 281184.1875
    },
    "spectral_complexity": {
        "mean": 13.105506897,
        "var": 32.5723419189
    },
    "spectral_decrease": {
        "mean": -7.70390595761e-009,
        "var": 1.95733481874e-017
    },
    "spectral_energy": {
        "mean": 0.0306511595845,
        "var": 0.000321440951666
    },
    "spectral_energyband_high": {
        "mean": 0.000558785512112,
        "var": 3.44308500644e-006
    },
    "spectral_energyband_low": {
        "mean": 0.0103991637006,
        "var": 6.83465696056e-005
    },
    "spectral_energyband_middle_high": {
        "mean": 0.0052841627039,
        "var": 0.000113071320811
    },
    "spectral_energyband_middle_low": {
        "mean": 0.016146318987,
        "var": 0.00014415892656
    },
    "spectral_entropy": {
        "mean": 6.8849067688,
        "var": 0.368648409843
    },
    "spectral_flux": {
        "mean": 0.0683058351278,
        "var": 0.00185344927013
    },
    "spectral_kurtosis": {
        "mean": 10.1211204529,
        "var": 56.7299423218
    },
    "spectral_rms": {
        "mean": 0.00525833107531,
        "var": 2.25359531214e-006
    },
    "spectral_rolloff": {
        "mean": 882.807678223,
        "var": 2294509.75
    },
    "spectral_skewness": {
        "mean": 2.47875094414,
        "var": 0.803753256798
    },
    "spectral_spread": {
        "mean": 4193451,
        "var": 6.86157673267e+012
    },
    "spectral_strongpeak": {
        "mean": 1.17251181602,
        "var": 2.898396492
    },
    "zerocrossingrate": {
        "mean": 0.0362066961825,
        "var": 0.0014806977706
    },
    "barkbands": {
        "mean": [9.14059855859e-005, 0.00579659640789, 0.00337214372121, 0.00193184288219, 0.00525074824691, 0.00219599809498, 0.00151453679428, 0.00238014780916, 0.00150286103599, 0.0030200262554, 0.00104336743243, 0.000878286373336, 0.000291595089948, 0.000350017275196, 0.000165509234648, 8.48898635013e-005, 8.07610922493e-005, 5.59331674594e-005, 5.95853962295e-005, 5.27735828655e-005, 5.19769564562e-005, 8.58574712765e-005, 0.000100446122815, 0.000138136645546, 0.00011970239575, 3.4573055018e-005, 1.48201388583e-006],
        "var": [1.37403874945e-008, 3.20103972626e-005, 1.4361947251e-005, 4.59817374576e-006, 2.55774521065e-005, 1.134836657e-005, 9.0278845164e-006, 2.66841416305e-005, 1.69072845893e-005, 6.53353781672e-005, 1.33293169711e-005, 6.58618819216e-006, 4.57673451137e-007, 8.45815975481e-007, 9.6904500424e-008, 4.55486492967e-008, 3.57002249984e-008, 2.67808140109e-008, 5.43386988738e-008, 2.53176999365e-008, 1.96115514939e-008, 1.53827102167e-007, 2.40437515231e-007, 3.21523344837e-007, 2.1462048494e-007, 3.4792090986e-008, 1.86643242528e-010]
    },
    "erbbands": {
        "mean": [0.109765507281, 1.48114132881, 4.17945098877, 5.64586496353, 12.184217453, 18.0645904541, 19.2857379913, 14.5452032089, 22.7742824554, 25.7165813446, 57.3281021118, 31.5942974091, 88.1117248535, 77.3765411377, 42.4058952332, 42.5694274902, 17.2904472351, 21.0286979675, 10.1035499573, 6.11105728149, 4.58616256714, 3.83801198006, 3.23997831345, 2.36141252518, 3.39010763168, 2.5491309166, 2.05630373955, 2.28485488892, 2.79101085663, 3.1944000721, 2.89765715599, 3.0447576046, 2.15566849709, 1.58554196358, 0.682980716228, 0.232479929924, 0.0467525459826, 0.00623577320948, 0.000201410075533, 4.24818535976e-005],
        "var": [0.0108630852774, 2.32245635986, 18.3926563263, 31.4347076416, 153.588226318, 486.368621826, 1374.1027832, 363.767333984, 1533.07543945, 3027.45849609, 18798.84375, 3742.79394531, 64515.7460938, 66517.140625, 19230.2226563, 16634.9453125, 1145.64941406, 2962.53393555, 318.17489624, 94.9425430298, 127.350631714, 83.3023300171, 81.1155929565, 72.6368865967, 154.628158569, 56.0000610352, 36.2087860107, 37.4982681274, 134.552886963, 290.079315186, 185.077545166, 177.887557983, 77.7926254272, 43.5098114014, 6.94522237778, 1.4246981144, 0.0651617720723, 0.00141131307464, 1.5267373783e-006, 2.11859885191e-009]
    },
    "gfcc": {
        "mean": [-30.3465690613, 135.54776001, -95.5005874634, 18.5734577179, -64.7069854736, 23.5492324829, -33.5913734436, 2.21162581444, -23.7669677734, -0.981573402882, -13.8054285049, -5.26473379135, -8.78537273407],
        "cov": [[5208.53417969, -1140.72827148, -442.705352783, 239.723144531, -596.075683594, 288.889892578, -297.798553467, 202.537841797, -186.953811646, 75.5313949585, -197.497558594, 26.4463691711, -14.1439819336], [-1140.72827148, 1486.85144043, -164.57862854, -251.625717163, 356.469299316, -177.892745972, 293.637969971, -143.530548096, 174.636123657, -66.1621322632, 117.75037384, -54.4945030212, 65.3005371094], [-442.705352783, -164.57862854, 787.625305176, 134.454879761, 140.46244812, 110.784690857, -54.2710838318, 90.2418289185, -38.6093788147, 114.592323303, 83.4090652466, 88.9161605835, -55.4254417419], [239.723144531, -251.625717163, 134.454879761, 421.860137939, 23.8307437897, -19.7698783875, -113.467735291, 10.4517993927, 48.5094985962, 24.3628501892, -10.1403560638, -1.58753240108, -4.86902284622], [-596.075683594, 356.469299316, 140.46244812, 23.8307437897, 276.160614014, -46.7931251526, 67.4734420776, -14.8064908981, 62.63022995, 27.6354122162, 38.5347671509, 16.7203655243, 4.06723117828], [288.889892578, -177.892745972, 110.784690857, -19.7698783875, -46.7931251526, 209.979415894, 46.2784004211, 66.3941040039, -42.5429077148, 33.5214729309, 32.6221389771, 29.1673355103, 15.2939462662], [-297.798553467, 293.637969971, -54.2710838318, -113.467735291, 67.4734420776, 46.2784004211, 265.798919678, 26.9710617065, 29.087059021, -8.40789985657, 29.1697158813, 12.6628789902, 25.8329563141], [202.537841797, -143.530548096, 90.2418289185, 10.4517993927, -14.8064908981, 66.3941040039, 26.9710617065, 123.581680298, 17.2928714752, 39.3399124146, -2.09203410149, 27.874753952, 5.31991004944], [-186.953811646, 174.636123657, -38.6093788147, 48.5094985962, 62.63022995, -42.5429077148, 29.087059021, 17.2928714752, 152.95463562, 21.1969814301, -7.99537420273, -22.4161739349, 24.369386673], [75.5313949585, -66.1621322632, 114.592323303, 24.3628501892, 27.6354122162, 33.5214729309, -8.40789985657, 39.3399124146, 21.1969814301, 97.7388763428, 14.1998796463, 14.8008508682, -11.6695346832], [-197.497558594, 117.75037384, 83.4090652466, -10.1403560638, 38.5347671509, 32.6221389771, 29.1697158813, -2.09203410149, -7.99537420273, 14.1998796463, 104.507392883, 29.230764389, 2.4226129055], [26.4463691711, -54.4945030212, 88.9161605835, -1.58753240108, 16.7203655243, 29.1673355103, 12.6628789902, 27.874753952, -22.4161739349, 14.8008508682, 29.230764389, 80.844367981, 4.2346072197], [-14.1439819336, 65.3005371094, -55.4254417419, -4.86902284622, 4.06723117828, 15.2939462662, 25.8329563141, 5.31991004944, 24.369386673, -11.6695346832, 2.4226129055, 4.2346072197, 68.5188980103]],
        "icov": [[0.000479668145999, -0.000504727475345, 0.000605190114584, -0.0006559912581, 0.0008278786554, -0.000903640699107, 0.00073112139944, -0.00100005522836, 0.000884799170308, -0.000882043503225, 0.00108093267772, -0.000801995629445, 0.000523956550751], [-0.000504727475345, 0.00341587327421, -0.000760796130635, 0.00220643519424, -0.00317499623634, 0.00248790765181, -0.00258145015687, 0.003136518877, -0.00307507649995, 0.00220484379679, -0.00406033685431, 0.00274685909972, -0.00201237178408], [0.000605190114584, -0.000760796130635, 0.00331760104746, -0.00143755914178, -0.000452846696135, -0.00222905469127, 0.00185927690472, -0.00258198194206, 0.00203651748598, -0.00231214100495, 0.000541785091627, -0.00222752266563, 0.00245579262264], [-0.0006559912581, 0.00220643519424, -0.00143755914178, 0.00475526787341, -0.00244240206666, 0.00194730993826, -0.000566881964915, 0.00245298747905, -0.0036915934179, 0.00217031687498, -0.00273666367866, 0.0020784358494, -0.00167866505217], [0.0008278786554, -0.00317499623634, -0.000452846696135, -0.00244240206666, 0.00940060336143, -0.000733112508897, 0.000616005097982, -0.00136140210088, 0.00123375619296, -0.00353017798625, 0.00337206316181, -0.00356124667451, 0.00119680899661], [-0.000903640699107, 0.00248790765181, -0.00222905469127, 0.00194730993826, -0.000733112508897, 0.0108808092773, -0.00417608395219, 7.11735629011e-005, -2.33525006479e-005, 0.000262431654846, -0.00539577519521, 0.00347687117755, -0.00500962836668], [0.00073112139944, -0.00258145015687, 0.00185927690472, -0.000566881964915, 0.000616005097982, -0.00417608395219, 0.0080901151523, -0.00433552637696, 0.00157666392624, -0.000723207369447, 0.00245584826916, -0.00283373193815, 0.00166124792304], [-0.00100005522836, 0.003136518877, -0.00258198194206, 0.00245298747905, -0.00136140210088, 7.11735629011e-005, -0.00433552637696, 0.0170012731105, -0.00655928719789, -8.57216436998e-005, -0.00130559143145, -0.000807330652606, -0.00231607630849], [0.000884799170308, -0.00307507649995, 0.00203651748598, -0.0036915934179, 0.00123375619296, -2.33525006479e-005, 0.00157666392624, -0.00655928719789, 0.0141549296677, -0.00576400896534, 0.00382286170498, 0.000788329809438, -0.00185476697516], [-0.000882043503225, 0.00220484379679, -0.00231214100495, 0.00217031687498, -0.00353017798625, 0.000262431654846, -0.000723207369447, -8.57216436998e-005, -0.00576400896534, 0.0171896703541, -0.00397633155808, 0.00175561872311, 0.00144055765122], [0.00108093267772, -0.00406033685431, 0.000541785091627, -0.00273666367866, 0.00337206316181, -0.00539577519521, 0.00245584826916, -0.00130559143145, 0.00382286170498, -0.00397633155808, 0.0180328357965, -0.00727753760293, 0.00229154899716], [-0.000801995629445, 0.00274685909972, -0.00222752266563, 0.0020784358494, -0.00356124667451, 0.00347687117755, -0.00283373193815, -0.000807330652606, 0.000788329809438, 0.00175561872311, -0.00727753760293, 0.0199598968029, -0.00482879718766], [0.000523956550751, -0.00201237178408, 0.00245579262264, -0.00167866505217, 0.00119680899661, -0.00500962836668, 0.00166124792304, -0.00231607630849, -0.00185476697516, 0.00144055765122, 0.00229154899716, -0.00482879718766, 0.0202108044177]]
    },
    "melbands": {
        "mean": [0.00130286638159, 0.00219870125875, 0.0011342667276, 0.00111719290726, 0.000703252910171, 0.000365839747246, 0.000339412654284, 0.000285958696622, 0.000453827291494, 0.000206798998988, 0.000431431079051, 0.000308806804242, 0.00015097305004, 9.98246396193e-005, 7.00365708326e-005, 3.38504214596e-005, 3.872517118e-005, 1.47260880112e-005, 1.02681378849e-005, 7.09234291207e-006, 5.40855216968e-006, 4.35658284914e-006, 3.27981979353e-006, 2.59800526692e-006, 1.71399062765e-006, 2.49849017564e-006, 2.10746452467e-006, 1.6054691514e-006, 1.29229783852e-006, 1.20488755329e-006, 1.35405048241e-006, 1.43410500186e-006, 1.89794775451e-006, 1.71363296886e-006, 1.6079567331e-006, 1.76898868176e-006, 1.90978653336e-006, 1.56197529577e-006, 1.35680431868e-006, 1.34042443278e-006],
        "var": [1.51593621922e-006, 4.20222158937e-006, 1.03559625586e-006, 1.41053783409e-006, 1.15616660423e-006, 2.2511675013e-007, 3.62026725043e-007, 3.69874783246e-007, 1.30647288188e-006, 2.49400414987e-007, 1.59158184942e-006, 1.21315144952e-006, 2.8544488373e-007, 6.69997533009e-008, 3.76393778367e-008, 5.4635176383e-009, 1.09299715945e-008, 6.96186608362e-010, 3.67276237201e-010, 1.94196714265e-010, 2.2822843615e-010, 9.41053762693e-011, 8.33790189669e-011, 8.4850557136e-011, 3.99889427127e-011, 1.27210436629e-010, 4.20358921283e-011, 2.36674620874e-011, 1.53633130523e-011, 1.21553210206e-011, 1.34785793637e-011, 2.70652233264e-011, 1.22308954631e-010, 8.57578938418e-011, 5.97146637693e-011, 6.80465336855e-011, 7.10839581641e-011, 4.30894382675e-011, 3.44582209988e-011, 3.23266136082e-011]
    },
    "mfcc": {
        "mean": [-679.430603027, 165.195343018, 23.7521800995, 7.73661279678, -1.77247428894, 13.0113916397, 1.65484142303, 2.9328854084, -2.40801620483, 0.0094266012311, -0.445672243834, -1.75146496296, -0.795403957367],
        "cov": [[3634.88085938, -1499.234375, -64.7460861206, -181.005889893, -179.573455811, -67.5700454712, -132.084915161, -13.7481775284, 46.379032135, 53.1925773621, -92.1357727051, -85.2456817627, -128.221130371], [-1499.234375, 1645.86193848, -308.526000977, 9.75394821167, -47.6269760132, 92.7807159424, 89.0950698853, 58.3385009766, 38.1429824829, -6.00361442566, 82.3666763306, 38.9602165222, 63.7115745544], [-64.7460861206, -308.526000977, 570.345092773, 41.145198822, 179.340286255, 8.56385707855, 93.8607330322, 2.69658231735, -32.9236373901, 3.6524143219, 22.1701965332, 69.9849014282, 51.3912849426], [-181.005889893, 9.75394821167, 41.145198822, 342.290557861, 137.581283569, 16.3267841339, -63.630153656, -31.5679893494, 26.7385063171, 11.9047355652, 14.4509592056, 1.21599245071, 38.2108955383], [-179.573455811, -47.6269760132, 179.340286255, 137.581283569, 270.995880127, 8.63972759247, -25.6699295044, -47.3008880615, -13.2715816498, 18.7555046082, 0.173864305019, 26.2236747742, 40.9788284302], [-67.5700454712, 92.7807159424, 8.56385707855, 16.3267841339, 8.63972759247, 105.271507263, 37.0903625488, 13.7104997635, 17.9282226563, 14.494846344, 20.5243968964, 6.85333442688, 5.71131420135], [-132.084915161, 89.0950698853, 93.8607330322, -63.630153656, -25.6699295044, 37.0903625488, 198.108779907, 62.8821563721, -18.9127597809, -22.4918785095, 30.6666507721, 21.1239967346, 15.0484399796], [-13.7481775284, 58.3385009766, 2.69658231735, -31.5679893494, -47.3008880615, 13.7104997635, 62.8821563721, 117.961395264, 27.2148761749, -10.372469902, 4.82688236237, 24.2484970093, 11.8648033142], [46.379032135, 38.1429824829, -32.9236373901, 26.7385063171, -13.2715816498, 17.9282226563, -18.9127597809, 27.2148761749, 132.325134277, 47.3958015442, 14.9667186737, 6.2576713562, 4.40604543686], [53.1925773621, -6.00361442566, 3.6524143219, 11.9047355652, 18.7555046082, 14.494846344, -22.4918785095, -10.372469902, 47.3958015442, 96.8613891602, 26.6663913727, -0.805320739746, -8.46555233002], [-92.1357727051, 82.3666763306, 22.1701965332, 14.4509592056, 0.173864305019, 20.5243968964, 30.6666507721, 4.82688236237, 14.9667186737, 26.6663913727, 87.7255706787, 22.3059329987, 9.67960834503], [-85.2456817627, 38.9602165222, 69.9849014282, 1.21599245071, 26.2236747742, 6.85333442688, 21.1239967346, 24.2484970093, 6.2576713562, -0.805320739746, 22.3059329987, 83.5875320435, 30.8998012543], [-128.221130371, 63.7115745544, 51.3912849426, 38.2108955383, 40.9788284302, 5.71131420135, 15.0484399796, 11.8648033142, 4.40604543686, -8.46555233002, 9.67960834503, 30.8998012543, 85.9487075806]],
        "icov": [[0.000529280805495, 0.000541333516594, 0.000257911277004, 0.000191737140995, 0.000168627200765, -0.000172039173776, 8.15151724964e-005, -0.000106182851596, -0.000174424654688, -0.000213788967812, 5.2505190979e-005, 1.62757714861e-005, 5.6406341173e-005], [0.000541333516594, 0.00141464045737, 0.00102734717075, 0.000215629857848, -0.000112447552965, -0.000640016805846, -0.000396617921069, -0.000164283279446, -0.000211569684325, -6.5656080551e-005, -0.00054591265507, -0.000364862906281, -0.00056590634631], [0.000257911277004, 0.00102734717075, 0.0035720935557, 0.000213076535147, -0.00196213042364, -4.41992096967e-006, -0.00191807444207, 9.42061305977e-005, 0.000262448738795, -0.000404231919674, -0.000345791107975, -0.00180342711974, -0.000714716501534], [0.000191737140995, 0.000215629857848, 0.000213076535147, 0.00436779251322, -0.00210911687464, -0.000781318580266, 0.00146208005026, -0.000190526945516, -0.00103101122659, 0.000993266352452, -0.00137673912104, 0.00117403722834, -0.00123155850451], [0.000168627200765, -0.000112447552965, -0.00196213042364, -0.00210911687464, 0.00703630922362, -0.000462928059278, 0.000606017594691, 0.00203987071291, 0.000860888161696, -0.00170564674772, 0.00168198777828, -0.00107238371857, -0.00128194515128], [-0.000172039173776, -0.000640016805846, -4.41992096967e-006, -0.000781318580266, -0.000462928059278, 0.0114455195144, -0.00242771185003, -4.69751321361e-005, -0.000998038100079, -0.00129867659416, -0.000779325084295, 7.85847441875e-005, 0.000442241231212], [8.15151724964e-005, -0.000396617921069, -0.00191807444207, 0.00146208005026, 0.000606017594691, -0.00242771185003, 0.0091209653765, -0.00403254292905, 0.00144997169264, 0.00180777756032, -0.00284295179881, 0.00153574184515, -0.000383643462555], [-0.000106182851596, -0.000164283279446, 9.42061305977e-005, -0.000190526945516, 0.00203987071291, -4.69751321361e-005, -0.00403254292905, 0.0130522819236, -0.00334413419478, 0.001148674055, 0.00194043538067, -0.00348931574263, -0.00075296923751], [-0.000174424654688, -0.000211569684325, 0.000262448738795, -0.00103101122659, 0.000860888161696, -0.000998038100079, 0.00144997169264, -0.00334413419478, 0.0110211409628, -0.00530072906986, -4.02198857046e-005, -0.000411274435464, -0.000873000186402], [-0.000213788967812, -6.5656080551e-005, -0.000404231919674, 0.000993266352452, -0.00170564674772, -0.00129867659416, 0.00180777756032, 0.001148674055, -0.00530072906986, 0.0155237382278, -0.00492806453258, 0.00114820629824, 0.00189724063966], [5.2505190979e-005, -0.00054591265507, -0.000345791107975, -0.00137673912104, 0.00168198777828, -0.000779325084295, -0.00284295179881, 0.00194043538067, -4.02198857046e-005, -0.00492806453258, 0.0158621221781, -0.00394183024764, -7.10241220077e-005], [1.62757714861e-005, -0.000364862906281, -0.00180342711974, 0.00117403722834, -0.00107238371857, 7.85847441875e-005, 0.00153574184515, -0.00348931574263, -0.000411274435464, 0.00114820629824, -0.00394183024764, 0.0171800963581, -0.0040284008719], [5.6406341173e-005, -0.00056590634631, -0.000714716501534, -0.00123155850451, -0.00128194515128, 0.000442241231212, -0.000383643462555, -0.00075296923751, -0.000873000186402, 0.00189724063966, -7.10241220077e-005, -0.0040284008719, 0.015554186888]]
    },
    "spectral_contrast_coeffs": {
        "mean": [-0.622073411942, -0.689282894135, -0.720338523388, -0.750124692917, -0.785543441772, -0.767025649548],
        "var": [0.00622034119442, 0.00635189982131, 0.00855571124703, 0.00371932960115, 0.00224357028492, 0.00251029920764]
    },
    "spectral_contrast_valleys": {
        "mean": [-6.90731287003, -6.75536298752, -7.49101352692, -8.38171768188, -8.81283283234, -11.0286769867],
        "var": [1.15722262859, 0.855882108212, 0.848751544952, 0.913835942745, 1.17320334911, 1.84295248985]
    }
},
"metadata": {
    "audio_properties": {
        "analysis_sample_rate": 44100,
        "bit_rate": 108900,
        "equal_loudness": 0,
        "length": 45.0873451233,
        "lossless": 0,
        "replay_gain": -11.8847846985,
        "sample_rate": 44100,
        "codec": "mp3",
        "downmix": "mix",
        "md5_encoded": "b38c88c37af44abd27a5c1917b8e37d3"
    },
    "tags": {
        "file_name": "789.mp3"
    },
    "version": {
        "essentia": "2.1-beta2",
        "essentia_git_sha": "v2.1_beta2",
        "extractor": "music 1.0"
    }
},
"rhythm": {
    "beats_count": 100,
    "beats_loudness": {
        "mean": 0.0439096018672,
        "var": 0.000417956413003
    },
    "bpm": 135.046661377,
    "bpm_histogram_first_peak_bpm": {
        "mean": 136,
        "var": 0
    },
    "bpm_histogram_first_peak_spread": {
        "mean": 0.40425530076,
        "var": 0
    },
    "bpm_histogram_first_peak_weight": {
        "mean": 0.565656542778,
        "var": 0
    },
    "bpm_histogram_second_peak_bpm": {
        "mean": 129,
        "var": 0
    },
    "bpm_histogram_second_peak_spread": {
        "mean": 0,
        "var": 0
    },
    "bpm_histogram_second_peak_weight": {
        "mean": 0.0303030312061,
        "var": 0
    },
    "danceability": 1.19057571888,
    "onset_rate": 3.30342054367,
    "beats_loudness_band_ratio": {
        "mean": [0.460544288158, 0.248743399978, 0.18620659411, 0.125781297684, 0.0258872751147, 0.0333610586822],
        "var": [0.0605352595448, 0.0247959345579, 0.0264691654593, 0.0326664075255, 0.00119062291924, 0.00233527435921]
    },
    "beats_position": [0.49922901392, 1.02167797089, 1.53251695633, 1.99691605568, 2.46131515503, 2.91410422325, 3.36689329147, 3.80807256699, 4.26086139679, 4.71365070343, 5.15482997894, 5.60761880875, 6.04879808426, 6.48997735977, 6.94276618958, 7.38394546509, 7.8251247406, 8.26630401611, 8.70748329163, 9.14866161346, 9.58984088898, 10.0310201645, 10.47219944, 10.9133787155, 11.354557991, 11.7957363129, 12.2369155884, 12.6780948639, 13.1192741394, 13.572063446, 14.0248527527, 14.4776411057, 14.9304304123, 15.3716096878, 15.8127889633, 16.2539672852, 16.6951465607, 17.1479358673, 17.600725174, 18.0419044495, 18.483083725, 18.9358730316, 19.3886623383, 19.8414516449, 20.2942390442, 20.7354183197, 21.1882076263, 21.6293869019, 22.0821762085, 22.523355484, 22.9645347595, 23.405714035, 23.8468933105, 24.2880725861, 24.7292518616, 25.1704311371, 25.6116104126, 26.0527877808, 26.4939670563, 26.9467563629, 27.3995456696, 27.8523349762, 28.3051242828, 28.7463035583, 29.1874828339, 29.6286621094, 30.0698413849, 30.5226306915, 30.9638080597, 31.4049873352, 31.8577766418, 32.2989578247, 32.7285270691, 33.1697044373, 33.6224937439, 34.0636711121, 34.5048522949, 34.9460296631, 35.3872108459, 35.8400001526, 36.2811775208, 36.7107467651, 37.151927948, 37.6163253784, 38.0575065613, 38.4986839294, 38.9398651123, 39.3810424805, 39.8222198486, 40.2750091553, 40.7277984619, 41.1573677063, 41.5869369507, 42.0165061951, 42.4460754395, 42.8988647461, 43.3516540527, 43.8044433594, 44.257232666, 44.6984100342]
},
"tonal": {
    "chords_changes_rate": 0.0339506156743,
    "chords_number_rate": 0.00720164598897,
    "chords_strength": {
        "mean": 0.557947099209,
        "var": 0.00661091692746
    },
    "hpcp_entropy": {
        "mean": 1.56677019596,
        "var": 0.518231511116
    },
    "key_strength": 0.814289569855,
    "tuning_diatonic_strength": 0.684018075466,
    "tuning_equal_tempered_deviation": 0.0365768224001,
    "tuning_frequency": 441.527557373,
    "tuning_nontempered_energy_ratio": 0.625449597836,
    "hpcp": {
        "mean": [0.136670261621, 0.109611622989, 0.0530621744692, 0.0354738794267, 0.0359229147434, 0.11238848418, 0.185925155878, 0.129457995296, 0.0971169397235, 0.110901020467, 0.0680575370789, 0.0304014179856, 0.0264568533748, 0.0395199395716, 0.156665727496, 0.316604971886, 0.232822060585, 0.0592580512166, 0.0185428205878, 0.0171548817307, 0.0848908722401, 0.210211291909, 0.16969794035, 0.0523683428764, 0.0232664328068, 0.0144751602784, 0.0376788191497, 0.0635296180844, 0.080376394093, 0.290360361338, 0.515968084335, 0.32939773798, 0.0807927772403, 0.0418616570532, 0.045466106385, 0.0864031910896],
        "var": [0.0695844516158, 0.0467230640352, 0.0208543129265, 0.0168998725712, 0.0120868543163, 0.0319730639458, 0.0619572848082, 0.0313203595579, 0.0417611673474, 0.0716088786721, 0.0325802974403, 0.00984479952604, 0.00802212860435, 0.0137973092496, 0.0395900681615, 0.116140842438, 0.0873917639256, 0.0178941674531, 0.00389831513166, 0.00437104841694, 0.0244732312858, 0.129619508982, 0.0834581553936, 0.0160296689719, 0.00554400822148, 0.00265484070405, 0.0115602938458, 0.0217155888677, 0.0312848314643, 0.0706080049276, 0.161562308669, 0.0875806733966, 0.0268426965922, 0.019080625847, 0.0201509222388, 0.038260281086]
    },
    "chords_histogram": [65.8436203003, 0, 4.32098770142, 0, 0.411522626877, 0, 1.44032919407, 0, 0, 0, 0, 0, 0, 0, 0, 1.02880656719, 0, 0.102880656719, 0, 0.617283940315, 0, 6.58436203003, 11.3168725967, 8.33333301544],
    "thpcp": [1, 0.638407170773, 0.156584829092, 0.0811322629452, 0.0881180614233, 0.16745840013, 0.26488122344, 0.212438762188, 0.102840028703, 0.0687520802021, 0.0696223601699, 0.217820614576, 0.360342353582, 0.250903099775, 0.188222765923, 0.214937746525, 0.131902605295, 0.0589211210608, 0.0512761436403, 0.0765937641263, 0.303634524345, 0.61361348629, 0.451233446598, 0.114848285913, 0.0359379202127, 0.0332479514182, 0.164527371526, 0.407411426306, 0.328892320395, 0.101495310664, 0.0450927764177, 0.0280543714762, 0.0730254873633, 0.123127028346, 0.155777841806, 0.562748670578],
    "chords_key": "G",
    "chords_scale": "major",
    "key_key": "G",
    "key_scale": "major"
}
}