{
"lowlevel": {
    "average_loudness": 0.956664502621,
    "barkbands_crest": {
        "mean": 9.8824262619,
        "var": 15.7361726761
    },
    "barkbands_flatness_db": {
        "mean": 0.137931987643,
        "var": 0.00264031160623
    },
    "barkbands_kurtosis": {
        "mean": 3.82240509987,
        "var": 218.446868896
    },
    "barkbands_skewness": {
        "mean": 1.30506277084,
        "var": 2.0611436367
    },
    "barkbands_spread": {
        "mean": 28.2175197601,
        "var": 280.455413818
    },
    "dissonance": {
        "mean": 0.467013180256,
        "var": 0.000740264425986
    },
    "dynamic_complexity": 2.80445694923,
    "erbbands_crest": {
        "mean": 10.5143852234,
        "var": 26.1109333038
    },
    "erbbands_flatness_db": {
        "mean": 0.16829161346,
        "var": 0.00172108784318
    },
    "erbbands_kurtosis": {
        "mean": 0.427833616734,
        "var": 3.70855689049
    },
    "erbbands_skewness": {
        "mean": -0.0748983323574,
        "var": 0.943072319031
    },
    "erbbands_spread": {
        "mean": 42.4074363708,
        "var": 478.391387939
    },
    "hfc": {
        "mean": 23.4357910156,
        "var": 358.653137207
    },
    "melbands_crest": {
        "mean": 14.8319358826,
        "var": 27.4279727936
    },
    "melbands_flatness_db": {
        "mean": 0.183887585998,
        "var": 0.00445748399943
    },
    "melbands_kurtosis": {
        "mean": 16.0232849121,
        "var": 1200.72583008
    },
    "melbands_skewness": {
        "mean": 2.69731616974,
        "var": 4.95394515991
    },
    "melbands_spread": {
        "mean": 30.0352077484,
        "var": 406.439178467
    },
    "pitch_salience": {
        "mean": 0.550156772137,
        "var": 0.0152249075472
    },
    "silence_rate_20dB": {
        "mean": 1,
        "var": 0
    },
    "silence_rate_30dB": {
        "mean": 0.993820786476,
        "var": 0.00614098552614
    },
    "silence_rate_60dB": {
        "mean": 0.0391349121928,
        "var": 0.0376029573381
    },
    "spectral_centroid": {
        "mean": 1779.34008789,
        "var": 607369.9375
    },
    "spectral_complexity": {
        "mean": 18.7178173065,
        "var": 107.476356506
    },
    "spectral_decrease": {
        "mean": -5.90116711052e-009,
        "var": 4.27860660768e-017
    },
    "spectral_energy": {
        "mean": 0.0243980381638,
        "var": 0.000653188093565
    },
    "spectral_energyband_high": {
        "mean": 0.000987029750831,
        "var": 1.6403354266e-006
    },
    "spectral_energyband_low": {
        "mean": 0.00768527761102,
        "var": 0.000425937701948
    },
    "spectral_energyband_middle_high": {
        "mean": 0.00613871403039,
        "var": 3.68227592844e-005
    },
    "spectral_energyband_middle_low": {
        "mean": 0.0108105996624,
        "var": 0.000125612306874
    },
    "spectral_entropy": {
        "mean": 7.53364133835,
        "var": 0.137003332376
    },
    "spectral_flux": {
        "mean": 0.0871620103717,
        "var": 0.00464192312211
    },
    "spectral_kurtosis": {
        "mean": 3.622569561,
        "var": 4.71420812607
    },
    "spectral_rms": {
        "mean": 0.00444043101743,
        "var": 4.08555069953e-006
    },
    "spectral_rolloff": {
        "mean": 2064.82470703,
        "var": 3026832
    },
    "spectral_skewness": {
        "mean": 1.20755124092,
        "var": 0.117664471269
    },
    "spectral_spread": {
        "mean": 4235589,
        "var": 3.87965439181e+012
    },
    "spectral_strongpeak": {
        "mean": 1.36490082741,
        "var": 2.2840783596
    },
    "zerocrossingrate": {
        "mean": 0.0705332607031,
        "var": 0.00172222033143
    },
    "barkbands": {
        "mean": [7.66898301663e-005, 0.00329123646952, 0.00319649116136, 0.00216365489177, 0.00116381898988, 0.00140758405905, 0.00112955912482, 0.00363135174848, 0.00108393712435, 0.000468290527351, 0.000401141733164, 0.00110443530139, 0.00101659353822, 0.000546185241546, 0.000425711914431, 0.000501098053064, 0.00034110902925, 0.000424141559051, 0.00077499775216, 0.000498464680277, 0.000178224596311, 0.000147208571434, 0.000184894670383, 0.000122123470646, 6.67540516588e-005, 5.00711903442e-005, 2.29274451158e-006],
        "var": [7.69639427745e-008, 0.000144368168549, 6.0252383264e-005, 1.00050947367e-005, 1.62197090958e-006, 1.58224938787e-005, 1.15377706607e-005, 3.73635448341e-005, 6.62185948386e-006, 1.22420431126e-006, 1.29835893858e-006, 7.80630944064e-006, 3.72047747987e-006, 1.08100425678e-006, 5.7200924175e-007, 8.78235937307e-007, 1.62121949643e-007, 2.71139981578e-007, 1.00494150956e-006, 5.81829340263e-007, 6.01947149903e-008, 4.43104575254e-008, 7.48374944237e-008, 4.08022025056e-008, 1.9129146267e-008, 1.69862381938e-008, 6.73631636583e-011]
    },
    "erbbands": {
        "mean": [0.0621355175972, 0.86319988966, 3.3207514286, 5.96837663651, 5.12854719162, 3.3716070652, 8.49575805664, 12.0439319611, 13.5845890045, 29.9656009674, 87.4627151489, 34.0966415405, 18.4524383545, 12.6375427246, 21.6864433289, 50.1715126038, 48.0014152527, 36.9689941406, 22.0551128387, 27.5715198517, 21.5099964142, 19.5988559723, 23.0364742279, 30.2016105652, 39.1827697754, 26.0728416443, 11.0797128677, 4.87637519836, 4.66543292999, 6.93287611008, 4.99618530273, 2.8094201088, 1.72746789455, 0.700458884239, 0.527840256691, 0.289049774408, 0.0801980346441, 0.00958088506013, 0.000270640361123, 3.90111854358e-005],
        "var": [0.0705905556679, 9.05995559692, 75.2036743164, 98.8034744263, 43.024105072, 15.3573102951, 325.685089111, 1326.17626953, 1067.70324707, 5672.39990234, 24626.40625, 5419, 2333.65820313, 828.42364502, 2790.55371094, 14483.8007813, 7979.21191406, 3438.32910156, 1238.74182129, 2419.82080078, 1126.23156738, 461.8331604, 787.448547363, 1414.32214355, 2536.95581055, 1590.31286621, 217.839584351, 38.0540847778, 49.031955719, 108.130302429, 49.9117660522, 20.8075389862, 8.61219978333, 2.09185266495, 1.28623712063, 0.49114304781, 0.0486783124506, 0.000751121318899, 6.36203878912e-007, 1.52044588031e-009]
    },
    "gfcc": {
        "mean": [-8.86316394806, 85.423034668, -130.675811768, 50.9980964661, -58.3481330872, 11.8219995499, -39.8307647705, 9.82168579102, -26.5664234161, -2.44095039368, -11.9262838364, -11.8053455353, -19.6915683746],
        "cov": [[7274.32958984, -1054.15454102, -723.041320801, -670.518249512, -612.635986328, 92.7408676147, -214.808135986, 130.630477905, -16.1140937805, 440.558624268, -204.076248169, 231.291900635, -411.566680908], [-1054.15454102, 1607.24987793, -475.433349609, 18.0528030396, 281.804779053, -48.0906066895, 190.446273804, -145.798995972, 126.071418762, -249.396621704, 225.466445923, -254.086074829, 211.968978882], [-723.041320801, -475.433349609, 1011.20654297, 362.032104492, 29.9683971405, 16.958814621, -17.0874042511, 95.0445709229, -70.7102890015, 49.9867134094, -125.896736145, 55.4891929626, -10.4183626175], [-670.518249512, 18.0528030396, 362.032104492, 717.617370605, 242.722564697, 40.1528320313, -13.7267045975, 53.6235580444, -99.794128418, -172.665863037, 40.1953315735, -66.0408401489, 79.802482605], [-612.635986328, 281.804779053, 29.9683971405, 242.722564697, 321.654022217, 60.7111358643, 59.594455719, -26.5357894897, -18.4398269653, -106.273681641, 65.150100708, -35.6285629272, 72.174041748], [92.7408676147, -48.0906066895, 16.958814621, 40.1528320313, 60.7111358643, 132.387359619, 31.8223628998, -0.131301209331, -12.708190918, 6.69181919098, 9.37567329407, 14.9685611725, -6.62439823151], [-214.808135986, 190.446273804, -17.0874042511, -13.7267045975, 59.594455719, 31.8223628998, 112.797485352, 2.07194638252, 39.304813385, -17.2039794922, 19.2648067474, -33.307144165, 19.8700065613], [130.630477905, -145.798995972, 95.0445709229, 53.6235580444, -26.5357894897, -0.131301209331, 2.07194638252, 114.840538025, 21.9697399139, 9.77971458435, -29.7903003693, -5.61590242386, -32.8482284546], [-16.1140937805, 126.071418762, -70.7102890015, -99.794128418, -18.4398269653, -12.708190918, 39.304813385, 21.9697399139, 126.561195374, 39.8604774475, 0.476094275713, -36.701084137, -24.2913341522], [440.558624268, -249.396621704, 49.9867134094, -172.665863037, -106.273681641, 6.69181919098, -17.2039794922, 9.77971458435, 39.8604774475, 164.632827759, -37.007183075, 59.8498191833, -65.084487915], [-204.076248169, 225.466445923, -125.896736145, 40.1953315735, 65.150100708, 9.37567329407, 19.2648067474, -29.7903003693, 0.476094275713, -37.007183075, 122.719985962, -14.7273674011, 46.1359710693], [231.291900635, -254.086074829, 55.4891929626, -66.0408401489, -35.6285629272, 14.9685611725, -33.307144165, -5.61590242386, -36.701084137, 59.8498191833, -14.7273674011, 140.104660034, -3.292730093], [-411.566680908, 211.968978882, -10.4183626175, 79.802482605, 72.174041748, -6.62439823151, 19.8700065613, -32.8482284546, -24.2913341522, -65.084487915, 46.1359710693, -3.292730093, 122.441650391]],
        "icov": [[0.000288210227154, -0.000241441681283, 0.000414882058976, -0.000245465460466, 0.000333062227583, -0.00033665864612, 0.000240151770413, -0.000528624688741, 0.000602969143074, -0.000841752858832, 0.000563574372791, -0.000445425685029, 0.000634558324236], [-0.000241441681283, 0.00307845952921, -0.000282144697849, 0.00106550415512, -0.00116695510224, 0.00124015833717, -0.0019036505837, 0.00257033179514, -0.00281579676084, 0.00300738494843, -0.00282521219924, 0.00342906313017, -0.0029092351906], [0.000414882058976, -0.000282144697849, 0.00256668450311, -0.00181721057743, 0.000484224816319, 2.76887458313e-005, -0.000690842105541, -0.00124711054377, 0.00154955405742, -0.00310882856138, 0.00276837055571, -0.00113033538219, 0.000360772828571], [-0.000245465460466, 0.00106550415512, -0.00181721057743, 0.00457356916741, -0.00246179057285, -0.000271667086054, 0.00161311333068, -0.00100241159089, 0.000131592765683, 0.00384484324604, -0.00272836373188, 0.00302422209643, -0.00172021670733], [0.000333062227583, -0.00116695510224, 0.000484224816319, -0.00246179057285, 0.00694292830303, -0.00252220919356, -0.00148481992073, 0.000742070493288, 1.79239177669e-005, 0.000323345942888, 0.000368666922441, -0.00237844372168, 0.000969025073573], [-0.00033665864612, 0.00124015833717, 2.76887458313e-005, -0.000271667086054, -0.00252220919356, 0.0108179803938, -0.00465473579243, 0.00123262254056, 0.000750258972403, -0.000479819544125, -0.00151577603538, 6.60198493279e-005, 0.000525642477442], [0.000240151770413, -0.0019036505837, -0.000690842105541, 0.00161311333068, -0.00148481992073, -0.00465473579243, 0.0155677683651, -0.00301581993699, -0.00201569171622, -0.000369662244339, 0.000823983515147, 0.000587093934882, -0.000610455463175], [-0.000528624688741, 0.00257033179514, -0.00124711054377, -0.00100241159089, 0.000742070493288, 0.00123262254056, -0.00301581993699, 0.0149059565738, -0.00642722286284, 0.00453533697873, -0.00140509661287, 0.00172783888411, 0.000149802435772], [0.000602969143074, -0.00281579676084, 0.00154955405742, 0.000131592765683, 1.79239177669e-005, 0.000750258972403, -0.00201569171622, -0.00642722286284, 0.0173052717, -0.00873156823218, 0.00255610072054, 0.00114659720566, 0.00343998149037], [-0.000841752858832, 0.00300738494843, -0.00310882856138, 0.00384484324604, 0.000323345942888, -0.000479819544125, -0.000369662244339, 0.00453533697873, -0.00873156823218, 0.0194043274969, -0.00481338147074, -0.000953059468884, 0.000624230073299], [0.000563574372791, -0.00282521219924, 0.00276837055571, -0.00272836373188, 0.000368666922441, -0.00151577603538, 0.000823983515147, -0.00140509661287, 0.00255610072054, -0.00481338147074, 0.0155668146908, -0.00367979402654, -2.68777585006e-005], [-0.000445425685029, 0.00342906313017, -0.00113033538219, 0.00302422209643, -0.00237844372168, 6.60198493279e-005, 0.000587093934882, 0.00172783888411, 0.00114659720566, -0.000953059468884, -0.00367979402654, 0.0157367959619, -0.00619636429474], [0.000634558324236, -0.0029092351906, 0.000360772828571, -0.00172021670733, 0.000969025073573, 0.000525642477442, -0.000610455463175, 0.000149802435772, 0.00343998149037, 0.000624230073299, -2.68777585006e-005, -0.00619636429474, 0.0169426612556]]
    },
    "melbands": {
        "mean": [0.000739831943065, 0.00159793510102, 0.00106717506424, 0.000259466643911, 0.000271374417935, 0.000268356496235, 0.000216078449739, 0.000388016167562, 0.000660236575641, 0.000181175782927, 8.42395966174e-005, 4.7038836783e-005, 5.96248501097e-005, 0.000113364032586, 0.000119639284094, 0.000106224608317, 6.13171505393e-005, 3.32262134179e-005, 3.21318038914e-005, 4.12531117036e-005, 2.16624066525e-005, 1.99198293558e-005, 2.14970550587e-005, 1.94379099412e-005, 2.40436947934e-005, 3.17458980135e-005, 2.22034577746e-005, 1.60359450092e-005, 7.38823564461e-006, 4.02779051001e-006, 2.34645540331e-006, 2.52022482528e-006, 3.03987144434e-006, 4.13897987528e-006, 3.24052257383e-006, 1.76436606125e-006, 1.73538876425e-006, 1.34724166401e-006, 7.81409994488e-007, 5.2770280945e-007],
        "var": [8.40845495986e-006, 1.98610723601e-005, 2.66557117357e-006, 8.43154452923e-008, 2.57150901462e-007, 6.12793883192e-007, 3.29001466071e-007, 6.79954553107e-007, 1.43730767377e-006, 2.13032436136e-007, 5.49828165219e-008, 1.32892346016e-008, 2.89189223679e-008, 6.84616807689e-008, 8.69685266025e-008, 3.63842822537e-008, 1.2366842661e-008, 4.00184196891e-009, 3.97204402702e-009, 7.71674013578e-009, 1.26550947499e-009, 5.8305427153e-010, 7.29185101189e-010, 6.06622641008e-010, 1.04243402799e-009, 1.97191218909e-009, 9.37471877904e-010, 7.08944070116e-010, 1.05418535012e-010, 3.94633666023e-011, 8.69079461174e-012, 1.60221714368e-011, 2.27669341712e-011, 4.43526673721e-011, 2.21397258166e-011, 8.62976530513e-012, 8.51518421746e-012, 5.42130923487e-012, 2.21498210398e-012, 1.47990712566e-012]
    },
    "mfcc": {
        "mean": [-643.279907227, 104.424514771, -8.73725509644, 36.1224594116, 6.63726520538, 3.30904555321, 1.64211130142, 5.93364620209, -12.895242691, 12.399181366, -2.84751081467, -0.351735979319, 1.12671434879],
        "cov": [[5228.15039063, -665.586364746, -502.321502686, -720.708740234, -486.372192383, -126.973106384, -322.060943604, -180.208694458, -41.5428352356, -90.5157775879, 341.263427734, 198.418106079, -26.2260780334], [-665.586364746, 1227.07653809, -399.059417725, -47.4926376343, -4.71762084961, 48.2574539185, 63.7713050842, 9.14267635345, -3.70416355133, 45.8512802124, 4.59673404694, 23.5125312805, -28.3121929169], [-502.321502686, -399.059417725, 756.711547852, 234.316543579, 81.5760726929, 9.31280326843, 36.8217658997, -2.34857082367, 88.8604049683, 24.7337265015, -51.660282135, -41.7843208313, 31.9686279297], [-720.708740234, -47.4926376343, 234.316543579, 501.780578613, 274.1043396, 41.7167625427, 146.170471191, 126.331352234, -23.722202301, 79.1770324707, -150.145690918, -92.9536132813, 32.4986686707], [-486.372192383, -4.71762084961, 81.5760726929, 274.1043396, 277.873718262, 68.9962387085, 122.614105225, 101.717178345, -32.7357215881, 48.3573532104, -97.3562164307, -55.8462638855, 25.9589576721], [-126.973106384, 48.2574539185, 9.31280326843, 41.7167625427, 68.9962387085, 145.590713501, 63.0434379578, 12.2528009415, 14.1429567337, -17.8530483246, -6.29168558121, 2.16714406013, 8.84174919128], [-322.060943604, 63.7713050842, 36.8217658997, 146.170471191, 122.614105225, 63.0434379578, 162.92616272, 68.4661712646, -19.8896980286, 21.8416080475, -86.5070114136, -30.0427780151, 33.7723693848], [-180.208694458, 9.14267635345, -2.34857082367, 126.331352234, 101.717178345, 12.2528009415, 68.4661712646, 140.623382568, -17.0290336609, 42.2250442505, -48.1495361328, -30.5361671448, 12.2312793732], [-41.5428352356, -3.70416355133, 88.8604049683, -23.722202301, -32.7357215881, 14.1429567337, -19.8896980286, -17.0290336609, 124.617126465, -0.677794933319, 43.5106430054, 11.4718675613, -22.3344211578], [-90.5157775879, 45.8512802124, 24.7337265015, 79.1770324707, 48.3573532104, -17.8530483246, 21.8416080475, 42.2250442505, -0.677794933319, 136.780838013, 16.7816162109, -4.37096977234, -10.6697692871], [341.263427734, 4.59673404694, -51.660282135, -150.145690918, -97.3562164307, -6.29168558121, -86.5070114136, -48.1495361328, 43.5106430054, 16.7816162109, 174.853302002, 62.6659202576, -43.1909561157], [198.418106079, 23.5125312805, -41.7843208313, -92.9536132813, -55.8462638855, 2.16714406013, -30.0427780151, -30.5361671448, 11.4718675613, -4.37096977234, 62.6659202576, 80.8623428345, 9.68835639954], [-26.2260780334, -28.3121929169, 31.9686279297, 32.4986686707, 25.9589576721, 8.84174919128, 33.7723693848, 12.2312793732, -22.3344211578, -10.6697692871, -43.1909561157, 9.68835639954, 91.1991958618]],
        "icov": [[0.000313939555781, 0.000257267587585, 0.000239548113314, 0.000124778322061, 0.000260663568042, -3.1078223401e-005, 5.4173218814e-005, -1.55913530762e-005, 0.000129788095364, -7.67896053731e-005, -0.000267023773631, -0.000182679345016, -0.000131693057483], [0.000257267587585, 0.00132373650558, 0.000912869931199, -5.92084725213e-005, 0.000449072220363, -0.000294124765787, -0.000561624648981, 0.000352320639649, -0.000394466827856, -0.000636060314719, 0.000103772428702, -0.00044972950127, 0.000173351974809], [0.000239548113314, 0.000912869931199, 0.00257474649698, -0.0012203825172, 0.000523515394889, 1.97270965145e-005, -0.000226570729865, 0.00112433650065, -0.00186507590115, -0.000465925841127, -6.10981151112e-005, 0.000169354621903, -0.000891383911949], [0.000124778322061, -5.92084725213e-005, -0.0012203825172, 0.00634759943932, -0.00399163644761, 0.000390866742237, -0.000423037010478, -0.00106354057789, 6.52549861115e-005, -0.00164720462635, 0.00170662999153, 0.00162549759261, 3.97423536924e-005], [0.000260663568042, 0.000449072220363, 0.000523515394889, -0.00399163644761, 0.0106536373496, -0.00330695696175, -0.00148954684846, -0.0020729219541, 0.00146011810284, -0.00109094218351, 0.000178928254172, 0.000639051315375, -0.000182164949365], [-3.1078223401e-005, -0.000294124765787, 1.97270965145e-005, 0.000390866742237, -0.00330695696175, 0.0107134366408, -0.00457463786006, 0.00112370890565, -0.00161797692999, 0.00308493385091, -0.00259262416512, -0.000822339614388, 2.37291678786e-005], [5.4173218814e-005, -0.000561624648981, -0.000226570729865, -0.000423037010478, -0.00148954684846, -0.00457463786006, 0.0137800648808, -0.00270918547176, 0.000218099361518, -0.00163780001458, 0.00452471524477, -0.000803518632893, -0.00171070371289], [-1.55913530762e-005, 0.000352320639649, 0.00112433650065, -0.00106354057789, -0.0020729219541, 0.00112370890565, -0.00270918547176, 0.0115801664069, -0.000730961677618, -0.0019766332116, -6.03769112786e-005, 0.00130934419576, -0.000556934915949], [0.000129788095364, -0.000394466827856, -0.00186507590115, 6.52549861115e-005, 0.00146011810284, -0.00161797692999, 0.000218099361518, -0.000730961677618, 0.0110878879204, 0.00046672145254, -0.00229494459927, -0.000246234849328, 0.00201320205815], [-7.67896053731e-005, -0.000636060314719, -0.000465925841127, -0.00164720462635, -0.00109094218351, 0.00308493385091, -0.00163780001458, -0.0019766332116, 0.00046672145254, 0.0107207484543, -0.00397998141125, -0.000467771838885, 0.000947180320509], [-0.000267023773631, 0.000103772428702, -6.10981151112e-005, 0.00170662999153, 0.000178928254172, -0.00259262416512, 0.00452471524477, -6.03769112786e-005, -0.00229494459927, -0.00397998141125, 0.0146485082805, -0.00738575542346, 0.00459597166628], [-0.000182679345016, -0.00044972950127, 0.000169354621903, 0.00162549759261, 0.000639051315375, -0.000822339614388, -0.000803518632893, 0.00130934419576, -0.000246234849328, -0.000467771838885, -0.00738575542346, 0.0221058819443, -0.00677219545469], [-0.000131693057483, 0.000173351974809, -0.000891383911949, 3.97423536924e-005, -0.000182164949365, 2.37291678786e-005, -0.00171070371289, -0.000556934915949, 0.00201320205815, 0.000947180320509, 0.00459597166628, -0.00677219545469, 0.0155368717387]]
    },
    "spectral_contrast_coeffs": {
        "mean": [-0.629672944546, -0.706769406796, -0.766395866871, -0.760512888432, -0.754428088665, -0.732256889343],
        "var": [0.00393904186785, 0.0107786571607, 0.00711788376793, 0.0052669425495, 0.00225065276027, 0.00154155341443]
    },
    "spectral_contrast_valleys": {
        "mean": [-7.51419210434, -7.10391330719, -7.75428819656, -7.81675004959, -7.39106559753, -10.5604515076],
        "var": [1.18666183949, 1.32841992378, 1.17210292816, 1.2155841589, 1.17048597336, 1.47912335396]
    }
},
"metadata": {
    "audio_properties": {
        "analysis_sample_rate": 44100,
        "bit_rate": 109080,
        "equal_loudness": 0,
        "length": 45.0612258911,
        "lossless": 0,
        "replay_gain": -6.34421539307,
        "sample_rate": 44100,
        "codec": "mp3",
        "downmix": "mix",
        "md5_encoded": "b1491e60fe0474f3ccde414419e938da"
    },
    "tags": {
        "file_name": "79.mp3"
    },
    "version": {
        "essentia": "2.1-beta2",
        "essentia_git_sha": "v2.1_beta2",
        "extractor": "music 1.0"
    }
},
"rhythm": {
    "beats_count": 114,
    "beats_loudness": {
        "mean": 0.0271336231381,
        "var": 0.000134440400871
    },
    "bpm": 152.928573608,
    "bpm_histogram_first_peak_bpm": {
        "mean": 152,
        "var": 0
    },
    "bpm_histogram_first_peak_spread": {
        "mean": 0.0853658914566,
        "var": 0
    },
    "bpm_histogram_first_peak_weight": {
        "mean": 0.66371679306,
        "var": 0
    },
    "bpm_histogram_second_peak_bpm": {
        "mean": 157,
        "var": 0
    },
    "bpm_histogram_second_peak_spread": {
        "mean": 0.0645161569118,
        "var": 0
    },
    "bpm_histogram_second_peak_weight": {
        "mean": 0.25663715601,
        "var": 0
    },
    "danceability": 1.09950482845,
    "onset_rate": 4.63604354858,
    "beats_loudness_band_ratio": {
        "mean": [0.332424640656, 0.115400746465, 0.230079263449, 0.112949967384, 0.0866103097796, 0.152485445142],
        "var": [0.0544092543423, 0.00953735783696, 0.0306459721178, 0.0136290378869, 0.00578896468505, 0.0136777656153]
    },
    "beats_position": [0.371519267559, 0.766258478165, 1.16099774837, 1.55573689938, 1.95047616959, 2.34521532059, 2.73995471001, 3.13469386101, 3.52943301201, 3.92417216301, 4.3073015213, 4.69043064117, 5.08516979218, 5.47990942001, 5.86303853989, 6.24616765976, 6.62929677963, 7.02403593063, 7.40716552734, 7.80190467834, 8.17342376709, 8.56816291809, 8.96290206909, 9.35764122009, 9.75238037109, 10.1471195221, 10.5418596268, 10.9482088089, 11.354557991, 11.749297142, 12.144036293, 12.538775444, 12.933514595, 13.328253746, 13.722992897, 14.117732048, 14.5240812302, 14.9188203812, 15.301949501, 15.696688652, 16.0914287567, 16.4861679077, 16.8809070587, 17.2756462097, 17.6703853607, 18.0651245117, 18.4598636627, 18.8546028137, 19.2493419647, 19.6440811157, 20.0388202667, 20.4335594177, 20.8282985687, 21.2346477509, 21.6293869019, 22.0125160217, 22.3840351105, 22.7671642303, 23.1502952576, 23.5334243774, 23.9281635284, 24.3229026794, 24.7060317993, 25.0891609192, 25.4722900391, 25.8670291901, 26.2501583099, 26.6332874298, 27.0164165497, 27.4111557007, 27.7942848206, 28.1890239716, 28.5721530914, 28.9552822113, 29.3500213623, 29.7447605133, 30.1278915405, 30.5110206604, 30.9057598114, 31.3004989624, 31.6952381134, 32.0899772644, 32.4847145081, 32.8794555664, 33.2625846863, 33.6573219299, 34.0404510498, 34.4351921082, 34.8299331665, 35.2130622864, 35.5961914063, 35.9909286499, 36.3856697083, 36.7804069519, 37.1751480103, 37.5698852539, 37.9646263123, 38.3709754944, 38.7773246765, 39.1720619202, 39.5668029785, 39.9615402222, 40.3562812805, 40.7626304626, 41.1573677063, 41.5521087646, 41.9468460083, 42.3299751282, 42.7247161865, 43.1194534302, 43.50258255, 43.8857116699, 44.2804527283, 44.6751937866]
},
"tonal": {
    "chords_changes_rate": 0.0483539104462,
    "chords_number_rate": 0.00720164598897,
    "chords_strength": {
        "mean": 0.566579043865,
        "var": 0.00759348226711
    },
    "hpcp_entropy": {
        "mean": 2.12273335457,
        "var": 0.7896656394
    },
    "key_strength": 0.650114536285,
    "tuning_diatonic_strength": 0.632663667202,
    "tuning_equal_tempered_deviation": 0.180096104741,
    "tuning_frequency": 435.700531006,
    "tuning_nontempered_energy_ratio": 0.803660750389,
    "hpcp": {
        "mean": [0.103485800326, 0.10011716187, 0.0933833569288, 0.0915719866753, 0.099987924099, 0.104114301503, 0.0828380659223, 0.083450101316, 0.176864057779, 0.291276156902, 0.214020162821, 0.0802380666137, 0.0673219487071, 0.0938239693642, 0.145182564855, 0.212737292051, 0.250446438789, 0.21595287323, 0.141643106937, 0.0918315798044, 0.0868297368288, 0.0983943492174, 0.131739795208, 0.285050570965, 0.395628124475, 0.263424098492, 0.116616822779, 0.0913846418262, 0.0909703671932, 0.0938396304846, 0.0974467098713, 0.0881237611175, 0.0813036039472, 0.0884212777019, 0.0888609588146, 0.0908186584711],
        "var": [0.0297380574048, 0.0263478793204, 0.0221425238997, 0.0281230527908, 0.0335309095681, 0.0424400642514, 0.0251189377159, 0.023889824748, 0.0440524220467, 0.110776595771, 0.0701852589846, 0.0238849986345, 0.0235559958965, 0.0332141518593, 0.0604217387736, 0.0924812406301, 0.117154076695, 0.0915897488594, 0.0573816634715, 0.0319707877934, 0.0396334119141, 0.0397178456187, 0.0450639203191, 0.0870098024607, 0.139516055584, 0.077961742878, 0.0324842333794, 0.0226914789528, 0.0279508698732, 0.0368430539966, 0.0368167646229, 0.028741331771, 0.0274460259825, 0.0296984240413, 0.0263880677521, 0.0254094880074]
    },
    "chords_histogram": [44.2386817932, 0, 0, 0, 1.54320991039, 0, 0, 0, 1.44032919407, 0, 0, 0, 0, 0, 0, 3.08641982079, 0.102880656719, 18.41563797, 0, 0, 0, 0, 18.8271598816, 12.3456792831],
    "thpcp": [1, 0.665837645531, 0.294763743877, 0.230986207724, 0.229939073324, 0.23719149828, 0.246308848262, 0.222743928432, 0.205505117774, 0.223495930433, 0.224607288837, 0.229555621743, 0.261573404074, 0.253058761358, 0.236038222909, 0.231459751725, 0.252732098103, 0.263162046671, 0.209383666515, 0.210930660367, 0.447046220303, 0.736237227917, 0.540962934494, 0.202811837196, 0.170164719224, 0.237151920795, 0.366967260838, 0.537720322609, 0.633034944534, 0.54584813118, 0.358020812273, 0.232115909457, 0.219473108649, 0.248704135418, 0.33298894763, 0.720501303673],
    "chords_key": "F",
    "chords_scale": "major",
    "key_key": "F",
    "key_scale": "major"
}
}