{
"lowlevel": {
    "average_loudness": 0.967678189278,
    "barkbands_crest": {
        "mean": 6.74475812912,
        "var": 8.28712177277
    },
    "barkbands_flatness_db": {
        "mean": 0.0721067041159,
        "var": 0.000884518434759
    },
    "barkbands_kurtosis": {
        "mean": 1.75052773952,
        "var": 9.59935474396
    },
    "barkbands_skewness": {
        "mean": 1.22410309315,
        "var": 0.586062729359
    },
    "barkbands_spread": {
        "mean": 29.3705425262,
        "var": 153.704467773
    },
    "dissonance": {
        "mean": 0.474354326725,
        "var": 0.000541490269825
    },
    "dynamic_complexity": 1.43102109432,
    "erbbands_crest": {
        "mean": 5.38239240646,
        "var": 3.33334088326
    },
    "erbbands_flatness_db": {
        "mean": 0.110914282501,
        "var": 0.000478485628264
    },
    "erbbands_kurtosis": {
        "mean": -0.152685135603,
        "var": 0.263315707445
    },
    "erbbands_skewness": {
        "mean": 0.371218830347,
        "var": 0.152106374502
    },
    "erbbands_spread": {
        "mean": 42.5920181274,
        "var": 117.061050415
    },
    "hfc": {
        "mean": 35.7280502319,
        "var": 377.089691162
    },
    "melbands_crest": {
        "mean": 10.8686408997,
        "var": 21.2365455627
    },
    "melbands_flatness_db": {
        "mean": 0.131762936711,
        "var": 0.00183815858327
    },
    "melbands_kurtosis": {
        "mean": 7.02215480804,
        "var": 45.0758171082
    },
    "melbands_skewness": {
        "mean": 2.11132001877,
        "var": 0.777575135231
    },
    "melbands_spread": {
        "mean": 30.9483909607,
        "var": 371.539855957
    },
    "pitch_salience": {
        "mean": 0.679594516754,
        "var": 0.00827481877059
    },
    "silence_rate_20dB": {
        "mean": 1,
        "var": 0
    },
    "silence_rate_30dB": {
        "mean": 1,
        "var": 0
    },
    "silence_rate_60dB": {
        "mean": 0.0200720541179,
        "var": 0.0196695905179
    },
    "spectral_centroid": {
        "mean": 1546.52941895,
        "var": 529450.875
    },
    "spectral_complexity": {
        "mean": 31.9161090851,
        "var": 165.199523926
    },
    "spectral_decrease": {
        "mean": -7.15481229818e-009,
        "var": 7.48230028116e-018
    },
    "spectral_energy": {
        "mean": 0.0302445348352,
        "var": 0.000120513810543
    },
    "spectral_energyband_high": {
        "mean": 0.00206858688034,
        "var": 2.72726833828e-006
    },
    "spectral_energyband_low": {
        "mean": 0.00498921005055,
        "var": 2.63788679149e-005
    },
    "spectral_energyband_middle_high": {
        "mean": 0.00788652710617,
        "var": 1.90300033864e-005
    },
    "spectral_energyband_middle_low": {
        "mean": 0.0166776813567,
        "var": 6.41390724923e-005
    },
    "spectral_entropy": {
        "mean": 7.907538414,
        "var": 0.093434818089
    },
    "spectral_flux": {
        "mean": 0.0792684182525,
        "var": 0.00137879117392
    },
    "spectral_kurtosis": {
        "mean": 3.53867697716,
        "var": 1.13231742382
    },
    "spectral_rms": {
        "mean": 0.00529966084287,
        "var": 1.42041562867e-006
    },
    "spectral_rolloff": {
        "mean": 2251.54858398,
        "var": 3997702.75
    },
    "spectral_skewness": {
        "mean": 1.54396057129,
        "var": 0.0387528762221
    },
    "spectral_spread": {
        "mean": 5688462,
        "var": 3.07285694874e+012
    },
    "spectral_strongpeak": {
        "mean": 0.755110621452,
        "var": 0.349281072617
    },
    "zerocrossingrate": {
        "mean": 0.0787834152579,
        "var": 0.00253964681178
    },
    "barkbands": {
        "mean": [0.000394893577322, 0.00220074877143, 0.00123079447076, 0.00272116903216, 0.00464524654672, 0.00317692314275, 0.00225723814219, 0.00194903113879, 0.00151949480642, 0.00126565259416, 0.000846564827953, 0.00107397593092, 0.00100498169195, 0.000804790994152, 0.000778567511588, 0.000642710772809, 0.000498315086588, 0.000483075244119, 0.000445244659204, 0.000512810074724, 0.000417922419729, 0.000309198250761, 0.000222174654482, 0.000228039687499, 0.00029316949076, 0.000286664959276, 3.51851231244e-005],
        "var": [5.14377518357e-007, 1.16713717944e-005, 2.0562354166e-006, 1.26513223222e-005, 1.23560530483e-005, 6.68910661261e-006, 6.28090629107e-006, 4.6235818445e-006, 2.53006669482e-006, 1.55479881414e-006, 5.57456303341e-007, 1.06963273083e-006, 7.9678380871e-007, 3.99195329237e-007, 4.68671572662e-007, 3.58956725677e-007, 2.77443206187e-007, 2.5648199653e-007, 1.47041475884e-007, 3.20859612657e-007, 1.34913662464e-007, 5.48671685863e-008, 4.27803499292e-008, 8.13985465697e-008, 8.2192180173e-008, 9.24452692175e-008, 4.4847570102e-009]
    },
    "erbbands": {
        "mean": [0.0802136659622, 0.432953864336, 1.17942547798, 5.80601787567, 12.4020681381, 15.5746011734, 20.563533783, 28.2428703308, 31.6816387177, 35.4113311768, 41.1613502502, 39.0434112549, 35.7281990051, 41.3766174316, 38.6580543518, 43.8020629883, 43.8846511841, 44.1902809143, 43.4292297363, 36.5866508484, 35.6996459961, 26.9434223175, 26.5057563782, 25.4402866364, 21.7852478027, 23.9889945984, 19.1527061462, 15.1152734756, 11.3480167389, 8.89449977875, 5.82382106781, 4.43607854843, 4.05020618439, 3.10299825668, 2.2576174736, 1.34907960892, 0.489791542292, 0.105534091592, 0.00390693219379, 0.000120626500575],
        "var": [0.01569442451, 0.509443819523, 1.66579985619, 50.5754432678, 154.703048706, 215.170394897, 462.716430664, 716.821533203, 993.015869141, 1169.0513916, 2103.26464844, 1850.81628418, 1212.81396484, 1437.49389648, 1047.86828613, 1542.671875, 1422.67724609, 1237.58996582, 1357.44067383, 1014.03796387, 1204.34265137, 841.661376953, 694.567504883, 592.408508301, 365.447052002, 731.380004883, 333.485290527, 177.146011353, 85.0221481323, 42.1050033569, 36.2919578552, 25.8699092865, 27.8152599335, 10.0050868988, 4.89824295044, 1.91198575497, 0.327586948872, 0.0265053473413, 4.88645819132e-005, 1.56875614721e-008]
    },
    "gfcc": {
        "mean": [64.9499740601, 53.0779304504, -109.644615173, 13.3047819138, -63.3730735779, 10.3766679764, -44.0878295898, 8.19263362885, -32.8640289307, 11.5820198059, -23.8266334534, 5.91277933121, -15.6555557251],
        "cov": [[6708.57666016, 222.82611084, -342.140075684, -102.718887329, -176.584594727, -138.454040527, -162.636611938, -44.7997589111, -216.624664307, 57.1916503906, -201.344573975, 19.2916316986, -125.725326538], [222.82611084, 887.842468262, 169.183990479, 160.382659912, 59.4763832092, 57.5156555176, 29.4922523499, -10.4142093658, 15.4845552444, -46.6952095032, 7.17472267151, -55.1992073059, -9.04839038849], [-342.140075684, 169.183990479, 380.556793213, 87.6983947754, 67.6503753662, 72.8984375, 36.1825408936, -7.99044656754, 51.1786880493, -65.5137405396, 36.8407478333, -34.1330337524, 13.7845039368], [-102.718887329, 160.382659912, 87.6983947754, 208.667770386, 114.682106018, 61.653377533, 50.3988723755, 55.0107688904, -0.939924001694, 16.03125, -23.0645141602, -7.49707603455, 2.59336090088], [-176.584594727, 59.4763832092, 67.6503753662, 114.682106018, 120.542907715, 55.500289917, 63.3954772949, 37.9608345032, 13.3211593628, 23.6725215912, -5.95242071152, 6.72029972076, 2.08290863037], [-138.454040527, 57.5156555176, 72.8984375, 61.653377533, 55.500289917, 98.0788040161, 58.0691413879, 29.0888729095, 31.3246650696, 8.82827854156, 32.4099159241, 2.80816268921, 16.5849266052], [-162.636611938, 29.4922523499, 36.1825408936, 50.3988723755, 63.3954772949, 58.0691413879, 79.4713973999, 46.9677200317, 29.128068924, 25.595998764, 18.146987915, 11.3559083939, 10.7263708115], [-44.7997589111, -10.4142093658, -7.99044656754, 55.0107688904, 37.9608345032, 29.0888729095, 46.9677200317, 73.6026229858, 39.7875442505, 36.7752227783, 4.85864639282, 14.6237621307, 6.67885684967], [-216.624664307, 15.4845552444, 51.1786880493, -0.939924001694, 13.3211593628, 31.3246650696, 29.128068924, 39.7875442505, 90.1363372803, 25.7597026825, 42.8789978027, 14.7878503799, 15.8174123764], [57.1916503906, -46.6952095032, -65.5137405396, 16.03125, 23.6725215912, 8.82827854156, 25.595998764, 36.7752227783, 25.7597026825, 69.9871902466, 13.6981573105, 29.6429176331, 11.0152339935], [-201.344573975, 7.17472267151, 36.8407478333, -23.0645141602, -5.95242071152, 32.4099159241, 18.146987915, 4.85864639282, 42.8789978027, 13.6981573105, 64.2312393188, 20.2439651489, 22.3762321472], [19.2916316986, -55.1992073059, -34.1330337524, -7.49707603455, 6.72029972076, 2.80816268921, 11.3559083939, 14.6237621307, 14.7878503799, 29.6429176331, 20.2439651489, 54.9284133911, 29.8487129211], [-125.725326538, -9.04839038849, 13.7845039368, 2.59336090088, 2.08290863037, 16.5849266052, 10.7263708115, 6.67885684967, 15.8174123764, 11.0152339935, 22.3762321472, 29.8487129211, 54.7341194153]],
        "icov": [[0.000255746621406, -0.000261546374531, -0.000395054201363, 0.000613535987213, 0.000602735264692, -0.000906143337488, 0.00078958272934, -0.00069086329313, 0.000908975140192, -0.001183278393, 0.00131579150911, -0.00105026911478, 0.000806126743555], [-0.000261546374531, 0.00196900079027, 0.00078514876077, -0.00350064365193, 0.000748051679693, 0.00172718195245, -0.0029397639446, 0.00372828519903, -0.00275592436083, 0.00232805078849, -0.00208357092924, 0.00217345939018, -0.000743358861655], [-0.000395054201363, 0.00078514876077, 0.00766461249441, -0.00482506072149, -0.00367619562894, 0.00264199823141, -0.00354910641909, 0.00601928401738, -0.00776302162558, 0.010699544102, -0.00606645923108, 0.00477560330182, -0.00321307801642], [0.000613535987213, -0.00350064365193, -0.00482506072149, 0.0239338688552, -0.0150440717116, -0.00972107518464, 0.017967408523, -0.0226060617715, 0.0141209987924, -0.00734427850693, 0.00655918521807, -0.000284868379822, -0.00146171299275], [0.000602735264692, 0.000748051679693, -0.00367619562894, -0.0150440717116, 0.0371997989714, -0.00358517561108, -0.0220685787499, 0.0154859041795, -0.0043766759336, -0.0100230686367, 0.0143662421033, -0.0111981825903, 0.00876827538013], [-0.000906143337488, 0.00172718195245, 0.00264199823141, -0.00972107518464, -0.00358517561108, 0.0309618096799, -0.0187858324498, 0.00708372052759, -0.00596188288182, 0.00963300466537, -0.0181056391448, 0.00991552881896, -0.00665001058951], [0.00078958272934, -0.0029397639446, -0.00354910641909, 0.017967408523, -0.0220685787499, -0.0187858324498, 0.0542603693902, -0.033908650279, 0.0150694083422, -0.00692368252203, -0.00229178834707, -0.000930064823478, -0.000110908244096], [-0.00069086329313, 0.00372828519903, 0.00601928401738, -0.0226060617715, 0.0154859041795, 0.00708372052759, -0.033908650279, 0.0578256621957, -0.0290969572961, -0.00071624328848, 0.00852871406823, -0.00169749325141, 0.00142969668377], [0.000908975140192, -0.00275592436083, -0.00776302162558, 0.0141209987924, -0.0043766759336, -0.00596188288182, 0.0150694083422, -0.0290969572961, 0.036674246192, -0.0125735476613, -0.00876049604267, -0.00130450737197, 0.00171364145353], [-0.001183278393, 0.00232805078849, 0.010699544102, -0.00734427850693, -0.0100230686367, 0.00963300466537, -0.00692368252203, -0.00071624328848, -0.0125735476613, 0.0422136820853, -0.0155348451808, -0.000831932760775, -0.00383032672107], [0.00131579150911, -0.00208357092924, -0.00606645923108, 0.00655918521807, 0.0143662421033, -0.0181056391448, -0.00229178834707, 0.00852871406823, -0.00876049604267, -0.0155348451808, 0.0498063080013, -0.0172848217189, 0.00296535878442], [-0.00105026911478, 0.00217345939018, 0.00477560330182, -0.000284868379822, -0.0111981825903, 0.00991552881896, -0.000930064823478, -0.00169749325141, -0.00130450737197, -0.000831932760775, -0.0172848217189, 0.044312607497, -0.021986046806], [0.000806126743555, -0.000743358861655, -0.00321307801642, -0.00146171299275, 0.00876827538013, -0.00665001058951, -0.000110908244096, 0.00142969668377, 0.00171364145353, -0.00383032672107, 0.00296535878442, -0.021986046806, 0.0334592275321]]
    },
    "melbands": {
        "mean": [0.000680306286085, 0.000605605018791, 0.00120146642439, 0.0010410360992, 0.000715514877811, 0.000608120462857, 0.000492162303999, 0.000394114962546, 0.000316753663355, 0.000238126711338, 0.000175071283593, 0.000167821068317, 0.000118712552649, 0.000132264089189, 9.58652381087e-005, 9.70959372353e-005, 8.02369831945e-005, 6.98589792592e-005, 5.42887610209e-005, 4.72692299809e-005, 3.9705515519e-005, 2.86546219286e-005, 2.33223345276e-005, 2.39784785663e-005, 2.02742103284e-005, 1.58094317158e-005, 1.6374668121e-005, 1.59786959557e-005, 1.25545584524e-005, 9.92963032331e-006, 8.24005564937e-006, 6.52446760796e-006, 5.64884385312e-006, 4.60185083284e-006, 3.38146242029e-006, 2.89189438263e-006, 2.61566560766e-006, 2.88308228846e-006, 2.64703453468e-006, 2.57064380094e-006],
        "var": [1.06916672848e-006, 4.86321198423e-007, 1.82206838417e-006, 8.24851497327e-007, 4.32807297557e-007, 2.93651510219e-007, 2.4916553798e-007, 1.41700084555e-007, 1.18038045116e-007, 7.33228588956e-008, 3.05635836639e-008, 2.69599595981e-008, 9.55102752442e-009, 1.52200563264e-008, 6.65814958722e-009, 8.67524185821e-009, 4.47021930583e-009, 3.66226782234e-009, 2.10777639786e-009, 1.82785186986e-009, 1.74383907314e-009, 1.00114216917e-009, 5.92730808879e-010, 6.38903097094e-010, 3.96252086698e-010, 1.94003368925e-010, 2.48921799839e-010, 3.93935689624e-010, 1.61636509732e-010, 8.09812217284e-011, 5.66145880176e-011, 3.19443360652e-011, 1.95154985921e-011, 1.25371891688e-011, 1.38251927267e-011, 9.22464188369e-012, 1.04610252752e-011, 1.57691758956e-011, 1.05649681711e-011, 6.66261533791e-012]
    },
    "mfcc": {
        "mean": [-583.675048828, 99.7032852173, -0.682508528233, 8.40487957001, -3.58210754395, 1.36359655857, -3.17386555672, -6.31743049622, -2.9430243969, -2.55695080757, -1.078997612, -4.46279096603, -0.763386368752],
        "cov": [[4318.61425781, 339.832672119, -233.807296753, 46.8731765747, -137.733001709, -53.5156898499, -55.9327812195, -110.156318665, -9.98691749573, -126.426040649, -14.6528835297, -72.1795425415, -13.511885643], [339.832672119, 625.978820801, 158.690093994, 87.5095367432, 48.0935783386, 55.5110282898, 30.7763175964, 34.2458381653, -6.52425527573, 27.40184021, 0.779435873032, -16.0654983521, -33.0963020325], [-233.807296753, 158.690093994, 348.652770996, -8.70962619781, 97.472984314, 30.6020431519, 30.5672512054, 48.6939659119, -13.9959249496, 57.9763412476, -57.4449195862, 24.7103385925, -41.2631225586], [46.8731765747, 87.5095367432, -8.70962619781, 186.541824341, 55.5131950378, 45.1289176941, 49.2669258118, 27.6957702637, 62.4677772522, -3.70257687569, 23.8623714447, -7.00301361084, 19.0416526794], [-137.733001709, 48.0935783386, 97.472984314, 55.5131950378, 82.958114624, 44.1075325012, 29.7517490387, 31.7192745209, 25.6891899109, 19.4952964783, -3.27924180031, 22.4442329407, 2.28849720955], [-53.5156898499, 55.5110282898, 30.6020431519, 45.1289176941, 44.1075325012, 76.4731674194, 56.8880653381, 28.0834178925, 29.487361908, 15.8729143143, 9.44233989716, 13.8572912216, 12.6311311722], [-55.9327812195, 30.7763175964, 30.5672512054, 49.2669258118, 29.7517490387, 56.8880653381, 89.3396682739, 38.8677520752, 29.1185512543, 26.025062561, 8.57361316681, -6.886906147, 6.14558744431], [-110.156318665, 34.2458381653, 48.6939659119, 27.6957702637, 31.7192745209, 28.0834178925, 38.8677520752, 65.1343078613, 35.5444412231, 26.9936256409, 16.3894939423, 11.6693954468, 2.61583137512], [-9.98691749573, -6.52425527573, -13.9959249496, 62.4677772522, 25.6891899109, 29.487361908, 29.1185512543, 35.5444412231, 83.4630813599, 21.1667671204, 19.5629329681, 18.5862083435, 35.676361084], [-126.426040649, 27.40184021, 57.9763412476, -3.70257687569, 19.4952964783, 15.8729143143, 26.025062561, 26.9936256409, 21.1667671204, 80.4794921875, 13.6747484207, 0.430698603392, 0.915605485439], [-14.6528835297, 0.779435873032, -57.4449195862, 23.8623714447, -3.27924180031, 9.44233989716, 8.57361316681, 16.3894939423, 19.5629329681, 13.6747484207, 87.2231521606, 21.0869522095, 1.52381265163], [-72.1795425415, -16.0654983521, 24.7103385925, -7.00301361084, 22.4442329407, 13.8572912216, -6.886906147, 11.6693954468, 18.5862083435, 0.430698603392, 21.0869522095, 89.1471328735, 30.2050113678], [-13.511885643, -33.0963020325, -41.2631225586, 19.0416526794, 2.28849720955, 12.6311311722, 6.14558744431, 2.61583137512, 35.676361084, 0.915605485439, 1.52381265163, 30.2050113678, 75.791015625]],
        "icov": [[0.000290776748443, -0.000258566025877, 0.000105173101474, 2.17897031689e-005, 0.000352675415343, 0.000157451824634, -0.000178104979568, 0.0004942851956, -0.000479390932014, 0.000354729039827, 8.71030497365e-005, -1.22355313579e-005, 0.000175705528818], [-0.000258566025877, 0.00261982134543, -0.00178413710091, -0.00208786851726, 0.0023906705901, -0.0033732985612, 0.00238110916689, -0.00143112451769, 0.00192201638129, -0.00070657080505, -0.000668380584102, 0.000704047561157, -0.000165890538483], [0.000105173101474, -0.00178413710091, 0.00975343771279, 0.00193988310639, -0.0101438416168, 0.00446947058663, -0.00267314049415, -0.00294114998542, 0.00234861392528, -0.00458210613579, 0.00705675780773, -0.00441446341574, 0.00450929254293], [2.17897031689e-005, -0.00208786851726, 0.00193988310639, 0.0135422162712, -0.0117582697421, 0.00477716280147, -0.00627444218844, 0.00393510051072, -0.00864786468446, 0.00542950443923, -0.00342045468278, 0.00429675215855, -0.000960677629337], [0.000352675415343, 0.0023906705901, -0.0101438416168, -0.0117582697421, 0.0408020801842, -0.0189619660378, 0.00966385751963, -0.00491232983768, 0.000717385904863, -0.00149679672904, 0.00119029812049, -0.00414874823764, 0.00116226600949], [0.000157451824634, -0.0033732985612, 0.00446947058663, 0.00477716280147, -0.0189619660378, 0.0397582016885, -0.0235598515719, 0.00515196379274, -0.00451501552016, 0.00231783604249, -0.000359465950169, -0.00393858877942, -0.000858560728375], [-0.000178104979568, 0.00238110916689, -0.00267314049415, -0.00627444218844, 0.00966385751963, -0.0235598515719, 0.0320887938142, -0.0119179282337, 0.00417349208146, -0.00471114646643, 0.000438801362179, 0.00534994108602, -0.00147549773101], [0.0004942851956, -0.00143112451769, -0.00294114998542, 0.00393510051072, -0.00491232983768, 0.00515196379274, -0.0119179282337, 0.0332429595292, -0.0137897562236, 0.00102331233211, -0.00579278124496, -0.000234170045587, 0.00267056655139], [-0.000479390932014, 0.00192201638129, 0.00234861392528, -0.00864786468446, 0.000717385904863, -0.00451501552016, 0.00417349208146, -0.0137897562236, 0.0303244907409, -0.00766304321587, 0.00169922201894, -0.00267406506464, -0.00807673856616], [0.000354729039827, -0.00070657080505, -0.00458210613579, 0.00542950443923, -0.00149679672904, 0.00231783604249, -0.00471114646643, 0.00102331233211, -0.00766304321587, 0.0211286917329, -0.00736415712163, 0.00556717161089, -0.00281718140468], [8.71030497365e-005, -0.000668380584102, 0.00705675780773, -0.00342045468278, 0.00119029812049, -0.000359465950169, 0.000438801362179, -0.00579278124496, 0.00169922201894, -0.00736415712163, 0.021142968908, -0.00950823351741, 0.00726659595966], [-1.22355313579e-005, 0.000704047561157, -0.00441446341574, 0.00429675215855, -0.00414874823764, -0.00393858877942, 0.00534994108602, -0.000234170045587, -0.00267406506464, 0.00556717161089, -0.00950823351741, 0.0211146473885, -0.00985386408865], [0.000175705528818, -0.000165890538483, 0.00450929254293, -0.000960677629337, 0.00116226600949, -0.000858560728375, -0.00147549773101, 0.00267056655139, -0.00807673856616, -0.00281718140468, 0.00726659595966, -0.00985386408865, 0.023601770401]]
    },
    "spectral_contrast_coeffs": {
        "mean": [-0.599918782711, -0.729052305222, -0.777480900288, -0.777036726475, -0.784170806408, -0.728652715683],
        "var": [0.010620306246, 0.00789915118366, 0.00515548046678, 0.0030637185555, 0.00197143689729, 0.00297924363986]
    },
    "spectral_contrast_valleys": {
        "mean": [-7.41783905029, -6.23202943802, -6.63780450821, -7.03088998795, -7.07401037216, -9.59997940063],
        "var": [1.7247273922, 1.55434632301, 1.43940007687, 1.34720718861, 1.39641392231, 1.13167560101]
    }
},
"metadata": {
    "audio_properties": {
        "analysis_sample_rate": 44100,
        "bit_rate": 115354,
        "equal_loudness": 0,
        "length": 45.0873451233,
        "lossless": 0,
        "replay_gain": -15.5606899261,
        "sample_rate": 44100,
        "codec": "mp3",
        "downmix": "mix",
        "md5_encoded": "b9a57885731bd2ed2468facc0342ff29"
    },
    "tags": {
        "file_name": "790.mp3"
    },
    "version": {
        "essentia": "2.1-beta2",
        "essentia_git_sha": "v2.1_beta2",
        "extractor": "music 1.0"
    }
},
"rhythm": {
    "beats_count": 73,
    "beats_loudness": {
        "mean": 0.0375679843128,
        "var": 9.67633168329e-005
    },
    "bpm": 97.4022369385,
    "bpm_histogram_first_peak_bpm": {
        "mean": 98,
        "var": 0
    },
    "bpm_histogram_first_peak_spread": {
        "mean": 0.338028162718,
        "var": 0
    },
    "bpm_histogram_first_peak_weight": {
        "mean": 0.652777791023,
        "var": 0
    },
    "bpm_histogram_second_peak_bpm": {
        "mean": 92,
        "var": 0
    },
    "bpm_histogram_second_peak_spread": {
        "mean": 0,
        "var": 0
    },
    "bpm_histogram_second_peak_weight": {
        "mean": 0.0138888889924,
        "var": 0
    },
    "danceability": 0.983715713024,
    "onset_rate": 3.76900339127,
    "beats_loudness_band_ratio": {
        "mean": [0.265709489584, 0.216660767794, 0.20233514905, 0.134203463793, 0.111843377352, 0.112916655838],
        "var": [0.0248263552785, 0.0105772381648, 0.0059488620609, 0.00302301906049, 0.00450130086392, 0.00389953586273]
    },
    "beats_position": [0.650158703327, 1.27709746361, 1.90403628349, 2.51936507225, 3.13469386101, 3.76163268089, 4.3653512001, 4.99229001999, 5.59600877762, 6.2229475975, 6.83827638626, 7.45360517502, 8.06893444061, 8.68426322937, 9.29959201813, 9.91492080688, 10.5186395645, 11.1455783844, 11.7725172043, 12.387845993, 13.0031747818, 13.6185035706, 14.2338323593, 14.8375511169, 15.4412698746, 16.0798187256, 16.6951465607, 17.3104763031, 17.9258041382, 18.5527439117, 19.1680717468, 19.7834014893, 20.3987293243, 21.0140590668, 21.6177768707, 22.2447166443, 22.8484344482, 23.4753742218, 24.102312088, 24.7292518616, 25.3329696655, 25.9366893768, 26.5404071808, 27.1673469543, 27.7942848206, 28.409614563, 29.0249423981, 29.6518821716, 30.2555999756, 30.870929718, 31.4862575531, 32.1131973267, 32.7401351929, 33.3902931213, 34.0056228638, 34.63256073, 35.2594985962, 35.8748283386, 36.4785499573, 37.0822677612, 37.6743774414, 38.2897033691, 38.8934249878, 39.5087509155, 40.1124725342, 40.7394104004, 41.3547401428, 41.981678009, 42.5970077515, 43.2123336792, 43.8160552979, 44.4429931641, 45.046710968]
},
"tonal": {
    "chords_changes_rate": 0.0802469104528,
    "chords_number_rate": 0.0123456791043,
    "chords_strength": {
        "mean": 0.461432993412,
        "var": 0.00799112208188
    },
    "hpcp_entropy": {
        "mean": 1.91452109814,
        "var": 0.930947482586
    },
    "key_strength": 0.685867726803,
    "tuning_diatonic_strength": 0.380139559507,
    "tuning_equal_tempered_deviation": 0.0800245180726,
    "tuning_frequency": 439.238189697,
    "tuning_nontempered_energy_ratio": 0.673198461533,
    "hpcp": {
        "mean": [0.360836684704, 0.245955139399, 0.123769715428, 0.140806019306, 0.13858743012, 0.121396578848, 0.114825971425, 0.118830703199, 0.198120415211, 0.256576031446, 0.181038543582, 0.16149353981, 0.187413722277, 0.145124599338, 0.232629343867, 0.361555784941, 0.25128442049, 0.113603688776, 0.0811262354255, 0.0665613040328, 0.147099241614, 0.225713998079, 0.17666746676, 0.248596668243, 0.313984334469, 0.176883280277, 0.164040669799, 0.20663446188, 0.126592546701, 0.119048736989, 0.17202731967, 0.144170925021, 0.1074250862, 0.0974409505725, 0.0959186181426, 0.222996383905],
        "var": [0.131187170744, 0.0568190328777, 0.0272128358483, 0.0507600717247, 0.0317812673748, 0.0210644863546, 0.0330323018134, 0.0265910085291, 0.0453999266028, 0.097041413188, 0.0464106276631, 0.0528503358364, 0.0665670484304, 0.03800104931, 0.0559650138021, 0.144234389067, 0.0703183412552, 0.0275949314237, 0.0179223306477, 0.0139689175412, 0.0328448526561, 0.096043266356, 0.0454233326018, 0.0747376605868, 0.12225420773, 0.0395570322871, 0.0346447825432, 0.0852524340153, 0.029880553484, 0.0276059508324, 0.0813401043415, 0.0370207279921, 0.0232844594866, 0.0207401439548, 0.0198363382369, 0.0463255867362]
    },
    "chords_histogram": [38.3744850159, 23.7654323578, 3.18930029869, 2.57201647758, 0.411522626877, 0, 0.411522626877, 1.54320991039, 3.39506173134, 2.46913576126, 3.29218101501, 3.60082316399, 0, 0, 0, 7.81893014908, 0, 0, 0, 0, 0, 0, 2.26337456703, 6.89300394058],
    "thpcp": [1, 0.695008695126, 0.314207911491, 0.224380970001, 0.18409691751, 0.406850755215, 0.624285399914, 0.488631278276, 0.687574863434, 0.868425667286, 0.489228188992, 0.453707784414, 0.571514725685, 0.35013282299, 0.329267948866, 0.475797444582, 0.398751527071, 0.297118991613, 0.269504606724, 0.265294104815, 0.616768956184, 0.998011112213, 0.6802688241, 0.342325359583, 0.389444798231, 0.383308559656, 0.3357616961, 0.317588537931, 0.328664928675, 0.547966361046, 0.709644377232, 0.500720918179, 0.446662843227, 0.518353521824, 0.401389241219, 0.643412053585],
    "chords_key": "D",
    "chords_scale": "minor",
    "key_key": "D",
    "key_scale": "minor"
}
}