{
"lowlevel": {
    "average_loudness": 0.536435306072,
    "barkbands_crest": {
        "mean": 13.0764083862,
        "var": 16.6935386658
    },
    "barkbands_flatness_db": {
        "mean": 0.33120033145,
        "var": 0.00174970831722
    },
    "barkbands_kurtosis": {
        "mean": 6.84788608551,
        "var": 45.0105781555
    },
    "barkbands_skewness": {
        "mean": 1.82782411575,
        "var": 0.945054829121
    },
    "barkbands_spread": {
        "mean": 5.11121749878,
        "var": 9.94327163696
    },
    "dissonance": {
        "mean": 0.417328566313,
        "var": 0.00238441606052
    },
    "dynamic_complexity": 3.97911643982,
    "erbbands_crest": {
        "mean": 13.0551042557,
        "var": 23.9070034027
    },
    "erbbands_flatness_db": {
        "mean": 0.351918339729,
        "var": 0.00109077105299
    },
    "erbbands_kurtosis": {
        "mean": 1.73077476025,
        "var": 9.79163360596
    },
    "erbbands_skewness": {
        "mean": 1.1082829237,
        "var": 0.569375813007
    },
    "erbbands_spread": {
        "mean": 14.7353534698,
        "var": 33.7810287476
    },
    "hfc": {
        "mean": 8.49539852142,
        "var": 128.052108765
    },
    "melbands_crest": {
        "mean": 15.6364803314,
        "var": 30.0593147278
    },
    "melbands_flatness_db": {
        "mean": 0.426628619432,
        "var": 0.00222475454211
    },
    "melbands_kurtosis": {
        "mean": 8.67288970947,
        "var": 64.0933151245
    },
    "melbands_skewness": {
        "mean": 1.93681132793,
        "var": 1.02127480507
    },
    "melbands_spread": {
        "mean": 7.16765546799,
        "var": 33.0785102844
    },
    "pitch_salience": {
        "mean": 0.55574965477,
        "var": 0.0139375384897
    },
    "silence_rate_20dB": {
        "mean": 1,
        "var": 0
    },
    "silence_rate_30dB": {
        "mean": 0.988162636757,
        "var": 0.0116970846429
    },
    "silence_rate_60dB": {
        "mean": 0.110653631389,
        "var": 0.0984074547887
    },
    "spectral_centroid": {
        "mean": 475.155303955,
        "var": 124292.25
    },
    "spectral_complexity": {
        "mean": 10.5826044083,
        "var": 24.0835819244
    },
    "spectral_decrease": {
        "mean": -4.68852690005e-009,
        "var": 2.56323187885e-017
    },
    "spectral_energy": {
        "mean": 0.018466161564,
        "var": 0.000403015757911
    },
    "spectral_energyband_high": {
        "mean": 2.8967574508e-006,
        "var": 9.17260434274e-011
    },
    "spectral_energyband_low": {
        "mean": 0.00122260081116,
        "var": 5.8103551055e-006
    },
    "spectral_energyband_middle_high": {
        "mean": 0.0020684285555,
        "var": 2.62912781182e-005
    },
    "spectral_energyband_middle_low": {
        "mean": 0.0156043646857,
        "var": 0.000275764468824
    },
    "spectral_entropy": {
        "mean": 6.02086687088,
        "var": 0.188901156187
    },
    "spectral_flux": {
        "mean": 0.0402245111763,
        "var": 0.00083925499348
    },
    "spectral_kurtosis": {
        "mean": 54.0264587402,
        "var": 1039.83227539
    },
    "spectral_rms": {
        "mean": 0.00377353769727,
        "var": 3.77619539904e-006
    },
    "spectral_rolloff": {
        "mean": 591.661987305,
        "var": 489473.40625
    },
    "spectral_skewness": {
        "mean": 4.65078020096,
        "var": 3.26946353912
    },
    "spectral_spread": {
        "mean": 1181131.125,
        "var": 1.83092156826e+012
    },
    "spectral_strongpeak": {
        "mean": 1.08021593094,
        "var": 1.15908133984
    },
    "zerocrossingrate": {
        "mean": 0.022941429168,
        "var": 0.000275497906841
    },
    "barkbands": {
        "mean": [4.63801416117e-006, 0.000308961520204, 0.000510320824105, 0.00082127051428, 0.00445168279111, 0.00424789031968, 0.00395609345287, 0.000854233745486, 0.00117306306493, 0.00058436364634, 0.000345335196471, 0.000392999732867, 0.000221204347326, 0.000302690023091, 0.000145128447912, 7.044247468e-005, 4.27935410698e-005, 1.92706320377e-005, 8.97365953278e-006, 3.30772832058e-006, 1.03107834093e-006, 4.40760544507e-007, 2.99845623886e-008, 2.3610895461e-009, 1.38106037717e-009, 1.66120783796e-009, 1.23599830371e-009],
        "var": [5.73418090788e-010, 8.7394636239e-007, 1.24682310343e-006, 1.84819282367e-006, 4.36721493315e-005, 3.64870211342e-005, 7.23390330677e-005, 3.94996686737e-006, 2.94536785077e-005, 1.07824880615e-005, 6.24177914688e-007, 3.02083617498e-006, 7.29113367015e-007, 7.77396223839e-007, 2.25190973424e-007, 2.55335219634e-008, 1.08405995292e-008, 2.99742852761e-009, 7.11081471483e-010, 1.42872699782e-010, 7.6682375727e-012, 3.31312082803e-012, 2.67314314672e-014, 1.25051695933e-016, 2.4154472943e-017, 3.43251830069e-017, 2.9288054259e-018]
    },
    "erbbands": {
        "mean": [0.0037156122271, 0.0919137597084, 0.495353400707, 1.93118822575, 6.54956865311, 12.5896644592, 35.4768638611, 34.3852767944, 59.7140197754, 31.9832668304, 21.1537418365, 21.8287315369, 26.3975143433, 17.0397911072, 13.3080434799, 12.6300830841, 10.951338768, 14.1826438904, 8.90091609955, 7.40563631058, 3.83231139183, 2.60511016846, 1.28960037231, 0.619084596634, 0.328109323978, 0.139383792877, 0.0701408460736, 0.0329654328525, 0.0165093895048, 0.00473057059571, 0.000761998875532, 0.00011733838619, 3.96920913772e-005, 2.70471118711e-005, 2.11635469896e-005, 1.60999734362e-005, 8.65416041052e-006, 2.09816857932e-006, 8.98775397218e-006, 2.07748653338e-005],
        "var": [8.74432444107e-005, 0.0747491493821, 1.41795170307, 9.48278713226, 118.421569824, 317.781768799, 4293.49267578, 1583.97436523, 14540.9853516, 6067.07080078, 1567.79504395, 12921.9912109, 15433.7587891, 3328.16259766, 820.83190918, 3201.88598633, 1828.69189453, 2157.5859375, 375.66104126, 465.459320068, 60.5321464539, 44.064250946, 11.7183990479, 2.67471146584, 1.07082796097, 0.191391438246, 0.0507449507713, 0.0105687296018, 0.00436363043264, 0.000532595964614, 1.60115323524e-005, 2.46662636982e-007, 7.25331217311e-009, 2.78020251265e-009, 1.98408867114e-009, 1.27663168925e-009, 2.62739968671e-010, 1.61060106224e-011, 9.73082656119e-011, 5.18290355078e-010]
    },
    "gfcc": {
        "mean": [-185.446350098, 241.918930054, -146.779602051, -30.1494007111, -21.2016677856, -48.9084205627, -26.0009460449, -25.6208209991, -13.2995300293, -8.90966510773, -10.6570234299, -8.33029747009, 0.692532896996],
        "cov": [[6412.95703125, 132.219238281, -1427.78137207, 665.121459961, -41.180431366, -331.667022705, 487.948425293, -316.651672363, 28.1836280823, 28.5159854889, -108.431785583, 105.974365234, 9.79574966431], [132.219238281, 449.20123291, 141.397201538, -34.3014945984, 201.929580688, 67.2244720459, 37.3481559753, 68.9128036499, -12.3833141327, 10.1358661652, 4.62084579468, -53.4649391174, 28.5993824005], [-1427.78137207, 141.397201538, 520.91583252, -145.938613892, 86.9224090576, 140.250915527, -135.017333984, 117.904174805, -3.29078197479, -6.49871063232, 38.3604164124, -42.8608169556, -1.19840943813], [665.121459961, -34.3014945984, -145.938613892, 270.058807373, 33.064250946, 1.61028003693, 102.297668457, -67.5229034424, 6.40650177002, -21.4941234589, -49.1861724854, 17.7032089233, -7.06718206406], [-41.180431366, 201.929580688, 86.9224090576, 33.064250946, 184.192672729, 82.7660140991, 43.1918373108, 42.1554374695, -22.8004608154, 5.48947811127, 8.03722286224, -23.8795719147, 24.9069881439], [-331.667022705, 67.2244720459, 140.250915527, 1.61028003693, 82.7660140991, 188.984924316, 35.4860191345, 55.6180534363, 25.9958362579, 23.2129650116, 30.5329971313, 1.03468501568, -10.1244459152], [487.948425293, 37.3481559753, -135.017333984, 102.297668457, 43.1918373108, 35.4860191345, 155.458587646, 16.0081138611, 23.0921916962, 35.084903717, 7.94675207138, 19.4722366333, -1.04014098644], [-316.651672363, 68.9128036499, 117.904174805, -67.5229034424, 42.1554374695, 55.6180534363, 16.0081138611, 119.493179321, 29.5671730042, 24.9159259796, 52.4037666321, -8.7651309967, -9.27854919434], [28.1836280823, -12.3833141327, -3.29078197479, 6.40650177002, -22.8004608154, 25.9958362579, 23.0921916962, 29.5671730042, 82.3880004883, 46.7138290405, 24.0383625031, 22.7245883942, -19.050699234], [28.5159854889, 10.1358661652, -6.49871063232, -21.4941234589, 5.48947811127, 23.2129650116, 35.084903717, 24.9159259796, 46.7138290405, 82.3279876709, 46.6158218384, 22.6977157593, -9.32315158844], [-108.431785583, 4.62084579468, 38.3604164124, -49.1861724854, 8.03722286224, 30.5329971313, 7.94675207138, 52.4037666321, 24.0383625031, 46.6158218384, 90.9396591187, 31.0833015442, -18.8786907196], [105.974365234, -53.4649391174, -42.8608169556, 17.7032089233, -23.8795719147, 1.03468501568, 19.4722366333, -8.7651309967, 22.7245883942, 22.6977157593, 31.0833015442, 58.3597869873, 2.0469584465], [9.79574966431, 28.5993824005, -1.19840943813, -7.06718206406, 24.9069881439, -10.1244459152, -1.04014098644, -9.27854919434, -19.050699234, -9.32315158844, -18.8786907196, 2.0469584465, 61.9445915222]],
        "icov": [[0.000747997779399, -0.00151305017062, 0.00226180022582, -0.0015170306433, 0.0011477607768, -0.000283030822175, 0.000870126183145, -0.00050426699454, 0.000523841241375, -0.000507626566105, -0.000403339858167, -0.000301120657241, -0.00014599111455], [-0.00151305017062, 0.00899480842054, -0.00606481451541, 0.00585914356634, -0.00959378294647, 0.00301572610624, -0.00538449548185, 0.00360915134661, -0.00507529173046, 0.00325897685252, 0.000145973070175, 0.00373688875698, 0.000288797891699], [0.00226180022582, -0.00606481451541, 0.0137029439211, -0.00638635968789, 0.00416884664446, -0.00573189882562, 0.0120073165745, -0.00886649638414, 0.00477954046801, -0.00453720567748, 0.000917065015528, -0.00175541872159, -0.000636112934444], [-0.0015170306433, 0.00585914356634, -0.00638635968789, 0.0139212040231, -0.00923981424421, 0.00312824896537, -0.0111758392304, 0.00950891710818, -0.00808833632618, 0.00857351068407, 0.00230350880884, -0.0010221026605, 0.00400128774345], [0.0011477607768, -0.00959378294647, 0.00416884664446, -0.00923981424421, 0.0222046393901, -0.00680538546294, 0.00423173187301, -0.0067092962563, 0.0113186314702, -0.00682723149657, -0.00232342001982, 0.00147395010572, -0.00600337283686], [-0.000283030822175, 0.00301572610624, -0.00573189882562, 0.00312824896537, -0.00680538546294, 0.0118657508865, -0.0080277165398, 0.00446156458929, -0.00612333649769, 0.00385300884955, -0.0015373614151, 9.45799911278e-005, 0.00233268784359], [0.000870126183145, -0.00538449548185, 0.0120073165745, -0.0111758392304, 0.00423173187301, -0.0080277165398, 0.0271869339049, -0.0168411340564, 0.00967091601342, -0.0135253351182, 0.00601074332371, -0.00570919178426, -0.00081493484322], [-0.00050426699454, 0.00360915134661, -0.00886649638414, 0.00950891710818, -0.0067092962563, 0.00446156458929, -0.0168411340564, 0.0306208096445, -0.0165309403092, 0.0135706309229, -0.0158793125302, 0.0118788033724, -0.00121603009757], [0.000523841241375, -0.00507529173046, 0.00477954046801, -0.00808833632618, 0.0113186314702, -0.00612333649769, 0.00967091601342, -0.0165309403092, 0.0329869948328, -0.0207078997046, 0.0108928186819, -0.0113496780396, 0.00428753066808], [-0.000507626566105, 0.00325897685252, -0.00453720567748, 0.00857351068407, -0.00682723149657, 0.00385300884955, -0.0135253351182, 0.0135706309229, -0.0207078997046, 0.0337653979659, -0.015333475545, 0.00481321616098, -0.0014723574277], [-0.000403339858167, 0.000145973070175, 0.000917065015528, 0.00230350880884, -0.00232342001982, -0.0015373614151, 0.00601074332371, -0.0158793125302, 0.0108928186819, -0.015333475545, 0.0355971679091, -0.0221069976687, 0.0113038700074], [-0.000301120657241, 0.00373688875698, -0.00175541872159, -0.0010221026605, 0.00147395010572, 9.45799911278e-005, -0.00570919178426, 0.0118788033724, -0.0113496780396, 0.00481321616098, -0.0221069976687, 0.0391426049173, -0.0115190669894], [-0.00014599111455, 0.000288797891699, -0.000636112934444, 0.00400128774345, -0.00600337283686, 0.00233268784359, -0.00081493484322, -0.00121603009757, 0.00428753066808, -0.0014723574277, 0.0113038700074, -0.0115190669894, 0.0239994060248]]
    },
    "melbands": {
        "mean": [6.09382259427e-005, 0.000215615174966, 0.000439295283286, 0.000646172091365, 0.00112865993287, 0.000817777647171, 0.000886708381586, 0.000307544018142, 0.000155933521455, 0.000153869506903, 0.00013444434444, 7.34499772079e-005, 4.30117870565e-005, 4.46915837529e-005, 2.81949014607e-005, 2.83203717117e-005, 2.42737423832e-005, 1.4560127056e-005, 1.3584509361e-005, 5.90287845625e-006, 4.08344976677e-006, 2.77595427178e-006, 1.40183772146e-006, 8.992795415e-007, 4.75294314128e-007, 3.0856293165e-007, 1.56666146722e-007, 7.51649551489e-008, 5.02819688109e-008, 2.4904391438e-008, 1.7932313412e-008, 9.45402245378e-009, 6.71646782635e-009, 1.17632936725e-009, 4.83346807023e-010, 9.20765963475e-011, 3.85426308924e-011, 1.75545966652e-011, 1.35630786116e-011, 1.19793628142e-011],
        "var": [2.95288291596e-008, 2.93959146802e-007, 3.62927920605e-007, 9.07439016373e-007, 4.25074949817e-006, 9.62358285506e-007, 2.99194607578e-006, 5.04575325522e-007, 7.69101973219e-008, 7.07531000899e-007, 4.17894341354e-007, 9.07535664396e-008, 6.19220719145e-009, 3.44338673131e-008, 5.31109876079e-008, 1.13317737416e-008, 6.38465635916e-009, 1.44387468648e-009, 2.68292676964e-009, 2.00108554727e-010, 7.80216169449e-011, 5.29515806202e-011, 1.20160626241e-011, 6.09067570684e-012, 1.85329247608e-012, 1.16830059082e-012, 3.89285365011e-013, 7.41596657672e-014, 4.68303171307e-014, 6.10850049539e-015, 4.30929833036e-015, 1.43953535259e-015, 1.79609122476e-015, 2.83382912699e-017, 9.88444105182e-018, 1.69536767e-019, 4.42543017121e-020, 1.77059625704e-021, 1.71274309152e-021, 1.57094947113e-021]
    },
    "mfcc": {
        "mean": [-795.671508789, 241.087463379, -21.2641448975, -2.58708310127, 8.06647396088, -15.3439331055, -15.5267696381, -15.2632369995, -9.15166378021, -9.15790367126, -8.64687538147, -6.52470064163, -4.25384235382],
        "cov": [[3942.91601563, 863.188049316, -1532.2479248, 693.528198242, -192.608383179, -64.8388214111, 248.235626221, -50.3759040833, 125.416717529, -78.8137130737, 8.92171382904, 14.1690130234, -22.7983055115], [863.188049316, 474.042541504, -205.116836548, 57.9721717834, 89.5123443604, 12.4211750031, 92.1151199341, 43.7919807434, 48.4508666992, 39.8351593018, 5.47251415253, 27.1962795258, 11.9224224091], [-1532.2479248, -205.116836548, 752.216125488, -257.617889404, 123.540458679, 97.8742980957, -84.8768386841, 52.4475708008, -6.46505212784, 53.6726875305, 14.9509019852, 11.838850975, 22.6464328766], [693.528198242, 57.9721717834, -257.617889404, 248.558395386, -34.7157897949, 0.159380659461, 55.0513153076, -16.8853874207, 30.3900489807, -34.6559715271, -19.7235393524, -6.52324771881, -2.8572409153], [-192.608383179, 89.5123443604, 123.540458679, -34.7157897949, 161.953521729, 55.084072113, 27.7593364716, 48.2705039978, 4.97296094894, 28.7239055634, -17.6042613983, -5.3914141655, 12.089589119], [-64.8388214111, 12.4211750031, 97.8742980957, 0.159380659461, 55.084072113, 157.560852051, 44.7333755493, 28.9929580688, 50.1581497192, 6.54337501526, 28.1489181519, 14.1376600266, -8.95079612732], [248.235626221, 92.1151199341, -84.8768386841, 55.0513153076, 27.7593364716, 44.7333755493, 130.759841919, 51.0264778137, 20.1147441864, 23.6729564667, 15.6605033875, 32.3811912537, -2.86463975906], [-50.3759040833, 43.7919807434, 52.4475708008, -16.8853874207, 48.2705039978, 28.9929580688, 51.0264778137, 82.5260314941, 20.7496623993, 26.3787441254, 31.1367282867, 16.0058631897, 15.9011211395], [125.416717529, 48.4508666992, -6.46505212784, 30.3900489807, 4.97296094894, 50.1581497192, 20.1147441864, 20.7496623993, 76.2745285034, 22.5985717773, -0.119207255542, 2.78123092651, -9.31964492798], [-78.8137130737, 39.8351593018, 53.6726875305, -34.6559715271, 28.7239055634, 6.54337501526, 23.6729564667, 26.3787441254, 22.5985717773, 75.473991394, 33.9094772339, 5.48782157898, 5.07960128784], [8.92171382904, 5.47251415253, 14.9509019852, -19.7235393524, -17.6042613983, 28.1489181519, 15.6605033875, 31.1367282867, -0.119207255542, 33.9094772339, 125.379463196, 62.8998298645, 12.4189872742], [14.1690130234, 27.1962795258, 11.838850975, -6.52324771881, -5.3914141655, 14.1376600266, 32.3811912537, 16.0058631897, 2.78123092651, 5.48782157898, 62.8998298645, 96.5397491455, 42.9938392639], [-22.7983055115, 11.9224224091, 22.6464328766, -2.8572409153, 12.089589119, -8.95079612732, -2.86463975906, 15.9011211395, -9.31964492798, 5.07960128784, 12.4189872742, 42.9938392639, 92.8309860229]],
        "icov": [[2.23721575737, -3.12153530121, 3.01864695549, -2.80981087685, 2.57322072983, -2.29739832878, 1.96209585667, -1.59835863113, 1.25678598881, -0.939201831818, 0.64553040266, -0.407926142216, 0.185280919075], [-3.12153530121, 4.35934495926, -4.21038198471, 3.92153596878, -3.59425902367, 3.20738697052, -2.73972797394, 2.23169207573, -1.75751686096, 1.31110966206, -0.902099788189, 0.569214701653, -0.259252011776], [3.01864695549, -4.21038198471, 4.07781887054, -3.79050850868, 3.47240900993, -3.10626363754, 2.65600562096, -2.1645758152, 1.70222723484, -1.27567350864, 0.878726363182, -0.558161318302, 0.253281474113], [-2.80981087685, 3.92153596878, -3.79050850868, 3.53909540176, -3.23646259308, 2.8921084404, -2.47618842125, 2.01855421066, -1.59209632874, 1.19244611263, -0.820711970329, 0.522590458393, -0.239217057824], [2.57322072983, -3.59425902367, 3.47240900993, -3.23646259308, 2.97934889793, -2.65794944763, 2.27184796333, -1.85852086544, 1.46731948853, -1.09938573837, 0.762316226959, -0.482277989388, 0.219863727689], [-2.29739832878, 3.20738697052, -3.10626363754, 2.8921084404, -2.65794944763, 2.39109158516, -2.04566025734, 1.67068934441, -1.32736289501, 0.998053431511, -0.695051074028, 0.445348471403, -0.203092366457], [1.96209585667, -2.73972797394, 2.65600562096, -2.47618842125, 2.27184796333, -2.04566025734, 1.7729165554, -1.44736301899, 1.14424526691, -0.867431342602, 0.607756853104, -0.39955085516, 0.1851824224], [-1.59835863113, 2.23169207573, -2.1645758152, 2.01855421066, -1.85852086544, 1.67068934441, -1.44736301899, 1.20212519169, -0.942630589008, 0.711387634277, -0.505729019642, 0.330973803997, -0.155615344644], [1.25678598881, -1.75751686096, 1.70222723484, -1.59209632874, 1.46731948853, -1.32736289501, 1.14424526691, -0.942630589008, 0.770462036133, -0.577394127846, 0.408080726862, -0.268444597721, 0.12648190558], [-0.939201831818, 1.31110966206, -1.27567350864, 1.19244611263, -1.09938573837, 0.998053431511, -0.867431342602, 0.711387634277, -0.577394127846, 0.458073288202, -0.319415450096, 0.214118659496, -0.0998201295733], [0.64553040266, -0.902099788189, 0.878726363182, -0.820711970329, 0.762316226959, -0.695051074028, 0.607756853104, -0.505729019642, 0.408080726862, -0.319415450096, 0.242202877998, -0.16483092308, 0.0762354135513], [-0.407926142216, 0.569214701653, -0.558161318302, 0.522590458393, -0.482277989388, 0.445348471403, -0.39955085516, 0.330973803997, -0.268444597721, 0.214118659496, -0.16483092308, 0.131018832326, -0.0616064406931], [0.185280919075, -0.259252011776, 0.253281474113, -0.239217057824, 0.219863727689, -0.203092366457, 0.1851824224, -0.155615344644, 0.12648190558, -0.0998201295733, 0.0762354135513, -0.0616064406931, 0.0410677827895]]
    },
    "spectral_contrast_coeffs": {
        "mean": [-0.54856389761, -0.663392782211, -0.744794726372, -0.748534619808, -0.740870773792, -0.778128743172],
        "var": [0.0104622859508, 0.00714587140828, 0.00455818837509, 0.00315817934461, 0.00117557181511, 0.0049898866564]
    },
    "spectral_contrast_valleys": {
        "mean": [-8.31169033051, -6.82270908356, -7.91050958633, -8.81552410126, -10.3185691833, -14.5530014038],
        "var": [1.31515014172, 1.15806186199, 1.16821980476, 1.24755930901, 1.3352111578, 0.838497519493]
    }
},
"metadata": {
    "audio_properties": {
        "analysis_sample_rate": 44100,
        "bit_rate": 74806,
        "equal_loudness": 0,
        "length": 45.0873451233,
        "lossless": 0,
        "replay_gain": 3.27263450623,
        "sample_rate": 44100,
        "codec": "mp3",
        "downmix": "mix",
        "md5_encoded": "4f68355656a15b3944e382871c9f85b8"
    },
    "tags": {
        "file_name": "791.mp3"
    },
    "version": {
        "essentia": "2.1-beta2",
        "essentia_git_sha": "v2.1_beta2",
        "extractor": "music 1.0"
    }
},
"rhythm": {
    "beats_count": 85,
    "beats_loudness": {
        "mean": 0.0237654410303,
        "var": 0.000692056608386
    },
    "bpm": 104.215248108,
    "bpm_histogram_first_peak_bpm": {
        "mean": 103,
        "var": 0
    },
    "bpm_histogram_first_peak_spread": {
        "mean": 0.365853667259,
        "var": 0
    },
    "bpm_histogram_first_peak_weight": {
        "mean": 0.309523820877,
        "var": 0
    },
    "bpm_histogram_second_peak_bpm": {
        "mean": 120,
        "var": 0
    },
    "bpm_histogram_second_peak_spread": {
        "mean": 0.600000023842,
        "var": 0
    },
    "bpm_histogram_second_peak_weight": {
        "mean": 0.095238097012,
        "var": 0
    },
    "danceability": 0.947981655598,
    "onset_rate": 2.94869089127,
    "beats_loudness_band_ratio": {
        "mean": [0.177785754204, 0.528506159782, 0.286999046803, 0.0798737481236, 0.0263505242765, 0.000620754493866],
        "var": [0.0178878065199, 0.0331241674721, 0.0453386418521, 0.00946968328208, 0.00282599893399, 5.16998511557e-007]
    },
    "beats_position": [0.46439909935, 0.952018141747, 1.43963718414, 1.92725622654, 2.42648530006, 2.92571425438, 3.42494320869, 3.92417216301, 4.42340135574, 4.93424034119, 5.45668935776, 5.94430828094, 6.43192720413, 6.90793657303, 7.38394546509, 7.76707458496, 8.15020370483, 8.54494285583, 8.92807197571, 9.31120204926, 9.70594120026, 10.0890703201, 10.4954195023, 10.9133787155, 11.3197278976, 11.7376871109, 12.2833557129, 12.8058052063, 13.328253746, 13.8390922546, 14.3383216858, 14.90721035, 15.4760990143, 16.0449886322, 16.6254863739, 17.2059860229, 17.786485672, 18.3669834137, 18.9358730316, 19.5047607422, 20.0852603912, 20.6657600403, 21.246257782, 21.826757431, 22.3956451416, 22.9645347595, 23.5450344086, 24.1255321503, 24.7060317993, 25.2749195099, 25.8438091278, 26.4243087769, 27.0048065186, 27.5853061676, 28.1658039093, 28.7463035583, 29.3268013, 29.9073009491, 30.476190567, 31.0450782776, 31.6255779266, 32.2060775757, 32.7865753174, 33.3554649353, 33.9243545532, 34.5048522949, 35.0853500366, 35.6658477783, 36.2463493347, 36.8268470764, 37.3957366943, 37.9646263123, 38.5219039917, 38.9746932983, 39.4390907288, 39.9034919739, 40.3795013428, 40.8671188354, 41.3547401428, 41.8539657593, 42.3648071289, 42.8756446838, 43.3980941772, 43.9089317322, 44.4081611633]
},
"tonal": {
    "chords_changes_rate": 0.0452674888074,
    "chords_number_rate": 0.00823045242578,
    "chords_strength": {
        "mean": 0.448839604855,
        "var": 0.00708887539804
    },
    "hpcp_entropy": {
        "mean": 1.32007551193,
        "var": 0.460238277912
    },
    "key_strength": 0.815022170544,
    "tuning_diatonic_strength": 0.588583946228,
    "tuning_equal_tempered_deviation": 0.0136142224073,
    "tuning_frequency": 442.293365479,
    "tuning_nontempered_energy_ratio": 0.593023955822,
    "hpcp": {
        "mean": [0.0574619062245, 0.0379580706358, 0.134897783399, 0.222564280033, 0.114444591105, 0.0313338413835, 0.026393905282, 0.0134328398854, 0.0234425198287, 0.0300025530159, 0.0269762724638, 0.240253359079, 0.41103798151, 0.197881504893, 0.0189183223993, 0.0127444816753, 0.0171357318759, 0.136583060026, 0.229648396373, 0.110555529594, 0.0148005140945, 0.013622680679, 0.0116383172572, 0.0418596230447, 0.0650719925761, 0.048728428781, 0.224582836032, 0.372337579727, 0.176971375942, 0.0306226499379, 0.0368038453162, 0.0366922393441, 0.192256733775, 0.314454287291, 0.158824801445, 0.0496809780598],
        "var": [0.0368178449571, 0.00940110161901, 0.0404035672545, 0.112741783261, 0.0293512437493, 0.00739947892725, 0.00752476230264, 0.00154976348858, 0.00422412110493, 0.00887654721737, 0.003194401972, 0.0518020093441, 0.149620950222, 0.0368231125176, 0.00289261131547, 0.00113816000521, 0.00213559577242, 0.0373998209834, 0.10829924047, 0.024519700557, 0.000985180027783, 0.00129461870529, 0.0016347799683, 0.0119278412312, 0.0332581214607, 0.0127575844526, 0.0636119171977, 0.169344067574, 0.0399485491216, 0.00735185900703, 0.0204989463091, 0.00748657388613, 0.0667546838522, 0.148701414466, 0.0422195829451, 0.0216234922409]
    },
    "chords_histogram": [52.880657196, 2.77777767181, 20.5761318207, 0, 0.720164597034, 0, 0, 0, 0, 0, 0, 0, 0, 0, 0, 0, 0, 4.01234579086, 0, 4.73251008987, 0, 1.13168728352, 1.33744859695, 11.8312759399],
    "thpcp": [1, 0.481419026852, 0.0460257269442, 0.0310056060553, 0.041688926518, 0.332288175821, 0.55870360136, 0.268966704607, 0.0360076539218, 0.0331421457231, 0.0283144563437, 0.101838819683, 0.158311381936, 0.118549697101, 0.546379745007, 0.905847132206, 0.430547505617, 0.0745007768273, 0.0895387977362, 0.0892672687769, 0.467734724283, 0.765024900436, 0.386399328709, 0.12086712569, 0.139797076583, 0.0923468694091, 0.328188121319, 0.541468918324, 0.278428256512, 0.0762310102582, 0.0642128139734, 0.0326802879572, 0.0570324920118, 0.0729921683669, 0.0656296312809, 0.584504008293],
    "chords_key": "F#",
    "chords_scale": "major",
    "key_key": "F#",
    "key_scale": "major"
}
}