{
"lowlevel": {
    "average_loudness": 0.942329287529,
    "barkbands_crest": {
        "mean": 10.9554157257,
        "var": 12.9465465546
    },
    "barkbands_flatness_db": {
        "mean": 0.347438305616,
        "var": 0.00141522544436
    },
    "barkbands_kurtosis": {
        "mean": 2.12349224091,
        "var": 7.90810203552
    },
    "barkbands_skewness": {
        "mean": 0.74176466465,
        "var": 0.375105947256
    },
    "barkbands_spread": {
        "mean": 5.66767787933,
        "var": 5.45630264282
    },
    "dissonance": {
        "mean": 0.434377580881,
        "var": 0.00169012753759
    },
    "dynamic_complexity": 2.52705621719,
    "erbbands_crest": {
        "mean": 13.4519910812,
        "var": 22.60987854
    },
    "erbbands_flatness_db": {
        "mean": 0.400927126408,
        "var": 0.00093177013332
    },
    "erbbands_kurtosis": {
        "mean": 1.72847747803,
        "var": 6.17682600021
    },
    "erbbands_skewness": {
        "mean": 0.645887255669,
        "var": 0.49895092845
    },
    "erbbands_spread": {
        "mean": 9.84920883179,
        "var": 14.4514198303
    },
    "hfc": {
        "mean": 18.3536052704,
        "var": 120.727912903
    },
    "melbands_crest": {
        "mean": 13.293847084,
        "var": 20.1334667206
    },
    "melbands_flatness_db": {
        "mean": 0.412261724472,
        "var": 0.00218705832958
    },
    "melbands_kurtosis": {
        "mean": 2.57130384445,
        "var": 9.85608196259
    },
    "melbands_skewness": {
        "mean": 0.809075891972,
        "var": 0.410057753325
    },
    "melbands_spread": {
        "mean": 9.69648170471,
        "var": 45.6440544128
    },
    "pitch_salience": {
        "mean": 0.560207426548,
        "var": 0.00578500004485
    },
    "silence_rate_20dB": {
        "mean": 1,
        "var": 0
    },
    "silence_rate_30dB": {
        "mean": 0.998456001282,
        "var": 0.00154162035324
    },
    "silence_rate_60dB": {
        "mean": 0.0792588815093,
        "var": 0.0729811042547
    },
    "spectral_centroid": {
        "mean": 692.033508301,
        "var": 238917.921875
    },
    "spectral_complexity": {
        "mean": 14.1744728088,
        "var": 14.8070201874
    },
    "spectral_decrease": {
        "mean": -7.24649806827e-009,
        "var": 1.80722122446e-017
    },
    "spectral_energy": {
        "mean": 0.0290147084743,
        "var": 0.000288527953671
    },
    "spectral_energyband_high": {
        "mean": 3.43046917806e-006,
        "var": 6.12552855661e-011
    },
    "spectral_energyband_low": {
        "mean": 0.000447511585662,
        "var": 3.97664962293e-007
    },
    "spectral_energyband_middle_high": {
        "mean": 0.00648068124428,
        "var": 3.34408687195e-005
    },
    "spectral_energyband_middle_low": {
        "mean": 0.0237389430404,
        "var": 0.000227497846936
    },
    "spectral_entropy": {
        "mean": 6.21073246002,
        "var": 0.0880911126733
    },
    "spectral_flux": {
        "mean": 0.0520752035081,
        "var": 0.00063930475153
    },
    "spectral_kurtosis": {
        "mean": 49.670589447,
        "var": 692.517333984
    },
    "spectral_rms": {
        "mean": 0.00503152329475,
        "var": 2.99080534205e-006
    },
    "spectral_rolloff": {
        "mean": 922.731628418,
        "var": 727743.5625
    },
    "spectral_skewness": {
        "mean": 4.35411167145,
        "var": 2.42748475075
    },
    "spectral_spread": {
        "mean": 1168283.375,
        "var": 3.41714324685e+012
    },
    "spectral_strongpeak": {
        "mean": 2.02561354637,
        "var": 1.45189785957
    },
    "zerocrossingrate": {
        "mean": 0.0333272702992,
        "var": 0.000460353738163
    },
    "barkbands": {
        "mean": [1.38592849908e-006, 2.06640506804e-005, 0.000269251846476, 0.000322842097376, 0.0035884345416, 0.00314151006751, 0.00186897150706, 0.0088048838079, 0.00347543274984, 0.00352035393007, 0.00128822145052, 0.000716668961104, 0.00103610218503, 0.000447669852292, 0.000223518756684, 0.000127258434077, 0.00010183298582, 3.31096744048e-005, 1.94272051885e-005, 5.89369028603e-006, 1.12551458642e-006, 1.14066537549e-007, 3.24757429837e-008, 1.21711378753e-008, 5.6574038787e-009, 2.4634756457e-009, 1.18299836593e-009],
        "var": [3.12293593763e-011, 3.58692675562e-009, 2.13869000731e-007, 4.91468256314e-007, 1.64066714206e-005, 3.67916363757e-005, 8.12868620415e-006, 7.88925244706e-005, 3.57713834092e-005, 1.73956796061e-005, 8.71927659318e-006, 1.22629967336e-006, 2.05916671803e-006, 8.79078584148e-007, 1.07008105488e-007, 3.55645752848e-008, 8.68525589226e-008, 1.39635973895e-008, 1.53238510769e-009, 9.46372216704e-011, 1.021079922e-011, 1.43222415806e-013, 3.18036477145e-014, 1.48997466112e-014, 3.17314275678e-015, 3.20690988405e-016, 4.46197393792e-018]
    },
    "erbbands": {
        "mean": [0.000261377252173, 0.0102549204603, 0.216966405511, 0.835048675537, 3.18334555626, 13.5479536057, 24.8626194, 26.6646747589, 22.6426773071, 101.588394165, 171.194366455, 113.420722961, 117.317489624, 48.478099823, 55.3093032837, 42.8232536316, 55.7919845581, 24.919593811, 9.86801052094, 13.37408638, 7.89940214157, 4.19882965088, 2.50218248367, 1.30346167088, 0.5863301754, 0.323969811201, 0.111537560821, 0.0253173094243, 0.00524055259302, 0.00213914806955, 0.000799337634817, 0.000348465808202, 0.000186148230569, 8.98471334949e-005, 5.59533764317e-005, 2.68528528977e-005, 1.53606233653e-005, 3.3263147543e-006, 1.45544172483e-005, 3.32394083671e-005],
        "var": [4.08964467624e-007, 0.000622210034635, 0.150945469737, 1.64367353916, 41.484172821, 276.653717041, 607.782409668, 4608.30175781, 2938.88793945, 12560.3974609, 40734.0898438, 29912.6757813, 21031.8027344, 5207.13574219, 15572.3544922, 3419.86328125, 5622.35839844, 2629.1730957, 142.596908569, 450.919189453, 145.258544922, 114.96546936, 74.7882461548, 11.5470256805, 1.0883449316, 0.274126321077, 0.0667364001274, 0.00432827556506, 0.000281381770037, 5.97522484895e-005, 2.34364906646e-005, 9.38119956118e-006, 2.42255237026e-006, 3.80472499728e-007, 1.66614086083e-007, 8.25029555784e-009, 2.99432389994e-009, 1.83341397619e-011, 7.18295214974e-011, 3.76878778185e-010]
    },
    "gfcc": {
        "mean": [-154.519073486, 221.840042114, -184.958511353, -64.5706176758, -39.3745002747, -54.8945999146, -23.3726539612, -19.8761386871, -20.1915302277, -15.1810216904, -11.9413204193, -23.712179184, -2.78596901894],
        "cov": [[5664.37890625, 416.951965332, -371.984558105, 301.563354492, -10.1798248291, 239.80241394, 54.7688484192, -146.369430542, 112.291435242, 30.5389995575, -121.729072571, -130.358856201, 11.9280061722], [416.951965332, 429.968963623, 171.480514526, -10.2850532532, 157.262557983, -34.7803840637, -62.8542671204, -12.4430027008, -7.88822793961, -39.7549934387, -43.7420578003, -27.0969047546, -37.3043441772], [-371.984558105, 171.480514526, 476.218902588, 113.760292053, 124.390686035, 104.569068909, -27.3090953827, 4.39830446243, 52.2973098755, 2.92173266411, -85.5245666504, -66.4495010376, -60.24451828], [301.563354492, -10.2850532532, 113.760292053, 255.045089722, 17.3235569, 170.913665771, 102.993186951, -61.0174865723, 58.9708442688, 24.6911125183, -91.7730636597, -62.7477874756, -25.8616733551], [-10.1798248291, 157.262557983, 124.390686035, 17.3235569, 170.92565918, -13.433760643, -65.6607131958, 70.3583755493, 12.8904819489, -17.8022994995, 40.8428001404, 19.9777622223, -28.3662719727], [239.80241394, -34.7803840637, 104.569068909, 170.913665771, -13.433760643, 291.656860352, 162.684555054, -101.902603149, 68.6766967773, 38.3216400146, -117.336578369, -41.3149185181, -3.07419109344], [54.7688484192, -62.8542671204, -27.3090953827, 102.993186951, -65.6607131958, 162.684555054, 225.185089111, -87.2364501953, 18.8277397156, 68.9562301636, -93.7522735596, -70.9461898804, 0.0483335740864], [-146.369430542, -12.4430027008, 4.39830446243, -61.0174865723, 70.3583755493, -101.902603149, -87.2364501953, 213.835189819, 19.3394184113, -29.6111030579, 146.637588501, 66.782913208, -5.84706640244], [112.291435242, -7.88822793961, 52.2973098755, 58.9708442688, 12.8904819489, 68.6766967773, 18.8277397156, 19.3394184113, 95.0951309204, 47.169342041, -12.6852273941, -25.7190494537, -14.0385608673], [30.5389995575, -39.7549934387, 2.92173266411, 24.6911125183, -17.8022994995, 38.3216400146, 68.9562301636, -29.6111030579, 47.169342041, 161.856964111, 13.2072582245, -122.231834412, -43.413143158], [-121.729072571, -43.7420578003, -85.5245666504, -91.7730636597, 40.8428001404, -117.336578369, -93.7522735596, 146.637588501, -12.6852273941, 13.2072582245, 218.456665039, 82.9467315674, -13.5140171051], [-130.358856201, -27.0969047546, -66.4495010376, -62.7477874756, 19.9777622223, -41.3149185181, -70.9461898804, 66.782913208, -25.7190494537, -122.231834412, 82.9467315674, 231.505462646, 84.0361099243], [11.9280061722, -37.3043441772, -60.24451828, -25.8616733551, -28.3662719727, -3.07419109344, 0.0483335740864, -5.84706640244, -14.0385608673, -43.413143158, -13.5140171051, 84.0361099243, 98.655632019]],
        "icov": [[0.000374619354261, -0.000980012468062, 0.000923577463254, -0.000781506940257, 0.000718902854715, -0.000921479135286, 0.00100790301803, -0.000571415235754, 0.000186178323929, -0.000400441029342, 0.000163639255334, 0.000234566468862, -0.000240221139393], [-0.000980012468062, 0.00774535350502, -0.00339460815303, 0.00370598747395, -0.00761103210971, 0.00448059663177, -0.00443613203242, 0.00504223676398, -0.00300541613251, 0.00466483458877, -0.00119464145973, 0.00142151024193, 0.000448596343631], [0.000923577463254, -0.00339460815303, 0.00659445393831, -0.00294285151176, 0.000984847545624, -0.0048197559081, 0.00567559804767, -0.00453935796395, 0.00257494417019, -0.0039014944341, 0.00463780155405, -0.000693774374668, 0.001597229857], [-0.000781506940257, 0.00370598747395, -0.00294285151176, 0.0100095393136, -0.00469050277025, 0.000302447879221, -0.00508238608018, 0.00413492508233, -0.00509719876572, 0.00565955974162, -0.00214218511246, 0.00257499027066, 0.000509294914082], [0.000718902854715, -0.00761103210971, 0.000984847545624, -0.00469050277025, 0.0174679011106, -0.00497848913074, 0.00668997643515, -0.00826736353338, 0.00532851368189, -0.0066689774394, 0.00212144316174, -0.00394285330549, 0.00225383648649], [-0.000921479135286, 0.00448059663177, -0.0048197559081, 0.000302447879221, -0.00497848913074, 0.0150386439636, -0.0109264738858, 0.00820806063712, -0.00927207898349, 0.00578478351235, -0.00321830483153, -0.000653391762171, -0.000187399273273], [0.00100790301803, -0.00443613203242, 0.00567559804767, -0.00508238608018, 0.00668997643515, -0.0109264738858, 0.0180779211223, -0.00919827725738, 0.0106144258752, -0.0127813760191, 0.00939871929586, -0.00353134353645, 0.00154481490608], [-0.000571415235754, 0.00504223676398, -0.00453935796395, 0.00413492508233, -0.00826736353338, 0.00820806063712, -0.00919827725738, 0.0212212540209, -0.0150962080806, 0.0162097886205, -0.0167033337057, 0.00784384366125, -0.00455608032644], [0.000186178323929, -0.00300541613251, 0.00257494417019, -0.00509719876572, 0.00532851368189, -0.00927207898349, 0.0106144258752, -0.0150962080806, 0.0285018719733, -0.0196649227291, 0.0136706782505, -0.00913619063795, 0.00447777332738], [-0.000400441029342, 0.00466483458877, -0.0039014944341, 0.00565955974162, -0.0066689774394, 0.00578478351235, -0.0127813760191, 0.0162097886205, -0.0196649227291, 0.0330619513988, -0.0214635487646, 0.0194865893573, -0.00764534063637], [0.000163639255334, -0.00119464145973, 0.00463780155405, -0.00214218511246, 0.00212144316174, -0.00321830483153, 0.00939871929586, -0.0167033337057, 0.0136706782505, -0.0214635487646, 0.0273413341492, -0.0160393994302, 0.0112223178148], [0.000234566468862, 0.00142151024193, -0.000693774374668, 0.00257499027066, -0.00394285330549, -0.000653391762171, -0.00353134353645, 0.00784384366125, -0.00913619063795, 0.0194865893573, -0.0160393994302, 0.0219258405268, -0.0135257812217], [-0.000240221139393, 0.000448596343631, 0.001597229857, 0.000509294914082, 0.00225383648649, -0.000187399273273, 0.00154481490608, -0.00455608032644, 0.00447777332738, -0.00764534063637, 0.0112223178148, -0.0135257812217, 0.0221467725933]]
    },
    "melbands": {
        "mean": [3.49156994162e-006, 7.96389358584e-005, 0.000181800700375, 0.000554709054995, 0.00089884136105, 0.000585345376749, 0.00033112935489, 0.00128072081134, 0.00135307852179, 0.000580946274567, 0.000562845089007, 0.000181521507329, 0.000187596175238, 0.000104335340438, 0.000124318932649, 8.11095742392e-005, 4.60122064396e-005, 1.6232192138e-005, 1.52141901708e-005, 1.50314981511e-005, 8.82094082044e-006, 5.06529977429e-006, 2.7275168577e-006, 1.87348246072e-006, 9.64027549344e-007, 4.64449982474e-007, 2.46259560299e-007, 1.95626071786e-007, 8.36226945466e-008, 3.07478202899e-008, 8.44331626837e-009, 2.85860646265e-009, 1.47724676935e-009, 9.8315766639e-010, 5.0171566901e-010, 2.20135520923e-010, 1.82152903871e-010, 1.22177434836e-010, 8.32928448435e-011, 4.62933892609e-011],
        "var": [9.27095344938e-011, 2.1272620998e-008, 1.1564664959e-007, 6.50593108276e-007, 7.22960294297e-007, 1.94911558538e-006, 5.55560120574e-007, 1.9151189008e-006, 2.58761224359e-006, 9.25606912006e-007, 5.16210548085e-007, 8.57675104271e-008, 1.81615533279e-007, 2.77238640933e-008, 2.12746940065e-008, 1.35211513097e-008, 8.86589290872e-009, 4.50145004605e-010, 4.81276907216e-010, 4.71943428781e-010, 2.53160603592e-010, 2.0394234912e-010, 5.95663796066e-011, 6.68809660431e-011, 5.91932275765e-012, 8.94738601785e-013, 1.30737407662e-013, 1.17100312736e-013, 4.25236526492e-014, 6.89870939034e-015, 6.41275568295e-016, 1.0626153393e-016, 2.50357379327e-017, 1.78376833798e-017, 1.09698360187e-017, 2.69248716273e-018, 4.01212623744e-018, 1.28373292209e-018, 6.85403820115e-019, 1.46862182521e-019]
    },
    "mfcc": {
        "mean": [-766.558776855, 241.599960327, -61.0314407349, -29.7789840698, -16.4886360168, -35.2994194031, -15.263174057, -20.8846607208, -12.3782739639, -3.60825324059, -13.786945343, -7.88794374466, -8.06366062164],
        "cov": [[2363.94189453, 857.447875977, -642.613708496, 342.761535645, 43.9702529907, 117.369842529, 186.731781006, -70.3164291382, 154.86315918, 88.1309890747, -64.4162368774, 78.0102386475, 61.290851593], [857.447875977, 605.517944336, -64.1357116699, 103.62538147, 176.051315308, 32.4625892639, 14.6573991776, -7.05202198029, 32.0917167664, 10.5444068909, -43.4901428223, 29.3580818176, 43.5822792053], [-642.613708496, -64.1357116699, 446.904418945, -27.1643619537, 54.2103004456, 135.911315918, -47.0497512817, 2.61446905136, 62.0722351074, 1.34191572666, -9.78483009338, 1.15249633789, -23.9231815338], [342.761535645, 103.62538147, -27.1643619537, 194.837982178, 68.8824386597, 23.2433261871, 37.9621200562, 1.47554862499, 38.0522346497, 54.6167221069, 28.9168224335, 15.3671398163, 5.97535276413], [43.9702529907, 176.051315308, 54.2103004456, 68.8824386597, 236.548080444, -65.2850341797, -69.7214660645, 79.8726577759, -51.0016555786, -42.7846450806, 18.7735729218, 19.6078643799, 48.5180778503], [117.369842529, 32.4625892639, 135.911315918, 23.2433261871, -65.2850341797, 390.320953369, 121.013969421, -96.4945755005, 218.594451904, 72.5006332397, -40.6915817261, 55.7294235229, -42.5852622986], [186.731781006, 14.6573991776, -47.0497512817, 37.9621200562, -69.7214660645, 121.013969421, 159.021652222, -23.1966228485, 47.7784042358, 89.9769439697, 20.2598495483, 7.36884975433, -18.8244876862], [-70.3164291382, -7.05202198029, 2.61446905136, 1.47554862499, 79.8726577759, -96.4945755005, -23.1966228485, 211.49621582, -0.641439378262, -161.988967896, -46.0089225769, 40.2615661621, 88.6912918091], [154.86315918, 32.0917167664, 62.0722351074, 38.0522346497, -51.0016555786, 218.594451904, 47.7784042358, -0.641439378262, 238.049423218, 8.58316898346, -97.3247833252, 47.7605171204, 5.34165096283], [88.1309890747, 10.5444068909, 1.34191572666, 54.6167221069, -42.7846450806, 72.5006332397, 89.9769439697, -161.988967896, 8.58316898346, 329.644775391, 162.064285278, -75.0020065308, -96.1480560303], [-64.4162368774, -43.4901428223, -9.78483009338, 28.9168224335, 18.7735729218, -40.6915817261, 20.2598495483, -46.0089225769, -97.3247833252, 162.064285278, 221.312530518, -3.98821425438, -60.275352478], [78.0102386475, 29.3580818176, 1.15249633789, 15.3671398163, 19.6078643799, 55.7294235229, 7.36884975433, 40.2615661621, 47.7605171204, -75.0020065308, -3.98821425438, 123.185577393, 69.1603927612], [61.290851593, 43.5822792053, -23.9231815338, 5.97535276413, 48.5180778503, -42.5852622986, -18.8244876862, 88.6912918091, 5.34165096283, -96.1480560303, -60.275352478, 69.1603927612, 158.37210083]],
        "icov": [[0.0354117192328, -0.0487056970596, 0.0509462952614, -0.0512465871871, 0.0498825311661, -0.0499716326594, 0.0498334728181, -0.0486812181771, 0.042856246233, -0.037673458457, 0.0305181443691, -0.0218371432275, 0.0106290159747], [-0.0487056970596, 0.0699757859111, -0.0696218386292, 0.0709079876542, -0.0728103220463, 0.0703951045871, -0.071519523859, 0.0702978670597, -0.0615726262331, 0.0533090904355, -0.0421831384301, 0.0304962061346, -0.0151652423665], [0.0509462952614, -0.0696218386292, 0.0774649828672, -0.0743888393044, 0.072795830667, -0.0780701860785, 0.0785773620009, -0.0764044970274, 0.0678157508373, -0.0601772554219, 0.0487163588405, -0.034277100116, 0.017473552376], [-0.0512465871871, 0.0709079876542, -0.0743888393044, 0.084219917655, -0.080462962389, 0.0807060077786, -0.0837536230683, 0.0814510285854, -0.0759767070413, 0.0639117136598, -0.0536665469408, 0.0376167707145, -0.0188012905419], [0.0498825311661, -0.0728103220463, 0.072795830667, -0.080462962389, 0.0911744982004, -0.0862975418568, 0.093855753541, -0.093827880919, 0.0862298235297, -0.0741528719664, 0.059441190213, -0.043841380626, 0.0211700703949], [-0.0499716326594, 0.0703951045871, -0.0780701860785, 0.0807060077786, -0.0862975418568, 0.101665258408, -0.103889450431, 0.103964775801, -0.100335143507, 0.084150120616, -0.0689822286367, 0.0468299463391, -0.0238993596286], [0.0498334728181, -0.071519523859, 0.0785773620009, -0.0837536230683, 0.093855753541, -0.103889450431, 0.120142415166, -0.114757977426, 0.108197599649, -0.0980389714241, 0.0793719738722, -0.0581831634045, 0.0297315716743], [-0.0486812181771, 0.0702978670597, -0.0764044970274, 0.0814510285854, -0.093827880919, 0.103964775801, -0.114757977426, 0.125993832946, -0.114545233548, 0.105697497725, -0.0869481116533, 0.0642213746905, -0.0357234589756], [0.042856246233, -0.0615726262331, 0.0678157508373, -0.0759767070413, 0.0862298235297, -0.100335143507, 0.108197599649, -0.114545233548, 0.120398432016, -0.101963609457, 0.089495703578, -0.065924488008, 0.033967975527], [-0.037673458457, 0.0533090904355, -0.0601772554219, 0.0639117136598, -0.0741528719664, 0.084150120616, -0.0980389714241, 0.105697497725, -0.101963609457, 0.102050185204, -0.0863128826022, 0.0665331929922, -0.0336038433015], [0.0305181443691, -0.0421831384301, 0.0487163588405, -0.0536665469408, 0.059441190213, -0.0689822286367, 0.0793719738722, -0.0869481116533, 0.089495703578, -0.0863128826022, 0.0815628394485, -0.0605347119272, 0.0326075218618], [-0.0218371432275, 0.0304962061346, -0.034277100116, 0.0376167707145, -0.043841380626, 0.0468299463391, -0.0581831634045, 0.0642213746905, -0.065924488008, 0.0665331929922, -0.0605347119272, 0.0594081282616, -0.029762217775], [0.0106290159747, -0.0151652423665, 0.017473552376, -0.0188012905419, 0.0211700703949, -0.0238993596286, 0.0297315716743, -0.0357234589756, 0.033967975527, -0.0336038433015, 0.0326075218618, -0.029762217775, 0.024211326614]]
    },
    "spectral_contrast_coeffs": {
        "mean": [-0.439515113831, -0.659409344196, -0.668914198875, -0.74521034956, -0.736356556416, -0.783296346664],
        "var": [0.00741813704371, 0.00557832373306, 0.00333166262135, 0.0018400743138, 0.00271734036505, 0.00566135812551]
    },
    "spectral_contrast_valleys": {
        "mean": [-9.88365745544, -6.33662176132, -7.24573850632, -7.98350191116, -9.65537643433, -14.1720972061],
        "var": [1.33590626717, 1.33254778385, 1.31521034241, 1.23586046696, 1.10324394703, 1.24189329147]
    }
},
"metadata": {
    "audio_properties": {
        "analysis_sample_rate": 44100,
        "bit_rate": 95131,
        "equal_loudness": 0,
        "length": 45.0873451233,
        "lossless": 0,
        "replay_gain": -7.75472450256,
        "sample_rate": 44100,
        "codec": "mp3",
        "downmix": "mix",
        "md5_encoded": "2d129d395bd2fc091113201a2de5f239"
    },
    "tags": {
        "file_name": "794.mp3"
    },
    "version": {
        "essentia": "2.1-beta2",
        "essentia_git_sha": "v2.1_beta2",
        "extractor": "music 1.0"
    }
},
"rhythm": {
    "beats_count": 88,
    "beats_loudness": {
        "mean": 0.0377026051283,
        "var": 0.000440687144874
    },
    "bpm": 117.483345032,
    "bpm_histogram_first_peak_bpm": {
        "mean": 117,
        "var": 0
    },
    "bpm_histogram_first_peak_spread": {
        "mean": 0.486486494541,
        "var": 0
    },
    "bpm_histogram_first_peak_weight": {
        "mean": 0.436781615019,
        "var": 0
    },
    "bpm_histogram_second_peak_bpm": {
        "mean": 123,
        "var": 0
    },
    "bpm_histogram_second_peak_spread": {
        "mean": 0.111111082137,
        "var": 0
    },
    "bpm_histogram_second_peak_weight": {
        "mean": 0.091954022646,
        "var": 0
    },
    "danceability": 0.999274551868,
    "onset_rate": 1.39674830437,
    "beats_loudness_band_ratio": {
        "mean": [0.032734554261, 0.23097397387, 0.584594368935, 0.208598509431, 0.0209425408393, 0.000629630929325],
        "var": [0.00270604947582, 0.0186766684055, 0.0298026800156, 0.0206505376846, 0.000288868584903, 7.2436012033e-007]
    },
    "beats_position": [0.510838985443, 1.04489791393, 1.5673469305, 2.08979582787, 2.61224484444, 3.14630389214, 3.66875267029, 4.17959165573, 4.69043064117, 5.18965959549, 5.6888885498, 6.18811798096, 6.68734693527, 7.18657588959, 7.6858048439, 8.19664382935, 8.70748329163, 9.21832180023, 9.72916126251, 10.2399997711, 10.7508392334, 11.261677742, 11.7725172043, 12.2833557129, 12.7709751129, 13.2585935593, 13.7462129593, 14.2338323593, 14.7330608368, 15.2206802368, 15.7199087143, 16.2539672852, 16.7531967163, 17.2756462097, 17.786485672, 18.2973232269, 18.8081626892, 19.3306121826, 19.853061676, 20.363899231, 20.8863487244, 21.4087982178, 21.9196376801, 22.430475235, 22.9413146973, 23.4637641907, 23.9862117767, 24.5086612701, 25.0311107635, 25.5419502258, 26.0527877808, 26.563627243, 27.0744667053, 27.5853061676, 28.0961437225, 28.6069831848, 29.0946025848, 29.5706119537, 30.0698413849, 30.5574588776, 31.0566883087, 31.5559177399, 32.0435371399, 32.5543746948, 33.0884361267, 33.6108856201, 34.1101112366, 34.6209526062, 35.1317901611, 35.6426315308, 36.1534690857, 36.6643066406, 37.1751480103, 37.6743774414, 38.1736030579, 38.672832489, 39.1720619202, 39.6829032898, 40.1937408447, 40.7045783997, 41.2154197693, 41.7378692627, 42.2603149414, 42.771156311, 43.281993866, 43.8044433594, 44.3268928528, 44.8261222839]
},
"tonal": {
    "chords_changes_rate": 0.0514403283596,
    "chords_number_rate": 0.00617283955216,
    "chords_strength": {
        "mean": 0.431391984224,
        "var": 0.00710345664993
    },
    "hpcp_entropy": {
        "mean": 1.47928273678,
        "var": 0.351326107979
    },
    "key_strength": 0.778971016407,
    "tuning_diatonic_strength": 0.5389970541,
    "tuning_equal_tempered_deviation": 0.00238312897272,
    "tuning_frequency": 441.272583008,
    "tuning_nontempered_energy_ratio": 0.566566109657,
    "hpcp": {
        "mean": [0.209864318371, 0.139694452286, 0.0178649220616, 0.00350073678419, 0.00373720843345, 0.0837998911738, 0.168249934912, 0.0986543446779, 0.292738705873, 0.540483653545, 0.266849219799, 0.0103340195492, 0.00537931127474, 0.010043118149, 0.270970970392, 0.514099180698, 0.254797846079, 0.00589980231598, 0.00352499703877, 0.00775365484878, 0.220323979855, 0.422267347574, 0.21793268621, 0.0535481348634, 0.0848372355103, 0.045735873282, 0.0102295698598, 0.0122926253825, 0.00942077487707, 0.145352676511, 0.365452945232, 0.239124730229, 0.0206099785864, 0.00715670315549, 0.00751396268606, 0.0905577763915],
        "var": [0.0789871439338, 0.0428276918828, 0.00193434685934, 6.45691907266e-005, 4.48657156085e-005, 0.0150276320055, 0.0646390095353, 0.0195158757269, 0.0439949631691, 0.142079174519, 0.0411341749132, 0.000817116524559, 0.000127261024318, 0.000281752640149, 0.0370459780097, 0.129744961858, 0.0350236259401, 0.000112981913844, 7.82756906119e-005, 0.000267535710009, 0.0352905131876, 0.11887793988, 0.0324422642589, 0.0208562295884, 0.054661039263, 0.0161766707897, 0.000691229070071, 0.00178427400533, 0.000687196792569, 0.0175705216825, 0.104929514229, 0.0501200258732, 0.000861526525114, 0.000285636488115, 0.00018499926955, 0.0132485413924]
    },
    "chords_histogram": [41.872428894, 13.0658435822, 7.51028823853, 0, 0, 0, 0, 0, 0, 0, 0, 0, 0, 0, 0, 0, 0, 0, 0, 0.720164597034, 0, 5.14403295517, 3.60082316399, 28.0864200592],
    "thpcp": [1, 0.493723005056, 0.0191199481487, 0.00995277334005, 0.0185817237943, 0.501349031925, 0.951183617115, 0.471425622702, 0.0109157832339, 0.0065219309181, 0.0143457716331, 0.407642275095, 0.78127682209, 0.40321791172, 0.0990744754672, 0.156965404749, 0.0846202746034, 0.0189266968518, 0.0227437503636, 0.0174302682281, 0.268930763006, 0.676159083843, 0.442427307367, 0.0381324738264, 0.0132412947714, 0.0139022944495, 0.167549520731, 0.388289839029, 0.258461952209, 0.0330535843968, 0.00647704489529, 0.00691456347704, 0.155046120286, 0.311295151711, 0.182529747486, 0.541623592377],
    "chords_key": "C",
    "chords_scale": "major",
    "key_key": "C",
    "key_scale": "major"
}
}