{
"lowlevel": {
    "average_loudness": 0.854613244534,
    "barkbands_crest": {
        "mean": 11.9885454178,
        "var": 17.5950775146
    },
    "barkbands_flatness_db": {
        "mean": 0.343308895826,
        "var": 0.00496309390292
    },
    "barkbands_kurtosis": {
        "mean": 4.36162757874,
        "var": 45.0721626282
    },
    "barkbands_skewness": {
        "mean": 0.844249069691,
        "var": 1.05919456482
    },
    "barkbands_spread": {
        "mean": 3.90294337273,
        "var": 8.80088710785
    },
    "dissonance": {
        "mean": 0.351995438337,
        "var": 0.00850773882121
    },
    "dynamic_complexity": 7.46122121811,
    "erbbands_crest": {
        "mean": 13.6630973816,
        "var": 17.6630935669
    },
    "erbbands_flatness_db": {
        "mean": 0.328809559345,
        "var": 0.0051297028549
    },
    "erbbands_kurtosis": {
        "mean": 3.90898084641,
        "var": 22.2119579315
    },
    "erbbands_skewness": {
        "mean": 0.636531054974,
        "var": 1.05450665951
    },
    "erbbands_spread": {
        "mean": 9.56003856659,
        "var": 46.4002685547
    },
    "hfc": {
        "mean": 5.25835371017,
        "var": 157.808364868
    },
    "melbands_crest": {
        "mean": 15.5767612457,
        "var": 28.0981731415
    },
    "melbands_flatness_db": {
        "mean": 0.450919926167,
        "var": 0.00677917804569
    },
    "melbands_kurtosis": {
        "mean": 5.22522497177,
        "var": 72.3706665039
    },
    "melbands_skewness": {
        "mean": 1.2610656023,
        "var": 1.22830843925
    },
    "melbands_spread": {
        "mean": 5.75817918777,
        "var": 28.9593143463
    },
    "pitch_salience": {
        "mean": 0.533053994179,
        "var": 0.0106411594898
    },
    "silence_rate_20dB": {
        "mean": 1,
        "var": 0
    },
    "silence_rate_30dB": {
        "mean": 0.986618638039,
        "var": 0.0132024055347
    },
    "silence_rate_60dB": {
        "mean": 0.453937202692,
        "var": 0.247877776623
    },
    "spectral_centroid": {
        "mean": 395.259277344,
        "var": 148059.09375
    },
    "spectral_complexity": {
        "mean": 5.40349960327,
        "var": 11.2679672241
    },
    "spectral_decrease": {
        "mean": -3.15242898452e-009,
        "var": 4.00176513853e-017
    },
    "spectral_energy": {
        "mean": 0.0123749282211,
        "var": 0.000624606211204
    },
    "spectral_energyband_high": {
        "mean": 1.63523156971e-006,
        "var": 1.35865874107e-010
    },
    "spectral_energyband_low": {
        "mean": 0.00114527659025,
        "var": 3.33881189363e-006
    },
    "spectral_energyband_middle_high": {
        "mean": 0.000763834337704,
        "var": 1.36907947308e-005
    },
    "spectral_energyband_middle_low": {
        "mean": 0.0110459979624,
        "var": 0.000519461231306
    },
    "spectral_entropy": {
        "mean": 5.63798952103,
        "var": 0.432688206434
    },
    "spectral_flux": {
        "mean": 0.0405087582767,
        "var": 0.00248253159225
    },
    "spectral_kurtosis": {
        "mean": 71.5301132202,
        "var": 2995.53198242
    },
    "spectral_rms": {
        "mean": 0.00260215415619,
        "var": 5.3018793551e-006
    },
    "spectral_rolloff": {
        "mean": 500.550384521,
        "var": 389984.03125
    },
    "spectral_skewness": {
        "mean": 6.20687580109,
        "var": 7.13962459564
    },
    "spectral_spread": {
        "mean": 1596492.625,
        "var": 2.68305380147e+012
    },
    "spectral_strongpeak": {
        "mean": 0.689378976822,
        "var": 0.965742707253
    },
    "zerocrossingrate": {
        "mean": 0.0176630653441,
        "var": 0.000279032421531
    },
    "barkbands": {
        "mean": [1.15030152301e-005, 0.000202824478038, 0.000466564000817, 0.00103858835064, 0.00318636046723, 0.000168069134816, 0.00331341684796, 0.00217988505028, 0.000993353198282, 0.000628146575764, 4.37200178567e-005, 2.51080382441e-005, 2.10890229937e-005, 1.96502751351e-005, 3.11672047246e-005, 1.93542164197e-005, 1.67768830579e-005, 4.36688196714e-006, 3.11482585857e-006, 7.53147389787e-007, 3.7520644014e-007, 4.44895562168e-007, 2.0469468609e-007, 8.23218968549e-008, 2.43362983099e-008, 4.64529081867e-009, 5.64614910381e-010],
        "var": [3.94480920152e-010, 6.31623322533e-008, 5.20165372109e-007, 4.07298057326e-006, 3.75848612748e-005, 1.13617289799e-007, 0.000162864118465, 7.5530486356e-005, 1.90019636648e-005, 1.23985710161e-005, 8.40345677489e-008, 8.8272553711e-009, 7.5970918445e-009, 5.23887466741e-009, 2.27170708911e-008, 8.63248672545e-009, 1.05114521531e-008, 4.27234803091e-010, 3.98637262089e-010, 3.82404802268e-011, 4.02035306088e-012, 1.28807676331e-011, 1.87603036404e-012, 5.08035887664e-013, 2.18558776356e-014, 1.80509814961e-016, 2.49943127277e-018]
    },
    "erbbands": {
        "mean": [0.00390624348074, 0.0572575554252, 0.428523957729, 2.25181293488, 8.02187728882, 11.731139183, 3.07632446289, 2.52716493607, 35.3037071228, 54.2788009644, 34.3305282593, 18.0703601837, 29.4380245209, 13.0313510895, 1.47027909756, 0.955853998661, 0.923229575157, 1.0697966814, 1.45934998989, 1.27223110199, 1.23797726631, 0.94882017374, 0.332389175892, 0.193957552314, 0.0985860154033, 0.0349363870919, 0.0246539954096, 0.0159944333136, 0.0126561261714, 0.0134957460687, 0.00522272288799, 0.00260686338879, 0.000926907698158, 0.000398406555178, 0.000118312862469, 4.08037121815e-005, 8.56867973198e-006, 1.52882955717e-006, 5.92507103647e-006, 1.38510567922e-005],
        "var": [1.90318314708e-005, 0.00557973003015, 0.384406864643, 18.5146198273, 220.806808472, 588.377807617, 30.0777320862, 38.561378479, 23606.9199219, 26634.1484375, 17562.3671875, 4104.40185547, 16672.6464844, 5533.03808594, 38.9724884033, 14.642999649, 12.8528747559, 18.2600250244, 51.27003479, 32.1277999878, 37.3571395874, 32.9780235291, 2.39048218727, 1.48440742493, 0.362321346998, 0.0612568296492, 0.0419914126396, 0.0110712787136, 0.0090526631102, 0.0124322185293, 0.00150404672604, 0.000547107367311, 4.99546440551e-005, 7.31184991309e-006, 3.55853501333e-007, 1.23830350418e-008, 2.31758084945e-010, 7.23469548158e-012, 1.44768030896e-010, 7.92910959113e-010]
    },
    "gfcc": {
        "mean": [-255.911529541, 209.594436646, -70.1817932129, -6.00770139694, -56.4640617371, -12.2801685333, -33.3454818726, -2.5648651123, -1.9454241991, -14.2791500092, -19.2315731049, -20.9480266571, -4.95614433289],
        "cov": [[8149.72851563, 1330.81408691, -2857.26855469, -1120.06921387, 45.1624565125, -710.700744629, 226.22114563, -289.163604736, 327.626068115, -678.859741211, 7.08725738525, -302.739654541, -9.26481056213], [1330.81408691, 941.56842041, -88.8626022339, -748.526611328, 17.4186153412, -207.584228516, 93.6660842896, -111.145629883, 72.2172698975, -179.024261475, -10.2673330307, -168.870819092, 10.6924257278], [-2857.26855469, -88.8626022339, 1668.9588623, 196.143981934, -99.5925140381, 171.798034668, -70.6781768799, 54.5065727234, -135.894210815, 236.675430298, -11.0548858643, 62.7103271484, -15.3330478668], [-1120.06921387, -748.526611328, 196.143981934, 893.710083008, -6.38779067993, 178.421936035, -91.820274353, 101.864936829, -28.588727951, 152.461013794, 18.1126880646, 127.743995667, 4.42061567307], [45.1624565125, 17.4186153412, -99.5925140381, -6.38779067993, 218.337371826, 15.9635028839, -28.6063728333, -11.9686880112, -21.4873600006, -7.46047115326, -23.816614151, 5.15247869492, -21.794675827], [-710.700744629, -207.584228516, 171.798034668, 178.421936035, 15.9635028839, 224.048583984, -2.94669532776, 51.4669342041, -33.8546104431, 77.670211792, -11.1574649811, 26.5331707001, 7.49830913544], [226.22114563, 93.6660842896, -70.6781768799, -91.820274353, -28.6063728333, -2.94669532776, 103.101104736, 25.1895027161, 25.0296669006, -30.9433517456, -4.67846488953, -26.3482322693, 3.95677161217], [-289.163604736, -111.145629883, 54.5065727234, 101.864936829, -11.9686880112, 51.4669342041, 25.1895027161, 132.340606689, 36.7130012512, 46.8810882568, -10.7984085083, 18.8776569366, -0.629604816437], [327.626068115, 72.2172698975, -135.894210815, -28.588727951, -21.4873600006, -33.8546104431, 25.0296669006, 36.7130012512, 112.917678833, 8.73947811127, 6.0921087265, -24.8456630707, 5.61815357208], [-678.859741211, -179.024261475, 236.675430298, 152.461013794, -7.46047115326, 77.670211792, -30.9433517456, 46.8810882568, 8.73947811127, 161.462936401, 22.4044437408, 54.7288398743, -9.01482200623], [7.08725738525, -10.2673330307, -11.0548858643, 18.1126880646, -23.816614151, -11.1574649811, -4.67846488953, -10.7984085083, 6.0921087265, 22.4044437408, 64.00831604, 23.0798110962, 2.80370569229], [-302.739654541, -168.870819092, 62.7103271484, 127.743995667, 5.15247869492, 26.5331707001, -26.3482322693, 18.8776569366, -24.8456630707, 54.7288398743, 23.0798110962, 93.5418243408, 7.74868106842], [-9.26481056213, 10.6924257278, -15.3330478668, 4.42061567307, -21.794675827, 7.49830913544, 3.95677161217, -0.629604816437, 5.61815357208, -9.01482200623, 2.80370569229, 7.74868106842, 47.0918312073]],
        "icov": [[0.00077866949141, -0.00133016577456, 0.00128469709307, -0.000536075676791, 0.000718144408893, 0.000447761412943, -8.11344216345e-005, 0.00046487338841, -0.000172154366737, 0.000369579094695, 0.00061444012681, -0.000822191592306, 0.0013879283797], [-0.00133016577456, 0.00845699105412, -0.00364042725414, 0.00460624136031, -0.00344523508102, 0.000740320363548, -0.00126085057855, 0.000867135589942, -0.00368181522936, 0.00229419278912, -0.00377218890935, 0.00560455303639, -0.00521364016458], [0.00128469709307, -0.00364042725414, 0.00347891822457, -0.00163652433548, 0.00233141123317, 0.000404597114539, 0.000509035598952, -1.87373207154e-005, 0.00235060602427, -0.00188658840489, 0.00222167931497, -0.00166266341694, 0.00283697084524], [-0.000536075676791, 0.00460624136031, -0.00163652433548, 0.00442079920322, -0.00142406090163, -0.000486874545459, 0.000786266173236, -0.000324134423863, -0.00226703239605, 0.00125114957336, -0.00200708257034, 0.00150129152462, -0.0023686864879], [0.000718144408893, -0.00344523508102, 0.00233141123317, -0.00142406090163, 0.00728896586224, -0.0010444704676, 0.00226139556617, 2.09287736652e-005, 0.00198769313283, -0.000839654821903, 0.00396850053221, -0.00336744496599, 0.00508628040552], [0.000447761412943, 0.000740320363548, 0.000404597114539, -0.000486874545459, -0.0010444704676, 0.00815394427627, -0.00220944895409, -0.00112239015289, 0.00268592429347, -0.00293559301645, 0.00077334215166, 0.00301159941591, -0.00293763051741], [-8.11344216345e-005, -0.00126085057855, 0.000509035598952, 0.000786266173236, 0.00226139556617, -0.00220944895409, 0.0144049804658, -0.0044418736361, -0.00024314399343, 0.00200978806242, -0.000389695167542, 0.000284973852104, 0.000880983658135], [0.00046487338841, 0.000867135589942, -1.87373207154e-005, -0.000324134423863, 2.09287736652e-005, -0.00112239015289, -0.0044418736361, 0.0133826872334, -0.00661248527467, -7.9895626186e-006, 0.00351327843964, -0.00286967586726, 0.00170981115662], [-0.000172154366737, -0.00368181522936, 0.00235060602427, -0.00226703239605, 0.00198769313283, 0.00268592429347, -0.00024314399343, -0.00661248527467, 0.0191804338247, -0.008251266554, -2.54885653703e-005, 0.0048428568989, -0.00245860847645], [0.000369579094695, 0.00229419278912, -0.00188658840489, 0.00125114957336, -0.000839654821903, -0.00293559301645, 0.00200978806242, -7.9895626186e-006, -0.008251266554, 0.0165318995714, -0.00449568592012, -0.00473941490054, 0.00392654258758], [0.00061444012681, -0.00377218890935, 0.00222167931497, -0.00200708257034, 0.00396850053221, 0.00077334215166, -0.000389695167542, 0.00351327843964, -2.54885653703e-005, -0.00449568592012, 0.0224014613777, -0.00796222407371, 0.00280126137659], [-0.000822191592306, 0.00560455303639, -0.00166266341694, 0.00150129152462, -0.00336744496599, 0.00301159941591, 0.000284973852104, -0.00286967586726, 0.0048428568989, -0.00473941490054, -0.00796222407371, 0.0239861737937, -0.00917469151318], [0.0013879283797, -0.00521364016458, 0.00283697084524, -0.0023686864879, 0.00508628040552, -0.00293763051741, 0.000880983658135, 0.00170981115662, -0.00245860847645, 0.00392654258758, 0.00280126137659, -0.00917469151318, 0.028996437788]]
    },
    "melbands": {
        "mean": [4.462443394e-005, 0.000171370222233, 0.00051102868747, 0.000828315736726, 0.000168513244716, 4.44943980256e-005, 0.000598537328187, 0.000615824828856, 0.000218643894186, 0.000135285343276, 0.000151667016326, 5.758512998e-005, 4.97169276059e-006, 2.74611556961e-006, 1.78364803105e-006, 2.37095537159e-006, 1.84977022855e-006, 2.2197762064e-006, 2.21705863623e-006, 1.33001788072e-006, 1.42398573644e-006, 1.10577559553e-006, 4.44863047733e-007, 1.93062945186e-007, 1.57391880862e-007, 9.3719194183e-008, 3.153965622e-008, 2.2408666922e-008, 1.9991121647e-008, 7.29131777177e-009, 1.07472093447e-008, 6.99043445351e-009, 7.80609799023e-009, 6.71532518481e-009, 2.76122613663e-009, 2.31961316821e-009, 1.26294519287e-009, 6.95387358807e-010, 4.05801142689e-010, 2.94024610215e-010],
        "var": [2.37537123304e-009, 5.52711263424e-008, 7.24214601178e-007, 2.78405741483e-006, 1.06589908455e-007, 1.0395204697e-008, 6.33104446024e-006, 3.37939422934e-006, 7.89303157944e-007, 3.07773461827e-007, 4.48445774737e-007, 1.07082115619e-007, 7.06795122429e-010, 9.70042587922e-011, 6.9579134121e-011, 9.03158450805e-011, 5.41947355048e-011, 1.10585658686e-010, 1.01478436765e-010, 3.50138147642e-011, 5.09243723579e-011, 5.95328508712e-011, 5.53881072951e-012, 9.46268020538e-013, 1.24312571955e-012, 3.66523760127e-013, 3.083009515e-014, 3.3914040467e-014, 3.91093814235e-014, 1.5235593269e-015, 6.8070566138e-015, 3.63667539618e-015, 3.90980625222e-015, 3.00086366685e-015, 4.27687449148e-016, 3.71122483051e-016, 1.37926477617e-016, 3.4575180149e-017, 5.51506750193e-018, 5.04717609716e-018]
    },
    "mfcc": {
        "mean": [-892.410217285, 216.776092529, 51.8514099121, 9.42386722565, 2.82834768295, -9.68931484222, -17.3984050751, -2.78047299385, 7.96415424347, 5.72627639771, -0.686245083809, -5.98514842987, -6.85219621658],
        "cov": [[6543.93017578, 2006.46472168, -2819.1315918, -817.501525879, -323.277038574, -438.162658691, -433.570953369, 161.353256226, 35.0128517151, -67.3825531006, -83.2586975098, -180.025222778, -175.329574585], [2006.46472168, 1596.87402344, -515.890808105, -693.132202148, -198.988174438, -223.101104736, -158.60647583, -32.5264167786, 35.1412277222, -18.9627552032, -34.180015564, -56.5619697571, -123.022323608], [-2819.1315918, -515.890808105, 1641.75939941, 306.740447998, 4.19634819031, 142.876068115, 161.982788086, -104.748535156, -20.932674408, 42.6923599243, 27.8838939667, 74.3667068481, 56.7276344299], [-817.501525879, -693.132202148, 306.740447998, 510.913269043, 132.376800537, 59.3177108765, 50.2095069885, 11.9646100998, -26.4867134094, -1.96907579899, 17.2416915894, 22.4150867462, 68.5841217041], [-323.277038574, -198.988174438, 4.19634819031, 132.376800537, 202.452987671, 71.777015686, 14.548453331, -0.352641522884, -4.94016313553, -11.3382358551, 4.22606182098, 14.594950676, 13.2869787216], [-438.162658691, -223.101104736, 142.876068115, 59.3177108765, 71.777015686, 140.983276367, 66.9902267456, -13.9752101898, -12.1117658615, -0.654715359211, 2.42683577538, 7.50167274475, 10.1846294403], [-433.570953369, -158.60647583, 161.982788086, 50.2095069885, 14.548453331, 66.9902267456, 106.698692322, 18.2664260864, -14.5415811539, 0.186284452677, 2.77974295616, 4.36853551865, 1.50170004368], [161.353256226, -32.5264167786, -104.748535156, 11.9646100998, -0.352641522884, -13.9752101898, 18.2664260864, 78.3870010376, 36.0595359802, 6.05783700943, -0.290462166071, -8.15182876587, -5.46183490753], [35.0128517151, 35.1412277222, -20.932674408, -26.4867134094, -4.94016313553, -12.1117658615, -14.5415811539, 36.0595359802, 91.5747833252, 57.2307395935, 12.5366888046, -0.940473139286, -2.40819406509], [-67.3825531006, -18.9627552032, 42.6923599243, -1.96907579899, -11.3382358551, -0.654715359211, 0.186284452677, 6.05783700943, 57.2307395935, 88.7327346802, 36.6891326904, 2.64699554443, -3.40727353096], [-83.2586975098, -34.180015564, 27.8838939667, 17.2416915894, 4.22606182098, 2.42683577538, 2.77974295616, -0.290462166071, 12.5366888046, 36.6891326904, 57.7755355835, 30.8834342957, 4.40827941895], [-180.025222778, -56.5619697571, 74.3667068481, 22.4150867462, 14.594950676, 7.50167274475, 4.36853551865, -8.15182876587, -0.940473139286, 2.64699554443, 30.8834342957, 67.8724365234, 39.2675704956], [-175.329574585, -123.022323608, 56.7276344299, 68.5841217041, 13.2869787216, 10.1846294403, 1.50170004368, -5.46183490753, -2.40819406509, -3.40727353096, 4.40827941895, 39.2675704956, 81.24269104]],
        "icov": [[0.00598648935556, -0.00755721703172, 0.00867645815015, -0.00798389781266, 0.00944698415697, -0.00953791756183, 0.0118091581389, -0.0115751214325, 0.0107593555003, -0.00923767127097, 0.00731285708025, -0.00476882047951, 0.00265128072351], [-0.00755721703172, 0.0117569724098, -0.0110143329948, 0.0127745196223, -0.0124856168404, 0.014662024565, -0.0147520331666, 0.0159539524466, -0.014574800618, 0.0130097670481, -0.00994206406176, 0.00693828333169, -0.00275076064281], [0.00867645815015, -0.0110143329948, 0.0137374866754, -0.0125094726682, 0.0144221326336, -0.0139223663136, 0.0150285344571, -0.0140622919425, 0.0141269806772, -0.0133781451732, 0.01137260627, -0.00833473727107, 0.00444678869098], [-0.00798389781266, 0.0127745196223, -0.0125094726682, 0.0175555795431, -0.0157436076552, 0.0163431931287, -0.015043752268, 0.0141637315974, -0.0128502128646, 0.0131322126836, -0.0124412979931, 0.0102586895227, -0.00632877321914], [0.00944698415697, -0.0124856168404, 0.0144221326336, -0.0157436076552, 0.0232409238815, -0.0204320270568, 0.0202005822212, -0.017861623317, 0.0153523767367, -0.0132378702983, 0.0123526528478, -0.010652015917, 0.00626572174951], [-0.00953791756183, 0.014662024565, -0.0139223663136, 0.0163431931287, -0.0204320270568, 0.0328760743141, -0.0288201011717, 0.026254909113, -0.0213375594467, 0.0177049357444, -0.013588136062, 0.0108215650544, -0.00532220955938], [0.0118091581389, -0.0147520331666, 0.0150285344571, -0.015043752268, 0.0202005822212, -0.0288201011717, 0.0458144657314, -0.0374103374779, 0.0323204547167, -0.0240079388022, 0.0165116060525, -0.011081838049, 0.00671180058271], [-0.0115751214325, 0.0159539524466, -0.0140622919425, 0.0141637315974, -0.017861623317, 0.026254909113, -0.0374103374779, 0.0531456172466, -0.0412445217371, 0.0297965686768, -0.0184648893774, 0.0119188530371, -0.00379725289531], [0.0107593555003, -0.014574800618, 0.0141269806772, -0.0128502128646, 0.0153523767367, -0.0213375594467, 0.0323204547167, -0.0412445217371, 0.0538857392967, -0.0413073077798, 0.0232901535928, -0.0133677087724, 0.00398964760825], [-0.00923767127097, 0.0130097670481, -0.0133781451732, 0.0131322126836, -0.0132378702983, 0.0177049357444, -0.0240079388022, 0.0297965686768, -0.0413073077798, 0.0502642840147, -0.0343909263611, 0.019381057471, -0.00620585307479], [0.00731285708025, -0.00994206406176, 0.01137260627, -0.0124412979931, 0.0123526528478, -0.013588136062, 0.0165116060525, -0.0184648893774, 0.0232901535928, -0.0343909263611, 0.0511668697, -0.0306469593197, 0.0127099854872], [-0.00476882047951, 0.00693828333169, -0.00833473727107, 0.0102586895227, -0.010652015917, 0.0108215650544, -0.011081838049, 0.0119188530371, -0.0133677087724, 0.019381057471, -0.0306469593197, 0.0407642275095, -0.0188574772328], [0.00265128072351, -0.00275076064281, 0.00444678869098, -0.00632877321914, 0.00626572174951, -0.00532220955938, 0.00671180058271, -0.00379725289531, 0.00398964760825, -0.00620585307479, 0.0127099854872, -0.0188574772328, 0.0236488301307]]
    },
    "spectral_contrast_coeffs": {
        "mean": [-0.607275247574, -0.690308094025, -0.726502716541, -0.831801474094, -0.840354025364, -0.830244898796],
        "var": [0.0114847589284, 0.00880531221628, 0.00835466664284, 0.0031738767866, 0.0027322829701, 0.00155838776845]
    },
    "spectral_contrast_valleys": {
        "mean": [-8.21095466614, -7.83186578751, -9.34849834442, -10.2052927017, -11.0957279205, -13.7860546112],
        "var": [0.741370856762, 1.33554542065, 1.51040709019, 1.46674084663, 1.21878671646, 0.479227721691]
    }
},
"metadata": {
    "audio_properties": {
        "analysis_sample_rate": 44100,
        "bit_rate": 98452,
        "equal_loudness": 0,
        "length": 45.0873451233,
        "lossless": 0,
        "replay_gain": -6.81308746338,
        "sample_rate": 44100,
        "codec": "mp3",
        "downmix": "mix",
        "md5_encoded": "323729d25b89d83f9d32d2a4939edd20"
    },
    "tags": {
        "file_name": "795.mp3"
    },
    "version": {
        "essentia": "2.1-beta2",
        "essentia_git_sha": "v2.1_beta2",
        "extractor": "music 1.0"
    }
},
"rhythm": {
    "beats_count": 126,
    "beats_loudness": {
        "mean": 0.0252804961056,
        "var": 0.00116630864795
    },
    "bpm": 172.265563965,
    "bpm_histogram_first_peak_bpm": {
        "mean": 172,
        "var": 0
    },
    "bpm_histogram_first_peak_spread": {
        "mean": 0,
        "var": 0
    },
    "bpm_histogram_first_peak_weight": {
        "mean": 0.391999989748,
        "var": 0
    },
    "bpm_histogram_second_peak_bpm": {
        "mean": 167,
        "var": 0
    },
    "bpm_histogram_second_peak_spread": {
        "mean": 0,
        "var": 0
    },
    "bpm_histogram_second_peak_weight": {
        "mean": 0.192000001669,
        "var": 0
    },
    "danceability": 1.45322835445,
    "onset_rate": 3.14822626114,
    "beats_loudness_band_ratio": {
        "mean": [0.339246451855, 0.172266215086, 0.484999090433, 0.047503542155, 0.00801229849458, 0.000212539860513],
        "var": [0.0542597658932, 0.0138558140025, 0.0455170758069, 0.0047670584172, 0.000113595742732, 2.01145525125e-007]
    },
    "beats_position": [0.290249437094, 0.603718817234, 0.940408170223, 1.26548755169, 1.62539684772, 1.98530614376, 2.32199549675, 2.65868473053, 2.99537420273, 3.33206343651, 3.66875267029, 4.01705217361, 4.3653512001, 4.71365070343, 5.05034017563, 5.39863920212, 5.75854873657, 6.13006782532, 6.47836732864, 6.82666635513, 7.16335582733, 7.50004529953, 7.8251247406, 8.17342376709, 8.52172279358, 8.87002277374, 9.2067117691, 9.55501079559, 9.89170074463, 10.2399997711, 10.5882987976, 10.9365987778, 11.261677742, 11.5867567062, 11.9350566864, 12.294965744, 12.6548748016, 13.0031747818, 13.3514738083, 13.6997728348, 14.0712919235, 14.4544210434, 14.8143310547, 15.1858501434, 15.5573692322, 15.9288883209, 16.3004074097, 16.6719264984, 17.0202255249, 17.3685264587, 17.7168254852, 18.0419044495, 18.3785934448, 18.7385025024, 19.0984115601, 19.5163707733, 19.9459400177, 20.363899231, 20.758638382, 21.1649875641, 21.5713367462, 21.9660758972, 22.3375968933, 22.7207260132, 23.1154651642, 23.4985942841, 23.8701133728, 24.2416324615, 24.6131515503, 24.9614505768, 25.3097496033, 25.6580486298, 26.0063495636, 26.3662586212, 26.7261676788, 27.0744667053, 27.4343757629, 27.7826747894, 28.142583847, 28.5024929047, 28.8624038696, 29.2107028961, 29.5590019226, 29.9073009491, 30.2555999756, 30.6038990021, 30.9521980286, 31.3004989624, 31.6487979889, 31.9970970154, 32.3686180115, 32.7285270691, 33.0884361267, 33.4715652466, 33.843082428, 34.2029914856, 34.5512924194, 34.9344215393, 35.3175506592, 35.6890678406, 36.0489807129, 36.4088897705, 36.7571868896, 37.093875885, 37.4537849426, 37.790473938, 38.1271629333, 38.4754638672, 38.823764801, 39.1836738586, 39.5435829163, 39.8918800354, 40.2634010315, 40.6116981506, 40.9599990845, 41.3083000183, 41.6565971375, 42.0048980713, 42.3415870667, 42.678276062, 43.0265769958, 43.374874115, 43.7347831726, 44.0946922302, 44.4429931641, 44.7912902832]
},
"tonal": {
    "chords_changes_rate": 0.0174897126853,
    "chords_number_rate": 0.00411522621289,
    "chords_strength": {
        "mean": 0.637194752693,
        "var": 0.00787989795208
    },
    "hpcp_entropy": {
        "mean": 1.75383687019,
        "var": 0.342942148447
    },
    "key_strength": 0.735204935074,
    "tuning_diatonic_strength": 0.675741434097,
    "tuning_equal_tempered_deviation": 0.157028496265,
    "tuning_frequency": 432.441040039,
    "tuning_nontempered_energy_ratio": 0.819813013077,
    "hpcp": {
        "mean": [0.15626706183, 0.173476323485, 0.181817322969, 0.207663625479, 0.209747582674, 0.271659165621, 0.248345017433, 0.116391554475, 0.0510079115629, 0.0316767208278, 0.0292194485664, 0.0794996470213, 0.18099206686, 0.206224545836, 0.108646161854, 0.0531363897026, 0.115433722734, 0.126070857048, 0.045274887234, 0.00718620885164, 0.00983705744147, 0.0164511259645, 0.0261505860835, 0.0308503713459, 0.0372017845511, 0.0668692290783, 0.213100463152, 0.352603077888, 0.247656300664, 0.0904636606574, 0.0531716756523, 0.0554739162326, 0.0621481500566, 0.0725733935833, 0.0951640829444, 0.112911276519],
        "var": [0.0873329490423, 0.0996036976576, 0.0591667369008, 0.0918814688921, 0.0794635787606, 0.135427057743, 0.118403382599, 0.0358385406435, 0.0153847970068, 0.00887675583363, 0.0129146734253, 0.0386999994516, 0.0722030997276, 0.0935403183103, 0.0473542734981, 0.0174758788198, 0.0593050122261, 0.0716681182384, 0.0112452041358, 0.00142173981294, 0.00220066914335, 0.0047706332989, 0.010203612037, 0.00954162701964, 0.012522903271, 0.0172232054174, 0.0595190636814, 0.130131050944, 0.0849914327264, 0.0321217104793, 0.0215902421623, 0.024103153497, 0.0279327444732, 0.0304581187665, 0.0344804190099, 0.0441134646535]
    },
    "chords_histogram": [9.87654304504, 0.823045253754, 33.127571106, 0, 0, 0, 0, 0, 0, 52.880657196, 2.46913576126, 0.823045253754, 0, 0, 0, 0, 0, 0, 0, 0, 0, 0, 0, 0],
    "thpcp": [1, 0.70236569643, 0.256559461355, 0.150797531009, 0.157326802611, 0.176255270839, 0.205821782351, 0.269890099764, 0.320222049952, 0.443181216717, 0.491987556219, 0.515643060207, 0.58894443512, 0.594854652882, 0.77043902874, 0.704318940639, 0.330092281103, 0.144660994411, 0.089836768806, 0.0828678235412, 0.225464984775, 0.513302564621, 0.584863126278, 0.308125972748, 0.150697469711, 0.32737582922, 0.357543259859, 0.128401845694, 0.02038044855, 0.0278983879834, 0.0466562174261, 0.0741643756628, 0.0874931961298, 0.105506122112, 0.189644485712, 0.604363620281],
    "chords_key": "F#",
    "chords_scale": "major",
    "key_key": "B",
    "key_scale": "minor"
}
}