{
"lowlevel": {
    "average_loudness": 0.949408948421,
    "barkbands_crest": {
        "mean": 10.0478878021,
        "var": 12.9379062653
    },
    "barkbands_flatness_db": {
        "mean": 0.293378919363,
        "var": 0.00481504853815
    },
    "barkbands_kurtosis": {
        "mean": 3.41837143898,
        "var": 17.6422576904
    },
    "barkbands_skewness": {
        "mean": 0.801353514194,
        "var": 0.946544885635
    },
    "barkbands_spread": {
        "mean": 6.91472864151,
        "var": 12.0848913193
    },
    "dissonance": {
        "mean": 0.40298089385,
        "var": 0.00364495115355
    },
    "dynamic_complexity": 1.26984226704,
    "erbbands_crest": {
        "mean": 13.2656707764,
        "var": 35.380695343
    },
    "erbbands_flatness_db": {
        "mean": 0.306533634663,
        "var": 0.00513910595328
    },
    "erbbands_kurtosis": {
        "mean": 3.47893810272,
        "var": 31.3719005585
    },
    "erbbands_skewness": {
        "mean": 0.783283114433,
        "var": 0.818612992764
    },
    "erbbands_spread": {
        "mean": 13.4973506927,
        "var": 64.1373214722
    },
    "hfc": {
        "mean": 15.1838302612,
        "var": 53.0354919434
    },
    "melbands_crest": {
        "mean": 11.8908891678,
        "var": 16.0897865295
    },
    "melbands_flatness_db": {
        "mean": 0.399742096663,
        "var": 0.00612005451694
    },
    "melbands_kurtosis": {
        "mean": 3.84856247902,
        "var": 18.7385635376
    },
    "melbands_skewness": {
        "mean": 1.05255746841,
        "var": 0.934943854809
    },
    "melbands_spread": {
        "mean": 9.32544803619,
        "var": 52.4207115173
    },
    "pitch_salience": {
        "mean": 0.589810073376,
        "var": 0.00961322896183
    },
    "silence_rate_20dB": {
        "mean": 1,
        "var": 0
    },
    "silence_rate_30dB": {
        "mean": 1,
        "var": 0
    },
    "silence_rate_60dB": {
        "mean": 0.00257334019989,
        "var": 0.0025667718146
    },
    "spectral_centroid": {
        "mean": 524.692932129,
        "var": 193041.890625
    },
    "spectral_complexity": {
        "mean": 13.0910959244,
        "var": 10.9361095428
    },
    "spectral_decrease": {
        "mean": -9.75600489284e-009,
        "var": 1.07917680211e-017
    },
    "spectral_energy": {
        "mean": 0.038198556751,
        "var": 0.000167021949892
    },
    "spectral_energyband_high": {
        "mean": 2.18095428863e-005,
        "var": 4.85518736326e-009
    },
    "spectral_energyband_low": {
        "mean": 0.0088082421571,
        "var": 3.34349970217e-005
    },
    "spectral_energyband_middle_high": {
        "mean": 0.00252497708425,
        "var": 1.46161546581e-005
    },
    "spectral_energyband_middle_low": {
        "mean": 0.0280059836805,
        "var": 0.00018375570653
    },
    "spectral_entropy": {
        "mean": 6.04812908173,
        "var": 0.234141647816
    },
    "spectral_flux": {
        "mean": 0.0707972347736,
        "var": 0.000655732641462
    },
    "spectral_kurtosis": {
        "mean": 64.2049407959,
        "var": 3257.484375
    },
    "spectral_rms": {
        "mean": 0.00601600389928,
        "var": 1.07466496502e-006
    },
    "spectral_rolloff": {
        "mean": 634.933959961,
        "var": 712603.6875
    },
    "spectral_skewness": {
        "mean": 5.44346666336,
        "var": 7.12905883789
    },
    "spectral_spread": {
        "mean": 1651620.5,
        "var": 3.45928184627e+012
    },
    "spectral_strongpeak": {
        "mean": 1.39210152626,
        "var": 1.72718513012
    },
    "zerocrossingrate": {
        "mean": 0.0246447585523,
        "var": 0.000526448362507
    },
    "barkbands": {
        "mean": [0.000118204035971, 0.00457067368552, 0.00317769264802, 0.00205744267441, 0.00685183051974, 0.00530405016616, 0.00752253364772, 0.00304538570344, 0.00269659562036, 0.000705872196704, 0.000484792224597, 0.000929802772589, 0.000238682099734, 0.000174218104803, 7.52883497626e-005, 4.67379395559e-005, 8.06737880339e-005, 6.28705747658e-005, 2.9234766771e-005, 5.508018603e-006, 1.67188727573e-006, 2.14311626223e-006, 2.90037019113e-006, 2.82803603113e-006, 2.78362244899e-006, 8.17997806735e-006, 5.64384237123e-008],
        "var": [3.57513236793e-008, 1.35802674777e-005, 1.39318108268e-005, 4.61680838271e-006, 4.05000755563e-005, 2.18515233428e-005, 0.000111880108307, 1.71207120729e-005, 2.78775496554e-005, 9.09249411052e-006, 6.24196786703e-007, 9.72866837401e-006, 2.77290610029e-007, 5.78127412609e-008, 1.86303594774e-008, 6.40890585046e-009, 2.94931421507e-008, 2.55663774595e-008, 4.99199481752e-009, 2.16305251488e-010, 4.87980315877e-011, 1.83331516634e-010, 1.1940755329e-010, 1.24390095446e-010, 3.67425756487e-010, 9.48979672621e-010, 1.07393830157e-013]
    },
    "erbbands": {
        "mean": [0.0964467525482, 1.15936398506, 3.54333519936, 5.52299547195, 9.48128509521, 33.895526886, 28.8426837921, 44.6015663147, 78.4944381714, 133.573883057, 61.8163452148, 64.3060073853, 39.0688781738, 13.3846588135, 18.8793792725, 46.6420211792, 14.6941108704, 9.75195503235, 3.88918614388, 4.63963747025, 3.16240572929, 4.19354391098, 3.11927437782, 1.98876070976, 1.83944308758, 0.351604670286, 0.0840314999223, 0.0695517361164, 0.090652436018, 0.0561998188496, 0.0818640068173, 0.0741595178843, 0.0435317568481, 0.0331675037742, 0.0214545000345, 0.0619758144021, 0.00726003246382, 0.00042007691809, 3.0224213333e-005, 4.33386594523e-005],
        "var": [0.00962368585169, 0.883844912052, 13.1252670288, 21.2808361053, 66.3129348755, 1368.9362793, 471.872344971, 1624.03039551, 17533.28125, 34114.5859375, 6375.83398438, 16992.6542969, 17177.2636719, 308.873687744, 689.611938477, 25206.7539063, 776.182373047, 174.23777771, 34.9033470154, 75.6978530884, 31.6397438049, 76.7499389648, 57.3246765137, 22.8557453156, 24.2772216797, 0.583367705345, 0.0985685884953, 0.0596380233765, 0.380709260702, 0.0877734422684, 0.102684848011, 0.0400491952896, 0.067797511816, 0.0537077113986, 0.0147012900561, 0.0560802519321, 0.000698908639606, 2.53695520769e-006, 2.34387531606e-009, 2.11033801545e-010]
    },
    "gfcc": {
        "mean": [-90.8971176147, 214.709197998, -97.5129394531, -19.0130138397, -39.7815055847, -12.1858615875, -33.5410003662, 5.1618013382, -10.144408226, -6.05334663391, -0.325832664967, -8.37893104553, -8.58708953857],
        "cov": [[4854.29785156, -1389.8918457, -509.609802246, 575.856323242, -415.599517822, 393.903717041, -327.383483887, 260.106292725, -489.649017334, 208.952575684, -147.903579712, 290.752197266, -337.124084473], [-1389.8918457, 1847.39160156, -110.554885864, -475.369842529, 467.424560547, -445.203765869, 292.307403564, -226.171173096, 326.634216309, -221.314788818, 162.789474487, -264.270141602, 271.109008789], [-509.609802246, -110.554885864, 722.465759277, -158.590927124, -192.874969482, 199.219970703, -121.493515015, 6.54263973236, 123.787948608, 28.0313453674, -142.873733521, 19.6406574249, -20.7193050385], [575.856323242, -475.369842529, -158.590927124, 578.218261719, -194.615402222, 56.881313324, 47.8459396362, 61.2421379089, -90.8336334229, -16.091293335, 96.0600967407, -28.9998836517, 2.35474538803], [-415.599517822, 467.424560547, -192.874969482, -194.615402222, 574.46673584, -295.816864014, 31.3418922424, 34.074092865, -96.9687423706, -41.4068603516, -49.4424972534, 71.1605834961, -54.6384048462], [393.903717041, -445.203765869, 199.219970703, 56.881313324, -295.816864014, 526.137145996, -75.8718185425, -76.7886505127, 47.3731460571, 67.0588912964, 1.82961809635, -9.166223526, -8.16917705536], [-327.383483887, 292.307403564, -121.493515015, 47.8459396362, 31.3418922424, -75.8718185425, 225.710906982, -31.6628303528, 48.5418167114, -28.8056221008, 103.644325256, -80.8336410522, 72.4230880737], [260.106292725, -226.171173096, 6.54263973236, 61.2421379089, 34.074092865, -76.7886505127, -31.6628303528, 186.262252808, -77.2796173096, 15.9194803238, -51.325302124, 75.7877655029, -72.1574478149], [-489.649017334, 326.634216309, 123.787948608, -90.8336334229, -96.9687423706, 47.3731460571, 48.5418167114, -77.2796173096, 267.464813232, -30.980846405, 55.6415710449, -104.276374817, 113.270454407], [208.952575684, -221.314788818, 28.0313453674, -16.091293335, -41.4068603516, 67.0588912964, -28.8056221008, 15.9194803238, -30.980846405, 122.880210876, -32.7418861389, 41.7036590576, -58.2240142822], [-147.903579712, 162.789474487, -142.873733521, 96.0600967407, -49.4424972534, 1.82961809635, 103.644325256, -51.325302124, 55.6415710449, -32.7418861389, 178.817230225, -80.3014602661, 77.1764907837], [290.752197266, -264.270141602, 19.6406574249, -28.9998836517, 71.1605834961, -9.166223526, -80.8336410522, 75.7877655029, -104.276374817, 41.7036590576, -80.3014602661, 168.14352417, -85.8658599854], [-337.124084473, 271.109008789, -20.7193050385, 2.35474538803, -54.6384048462, -8.16917705536, 72.4230880737, -72.1574478149, 113.270454407, -58.2240142822, 77.1764907837, -85.8658599854, 161.868377686]],
        "icov": [[0.00103026756551, -0.00226449640468, 0.00177101965528, -0.00158611428924, 0.00248935678974, -0.00173512357287, 0.00184145325329, -0.00177123735193, 0.00153307046276, -0.0015929704532, 0.00184036698192, -0.00223389803432, 0.00161922594998], [-0.00226449640468, 0.00963734649122, -0.00457781273872, 0.00606336211786, -0.00840789265931, 0.00595959182829, -0.00618695328012, 0.00613380642608, -0.00554714398459, 0.00650026509538, -0.00568358181044, 0.00836557801813, -0.00519922329113], [0.00177101965528, -0.00457781273872, 0.00566039513797, -0.00259652594104, 0.00549834035337, -0.00386823574081, 0.00361865875311, -0.00383010460064, 0.00163430639077, -0.00258654821664, 0.00546578131616, -0.00442329514772, 0.00342593691312], [-0.00158611428924, 0.00606336211786, -0.00259652594104, 0.00683656428009, -0.0041550216265, 0.00359939760529, -0.00436375336722, 0.00261596427299, -0.00210478599183, 0.00500023178756, -0.00485050305724, 0.00589466653764, -0.00328185688704], [0.00248935678974, -0.00840789265931, 0.00549834035337, -0.0041550216265, 0.0115129686892, -0.0042298939079, 0.00494720228016, -0.00522720254958, 0.00563533371314, -0.00423470512033, 0.00612404663116, -0.0086066396907, 0.00620799604803], [-0.00173512357287, 0.00595959182829, -0.00386823574081, 0.00359939760529, -0.0042298939079, 0.00729136774316, -0.00339532131329, 0.00577160343528, -0.00363974273205, 0.00302362442017, -0.0044397120364, 0.00484054349363, -0.00279151764698], [0.00184145325329, -0.00618695328012, 0.00361865875311, -0.00436375336722, 0.00494720228016, -0.00339532131329, 0.0115787358955, -0.00458786869422, 0.00360721838661, -0.00543601624668, 0.00116364855785, -0.0035157634411, 0.00209771585651], [-0.00177123735193, 0.00613380642608, -0.00383010460064, 0.00261596427299, -0.00522720254958, 0.00577160343528, -0.00458786869422, 0.0128202177584, -0.00380832981318, 0.00444509042427, -0.00300901965238, 0.00269901473075, -0.0010658527026], [0.00153307046276, -0.00554714398459, 0.00163430639077, -0.00210478599183, 0.00563533371314, -0.00363974273205, 0.00360721838661, -0.00380832981318, 0.0111043322831, -0.00402622483671, 0.00205354904756, -0.00235070032068, -0.000314367003739], [-0.0015929704532, 0.00650026509538, -0.00258654821664, 0.00500023178756, -0.00423470512033, 0.00302362442017, -0.00543601624668, 0.00444509042427, -0.00402622483671, 0.016022361815, -0.00312843103893, 0.00383491255343, 0.000634809432086], [0.00184036698192, -0.00568358181044, 0.00546578131616, -0.00485050305724, 0.00612404663116, -0.0044397120364, 0.00116364855785, -0.00300901965238, 0.00205354904756, -0.00312843103893, 0.0155995981768, -0.0039957431145, 0.00198393221945], [-0.00223389803432, 0.00836557801813, -0.00442329514772, 0.00589466653764, -0.0086066396907, 0.00484054349363, -0.0035157634411, 0.00269901473075, -0.00235070032068, 0.00383491255343, -0.0039957431145, 0.0190455280244, -0.00416794605553], [0.00161922594998, -0.00519922329113, 0.00342593691312, -0.00328185688704, 0.00620799604803, -0.00279151764698, 0.00209771585651, -0.0010658527026, -0.000314367003739, 0.000634809432086, 0.00198393221945, -0.00416794605553, 0.0165769141167]]
    },
    "melbands": {
        "mean": [0.00108942168299, 0.00180165481288, 0.00106862199027, 0.00147626479156, 0.00122667325195, 0.00102419976611, 0.0013019106118, 0.00128054479137, 0.000489572994411, 0.000371591217117, 0.000183123571333, 4.66464698547e-005, 6.76566269249e-005, 9.95116570266e-005, 7.69169419073e-005, 1.7881153326e-005, 1.9015322323e-005, 6.55459098198e-006, 5.02048806084e-006, 4.30376485383e-006, 4.09435688198e-006, 3.83654924008e-006, 5.09117626279e-006, 2.04381558433e-006, 1.48510832787e-006, 1.24288760617e-006, 7.96775282197e-007, 1.31346652665e-007, 4.85212190426e-008, 3.78000457602e-008, 4.10303719889e-008, 5.33007415982e-008, 3.59613743228e-008, 3.11223367078e-008, 3.66092152149e-008, 7.46405532936e-008, 3.28676783568e-008, 3.24655182737e-008, 2.36614354776e-008, 2.9929910994e-008],
        "var": [8.62534704993e-007, 2.32204160966e-006, 6.50813717584e-007, 1.8203683112e-006, 7.99603583346e-007, 8.66879020123e-007, 4.18966237703e-006, 3.02197145174e-006, 4.45197656518e-007, 5.63755406802e-007, 4.2574876602e-007, 3.91641119535e-009, 1.18420615536e-008, 1.0818271079e-007, 4.15263450293e-008, 1.15388043564e-009, 7.01940894299e-010, 1.33042757366e-010, 7.65886451481e-011, 5.56205567714e-011, 7.66251229134e-011, 5.95430163508e-011, 2.05059386138e-010, 2.17804264208e-011, 1.59265604177e-011, 1.06170801317e-011, 3.8539848396e-012, 1.27351146122e-013, 3.66893947406e-014, 5.14420591628e-014, 1.60071185229e-014, 1.4774688634e-013, 4.26440702412e-014, 2.91092731787e-014, 3.5552510507e-014, 4.26647276807e-014, 1.07491225393e-014, 4.19590475917e-014, 2.29200796661e-014, 4.83428028782e-014]
    },
    "mfcc": {
        "mean": [-743.706481934, 252.338638306, 8.31021118164, 3.02360200882, 9.78956604004, -14.8080892563, -8.01264286041, 1.77204144001, -8.7620973587, 3.55242705345, 3.59961080551, 2.80586147308, 0.704780220985],
        "cov": [[2552.1953125, -1091.90466309, -492.913787842, 286.0909729, -77.6821670532, 41.5093345642, 254.843658447, 106.243682861, -240.860565186, 4.93404722214, -21.5935401917, 29.3515853882, 35.3236427307], [-1091.90466309, 1398.79321289, -162.510055542, -152.599975586, 169.095092773, -91.8954086304, -102.031417847, -56.5666236877, 120.169807434, -41.5869102478, -27.944278717, 12.6773672104, -12.1872682571], [-492.913787842, -162.510055542, 967.814331055, -274.68572998, -142.365478516, 200.918167114, -187.334396362, -48.2831764221, 163.394042969, 57.76537323, 62.4750442505, -24.4248085022, -26.4757232666], [286.0909729, -152.599975586, -274.68572998, 479.871643066, 13.9393434525, -222.651763916, 134.84942627, 80.3396453857, -96.5689697266, 8.20962619781, -25.1638851166, -22.0553951263, 15.6566858292], [-77.6821670532, 169.095092773, -142.365478516, 13.9393434525, 227.607727051, -22.8047351837, -35.2929229736, 38.0928039551, -7.52365922928, -39.1337928772, -31.1271629333, 6.40562868118, -18.3229885101], [41.5093345642, -91.8954086304, 200.918167114, -222.651763916, -22.8047351837, 295.626190186, -9.44139957428, -56.8911933899, 39.6664505005, 10.0080041885, 12.8256807327, 20.3916893005, -4.63129329681], [254.843658447, -102.031417847, -187.334396362, 134.84942627, -35.2929229736, -9.44139957428, 208.544754028, 31.5921802521, -81.2258529663, 4.98866891861, 6.51658821106, -18.4966182709, 10.633020401], [106.243682861, -56.5666236877, -48.2831764221, 80.3396453857, 38.0928039551, -56.8911933899, 31.5921802521, 120.309646606, -17.3755950928, -9.67624092102, -11.0055627823, 0.913778662682, -4.85290956497], [-240.860565186, 120.169807434, 163.394042969, -96.5689697266, -7.52365922928, 39.6664505005, -81.2258529663, -17.3755950928, 131.324172974, 14.5257930756, 1.83928251266, 5.57478189468, 3.1520280838], [4.93404722214, -41.5869102478, 57.76537323, 8.20962619781, -39.1337928772, 10.0080041885, 4.98866891861, -9.67624092102, 14.5257930756, 96.4163208008, 34.34192276, -16.3161773682, -10.8145942688], [-21.5935401917, -27.944278717, 62.4750442505, -25.1638851166, -31.1271629333, 12.8256807327, 6.51658821106, -11.0055627823, 1.83928251266, 34.34192276, 89.8762664795, 9.27660179138, -17.7565174103], [29.3515853882, 12.6773672104, -24.4248085022, -22.0553951263, 6.40562868118, 20.3916893005, -18.4966182709, 0.913778662682, 5.57478189468, -16.3161773682, 9.27660179138, 81.0306930542, 26.8735141754], [35.3236427307, -12.1872682571, -26.4757232666, 15.6566858292, -18.3229885101, -4.63129329681, 10.633020401, -4.85290956497, 3.1520280838, -10.8145942688, -17.7565174103, 26.8735141754, 95.9011535645]],
        "icov": [[0.000830495380796, 0.000600033788942, 0.00054339406779, -6.55164403724e-005, 0.00022015356808, -0.00044929314754, 1.7981914425e-005, -0.00041964527918, 0.0003787552414, -0.000159218878252, 0.000150156192831, -0.00021484446188, -1.41950822581e-005], [0.000600033788942, 0.00152702711057, 0.000597476784606, 0.000604153960012, -0.00066580803832, 0.000631860923022, -0.00045481196139, 0.000537953397725, -0.00102689152118, -1.27959256133e-005, 0.000252670462942, -0.000354770250851, 0.00019881692424], [0.00054339406779, 0.000597476784606, 0.00261618196964, -7.98546825536e-005, 0.00149881828111, -0.00167750217952, 0.00211008032784, -0.00121155008674, -0.00118359527551, 0.000100612334791, -0.00126137875486, 0.00155399553478, -9.75997536443e-005], [-6.55164403724e-005, 0.000604153960012, -7.98546825536e-005, 0.00506104063243, -0.000881377083715, 0.00386804970913, -0.00287969084457, -0.000132218629005, 0.000307956215693, -0.00149909511674, 0.00160740921274, -0.000755342422053, -8.62908127601e-005], [0.00022015356808, -0.00066580803832, 0.00149881828111, -0.000881377083715, 0.00716305570677, -0.00208428106271, 0.00322719383985, -0.00310420081951, 0.000886714609805, 0.0015701915836, 0.000236022140598, 0.000828050426207, 0.00110459071584], [-0.00044929314754, 0.000631860923022, -0.00167750217952, 0.00386804970913, -0.00208428106271, 0.00835093855858, -0.00445409025997, 0.00320088141598, -0.00123566866387, -0.00117588602006, 0.0021275782492, -0.00309973582625, 0.000982617144473], [1.7981914425e-005, -0.00045481196139, 0.00211008032784, -0.00287969084457, 0.00322719383985, -0.00445409025997, 0.0110330414027, -0.00330464052968, 0.00345269683748, 0.000701622047927, -0.00297637353651, 0.00416428502649, -0.00175313907675], [-0.00041964527918, 0.000537953397725, -0.00121155008674, -0.000132218629005, -0.00310420081951, 0.00320088141598, -0.00330464052968, 0.0119234062731, -0.00144582649227, 0.000222578411922, 0.00150279339869, -0.00228509469889, 0.00143249391112], [0.0003787552414, -0.00102689152118, -0.00118359527551, 0.000307956215693, 0.000886714609805, -0.00123566866387, 0.00345269683748, -0.00144582649227, 0.0135937882587, -0.00223971460946, 0.00105611584149, -0.000236800551647, -0.00143074069638], [-0.000159218878252, -1.27959256133e-005, 0.000100612334791, -0.00149909511674, 0.0015701915836, -0.00117588602006, 0.000701622047927, 0.000222578411922, -0.00223971460946, 0.0141211645678, -0.00553755136207, 0.00359673565254, 0.000139071984449], [0.000150156192831, 0.000252670462942, -0.00126137875486, 0.00160740921274, 0.000236022140598, 0.0021275782492, -0.00297637353651, 0.00150279339869, 0.00105611584149, -0.00553755136207, 0.0161728356034, -0.00559410080314, 0.00382292177528], [-0.00021484446188, -0.000354770250851, 0.00155399553478, -0.000755342422053, 0.000828050426207, -0.00309973582625, 0.00416428502649, -0.00228509469889, -0.000236800551647, 0.00359673565254, -0.00559410080314, 0.0176499150693, -0.00555071886629], [-1.41950822581e-005, 0.00019881692424, -9.75997536443e-005, -8.62908127601e-005, 0.00110459071584, 0.000982617144473, -0.00175313907675, 0.00143249391112, -0.00143074069638, 0.000139071984449, 0.00382292177528, -0.00555071886629, 0.0132963722572]]
    },
    "spectral_contrast_coeffs": {
        "mean": [-0.61517393589, -0.688506245613, -0.700913310051, -0.748054623604, -0.727592349052, -0.806423485279],
        "var": [0.00518443156034, 0.00445383647457, 0.0037366959732, 0.002716811141, 0.00515151489526, 0.00311053986661]
    },
    "spectral_contrast_valleys": {
        "mean": [-6.80652284622, -5.89073038101, -7.5128569603, -8.69679260254, -10.0389757156, -13.0008926392],
        "var": [0.96083599329, 0.982933759689, 0.964661359787, 1.03016674519, 1.11545169353, 1.51119148731]
    }
},
"metadata": {
    "audio_properties": {
        "analysis_sample_rate": 44100,
        "bit_rate": 106428,
        "equal_loudness": 0,
        "length": 45.0873451233,
        "lossless": 0,
        "replay_gain": -14.3711605072,
        "sample_rate": 44100,
        "codec": "mp3",
        "downmix": "mix",
        "md5_encoded": "f9f476fd9dc81a720b883555c1c116cf"
    },
    "tags": {
        "file_name": "797.mp3"
    },
    "version": {
        "essentia": "2.1-beta2",
        "essentia_git_sha": "v2.1_beta2",
        "extractor": "music 1.0"
    }
},
"rhythm": {
    "beats_count": 93,
    "beats_loudness": {
        "mean": 0.0401819087565,
        "var": 0.000156044232426
    },
    "bpm": 125.194633484,
    "bpm_histogram_first_peak_bpm": {
        "mean": 126,
        "var": 0
    },
    "bpm_histogram_first_peak_spread": {
        "mean": 0.48192769289,
        "var": 0
    },
    "bpm_histogram_first_peak_weight": {
        "mean": 0.467391312122,
        "var": 0
    },
    "bpm_histogram_second_peak_bpm": {
        "mean": 117,
        "var": 0
    },
    "bpm_histogram_second_peak_spread": {
        "mean": 0.444444447756,
        "var": 0
    },
    "bpm_histogram_second_peak_weight": {
        "mean": 0.0543478243053,
        "var": 0
    },
    "danceability": 1.09757435322,
    "onset_rate": 2.77132606506,
    "beats_loudness_band_ratio": {
        "mean": [0.309465020895, 0.306317985058, 0.356988400221, 0.0650377869606, 0.0113972760737, 0.00256475131027],
        "var": [0.0270267911255, 0.017456529662, 0.0402240864933, 0.00492597697303, 0.00016753692762, 8.76472495293e-006]
    },
    "beats_position": [0.49922901392, 1.02167797089, 1.53251695633, 2.04335594177, 2.55419492722, 3.06503391266, 3.5758728981, 4.05188179016, 4.52789115906, 5.00390005112, 5.47990942001, 5.9675283432, 6.44353723526, 6.93115615845, 7.40716552734, 7.89478445053, 8.38240337372, 8.87002277374, 9.34603118896, 9.82204055786, 10.3096599579, 10.7856683731, 11.2732877731, 11.749297142, 12.2253055573, 12.7013149261, 13.177324295, 13.6649427414, 14.1409521103, 14.6401815414, 15.1394100189, 15.6038093567, 16.0682086945, 16.5442180634, 17.0202255249, 17.4846248627, 17.9722442627, 18.4598636627, 18.9474830627, 19.4118824005, 19.8762817383, 20.3522891998, 20.8282985687, 21.3159179688, 21.8035373688, 22.2911567688, 22.7787742615, 23.2547836304, 23.7307929993, 24.2184123993, 24.7060317993, 25.1820411682, 25.6580486298, 26.1340579987, 26.6100673676, 27.0976867676, 27.5736961365, 28.0497055054, 28.537322998, 29.0133323669, 29.4893417358, 29.9769611359, 30.4645805359, 30.9521980286, 31.4165973663, 31.8926067352, 32.3802261353, 32.8562355042, 33.332244873, 33.8082542419, 34.2958717346, 34.7718811035, 35.2478904724, 35.7355079651, 36.2231292725, 36.6991386414, 37.1751480103, 37.6627655029, 38.1387748718, 38.6147842407, 39.1024017334, 39.6016311646, 40.0776405334, 40.5420417786, 41.0180473328, 41.4940567017, 41.981678009, 42.4460754395, 42.9336967468, 43.4097061157, 43.8973236084, 44.3733329773, 44.86095047]
},
"tonal": {
    "chords_changes_rate": 0.0524691343307,
    "chords_number_rate": 0.00823045242578,
    "chords_strength": {
        "mean": 0.533120930195,
        "var": 0.00735577149317
    },
    "hpcp_entropy": {
        "mean": 1.85653746128,
        "var": 0.403208822012
    },
    "key_strength": 0.820053040981,
    "tuning_diatonic_strength": 0.591109216213,
    "tuning_equal_tempered_deviation": 0.0225140340626,
    "tuning_frequency": 441.017791748,
    "tuning_nontempered_energy_ratio": 0.66181230545,
    "hpcp": {
        "mean": [0.210491016507, 0.102076247334, 0.0203851293772, 0.0171550754458, 0.044927418232, 0.351557374001, 0.606036067009, 0.345812290907, 0.129629477859, 0.136293962598, 0.075662009418, 0.0242719706148, 0.0190024040639, 0.0249634552747, 0.0915194228292, 0.161454796791, 0.115405745804, 0.0662163570523, 0.067732013762, 0.0846581310034, 0.260595500469, 0.363508015871, 0.183646097779, 0.0466232299805, 0.0352289192379, 0.0308137871325, 0.0607613138855, 0.0898960605264, 0.0953857153654, 0.222561076283, 0.281991660595, 0.124064356089, 0.0208229403943, 0.0145787196234, 0.0439134724438, 0.15663151443],
        "var": [0.101054057479, 0.0294132009149, 0.00436042621732, 0.00460739899427, 0.00913330819458, 0.0697701275349, 0.150490418077, 0.0687987878919, 0.0382443927228, 0.0595472827554, 0.0218935552984, 0.00789718143642, 0.00516939908266, 0.00476222950965, 0.0211923550814, 0.0709056407213, 0.0419109351933, 0.0165712293237, 0.0215586125851, 0.0244089365005, 0.0689949020743, 0.133805736899, 0.0490020290017, 0.0127793010324, 0.012913278304, 0.00874620862305, 0.0150257600471, 0.0300472360104, 0.0269338153303, 0.0658472925425, 0.109313607216, 0.0317812040448, 0.00359189580195, 0.00233910046518, 0.0121964132413, 0.0571072511375]
    },
    "chords_histogram": [44.2386817932, 16.3580245972, 3.08641982079, 0.411522626877, 0, 0, 0, 0.720164597034, 6.99588489532, 5.45267486572, 0.514403283596, 0, 0, 0, 0, 0, 0, 0, 0, 0, 1.85185182095, 0, 9.25925922394, 11.1111106873],
    "thpcp": [1, 0.570613384247, 0.213897302747, 0.224894151092, 0.124847367406, 0.0400503724813, 0.0313552357256, 0.0411913692951, 0.151013165712, 0.266411215067, 0.190427184105, 0.109261415899, 0.111762344837, 0.139691576362, 0.42999997735, 0.599812507629, 0.303028345108, 0.0769314467907, 0.0581300705671, 0.0508448071778, 0.100260227919, 0.148334503174, 0.157392799854, 0.367240637541, 0.465305089951, 0.204714477062, 0.0343592427671, 0.0240558609366, 0.07246016711, 0.258452475071, 0.347324252129, 0.168432623148, 0.0336368270218, 0.0283070206642, 0.0741332396865, 0.58009314537],
    "chords_key": "E",
    "chords_scale": "minor",
    "key_key": "E",
    "key_scale": "minor"
}
}