{
"lowlevel": {
    "average_loudness": 0.964957475662,
    "barkbands_crest": {
        "mean": 12.8895082474,
        "var": 36.391494751
    },
    "barkbands_flatness_db": {
        "mean": 0.224863350391,
        "var": 0.0125490035862
    },
    "barkbands_kurtosis": {
        "mean": 20.3168945313,
        "var": 7309.22705078
    },
    "barkbands_skewness": {
        "mean": 2.22253131866,
        "var": 8.01123428345
    },
    "barkbands_spread": {
        "mean": 25.0025062561,
        "var": 752.366455078
    },
    "dissonance": {
        "mean": 0.467755645514,
        "var": 0.00203792797402
    },
    "dynamic_complexity": 2.42244434357,
    "erbbands_crest": {
        "mean": 9.07169055939,
        "var": 15.612279892
    },
    "erbbands_flatness_db": {
        "mean": 0.197504654527,
        "var": 0.0058609098196
    },
    "erbbands_kurtosis": {
        "mean": 2.54404354095,
        "var": 198.660705566
    },
    "erbbands_skewness": {
        "mean": 0.426257759333,
        "var": 1.88480913639
    },
    "erbbands_spread": {
        "mean": 40.9219284058,
        "var": 718.45690918
    },
    "hfc": {
        "mean": 26.6737289429,
        "var": 2186.60302734
    },
    "melbands_crest": {
        "mean": 18.4528274536,
        "var": 66.8006744385
    },
    "melbands_flatness_db": {
        "mean": 0.308911263943,
        "var": 0.0206709131598
    },
    "melbands_kurtosis": {
        "mean": 37.948802948,
        "var": 20495.8535156
    },
    "melbands_skewness": {
        "mean": 3.46980047226,
        "var": 10.9379529953
    },
    "melbands_spread": {
        "mean": 20.8182926178,
        "var": 601.79473877
    },
    "pitch_salience": {
        "mean": 0.491715610027,
        "var": 0.0357981175184
    },
    "silence_rate_20dB": {
        "mean": 1,
        "var": 0
    },
    "silence_rate_30dB": {
        "mean": 0.986103951931,
        "var": 0.0137025685981
    },
    "silence_rate_60dB": {
        "mean": 0.113741636276,
        "var": 0.100805744529
    },
    "spectral_centroid": {
        "mean": 1454.76745605,
        "var": 1223893.25
    },
    "spectral_complexity": {
        "mean": 14.5970153809,
        "var": 134.106765747
    },
    "spectral_decrease": {
        "mean": -8.68016147848e-009,
        "var": 5.08977697404e-017
    },
    "spectral_energy": {
        "mean": 0.0351803004742,
        "var": 0.000760714523494
    },
    "spectral_energyband_high": {
        "mean": 0.00161000853404,
        "var": 1.87605346582e-005
    },
    "spectral_energyband_low": {
        "mean": 0.0211280733347,
        "var": 0.000535273109563
    },
    "spectral_energyband_middle_high": {
        "mean": 0.00311867124401,
        "var": 1.48546469063e-005
    },
    "spectral_energyband_middle_low": {
        "mean": 0.00975858327001,
        "var": 9.10906455829e-005
    },
    "spectral_entropy": {
        "mean": 7.12225294113,
        "var": 0.817886531353
    },
    "spectral_flux": {
        "mean": 0.0945950523019,
        "var": 0.00377673562616
    },
    "spectral_kurtosis": {
        "mean": 13.2755088806,
        "var": 453.072998047
    },
    "spectral_rms": {
        "mean": 0.00526610203087,
        "var": 6.59035868011e-006
    },
    "spectral_rolloff": {
        "mean": 2185.67749023,
        "var": 12230006
    },
    "spectral_skewness": {
        "mean": 2.17337179184,
        "var": 2.84742379189
    },
    "spectral_spread": {
        "mean": 4794149,
        "var": 1.57389925908e+013
    },
    "spectral_strongpeak": {
        "mean": 0.478368967772,
        "var": 0.201241210103
    },
    "zerocrossingrate": {
        "mean": 0.0626422390342,
        "var": 0.0046577854082
    },
    "barkbands": {
        "mean": [0.000949903507717, 0.0176322683692, 0.00214805244468, 0.00103435188066, 0.00260209525004, 0.00195005291607, 0.00138266896829, 0.00126419239677, 0.00144329632167, 0.000343373510987, 0.000187697849469, 0.000264767819317, 0.000191306273337, 0.000131699605845, 7.84968506196e-005, 0.000321765692206, 0.000603980151936, 0.000601153180469, 0.000364084611647, 0.000200926093385, 0.000156025140313, 0.00018164231733, 0.000249986100243, 0.000184731907211, 0.000234971230384, 0.000460785726318, 1.59891787916e-005],
        "var": [1.61963828305e-006, 0.000453215645393, 1.63728673215e-005, 1.29861600726e-005, 1.21635130199e-005, 6.50605988994e-006, 4.1461339606e-006, 2.86398358185e-006, 2.55337113231e-006, 3.39830961593e-007, 7.42816084198e-008, 1.42070746278e-007, 9.83138690458e-008, 8.95546463653e-008, 3.84463128e-008, 5.72533508603e-007, 1.26792610899e-006, 1.31302158479e-006, 5.03280546127e-007, 4.0554201064e-007, 2.55140093941e-007, 3.43444810369e-007, 4.51067023732e-007, 2.7739520192e-007, 6.12663484389e-007, 2.79536857306e-006, 4.03778122049e-009]
    },
    "erbbands": {
        "mean": [0.696352720261, 3.15420913696, 3.20481681824, 2.81254720688, 5.39076662064, 8.78697681427, 13.8039236069, 17.9188632965, 17.591545105, 22.5888614655, 31.1638469696, 28.6490459442, 18.3745174408, 9.95509910583, 7.67151069641, 9.06709098816, 9.38893890381, 7.94953489304, 4.26602888107, 7.72111082077, 18.4939594269, 30.9844493866, 34.3146133423, 29.0717163086, 14.4532194138, 8.94341087341, 8.69407653809, 5.43039321899, 6.80079698563, 8.6856098175, 6.05031871796, 4.35349845886, 2.6698679924, 1.95811796188, 2.07595443726, 1.7386136055, 0.993940234184, 0.109089672565, 0.00289716152474, 0.000126719663967],
        "var": [0.907869338989, 14.1665878296, 25.3672924042, 53.8382225037, 124.474914551, 166.215682983, 373.988922119, 572.57244873, 558.04675293, 1017.14050293, 1526.99499512, 1061.7980957, 805.391662598, 223.148376465, 103.404304504, 150.31300354, 209.547851563, 312.879730225, 121.047424316, 408.590789795, 1659.71166992, 2888.57446289, 3066.43457031, 3254.8190918, 794.672485352, 725.000366211, 1013.48022461, 272.792022705, 553.802124023, 554.694946289, 259.245544434, 148.326538086, 62.2220153809, 39.0237426758, 52.3417358398, 39.114780426, 13.6555433273, 0.159057497978, 0.000119352233014, 9.92177717762e-008]
    },
    "gfcc": {
        "mean": [-70.5370635986, 103.048522949, -88.7618026733, 18.4701538086, -49.6276855469, -4.10720443726, -25.6927185059, 26.8994579315, -13.4198350906, 4.97737169266, -4.60985946655, 14.2889757156, -11.9184074402],
        "cov": [[15842.0595703, -1789.29711914, -2008.94470215, 1161.51379395, -889.106445313, 528.715270996, -515.307128906, 509.299407959, -331.626037598, 3.78315758705, -317.101226807, -42.7367973328, -448.628509521], [-1789.29711914, 5096.14257813, -670.912719727, -460.075439453, 1210.35986328, -1147.71252441, 565.66027832, -313.610168457, 171.507385254, -473.045227051, 384.401123047, -382.210021973, 310.0574646], [-2008.94470215, -670.912719727, 3503.921875, 321.09564209, 15.5241127014, 808.41796875, -277.141296387, -302.917633057, 163.140884399, 235.808868408, -214.793136597, 251.789459229, 31.604221344], [1161.51379395, -460.075439453, 321.09564209, 1301.91503906, 201.20930481, 421.5262146, 51.5526542664, -41.1739311218, 77.9442214966, 50.8199501038, -41.3819313049, -153.317489624, 77.9365615845], [-889.106445313, 1210.35986328, 15.5241127014, 201.20930481, 846.713256836, -204.768692017, 382.29675293, 69.0126419067, 150.152709961, -127.198265076, 122.48714447, -88.6521835327, 43.0800323486], [528.715270996, -1147.71252441, 808.41796875, 421.5262146, -204.768692017, 642.59576416, -52.8478927612, 32.939289093, 47.2567901611, 197.639556885, -94.3580322266, 41.7977409363, -46.9332389832], [-515.307128906, 565.66027832, -277.141296387, 51.5526542664, 382.29675293, -52.8478927612, 463.070098877, 100.225975037, 103.103271484, -2.43041801453, 164.945266724, -91.6641082764, 12.0495328903], [509.299407959, -313.610168457, -302.917633057, -41.1739311218, 69.0126419067, 32.939289093, 100.225975037, 318.047119141, 54.4455490112, -8.14523506165, 37.8495140076, 90.0097351074, -90.5721893311], [-331.626037598, 171.507385254, 163.140884399, 77.9442214966, 150.152709961, 47.2567901611, 103.103271484, 54.4455490112, 201.484771729, 38.0028114319, 66.1624908447, 26.5002098083, 79.4379882813], [3.78315758705, -473.045227051, 235.808868408, 50.8199501038, -127.198265076, 197.639556885, -2.43041801453, -8.14523506165, 38.0028114319, 177.724807739, 4.47395944595, 28.3670749664, 11.9962148666], [-317.101226807, 384.401123047, -214.793136597, -41.3819313049, 122.48714447, -94.3580322266, 164.945266724, 37.8495140076, 66.1624908447, 4.47395944595, 154.372421265, -18.604429245, 49.7677001953], [-42.7367973328, -382.210021973, 251.789459229, -153.317489624, -88.6521835327, 41.7977409363, -91.6641082764, 90.0097351074, 26.5002098083, 28.3670749664, -18.604429245, 168.902374268, -34.1706352234], [-448.628509521, 310.0574646, 31.604221344, 77.9365615845, 43.0800323486, -46.9332389832, 12.0495328903, -90.5721893311, 79.4379882813, 11.9962148666, 49.7677001953, -34.1706352234, 154.045776367]],
        "icov": [[0.00012155573495, -0.000147856757394, 0.000158237278811, -0.000214396670344, 0.000168819082319, -0.000217132037506, 0.000131160632009, -9.07590947463e-005, 4.0772405896e-007, -0.00016510867863, 0.000226121977903, -0.000335762393661, 0.00041574149509], [-0.000147856757394, 0.00115076545626, -0.000508123077452, 0.000690383953042, -0.000854666577652, 0.00121190981008, 3.4717762901e-005, 0.000381258723792, -0.000557039806154, 0.00142265821341, -0.0016100971261, 0.00250502722338, -0.000909857277293], [0.000158237278811, -0.000508123077452, 0.00135389599018, -0.000174748129211, -0.000521880108863, -0.00231552240439, 0.000427138438681, 0.00188903696835, -0.000316631107125, -0.000290478026727, 0.000939252087846, -0.00336898071691, 0.00094708945835], [-0.000214396670344, 0.000690383953042, -0.000174748129211, 0.002227865858, -0.00159733381588, -0.00121374835726, 0.00072168308543, 0.000189454585779, -4.83515395899e-005, 0.00139848527033, -0.00111155211926, 0.00277229002677, -0.00208331877366], [0.000168819082319, -0.000854666577652, -0.000521880108863, -0.00159733381588, 0.00460611889139, 0.00184150226414, -0.00279996613972, -0.00158121529967, -0.00120072904974, 0.000206924902159, 0.00213372753933, -0.000591842981521, 0.00147179630585], [-0.000217132037506, 0.00121190981008, -0.00231552240439, -0.00121374835726, 0.00184150226414, 0.00895308051258, -0.00180958223063, -0.00275533157401, -0.00152362242807, -0.00270438985899, 0.000754649518058, 0.00518352445215, 0.00065408309456], [0.000131160632009, 3.4717762901e-005, 0.000427138438681, 0.00072168308543, -0.00279996613972, -0.00180958223063, 0.00772707071155, -0.00101046182681, -0.000908345216885, -0.00105766265187, -0.00572451297194, 0.00396955292672, 0.00217326194979], [-9.07590947463e-005, 0.000381258723792, 0.00188903696835, 0.000189454585779, -0.00158121529967, -0.00275533157401, -0.00101046182681, 0.0108103435487, -0.00371622247621, 0.0025099022314, -0.0014555946691, -0.00722653605044, 0.00511084543541], [4.0772405896e-007, -0.000557039806154, -0.000316631107125, -4.83515395899e-005, -0.00120072904974, -0.00152362242807, -0.000908345216885, -0.00371622247621, 0.0123230563477, -0.00205740774982, -0.00021370597824, -0.0027820605319, -0.00777312228456], [-0.00016510867863, 0.00142265821341, -0.000290478026727, 0.00139848527033, 0.000206924902159, -0.00270438985899, -0.00105766265187, 0.0025099022314, -0.00205740774982, 0.0131472116336, -0.00402252003551, 0.00106545037124, -0.00174260698259], [0.000226121977903, -0.0016100971261, 0.000939252087846, -0.00111155211926, 0.00213372753933, 0.000754649518058, -0.00572451297194, -0.0014555946691, -0.00021370597824, -0.00402252003551, 0.0177328567952, -0.00533688627183, -0.00299524515867], [-0.000335762393661, 0.00250502722338, -0.00336898071691, 0.00277229002677, -0.000591842981521, 0.00518352445215, 0.00396955292672, -0.00722653605044, -0.0027820605319, 0.00106545037124, -0.00533688627183, 0.0228407867253, -0.0014034351334], [0.00041574149509, -0.000909857277293, 0.00094708945835, -0.00208331877366, 0.00147179630585, 0.00065408309456, 0.00217326194979, 0.00511084543541, -0.00777312228456, -0.00174260698259, -0.00299524515867, -0.0014034351334, 0.0178165175021]]
    },
    "melbands": {
        "mean": [0.00544538814574, 0.00253110658377, 0.000565941096283, 0.000518896209542, 0.000478363945149, 0.000389819266275, 0.000276432576356, 0.000266275950707, 0.000260549859377, 0.000180021525011, 8.95894991118e-005, 4.12868139392e-005, 2.34868566622e-005, 2.85572896246e-005, 2.43746399065e-005, 1.95105913008e-005, 1.34837910082e-005, 6.44695046503e-006, 6.47646356811e-006, 1.72639411176e-005, 2.02438568522e-005, 2.52334721154e-005, 4.14503483626e-005, 3.23258755088e-005, 2.2300380806e-005, 1.21604771266e-005, 6.44023430141e-006, 5.98323867962e-006, 6.23216919848e-006, 3.65376627087e-006, 2.88149021799e-006, 4.00650606025e-006, 3.17056446875e-006, 5.93417144046e-006, 3.86556303056e-006, 2.35864831666e-006, 2.71978706223e-006, 1.87100260973e-006, 1.53929920543e-006, 1.64281379966e-006],
        "var": [4.81949355162e-005, 8.9394452516e-006, 2.06619915843e-006, 6.77719299347e-007, 4.01186696308e-007, 2.53420608942e-007, 1.47049632915e-007, 1.27423490426e-007, 1.02591855011e-007, 4.16666381398e-008, 2.13661248694e-008, 3.99977873045e-009, 8.26646862073e-010, 2.06578287809e-009, 1.86153770176e-009, 1.1738072736e-009, 9.55356349586e-010, 3.17913861902e-010, 2.75628797564e-010, 2.10707207238e-009, 2.12394213328e-009, 1.9374757354e-009, 5.62591084829e-009, 4.70352290449e-009, 2.26022423e-009, 6.88168411145e-010, 2.09531461626e-010, 3.98776484056e-010, 5.42995315378e-010, 1.42286307736e-010, 7.41161437778e-011, 2.06550929138e-010, 9.33161048433e-011, 2.73293110364e-010, 1.07710965147e-010, 3.86233267591e-011, 6.33084140667e-011, 3.19601428656e-011, 2.11040889625e-011, 2.9837819715e-011]
    },
    "mfcc": {
        "mean": [-726.570129395, 146.790161133, 15.9128961563, 26.5650272369, 2.46510481834, -14.412147522, -0.300776064396, 16.5779895782, 0.393412649632, 2.18135786057, 10.277048111, 9.47866344452, 4.97885656357],
        "cov": [[15124.6738281, -2295.77294922, -1842.90625, 264.213867188, -415.861968994, -204.617858887, -146.983764648, 172.504425049, -128.619293213, -7.58725357056, 141.854415894, 38.5028152466, -267.226104736], [-2295.77294922, 4778.56835938, -956.510986328, 247.298736572, 125.048049927, -547.288269043, 182.577819824, 1.00542938709, -55.657207489, -176.146224976, -70.8206634521, 23.5382804871, 7.5659866333], [-1842.90625, -956.510986328, 2814.19702148, -30.0990486145, 434.358123779, 812.223754883, -184.742294312, -140.792694092, 76.8144607544, 40.9965248108, -174.051864624, -87.1571502686, 175.069091797], [264.213867188, 247.298736572, -30.0990486145, 811.566223145, 354.982727051, 264.863647461, 192.148803711, 53.0251655579, 134.584838867, 59.3002662659, -22.2720470428, 33.5062828064, 17.2585735321], [-415.861968994, 125.048049927, 434.358123779, 354.982727051, 417.008758545, 226.898239136, 40.8108024597, 89.648109436, 116.703338623, 23.5102100372, -52.9652175903, 35.7586746216, 96.9739303589], [-204.617858887, -547.288269043, 812.223754883, 264.863647461, 226.898239136, 543.607421875, 99.290512085, -57.6395225525, 85.6352615356, 157.049560547, 5.25501775742, -79.6368865967, 6.5056219101], [-146.983764648, 182.577819824, -184.742294312, 192.148803711, 40.8108024597, 99.290512085, 267.416015625, 100.608078003, 39.9798927307, 103.532073975, 144.771057129, 10.4056816101, -70.7242431641], [172.504425049, 1.00542938709, -140.792694092, 53.0251655579, 89.648109436, -57.6395225525, 100.608078003, 270.679290771, 87.380859375, -3.16274023056, 114.718650818, 142.682540894, 27.0314788818], [-128.619293213, -55.657207489, 76.8144607544, 134.584838867, 116.703338623, 85.6352615356, 39.9798927307, 87.380859375, 143.472076416, 52.9277076721, 9.07309246063, 66.4164276123, 81.6650695801], [-7.58725357056, -176.146224976, 40.9965248108, 59.3002662659, 23.5102100372, 157.049560547, 103.532073975, -3.16274023056, 52.9277076721, 176.938415527, 82.6085586548, -45.5690155029, 3.46180915833], [141.854415894, -70.8206634521, -174.051864624, -22.2720470428, -52.9652175903, 5.25501775742, 144.771057129, 114.718650818, 9.07309246063, 82.6085586548, 188.364074707, 54.2801246643, -48.9367027283], [38.5028152466, 23.5382804871, -87.1571502686, 33.5062828064, 35.7586746216, -79.6368865967, 10.4056816101, 142.682540894, 66.4164276123, -45.5690155029, 54.2801246643, 180.801864624, 64.4478683472], [-267.226104736, 7.5659866333, 175.069091797, 17.2585735321, 96.9739303589, 6.5056219101, -70.7242431641, 27.0314788818, 81.6650695801, 3.46180915833, -48.9367027283, 64.4478683472, 151.129989624]],
        "icov": [[0.000100662611658, 3.37747078447e-005, 0.000110584493086, -0.000162030686624, 0.000169954320882, -0.000206478827749, 0.000426692771725, -0.000328310066834, 0.000224795701797, -7.06074642949e-005, -2.92071072181e-005, 4.92740691698e-005, 7.46149744373e-005], [3.37747078447e-005, 0.000362202932592, -1.17794488688e-005, -2.88991777779e-005, -0.000448021513876, 0.000742931442801, -0.000801051908638, 0.000534632941708, -3.87404688809e-005, 0.000288948009256, 2.79099913314e-005, 0.000131475157104, -0.000189178230357], [0.000110584493086, -1.17794488688e-005, 0.0014928515302, 0.000822338333819, -0.000491801474709, -0.00319298519753, 0.000951432331931, -0.00045112229418, 0.000967800035141, 0.00160270300694, -0.000260611035628, 0.000146981867147, -0.00135490030516], [-0.000162030686624, -2.88991777779e-005, 0.000822338333819, 0.00422035250813, -0.00338551192544, -0.00152958463877, -0.00333674647845, 0.00245578237809, -0.00146767951082, 0.00111901666969, 0.00194984604605, -0.0021604616195, 0.000837967556436], [0.000169954320882, -0.000448021513876, -0.000491801474709, -0.00338551192544, 0.00929121952504, -0.00284739816561, 0.00208067614585, -0.00669118575752, 0.00216039852239, -0.000504182709847, 0.00261539663188, 0.00204882025719, -0.00357214151882], [-0.000206478827749, 0.000742931442801, -0.00319298519753, -0.00152958463877, -0.00284739816561, 0.0125561729074, -0.00375259690918, 0.00483203725889, -0.00456089805812, -0.00513447262347, -0.000215602878598, -2.762956683e-005, 0.00466145249084], [0.000426692771725, -0.000801051908638, 0.000951432331931, -0.00333674647845, 0.00208067614585, -0.00375259690918, 0.0170135889202, -0.0052567482926, -0.000640435901005, -0.00263594719581, -0.00757676316425, 0.00234607746825, 0.00475460011512], [-0.000328310066834, 0.000534632941708, -0.00045112229418, 0.00245578237809, -0.00669118575752, 0.00483203725889, -0.0052567482926, 0.0164223406464, -0.00907295756042, 0.00523867458105, -0.00795558467507, -0.00356733007357, 0.00205086264759], [0.000224795701797, -3.87404688809e-005, 0.000967800035141, -0.00146767951082, 0.00216039852239, -0.00456089805812, -0.000640435901005, -0.00907295756042, 0.0247487556189, -0.00929982960224, 0.00997151993215, -0.00622915057465, -0.00769597711042], [-7.06074642949e-005, 0.000288948009256, 0.00160270300694, 0.00111901666969, -0.000504182709847, -0.00513447262347, -0.00263594719581, 0.00523867458105, -0.00929982960224, 0.0252233333886, -0.0161958932877, 0.01256466005, -0.00990455970168], [-2.92071072181e-005, 2.79099913314e-005, -0.000260611035628, 0.00194984604605, 0.00261539663188, -0.000215602878598, -0.00757676316425, -0.00795558467507, 0.00997151993215, -0.0161958932877, 0.0286114607006, -0.0128405513242, 0.00595754664391], [4.92740691698e-005, 0.000131475157104, 0.000146981867147, -0.0021604616195, 0.00204882025719, -2.762956683e-005, 0.00234607746825, -0.00356733007357, -0.00622915057465, 0.01256466005, -0.0128405513242, 0.0209030229598, -0.00941403210163], [7.46149744373e-005, -0.000189178230357, -0.00135490030516, 0.000837967556436, -0.00357214151882, 0.00466145249084, 0.00475460011512, 0.00205086264759, -0.00769597711042, -0.00990455970168, 0.00595754664391, -0.00941403210163, 0.0225107744336]]
    },
    "spectral_contrast_coeffs": {
        "mean": [-0.644925475121, -0.767799794674, -0.777286410332, -0.805416405201, -0.74605935812, -0.781235992908],
        "var": [0.0107121979818, 0.0042765350081, 0.00403148354962, 0.00314893387258, 0.00933935306966, 0.00279666343704]
    },
    "spectral_contrast_valleys": {
        "mean": [-7.88756322861, -6.68163633347, -7.86584949493, -8.72502040863, -8.6736240387, -11.3071947098],
        "var": [2.62893080711, 2.23133850098, 2.1489777565, 2.30355381966, 2.96091246605, 3.77287507057]
    }
},
"metadata": {
    "audio_properties": {
        "analysis_sample_rate": 44100,
        "bit_rate": 123786,
        "equal_loudness": 0,
        "length": 45.0873451233,
        "lossless": 0,
        "replay_gain": -9.03771972656,
        "sample_rate": 44100,
        "codec": "mp3",
        "downmix": "mix",
        "md5_encoded": "5282fc0e69e0126b7cac59670fed616d"
    },
    "tags": {
        "file_name": "798.mp3"
    },
    "version": {
        "essentia": "2.1-beta2",
        "essentia_git_sha": "v2.1_beta2",
        "extractor": "music 1.0"
    }
},
"rhythm": {
    "beats_count": 89,
    "beats_loudness": {
        "mean": 0.0194977838546,
        "var": 0.000183299503988
    },
    "bpm": 120.006477356,
    "bpm_histogram_first_peak_bpm": {
        "mean": 120,
        "var": 0
    },
    "bpm_histogram_first_peak_spread": {
        "mean": 0.181818187237,
        "var": 0
    },
    "bpm_histogram_first_peak_weight": {
        "mean": 0.818181812763,
        "var": 0
    },
    "bpm_histogram_second_peak_bpm": {
        "mean": 0,
        "var": 0
    },
    "bpm_histogram_second_peak_spread": {
        "mean": 0,
        "var": 0
    },
    "bpm_histogram_second_peak_weight": {
        "mean": 0,
        "var": 0
    },
    "danceability": 1.60866308212,
    "onset_rate": 6.11908769608,
    "beats_loudness_band_ratio": {
        "mean": [0.339141130447, 0.140506759286, 0.178545370698, 0.0381485447288, 0.0732996091247, 0.242640480399],
        "var": [0.053510222584, 0.0169086717069, 0.0167286228389, 0.00168698350899, 0.00706356624141, 0.0417327620089]
    },
    "beats_position": [0.53405892849, 1.04489791393, 1.55573689938, 2.04335594177, 2.54258489609, 3.04181408882, 3.54104304314, 4.04027223587, 4.53950119019, 5.0387301445, 5.54956912994, 6.03718805313, 6.53641700745, 7.03564596176, 7.53487491608, 8.03410434723, 8.54494285583, 9.04417228699, 9.54340076447, 10.0542402267, 10.5418596268, 11.0410881042, 11.5403175354, 12.0395460129, 12.538775444, 13.0496139526, 13.5372333527, 14.0480718613, 14.5356912613, 15.0349206924, 15.5341491699, 16.0449886322, 16.5442180634, 17.0434455872, 17.5426750183, 18.0419044495, 18.5411338806, 19.0403633118, 19.5395908356, 20.0388202667, 20.5380496979, 21.037279129, 21.5365066528, 22.035736084, 22.5349655151, 23.0341949463, 23.5334243774, 24.0326519012, 24.5434913635, 25.0427207947, 25.5419502258, 26.0411777496, 26.5404071808, 27.0396366119, 27.5388660431, 28.0380954742, 28.537322998, 29.0365524292, 29.5357818604, 30.0350112915, 30.5342407227, 31.0334682465, 31.5326976776, 32.0319252014, 32.5311546326, 33.0419960022, 33.5412254333, 34.0404510498, 34.539680481, 35.0389099121, 35.5381393433, 36.0373687744, 36.5365982056, 37.0358276367, 37.5350570679, 38.034286499, 38.5335159302, 39.0327415466, 39.5319709778, 40.0312004089, 40.5304298401, 41.0296592712, 41.5288887024, 42.0281181335, 42.5273475647, 43.0265769958, 43.5258026123, 44.0250320435, 44.5358734131]
},
"tonal": {
    "chords_changes_rate": 0.0802469104528,
    "chords_number_rate": 0.00823045242578,
    "chords_strength": {
        "mean": 0.381923943758,
        "var": 0.00636536255479
    },
    "hpcp_entropy": {
        "mean": 2.17640566826,
        "var": 0.417216777802
    },
    "key_strength": 0.679732978344,
    "tuning_diatonic_strength": 0.4738458395,
    "tuning_equal_tempered_deviation": 0.0365034453571,
    "tuning_frequency": 440.508636475,
    "tuning_nontempered_energy_ratio": 0.636220395565,
    "hpcp": {
        "mean": [0.0771600306034, 0.0687480419874, 0.128911703825, 0.192702412605, 0.138777822256, 0.0717527940869, 0.0553506948054, 0.0531165227294, 0.0858631134033, 0.117493249476, 0.109457150102, 0.183368548751, 0.256031244993, 0.147377312183, 0.0531942509115, 0.0579602494836, 0.0707140192389, 0.167360052466, 0.252052277327, 0.161164969206, 0.126651987433, 0.173506826162, 0.125356778502, 0.150054842234, 0.177876651287, 0.0887709632516, 0.102538093925, 0.17346572876, 0.119617171586, 0.0883482024074, 0.189021363854, 0.247524470091, 0.246829330921, 0.24976348877, 0.177171930671, 0.100096724927],
        "var": [0.0306171029806, 0.0288879256696, 0.0386535488069, 0.0726832672954, 0.0432336628437, 0.0233988855034, 0.0180493760854, 0.0189798716456, 0.0387252904475, 0.0593935362995, 0.0536554642022, 0.0561491698027, 0.0937929525971, 0.0353773720562, 0.0150266960263, 0.0240957178175, 0.0311509799212, 0.0571338236332, 0.11033205688, 0.0500624291599, 0.0381762012839, 0.0710172876716, 0.0391975976527, 0.052999664098, 0.0754008963704, 0.0230304896832, 0.0278728362173, 0.080162897706, 0.0426325947046, 0.023132590577, 0.0918255001307, 0.124546326697, 0.0849070698023, 0.0835030898452, 0.0676513165236, 0.044724714011]
    },
    "chords_histogram": [4.73251008987, 8.02469158173, 0, 0, 0, 0, 0, 0, 1.85185182095, 0, 0, 0, 0, 0, 0, 39.3004112244, 0, 0, 0, 5.04115247726, 12.6543207169, 1.23456788063, 27.1604938507, 0],
    "thpcp": [1, 0.57562237978, 0.207764685154, 0.226379588246, 0.276192933321, 0.653670430183, 0.984459042549, 0.629473805428, 0.494673937559, 0.677678346634, 0.489615172148, 0.58608019352, 0.694745898247, 0.346719264984, 0.400490552187, 0.677517831326, 0.467197567225, 0.34506803751, 0.73827457428, 0.966774463654, 0.964059412479, 0.975519537926, 0.691993415356, 0.390955120325, 0.301369577646, 0.268514275551, 0.503499865532, 0.752651929855, 0.542034685612, 0.280250161886, 0.216187268496, 0.207461088896, 0.335361868143, 0.458902001381, 0.427514821291, 0.716196000576],
    "chords_key": "C#",
    "chords_scale": "minor",
    "key_key": "G#",
    "key_scale": "major"
}
}