{
"lowlevel": {
    "average_loudness": 0.918541789055,
    "barkbands_crest": {
        "mean": 11.9868440628,
        "var": 19.0631389618
    },
    "barkbands_flatness_db": {
        "mean": 0.234753012657,
        "var": 0.00483959540725
    },
    "barkbands_kurtosis": {
        "mean": 9.09032344818,
        "var": 193.838500977
    },
    "barkbands_skewness": {
        "mean": 2.20385813713,
        "var": 3.20520401001
    },
    "barkbands_spread": {
        "mean": 14.7031669617,
        "var": 101.356315613
    },
    "dissonance": {
        "mean": 0.462244421244,
        "var": 0.00106435455382
    },
    "dynamic_complexity": 1.90297472477,
    "erbbands_crest": {
        "mean": 9.02379894257,
        "var": 15.6840753555
    },
    "erbbands_flatness_db": {
        "mean": 0.21994112432,
        "var": 0.00225332286209
    },
    "erbbands_kurtosis": {
        "mean": 1.09337258339,
        "var": 18.0374279022
    },
    "erbbands_skewness": {
        "mean": -0.345032691956,
        "var": 1.38026714325
    },
    "erbbands_spread": {
        "mean": 34.4466629028,
        "var": 209.319107056
    },
    "hfc": {
        "mean": 15.7262506485,
        "var": 436.587524414
    },
    "melbands_crest": {
        "mean": 19.5734424591,
        "var": 43.9146347046
    },
    "melbands_flatness_db": {
        "mean": 0.311100840569,
        "var": 0.00760949309915
    },
    "melbands_kurtosis": {
        "mean": 22.9674816132,
        "var": 891.877075195
    },
    "melbands_skewness": {
        "mean": 3.52418065071,
        "var": 4.8980588913
    },
    "melbands_spread": {
        "mean": 17.4456214905,
        "var": 293.746673584
    },
    "pitch_salience": {
        "mean": 0.420193970203,
        "var": 0.0274233128875
    },
    "silence_rate_20dB": {
        "mean": 1,
        "var": 0
    },
    "silence_rate_30dB": {
        "mean": 0.994853317738,
        "var": 0.00512040406466
    },
    "silence_rate_60dB": {
        "mean": 0.00205867225304,
        "var": 0.00205448735505
    },
    "spectral_centroid": {
        "mean": 961.556762695,
        "var": 415312.09375
    },
    "spectral_complexity": {
        "mean": 14.0504379272,
        "var": 31.0596504211
    },
    "spectral_decrease": {
        "mean": -8.22328871664e-009,
        "var": 2.89583193873e-017
    },
    "spectral_energy": {
        "mean": 0.0324629768729,
        "var": 0.000452969834441
    },
    "spectral_energyband_high": {
        "mean": 5.14956045663e-005,
        "var": 3.00934099862e-009
    },
    "spectral_energyband_low": {
        "mean": 0.0202038884163,
        "var": 0.000399513606681
    },
    "spectral_energyband_middle_high": {
        "mean": 0.00623307144269,
        "var": 0.000103623890027
    },
    "spectral_energyband_middle_low": {
        "mean": 0.00775257498026,
        "var": 2.67190389422e-005
    },
    "spectral_entropy": {
        "mean": 6.84366989136,
        "var": 0.196830883622
    },
    "spectral_flux": {
        "mean": 0.0608750097454,
        "var": 0.000746998528484
    },
    "spectral_kurtosis": {
        "mean": 12.4567461014,
        "var": 449.194580078
    },
    "spectral_rms": {
        "mean": 0.00533587019891,
        "var": 3.19970240525e-006
    },
    "spectral_rolloff": {
        "mean": 909.979614258,
        "var": 1198294.625
    },
    "spectral_skewness": {
        "mean": 1.99352943897,
        "var": 1.4065554142
    },
    "spectral_spread": {
        "mean": 2597947.75,
        "var": 2.76515232154e+012
    },
    "spectral_strongpeak": {
        "mean": 1.10150253773,
        "var": 3.51349329948
    },
    "zerocrossingrate": {
        "mean": 0.0323547273874,
        "var": 0.000828457006719
    },
    "barkbands": {
        "mean": [2.72927900369e-006, 0.00894254632294, 0.00953183695674, 0.00289941835217, 0.0023323954083, 0.000910095172003, 0.000599559105467, 0.000547589443158, 0.00037935047294, 0.000418619456468, 0.000348699104507, 0.000675938092172, 0.000369400571799, 0.000584930472542, 0.00131922855508, 0.00130855012685, 0.000720708630979, 0.000370395428035, 0.000104488819488, 6.4406907768e-005, 2.45138398896e-005, 3.95524557462e-006, 1.83028294032e-006, 8.72181033174e-007, 5.97344296693e-007, 3.74127125724e-007, 1.66935532064e-008],
        "var": [2.81802445962e-011, 0.000164807628607, 0.000131633627461, 1.16907549454e-005, 2.73420846497e-006, 7.94880577359e-007, 8.996207157e-007, 4.85330360789e-007, 2.42149781116e-007, 7.87338251484e-007, 7.77725631451e-007, 5.6808289628e-006, 1.0528731309e-006, 4.00167982662e-006, 1.16907640404e-005, 1.51774311234e-005, 4.04110642194e-006, 1.85196347502e-006, 2.64293529284e-008, 1.56202712986e-008, 6.74724165428e-010, 3.30009110316e-011, 7.18137138297e-012, 7.18473024131e-013, 3.05439430259e-013, 1.67786154436e-013, 1.45714357938e-015]
    },
    "erbbands": {
        "mean": [0.0517453029752, 2.70746946335, 11.8309202194, 9.69968223572, 7.48076343536, 8.08143520355, 8.66240215302, 7.97889089584, 8.55813121796, 8.85678195953, 12.2920036316, 6.26772022247, 14.2213792801, 15.8721961975, 16.1683616638, 21.1336650848, 16.4839706421, 29.0258731842, 38.5697517395, 73.4607086182, 73.6209945679, 35.9687919617, 24.9667453766, 7.55129241943, 5.04293966293, 2.65928959846, 1.50064563751, 0.486780554056, 0.165546342731, 0.0839569419622, 0.0497010946274, 0.0233131088316, 0.0128598064184, 0.00739591941237, 0.00393583625555, 0.0019289435586, 0.000633265008219, 9.47337102843e-005, 1.83729753189e-005, 3.70130765077e-005],
        "var": [0.00479465862736, 13.8679618835, 178.878555298, 78.661026001, 78.9714813232, 30.9890022278, 51.7415771484, 74.9128417969, 113.85887146, 159.969726563, 183.120010376, 54.6861076355, 1176.27246094, 1002.23657227, 1779.9798584, 4696.84179688, 1742.27770996, 12328.0947266, 6579.94824219, 39348.4960938, 39024.9570313, 9496.56835938, 8506.80273438, 210.888717651, 105.329605103, 14.7745742798, 2.57342171669, 0.365163892508, 0.0549743548036, 0.0139427147806, 0.005343970377, 0.000697167648468, 0.000140166739584, 5.44572867511e-005, 1.31852521008e-005, 5.57220255359e-006, 3.98289500936e-007, 1.09592521724e-008, 1.61506752416e-010, 6.01934668776e-010]
    },
    "gfcc": {
        "mean": [-60.5469284058, 156.541488647, -131.097183228, 30.9778175354, -24.4426078796, -10.4584827423, -32.1780014038, 1.52351891994, -21.117433548, -9.6814956665, -20.5437278748, -11.9559831619, -5.90265607834],
        "cov": [[3726.12817383, -181.818740845, -1065.05554199, 230.237045288, 16.9620800018, 12.3473653793, -211.325942993, -23.2839298248, -134.057769775, -5.97014522552, -148.630310059, 8.55702877045, -49.535823822], [-181.818740845, 558.550720215, 260.856811523, -164.237167358, 174.878616333, 53.8128967285, 106.884140015, -17.0196285248, 163.143600464, 25.7152423859, 126.636756897, -49.3430366516, 23.9886207581], [-1065.05554199, 260.856811523, 876.636962891, 76.0005264282, -121.569610596, 96.0222854614, 287.992492676, 61.5715103149, 98.5123901367, 61.3955307007, 89.7758178711, 0.905407428741, 21.8909740448], [230.237045288, -164.237167358, 76.0005264282, 389.1300354, 94.3126983643, 49.2055511475, 84.5359268188, 83.1316986084, 114.508171082, 56.4779510498, -2.31975388527, 12.1474561691, 34.4673843384], [16.9620800018, 174.878616333, -121.569610596, 94.3126983643, 549.580322266, 129.968353271, 30.0201206207, -2.14710712433, 261.075012207, 93.6206436157, 110.671897888, -36.4427833557, 28.5799770355], [12.3473653793, 53.8128967285, 96.0222854614, 49.2055511475, 129.968353271, 268.163818359, 187.011383057, -31.0468654633, 71.3718566895, 98.0153274536, 94.8897705078, 10.4260005951, -3.46325850487], [-211.325942993, 106.884140015, 287.992492676, 84.5359268188, 30.0201206207, 187.011383057, 282.373626709, 40.0104598999, 75.7133255005, 68.5360336304, 96.4657974243, 21.2301998138, 9.50748062134], [-23.2839298248, -17.0196285248, 61.5715103149, 83.1316986084, -2.14710712433, -31.0468654633, 40.0104598999, 121.37197113, 59.489112854, -9.23504829407, -11.7435102463, 26.0705966949, 27.3540287018], [-134.057769775, 163.143600464, 98.5123901367, 114.508171082, 261.075012207, 71.3718566895, 75.7133255005, 59.489112854, 282.890991211, 92.2830276489, 60.3059082031, -24.1821937561, 55.1202125549], [-5.97014522552, 25.7152423859, 61.3955307007, 56.4779510498, 93.6206436157, 98.0153274536, 68.5360336304, -9.23504829407, 92.2830276489, 115.884681702, 50.9365997314, -6.57348585129, 1.56661534309], [-148.630310059, 126.636756897, 89.7758178711, -2.31975388527, 110.671897888, 94.8897705078, 96.4657974243, -11.7435102463, 60.3059082031, 50.9365997314, 130.260803223, 9.00051689148, -10.2464962006], [8.55702877045, -49.3430366516, 0.905407428741, 12.1474561691, -36.4427833557, 10.4260005951, 21.2301998138, 26.0705966949, -24.1821937561, -6.57348585129, 9.00051689148, 61.8687477112, 9.39585590363], [-49.535823822, 23.9886207581, 21.8909740448, 34.4673843384, 28.5799770355, -3.46325850487, 9.50748062134, 27.3540287018, 55.1202125549, 1.56661534309, -10.2464962006, 9.39585590363, 62.3142280579]],
        "icov": [[0.001161824679, -0.00288833770901, 0.00240328535438, -0.00272538140416, 0.00118775339797, -0.00133249617647, 0.00049344758736, -0.000750478124246, 0.00138461450115, -0.00154967280105, 0.00212730141357, -0.00107836152893, 0.00166060158517], [-0.00288833770901, 0.0130770821124, -0.00725462241098, 0.0102821402252, -0.00390157755464, 0.0047091213055, -0.00292185880244, 0.0028740731068, -0.00643942411989, 0.00638056918979, -0.00892420858145, 0.00599725171924, -0.0060697500594], [0.00240328535438, -0.00725462241098, 0.00753318890929, -0.00644122809172, 0.00393338222057, -0.00193078815937, -0.00124397245236, -0.00135378586128, 0.00227142591029, -0.00386652280577, 0.00423274189234, -0.00200651632622, 0.00357889197767], [-0.00272538140416, 0.0102821402252, -0.00644122809172, 0.0121282190084, -0.00406307075173, 0.00405463343486, -0.00308999605477, 0.000371951697161, -0.00499269599095, 0.00343030481599, -0.00536567950621, 0.00412307446823, -0.00534722022712], [0.00118775339797, -0.00390157755464, 0.00393338222057, -0.00406307075173, 0.00699427910149, -0.00389191205613, 0.00259798183106, -0.000311033101752, -0.00321276392788, -0.00014406448463, -0.000968413660303, -2.10681878343e-006, 0.00231425883248], [-0.00133249617647, 0.0047091213055, -0.00193078815937, 0.00405463343486, -0.00389191205613, 0.0150518892333, -0.0105785988271, 0.00688209990039, -0.0014707572991, -0.00273558637127, -0.00222935178317, -0.00115751265548, -0.00204429286532], [0.00049344758736, -0.00292185880244, -0.00124397245236, -0.00308999605477, 0.00259798183106, -0.0105785988271, 0.0154437441379, -0.00654283072799, 0.00169242371339, 4.33898021583e-005, -0.0030962494202, 5.51123448531e-005, 0.000383977720048], [-0.000750478124246, 0.0028740731068, -0.00135378586128, 0.000371951697161, -0.000311033101752, 0.00688209990039, -0.00654283072799, 0.0187849830836, -0.00785789079964, 0.00491985678673, 0.00130535138305, -0.00740974955261, 3.15946499541e-006], [0.00138461450115, -0.00643942411989, 0.00227142591029, -0.00499269599095, -0.00321276392788, -0.0014707572991, 0.00169242371339, -0.00785789079964, 0.0174919366837, -0.0102402530611, 0.00335424649529, 0.00271796365269, -0.00494720460847], [-0.00154967280105, 0.00638056918979, -0.00386652280577, 0.00343030481599, -0.00014406448463, -0.00273558637127, 4.33898021583e-005, 0.00491985678673, -0.0102402530611, 0.021399891004, -0.00643722247332, 0.00208042678423, 0.000668370863423], [0.00212730141357, -0.00892420858145, 0.00423274189234, -0.00536567950621, -0.000968413660303, -0.00222935178317, -0.0030962494202, 0.00130535138305, 0.00335424649529, -0.00643722247332, 0.023032899946, -0.010246717371, 0.0093543259427], [-0.00107836152893, 0.00599725171924, -0.00200651632622, 0.00412307446823, -2.10681878343e-006, -0.00115751265548, 5.51123448531e-005, -0.00740974955261, 0.00271796365269, 0.00208042678423, -0.010246717371, 0.0278912764043, -0.00990762002766], [0.00166060158517, -0.0060697500594, 0.00357889197767, -0.00534722022712, 0.00231425883248, -0.00204429286532, 0.000383977720048, 3.15946499541e-006, -0.00494720460847, 0.000668370863423, 0.0093543259427, -0.00990762002766, 0.0275610983372]]
    },
    "melbands": {
        "mean": [0.00139557849616, 0.00552852451801, 0.00169249915052, 0.000522317888681, 0.000320747087244, 0.000175163382664, 0.000133690118673, 0.000109689455712, 9.47435837588e-005, 4.12375266023e-005, 7.28758896003e-005, 6.46483822493e-005, 4.46799822384e-005, 8.710072143e-005, 2.79185933323e-005, 5.03981536895e-005, 5.2529390814e-005, 3.93848058593e-005, 0.000132694403874, 9.7161042504e-005, 7.87477911217e-005, 3.99117234338e-005, 2.44655966526e-005, 1.59229075507e-005, 5.12340420755e-006, 3.8751854845e-006, 3.34871947416e-006, 1.382948426e-006, 9.06126615519e-007, 5.89147646224e-007, 1.978287969e-007, 9.35916446565e-008, 6.09831900533e-008, 3.9696445242e-008, 3.11663121977e-008, 1.88354416508e-008, 1.24320118644e-008, 9.37934352407e-009, 7.06616054558e-009, 5.86621862197e-009],
        "var": [3.94466314901e-006, 4.00377393817e-005, 2.01327475224e-006, 1.82586219921e-007, 5.51726593301e-008, 3.24065183577e-008, 3.05614520357e-008, 2.10739781181e-008, 1.07295248242e-008, 3.36712990823e-009, 2.90817130377e-008, 1.42792195845e-008, 8.15249823205e-009, 1.16512161696e-007, 1.08815934041e-008, 2.37603074993e-008, 4.209730875e-008, 7.42386729868e-009, 1.21726458246e-007, 1.1646508824e-007, 4.8627924798e-008, 1.32257111929e-008, 5.989330365e-009, 3.12929482327e-009, 7.066316976e-011, 4.44561644442e-011, 5.9687019216e-011, 3.80561250915e-012, 1.07288288496e-012, 3.62577318429e-013, 9.25898694195e-014, 1.80657084344e-014, 8.40731191533e-015, 3.19512516759e-015, 2.32072098592e-015, 6.8153361491e-016, 1.81580107264e-016, 7.89419949939e-017, 4.89518538192e-017, 3.89407350196e-017]
    },
    "mfcc": {
        "mean": [-702.67175293, 185.649719238, -31.2483921051, 45.5092391968, 14.7497882843, 0.65170186758, -0.237544476986, 1.99639296532, 5.48789215088, 1.0021930933, -10.1759128571, -3.75873041153, -3.89751052856],
        "cov": [[2164.47705078, -380.18081665, -1008.02197266, 39.2148132324, 79.756729126, -15.4150428772, -93.2679367065, -37.3334350586, -49.7128105164, -31.4005184174, -127.243499756, -96.0429763794, -30.3568534851], [-380.18081665, 554.410888672, 168.491210938, -128.18421936, 97.7861099243, 75.8922195435, 26.5462093353, 6.0614771843, 21.5395812988, 44.1671714783, 83.0760421753, 72.1551589966, 53.8956756592], [-1008.02197266, 168.491210938, 971.230163574, 51.6733474731, -269.327392578, 57.6786766052, 140.482330322, 61.9417762756, 53.5791320801, 28.163684845, 75.3169784546, 66.6842269897, 48.5491867065], [39.2148132324, -128.18421936, 51.6733474731, 345.982879639, 98.3709335327, -1.3581032753, -4.91630411148, 66.8483734131, 100.811767578, 82.8224334717, 38.8216323853, 31.6090145111, 7.17187166214], [79.756729126, 97.7861099243, -269.327392578, 98.3709335327, 369.686096191, 98.7576980591, -63.3733863831, 10.9350004196, 60.8824501038, 95.310585022, 80.3960952759, 55.8450088501, 39.945476532], [-15.4150428772, 75.8922195435, 57.6786766052, -1.3581032753, 98.7576980591, 348.063690186, 144.394439697, 22.7401885986, 41.1462249756, 103.454246521, 114.73122406, 138.838150024, 109.400497437], [-93.2679367065, 26.5462093353, 140.482330322, -4.91630411148, -63.3733863831, 144.394439697, 203.176239014, 57.4972801208, -15.465722084, 13.0300331116, 54.1221466064, 63.5278625488, 53.6723365784], [-37.3334350586, 6.0614771843, 61.9417762756, 66.8483734131, 10.9350004196, 22.7401885986, 57.4972801208, 120.575553894, 55.4903907776, 24.4807720184, 26.9053878784, 31.3151473999, 40.2577095032], [-49.7128105164, 21.5395812988, 53.5791320801, 100.811767578, 60.8824501038, 41.1462249756, -15.465722084, 55.4903907776, 148.918579102, 82.3833770752, 22.8517990112, 36.3190345764, 28.9919509888], [-31.4005184174, 44.1671714783, 28.163684845, 82.8224334717, 95.310585022, 103.454246521, 13.0300331116, 24.4807720184, 82.3833770752, 138.081848145, 78.5792160034, 49.4323310852, 43.4925613403], [-127.243499756, 83.0760421753, 75.3169784546, 38.8216323853, 80.3960952759, 114.73122406, 54.1221466064, 26.9053878784, 22.8517990112, 78.5792160034, 123.466560364, 82.6725082397, 48.6211624146], [-96.0429763794, 72.1551589966, 66.6842269897, 31.6090145111, 55.8450088501, 138.838150024, 63.5278625488, 31.3151473999, 36.3190345764, 49.4323310852, 82.6725082397, 141.427947998, 69.6884155273], [-30.3568534851, 53.8956756592, 48.5491867065, 7.17187166214, 39.945476532, 109.400497437, 53.6723365784, 40.2577095032, 28.9919509888, 43.4925613403, 48.6211624146, 69.6884155273, 118.827468872]],
        "icov": [[0.00130380387418, -0.000127446692204, 0.00186005991418, -0.000989529071376, 0.00170074601192, -0.00108879210893, 0.000639858713839, -0.000355468539055, 0.000204061929253, -3.07834197883e-005, 4.04107267968e-005, 0.00065860390896, -0.000488554302137], [-0.000127446692204, 0.00331227318384, -0.00135597179178, 0.00259939651005, -0.0025620800443, 0.00149312161375, -0.000963767466601, 0.00031372756348, -0.000674820621498, -0.000619679281954, -0.000393439870095, -0.00113860866986, -0.000101922487374], [0.00186005991418, -0.00135597179178, 0.00495139509439, -0.00274430587888, 0.0053232293576, -0.00205634278245, 0.00106471322943, -0.000310789211653, -0.000778861169238, 0.000884908251464, -0.00227187457494, 0.00151841400657, -0.00113380106632], [-0.000989529071376, 0.00259939651005, -0.00274430587888, 0.00710018724203, -0.00454420316964, 0.00337047013454, -0.00208914512768, -0.000825926836114, -0.00181566143874, -0.00271033588797, 0.000679496384691, -0.0023913111072, 0.00146829057485], [0.00170074601192, -0.0025620800443, 0.0053232293576, -0.00454420316964, 0.0108797159046, -0.00464557856321, 0.00524075422436, -0.00145296694245, -1.80820643436e-005, 0.00080880895257, -0.00459649832919, 0.00224196538329, -0.00128502061125], [-0.00108879210893, 0.00149312161375, -0.00205634278245, 0.00337047013454, -0.00464557856321, 0.0110307233408, -0.00749601703137, 0.0043169548735, -0.00177073094528, -0.00409749662504, 0.000443717930466, -0.00514599075541, -0.00222114683129], [0.000639858713839, -0.000963767466601, 0.00106471322943, -0.00208914512768, 0.00524075422436, -0.00749601703137, 0.0140672195703, -0.00717015517876, 0.00466555124149, 0.00156197720207, -0.00231154728681, 0.000971357920207, 0.000172654428752], [-0.000355468539055, 0.00031372756348, -0.000310789211653, -0.000825926836114, -0.00145296694245, 0.0043169548735, -0.00717015517876, 0.0162885375321, -0.00756551278755, 0.00329211424105, -0.00294782640412, 0.000497387547512, -0.00426672538742], [0.000204061929253, -0.000674820621498, -0.000778861169238, -0.00181566143874, -1.80820643436e-005, -0.00177073094528, 0.00466555124149, -0.00756551278755, 0.0173548031598, -0.0104485861957, 0.00844890344888, -0.00376291619614, 0.0012179169571], [-3.07834197883e-005, -0.000619679281954, 0.000884908251464, -0.00271033588797, 0.00080880895257, -0.00409749662504, 0.00156197720207, 0.00329211424105, -0.0104485861957, 0.0230358019471, -0.0135548487306, 0.00648687779903, -0.00238527986221], [4.04107267968e-005, -0.000393439870095, -0.00227187457494, 0.000679496384691, -0.00459649832919, 0.000443717930466, -0.00231154728681, -0.00294782640412, 0.00844890344888, -0.0135548487306, 0.0266307722777, -0.00975733436644, 0.00198102369905], [0.00065860390896, -0.00113860866986, 0.00151841400657, -0.0023913111072, 0.00224196538329, -0.00514599075541, 0.000971357920207, 0.000497387547512, -0.00376291619614, 0.00648687779903, -0.00975733436644, 0.0181763004512, -0.00453809928149], [-0.000488554302137, -0.000101922487374, -0.00113380106632, 0.00146829057485, -0.00128502061125, -0.00222114683129, 0.000172654428752, -0.00426672538742, 0.0012179169571, -0.00238527986221, 0.00198102369905, -0.00453809928149, 0.0149828111753]]
    },
    "spectral_contrast_coeffs": {
        "mean": [-0.56593978405, -0.723104774952, -0.729503929615, -0.729903876781, -0.761738359928, -0.748383104801],
        "var": [0.00701897405088, 0.00311754457653, 0.00368310627528, 0.0073122382164, 0.00381141458638, 0.0015028542839]
    },
    "spectral_contrast_valleys": {
        "mean": [-7.35233163834, -6.99978208542, -7.91809225082, -8.20950698853, -8.20179271698, -12.0790290833],
        "var": [1.09970426559, 1.04160428047, 1.12033808231, 1.10504221916, 1.17678153515, 0.657414197922]
    }
},
"metadata": {
    "audio_properties": {
        "analysis_sample_rate": 44100,
        "bit_rate": 110668,
        "equal_loudness": 0,
        "length": 45.0873451233,
        "lossless": 0,
        "replay_gain": -11.4384078979,
        "sample_rate": 44100,
        "codec": "mp3",
        "downmix": "mix",
        "md5_encoded": "1e6fb0bf34a9267a464d208795f4ace8"
    },
    "tags": {
        "file_name": "799.mp3"
    },
    "version": {
        "essentia": "2.1-beta2",
        "essentia_git_sha": "v2.1_beta2",
        "extractor": "music 1.0"
    }
},
"rhythm": {
    "beats_count": 94,
    "beats_loudness": {
        "mean": 0.0437275208533,
        "var": 0.000464035168989
    },
    "bpm": 127.826576233,
    "bpm_histogram_first_peak_bpm": {
        "mean": 129,
        "var": 0
    },
    "bpm_histogram_first_peak_spread": {
        "mean": 0.512500047684,
        "var": 0
    },
    "bpm_histogram_first_peak_weight": {
        "mean": 0.419354826212,
        "var": 0
    },
    "bpm_histogram_second_peak_bpm": {
        "mean": 123,
        "var": 0
    },
    "bpm_histogram_second_peak_spread": {
        "mean": 0,
        "var": 0
    },
    "bpm_histogram_second_peak_weight": {
        "mean": 0.0967741906643,
        "var": 0
    },
    "danceability": 1.46883535385,
    "onset_rate": 3.1925675869,
    "beats_loudness_band_ratio": {
        "mean": [0.676620781422, 0.0972792580724, 0.0664778649807, 0.0660619288683, 0.0938077270985, 0.0102659910917],
        "var": [0.0486783869565, 0.00633348431438, 0.00343959475867, 0.00655241962522, 0.0172191765159, 8.92110401765e-005]
    },
    "beats_position": [0.49922901392, 1.02167797089, 1.53251695633, 2.0549659729, 2.56580495834, 3.05342388153, 3.52943301201, 4.00544214249, 4.48145103455, 4.95746040344, 5.4334692955, 5.89786815643, 6.37387752533, 6.83827638626, 7.30267572403, 7.77868461609, 8.24308395386, 8.71909236908, 9.19510173798, 9.67111110687, 10.1355104446, 10.6115188599, 11.0759181976, 11.5403175354, 12.0279359818, 12.4923353195, 12.9451246262, 13.4211339951, 13.8855323792, 14.3499317169, 14.8259410858, 15.301949501, 15.7663488388, 16.242357254, 16.7067565918, 17.1711559296, 17.6471652985, 18.1115646362, 18.575963974, 19.0519733429, 19.5279808044, 19.9923801422, 20.4683895111, 20.94439888, 21.4087982178, 21.8731975555, 22.3375968933, 22.8019943237, 23.2780036926, 23.7540130615, 24.2184123993, 24.6944217682, 25.1704311371, 25.6348285675, 26.1108379364, 26.5868473053, 27.0512466431, 27.527256012, 27.9916553497, 28.4560546875, 28.932062149, 29.3964614868, 29.8608608246, 30.3368701935, 30.8128795624, 31.2772789001, 31.753288269, 32.2292976379, 32.6936950684, 33.1813163757, 33.6457138062, 34.0985031128, 34.5512924194, 35.0389099121, 35.5033111572, 35.9793205261, 36.455329895, 36.9313354492, 37.4073448181, 37.8717460632, 38.3361434937, 38.823764801, 39.2881622314, 39.7641716003, 40.2401809692, 40.7045783997, 41.1689796448, 41.6333770752, 42.0977783203, 42.5621757507, 43.0497932434, 43.5374145508, 44.0250320435, 44.5126533508]
},
"tonal": {
    "chords_changes_rate": 0.0483539104462,
    "chords_number_rate": 0.00308641977608,
    "chords_strength": {
        "mean": 0.588297069073,
        "var": 0.00526907620952
    },
    "hpcp_entropy": {
        "mean": 1.85432314873,
        "var": 0.433631539345
    },
    "key_strength": 0.645455300808,
    "tuning_diatonic_strength": 0.648349285126,
    "tuning_equal_tempered_deviation": 0.0764606967568,
    "tuning_frequency": 441.527557373,
    "tuning_nontempered_energy_ratio": 0.736253380775,
    "hpcp": {
        "mean": [0.0351038426161, 0.103275552392, 0.271623402834, 0.328612953424, 0.170237794518, 0.0532066039741, 0.0362935326993, 0.0361470840871, 0.064591050148, 0.079966135323, 0.0961356386542, 0.187694519758, 0.200663343072, 0.108022868633, 0.0768651664257, 0.0796553865075, 0.150299906731, 0.251668155193, 0.201419949532, 0.0902097821236, 0.04421094805, 0.024047775194, 0.0170206166804, 0.0441603064537, 0.0719207748771, 0.127496257424, 0.362103492022, 0.448622971773, 0.209480658174, 0.0450106412172, 0.019248271361, 0.0321209132671, 0.0765494257212, 0.090999417007, 0.0441701859236, 0.0170207042247],
        "var": [0.0171012375504, 0.0275207143277, 0.073467195034, 0.122488580644, 0.0591112151742, 0.0192132256925, 0.01524757687, 0.0163998361677, 0.0314067788422, 0.0459960065782, 0.0249488148838, 0.057573761791, 0.0618717446923, 0.0293960273266, 0.027769362554, 0.0278023704886, 0.0685034841299, 0.126047089696, 0.0811381265521, 0.0304660033435, 0.0169788654894, 0.0068657649681, 0.00338539504446, 0.00926157552749, 0.024656958878, 0.0390420667827, 0.114097088575, 0.163215398788, 0.0748329460621, 0.0150260794908, 0.00322869676165, 0.00484665622935, 0.0136008383706, 0.021974330768, 0.00713836029172, 0.00330777210183]
    },
    "chords_histogram": [74.5884780884, 0, 0, 0, 0, 0, 0, 0, 0, 0, 3.49794244766, 0, 0, 0, 0, 0, 0, 0, 0, 0, 0, 0, 0, 21.9135799408],
    "thpcp": [1, 0.466941446066, 0.100330665708, 0.0429052300751, 0.0715989023447, 0.170631974936, 0.202841639519, 0.0984572544694, 0.0379398837686, 0.0782479792833, 0.230205669999, 0.60546028614, 0.732492506504, 0.379467397928, 0.118599817157, 0.0808998569846, 0.0805734097958, 0.14397624135, 0.178247973323, 0.214290499687, 0.418379187584, 0.447287261486, 0.240787640214, 0.171335786581, 0.177555307746, 0.335024982691, 0.560979187489, 0.44897377491, 0.201081499457, 0.0985481142998, 0.0536035299301, 0.0379396900535, 0.0984352305532, 0.160314515233, 0.284194678068, 0.807144343853],
    "chords_key": "F#",
    "chords_scale": "major",
    "key_key": "F#",
    "key_scale": "major"
}
}