{
"lowlevel": {
    "average_loudness": 0.949223041534,
    "barkbands_crest": {
        "mean": 11.7335758209,
        "var": 17.7362918854
    },
    "barkbands_flatness_db": {
        "mean": 0.197515651584,
        "var": 0.0101199140772
    },
    "barkbands_kurtosis": {
        "mean": 14.1947669983,
        "var": 378.595245361
    },
    "barkbands_skewness": {
        "mean": 2.62999582291,
        "var": 3.04376482964
    },
    "barkbands_spread": {
        "mean": 16.6542644501,
        "var": 294.402618408
    },
    "dissonance": {
        "mean": 0.446211755276,
        "var": 0.00389175210148
    },
    "dynamic_complexity": 4.00973033905,
    "erbbands_crest": {
        "mean": 7.78181838989,
        "var": 14.0628232956
    },
    "erbbands_flatness_db": {
        "mean": 0.174327552319,
        "var": 0.00678601209074
    },
    "erbbands_kurtosis": {
        "mean": 2.17489957809,
        "var": 38.2115936279
    },
    "erbbands_skewness": {
        "mean": 0.664926290512,
        "var": 1.56523406506
    },
    "erbbands_spread": {
        "mean": 44.4255638123,
        "var": 615.286071777
    },
    "hfc": {
        "mean": 18.0799217224,
        "var": 839.834777832
    },
    "melbands_crest": {
        "mean": 16.1357688904,
        "var": 26.5440502167
    },
    "melbands_flatness_db": {
        "mean": 0.268552929163,
        "var": 0.0145487869158
    },
    "melbands_kurtosis": {
        "mean": 30.0797328949,
        "var": 1039.59094238
    },
    "melbands_skewness": {
        "mean": 3.85341048241,
        "var": 4.29283285141
    },
    "melbands_spread": {
        "mean": 16.7700061798,
        "var": 649.654724121
    },
    "pitch_salience": {
        "mean": 0.579190373421,
        "var": 0.0112762125209
    },
    "silence_rate_20dB": {
        "mean": 1,
        "var": 0
    },
    "silence_rate_30dB": {
        "mean": 0.918167769909,
        "var": 0.0751367434859
    },
    "silence_rate_60dB": {
        "mean": 0.0854348912835,
        "var": 0.0781373083591
    },
    "spectral_centroid": {
        "mean": 1007.15631104,
        "var": 790412.1875
    },
    "spectral_complexity": {
        "mean": 14.8939781189,
        "var": 139.242553711
    },
    "spectral_decrease": {
        "mean": -9.40821021089e-009,
        "var": 1.58286886503e-016
    },
    "spectral_energy": {
        "mean": 0.0371486879885,
        "var": 0.00235874718055
    },
    "spectral_energyband_high": {
        "mean": 0.00125845952425,
        "var": 1.04007858681e-005
    },
    "spectral_energyband_low": {
        "mean": 0.0214620847255,
        "var": 0.00171635486186
    },
    "spectral_energyband_middle_high": {
        "mean": 0.00226764683612,
        "var": 9.53995822783e-006
    },
    "spectral_energyband_middle_low": {
        "mean": 0.0132776219398,
        "var": 0.000319788203342
    },
    "spectral_entropy": {
        "mean": 7.24725008011,
        "var": 0.856691598892
    },
    "spectral_flux": {
        "mean": 0.0838457942009,
        "var": 0.00586088933051
    },
    "spectral_kurtosis": {
        "mean": 13.2895212173,
        "var": 1432.20446777
    },
    "spectral_rms": {
        "mean": 0.00509095750749,
        "var": 1.0324842151e-005
    },
    "spectral_rolloff": {
        "mean": 1183.53625488,
        "var": 3665105
    },
    "spectral_skewness": {
        "mean": 2.07266712189,
        "var": 4.62585353851
    },
    "spectral_spread": {
        "mean": 4383923,
        "var": 4.87912950989e+012
    },
    "spectral_strongpeak": {
        "mean": 0.530827343464,
        "var": 0.43060863018
    },
    "zerocrossingrate": {
        "mean": 0.0474220849574,
        "var": 0.00248704920523
    },
    "barkbands": {
        "mean": [0.00118027022108, 0.0140122901648, 0.00520607735962, 0.00254322169349, 0.00668693101034, 0.00201651663519, 0.000574101868551, 0.000766586919781, 0.000572136603296, 0.000332256837282, 0.000201333517907, 0.000174771761522, 0.000175459092134, 0.000189534854144, 0.000179271504749, 0.000257343694102, 0.000375655537937, 0.00017776657478, 0.000195102955331, 0.000168746468262, 0.000251051853411, 0.000309928844217, 0.000269016687525, 0.000190526494407, 0.000114361835585, 2.77131020994e-005, 7.26084579128e-007],
        "var": [9.30671831156e-006, 0.0011457396904, 7.0847083407e-005, 1.91139242816e-005, 0.000152426786372, 5.61212618777e-006, 9.47078490299e-007, 1.45894409798e-006, 2.17828460336e-006, 4.10168070175e-007, 1.01224998161e-007, 1.44329760587e-007, 1.13877298702e-007, 1.13899368159e-007, 1.10121241903e-007, 1.80082906809e-007, 6.42861095912e-007, 1.17008255529e-007, 1.86803873703e-007, 1.48973853697e-007, 4.23173190711e-007, 6.96001734468e-007, 5.0894487913e-007, 4.51807409263e-007, 1.6423611271e-007, 1.03860982037e-008, 1.65160871091e-011]
    },
    "erbbands": {
        "mean": [0.545629680157, 2.62461256981, 5.7219748497, 7.60057544708, 19.9328155518, 20.1816883087, 13.8426733017, 16.2052192688, 9.34343528748, 13.5123195648, 14.0709619522, 12.8487081528, 11.4666471481, 9.46004581451, 8.90732955933, 7.83464813232, 8.10419750214, 9.85530567169, 8.94724082947, 12.1277217865, 17.0254497528, 16.1025276184, 10.9310121536, 9.4103269577, 9.87929344177, 8.16878700256, 9.69731807709, 10.1715860367, 10.8787631989, 10.0898609161, 7.24689769745, 4.56570720673, 2.89710736275, 1.67601919174, 0.584965825081, 0.184092387557, 0.0386051461101, 0.00395402126014, 0.000130518557853, 4.89457997901e-005],
        "var": [1.92387270927, 39.276802063, 88.4133911133, 126.641525269, 1687.29138184, 1176.19750977, 360.683166504, 407.758453369, 198.417724609, 582.337463379, 687.872802734, 810.177368164, 804.940063477, 426.300170898, 227.05128479, 309.147583008, 221.412506104, 327.170806885, 253.499938965, 439.173614502, 979.349487305, 841.115661621, 480.809844971, 305.953399658, 522.166992188, 352.712341309, 610.334777832, 696.901367188, 821.277648926, 802.29309082, 365.849395752, 232.466323853, 107.248908997, 34.8940315247, 6.7930598259, 0.460388720036, 0.0199453048408, 0.000262447370915, 2.40854006961e-007, 3.70575836683e-009]
    },
    "gfcc": {
        "mean": [-58.4551200867, 113.046913147, -99.6636962891, 41.7079124451, -67.3163604736, 4.24660491943, -43.3458023071, -4.96433973312, -18.2764587402, -7.66472053528, -17.678855896, 0.196841731668, -9.55584144592],
        "cov": [[18315.1875, -3085.59082031, -935.257446289, 1691.28540039, 527.371643066, 1776.91210938, -51.9179840088, 1333.90539551, -331.026763916, 701.460388184, -468.374969482, 292.168731689, -470.289855957], [-3085.59082031, 2694.7644043, 559.603881836, -699.827209473, 328.648071289, -426.058135986, 326.824127197, -369.126800537, 331.931335449, -317.421508789, 291.223632813, -154.117324829, 190.085830688], [-935.257446289, 559.603881836, 993.071472168, -92.7074966431, 222.89604187, -23.5466976166, 94.2820358276, 26.3349208832, 38.797794342, 63.6216316223, 66.3591995239, -31.1581497192, 30.2200737], [1691.28540039, -699.827209473, -92.7074966431, 1002.60467529, 270.593200684, 371.706573486, 155.515350342, 267.540771484, 128.542831421, 117.340042114, -0.722961783409, 8.39250564575, 3.10438966751], [527.371643066, 328.648071289, 222.89604187, 270.593200684, 650.102783203, 270.259368896, 229.852355957, 245.958679199, 165.247756958, 69.1696166992, 1.22629630566, 28.1204910278, -10.4857378006], [1776.91210938, -426.058135986, -23.5466976166, 371.706573486, 270.259368896, 519.264831543, 145.088241577, 280.278717041, 25.3095874786, 142.297149658, -38.3498153687, 36.0812492371, -61.6816635132], [-51.9179840088, 326.824127197, 94.2820358276, 155.515350342, 229.852355957, 145.088241577, 324.15927124, 52.4518508911, 128.170623779, -0.699109792709, 68.3712158203, 4.47558307648, 7.7804145813], [1333.90539551, -369.126800537, 26.3349208832, 267.540771484, 245.958679199, 280.278717041, 52.4518508911, 311.421234131, 13.7915906906, 126.222396851, -51.999584198, 49.4089355469, -49.4006271362], [-331.026763916, 331.931335449, 38.797794342, 128.542831421, 165.247756958, 25.3095874786, 128.170623779, 13.7915906906, 182.807861328, -16.2624454498, 58.3991470337, -27.520072937, 39.3774261475], [701.460388184, -317.421508789, 63.6216316223, 117.340042114, 69.1696166992, 142.297149658, -0.699109792709, 126.222396851, -16.2624454498, 152.062316895, -34.4764595032, 31.1987533569, -45.6326980591], [-468.374969482, 291.223632813, 66.3591995239, -0.722961783409, 1.22629630566, -38.3498153687, 68.3712158203, -51.999584198, 58.3991470337, -34.4764595032, 117.121864319, -25.1734790802, 58.1300392151], [292.168731689, -154.117324829, -31.1581497192, 8.39250564575, 28.1204910278, 36.0812492371, 4.47558307648, 49.4089355469, -27.520072937, 31.1987533569, -25.1734790802, 90.7157669067, -22.6997299194], [-470.289855957, 190.085830688, 30.2200737, 3.10438966751, -10.4857378006, -61.6816635132, 7.7804145813, -49.4006271362, 39.3774261475, -45.6326980591, 58.1300392151, -22.6997299194, 121.931266785]],
        "icov": [[0.00012041995069, -0.000157442758791, 0.000119073760288, -0.000201897011721, 0.000146866441355, -0.000264886039076, 0.000131512715598, -0.000297099730233, 0.00032780674519, -0.000204822499654, 0.000187314552022, -0.000123536476167, 0.000140586460475], [-0.000157442758791, 0.0024770242162, -0.000699937110767, 0.00196552439593, -0.00186106585898, 0.000794502033386, -0.00099312607199, 0.00132977485191, -0.00255052512512, 0.00243379827589, -0.0024635179434, 0.00150621891953, -0.00031198974466], [0.000119073760288, -0.000699937110767, 0.00164530053735, -0.000379085046006, -0.000252438068856, 0.000178516667802, -1.47333576024e-005, -0.00044816810987, 0.00158712232951, -0.00205934536643, -9.64953578659e-005, 0.000412499532104, -0.000120192955364], [-0.000201897011721, 0.00196552439593, -0.000379085046006, 0.0032633272931, -0.00133680400904, 0.000105864208308, -0.000997517025098, 0.000367311440641, -0.00311663956381, 0.00151950342115, -0.00187066057697, 0.0015605778899, -0.000923418323509], [0.000146866441355, -0.00186106585898, -0.000252438068856, -0.00133680400904, 0.00539165688679, -0.00124735292047, -0.00038028054405, -0.003526275279, -0.000975527975243, -0.00070616719313, 0.00336482748389, -0.00193314137869, 7.93564904598e-005], [-0.000264886039076, 0.000794502033386, 0.000178516667802, 0.000105864208308, -0.00124735292047, 0.00588788138703, -0.00245732441545, -0.00192423770204, 0.000582705368288, -0.001113470993, -0.000893312389962, 0.00180492945947, 9.82415367616e-005], [0.000131512715598, -0.00099312607199, -1.47333576024e-005, -0.000997517025098, -0.00038028054405, -0.00245732441545, 0.00685714185238, 0.000682919751853, -0.00148448022082, 0.00044228497427, -0.00204636668786, -0.00235077529214, 0.00183076248504], [-0.000297099730233, 0.00132977485191, -0.00044816810987, 0.000367311440641, -0.003526275279, -0.00192423770204, 0.000682919751853, 0.0109942555428, -0.00109329819679, -0.00174666382372, -0.000400545744924, -0.00104945909698, -0.000288190349238], [0.00032780674519, -0.00255052512512, 0.00158712232951, -0.00311663956381, -0.000975527975243, 0.000582705368288, -0.00148448022082, -0.00109329819679, 0.0146564366296, -0.00333290477283, -0.000257334701018, 0.00150784966536, -0.000788042147178], [-0.000204822499654, 0.00243379827589, -0.00205934536643, 0.00151950342115, -0.00070616719313, -0.001113470993, 0.00044228497427, -0.00174666382372, -0.00333290477283, 0.0150412879884, -0.00222248397768, -0.000722912431229, 0.00215815007687], [0.000187314552022, -0.0024635179434, -9.64953578659e-005, -0.00187066057697, 0.00336482748389, -0.000893312389962, -0.00204636668786, -0.000400545744924, -0.000257334701018, -0.00222248397768, 0.0179649367929, -0.000592725758906, -0.00498338602483], [-0.000123536476167, 0.00150621891953, 0.000412499532104, 0.0015605778899, -0.00193314137869, 0.00180492945947, -0.00235077529214, -0.00104945909698, 0.00150784966536, -0.000722912431229, -0.000592725758906, 0.0150457946584, -0.000168829326867], [0.000140586460475, -0.00031198974466, -0.000120192955364, -0.000923418323509, 7.93564904598e-005, 9.82415367616e-005, 0.00183076248504, -0.000288190349238, -0.000788042147178, 0.00215815007687, -0.00498338602483, -0.000168829326867, 0.0125127574429]]
    },
    "melbands": {
        "mean": [0.00434738304466, 0.00313598010689, 0.00164770043921, 0.00166458438616, 0.000521942914929, 0.000369807676179, 0.000133728666697, 0.000157100759679, 0.000111049273983, 7.9634024587e-005, 5.59290492674e-005, 3.80013698305e-005, 2.90990210488e-005, 2.20383008127e-005, 1.83128486242e-005, 1.73112312041e-005, 1.84052023542e-005, 1.39392122946e-005, 1.40283773362e-005, 1.85062726814e-005, 2.21639857045e-005, 1.80552888196e-005, 1.42688013511e-005, 7.41260600989e-006, 7.50174376662e-006, 7.56936424295e-006, 5.96442805545e-006, 5.25023415321e-006, 5.90842591919e-006, 5.97085045229e-006, 5.90268336964e-006, 6.18904368821e-006, 5.93279492023e-006, 5.45537341168e-006, 4.34901312474e-006, 3.25322207573e-006, 2.6488291951e-006, 2.12322538573e-006, 1.66919983258e-006, 1.33013406867e-006],
        "var": [0.000115110109618, 2.90185926133e-005, 5.91211437495e-006, 1.00221441244e-005, 4.62166724446e-007, 1.96177950329e-007, 4.57627642447e-008, 6.91321631052e-008, 5.07170305752e-008, 3.61160203965e-008, 2.01377154951e-008, 7.6511019742e-009, 2.29057373069e-009, 2.1080319712e-009, 1.3426206813e-009, 1.13047526895e-009, 1.12010689612e-009, 6.49594433799e-010, 6.74363676012e-010, 1.04940800494e-009, 2.24096630141e-009, 1.15915976817e-009, 1.28740063055e-009, 2.01887825901e-010, 2.05430866762e-010, 3.2736294231e-010, 1.93652274771e-010, 1.54280005438e-010, 2.23011817346e-010, 2.54002985312e-010, 2.5020230332e-010, 2.75720613008e-010, 2.79023609773e-010, 2.41179937133e-010, 1.27910126935e-010, 9.31897822798e-011, 9.20814396954e-011, 5.96394322816e-011, 3.6699174949e-011, 2.2528054075e-011]
    },
    "mfcc": {
        "mean": [-697.387695313, 130.057952881, 23.014377594, 31.5545139313, 1.39796876907, 7.15827226639, -15.742972374, 3.38878417015, -7.21233463287, -3.45985388756, -6.60218906403, -4.67837619781, -3.6105055809],
        "cov": [[15357.3339844, -2512.98779297, -1452.19970703, 552.148498535, 547.298706055, 905.25402832, 573.689147949, 852.970153809, 503.419281006, 521.576049805, 322.99331665, 331.583679199, 162.883834839], [-2512.98779297, 2516.88793945, 366.605499268, -197.706619263, 13.6842775345, -82.0100326538, -54.6945419312, 6.14091300964, -68.1778869629, -50.5147857666, 31.827671051, -7.24327611923, 18.8005504608], [-1452.19970703, 366.605499268, 773.055053711, -17.5216083527, -9.24209499359, -87.5456161499, 37.8368377686, -166.865966797, -34.0396842957, -55.0929718018, 1.43553888798, -15.4120740891, -0.480604678392], [552.148498535, -197.706619263, -17.5216083527, 531.113220215, 226.995040894, 173.656921387, 95.2684402466, 163.922058105, 139.087600708, 126.251060486, 57.2352676392, 80.9491653442, 79.482170105], [547.298706055, 13.6842775345, -9.24209499359, 226.995040894, 416.149719238, 153.129013062, 139.355026245, 158.057846069, 180.686035156, 115.584030151, 94.0298843384, 71.2561950684, 65.9071655273], [905.25402832, -82.0100326538, -87.5456161499, 173.656921387, 153.129013062, 305.533966064, 161.111206055, 188.645126343, 127.423812866, 137.209152222, 84.2010192871, 84.8322982788, 58.0787239075], [573.689147949, -54.6945419312, 37.8368377686, 95.2684402466, 139.355026245, 161.111206055, 237.644424438, 141.388076782, 115.573768616, 84.7643508911, 83.3612670898, 66.8057403564, 47.4912528992], [852.970153809, 6.14091300964, -166.865966797, 163.922058105, 158.057846069, 188.645126343, 141.388076782, 272.243621826, 126.249023438, 109.631103516, 73.4836883545, 84.9183731079, 57.7123146057], [503.419281006, -68.1778869629, -34.0396842957, 139.087600708, 180.686035156, 127.423812866, 115.573768616, 126.249023438, 179.250183105, 95.9516601563, 53.4110488892, 59.7418861389, 56.5234947205], [521.576049805, -50.5147857666, -55.0929718018, 126.251060486, 115.584030151, 137.209152222, 84.7643508911, 109.631103516, 95.9516601563, 145.785415649, 75.1713256836, 52.0210838318, 38.9363822937], [322.99331665, 31.827671051, 1.43553888798, 57.2352676392, 94.0298843384, 84.2010192871, 83.3612670898, 73.4836883545, 53.4110488892, 75.1713256836, 110.398742676, 40.5842208862, 19.5491027832], [331.583679199, -7.24327611923, -15.4120740891, 80.9491653442, 71.2561950684, 84.8322982788, 66.8057403564, 84.9183731079, 59.7418861389, 52.0210838318, 40.5842208862, 83.3177642822, 40.6573143005], [162.883834839, 18.8005504608, -0.480604678392, 79.482170105, 65.9071655273, 58.0787239075, 47.4912528992, 57.7123146057, 56.5234947205, 38.9363822937, 19.5491027832, 40.6573143005, 78.2771835327]],
        "icov": [[0.00011195019033, 9.2079208116e-005, 0.000129654727061, 4.57537717011e-005, -2.5895975341e-005, -0.000123140518554, -6.14306263742e-005, -0.000107158717583, 1.54142999236e-005, -3.50178706867e-005, -9.43838967942e-005, -0.000100460456451, 1.07544592538e-005], [9.2079208116e-005, 0.000585901085287, -0.000272934528766, 0.000370054796804, -0.000194115680642, -5.40203363926e-005, 0.000444035045803, -0.000762984331232, 0.000301784835756, 5.52182464162e-005, -0.000376755779143, 3.69023509847e-005, -0.000383554899599], [0.000129654727061, -0.000272934528766, 0.00228052539751, -0.000516674597748, -7.05876009306e-005, 0.000152210937813, -0.00179815432057, 0.00235335575417, -2.06435961445e-005, 0.000386243860703, -0.000306737638311, -0.000693672569469, -0.000103563543234], [4.57537717011e-005, 0.000370054796804, -0.000516674597748, 0.00326905259863, -0.00111687812023, -0.0005802589003, 0.00107940216549, -0.00128136272542, 0.000130819840706, -0.00121853000019, 0.000668686116114, -0.000483907962916, -0.00124988332391], [-2.5895975341e-005, -0.000194115680642, -7.05876009306e-005, -0.00111687812023, 0.00509762391448, 0.000153964268975, -0.000132879940793, -0.0002630809322, -0.00396459549665, 0.000591582385823, -0.00215551280417, 0.000586326990742, -9.52293048613e-005], [-0.000123140518554, -5.40203363926e-005, 0.000152210937813, -0.0005802589003, 0.000153964268975, 0.00849116034806, -0.0026152417995, -0.00190471590031, 0.000134710993734, -0.00398883456364, 0.000519793422427, -0.00149971887004, -4.34397552453e-005], [-6.14306263742e-005, 0.000444035045803, -0.00179815432057, 0.00107940216549, -0.000132879940793, -0.0026152417995, 0.0102926157415, -0.00324103166349, -0.00272216182202, 0.00173447525594, -0.00362250907347, -0.000278560095467, -0.000736349844374], [-0.000107158717583, -0.000762984331232, 0.00235335575417, -0.00128136272542, -0.0002630809322, -0.00190471590031, -0.00324103166349, 0.0112689333037, -0.00148805440404, -0.000229227196542, -6.97197756381e-005, -0.00344187696464, 8.15144630906e-006], [1.54142999236e-005, 0.000301784835756, -2.06435961445e-005, 0.000130819840706, -0.00396459549665, 0.000134710993734, -0.00272216182202, -0.00148805440404, 0.015212578699, -0.00462007476017, 0.00286722718738, -0.00113898480777, -0.00306201190688], [-3.50178706867e-005, 5.52182464162e-005, 0.000386243860703, -0.00121853000019, 0.000591582385823, -0.00398883456364, 0.00173447525594, -0.000229227196542, -0.00462007476017, 0.0178495123982, -0.0077265072614, 0.000118345466035, -0.00079693068983], [-9.43838967942e-005, -0.000376755779143, -0.000306737638311, 0.000668686116114, -0.00215551280417, 0.000519793422427, -0.00362250907347, -6.97197756381e-005, 0.00286722718738, -0.0077265072614, 0.0179542377591, -0.00312201865017, 0.00219498178922], [-0.000100460456451, 3.69023509847e-005, -0.000693672569469, -0.000483907962916, 0.000586326990742, -0.00149971887004, -0.000278560095467, -0.00344187696464, -0.00113898480777, 0.000118345466035, -0.00312201865017, 0.0228468906134, -0.00631045131013], [1.07544592538e-005, -0.000383554899599, -0.000103563543234, -0.00124988332391, -9.52293048613e-005, -4.34397552453e-005, -0.000736349844374, 8.15144630906e-006, -0.00306201190688, -0.00079693068983, 0.00219498178922, -0.00631045131013, 0.0200034435838]]
    },
    "spectral_contrast_coeffs": {
        "mean": [-0.576776325703, -0.731399714947, -0.807016849518, -0.822436153889, -0.820450544357, -0.735422670841],
        "var": [0.0142614338547, 0.0048756301403, 0.00258458335884, 0.00190932338592, 0.00192106887698, 0.00365326856263]
    },
    "spectral_contrast_valleys": {
        "mean": [-7.6526350975, -6.91933059692, -7.81808042526, -8.24377250671, -8.1673784256, -11.0193119049],
        "var": [3.52022147179, 1.67205452919, 2.07397961617, 2.37737035751, 2.80335307121, 3.49271249771]
    }
},
"metadata": {
    "audio_properties": {
        "analysis_sample_rate": 44100,
        "bit_rate": 113469,
        "equal_loudness": 0,
        "length": 45.0873451233,
        "lossless": 0,
        "replay_gain": -12.3040657043,
        "sample_rate": 44100,
        "codec": "mp3",
        "downmix": "mix",
        "md5_encoded": "258c50f20945378fb7c7259bfbda8e10"
    },
    "tags": {
        "file_name": "80.mp3"
    },
    "version": {
        "essentia": "2.1-beta2",
        "essentia_git_sha": "v2.1_beta2",
        "extractor": "music 1.0"
    }
},
"rhythm": {
    "beats_count": 125,
    "beats_loudness": {
        "mean": 0.0749454498291,
        "var": 0.00597292790189
    },
    "bpm": 165.789413452,
    "bpm_histogram_first_peak_bpm": {
        "mean": 167,
        "var": 0
    },
    "bpm_histogram_first_peak_spread": {
        "mean": 0,
        "var": 0
    },
    "bpm_histogram_first_peak_weight": {
        "mean": 0.56451612711,
        "var": 0
    },
    "bpm_histogram_second_peak_bpm": {
        "mean": 172,
        "var": 0
    },
    "bpm_histogram_second_peak_spread": {
        "mean": 0,
        "var": 0
    },
    "bpm_histogram_second_peak_weight": {
        "mean": 0.306451618671,
        "var": 0
    },
    "danceability": 1.23613941669,
    "onset_rate": 2.99303197861,
    "beats_loudness_band_ratio": {
        "mean": [0.49070546031, 0.30024087429, 0.0969789996743, 0.045183904469, 0.0532735399902, 0.0898303687572],
        "var": [0.115198083222, 0.0650474727154, 0.00863605923951, 0.00240527023561, 0.00403922563419, 0.0157225225121]
    },
    "beats_position": [0.371519267559, 0.766258478165, 1.13777780533, 1.49768710136, 1.8575963974, 2.20589566231, 2.55419492722, 2.91410422325, 3.28562355042, 3.64553284645, 4.01705217361, 4.37696123123, 4.73687076569, 5.08516979218, 5.45668935776, 5.80498838425, 6.17650794983, 6.52480697632, 6.87310647964, 7.24462556839, 7.60453510284, 7.96444416046, 8.32435321808, 8.68426322937, 9.03256225586, 9.39247131348, 9.75238037109, 10.1006803513, 10.47219944, 10.8204984665, 11.1687984467, 11.5170974731, 11.8770065308, 12.2369155884, 12.5852155685, 12.933514595, 13.2818136215, 13.6301136017, 14.0016326904, 14.361541748, 14.7214508057, 15.0697498322, 15.4412698746, 15.7895689011, 16.1494789124, 16.50938797, 16.8809070587, 17.2408161163, 17.600725174, 17.9606342316, 18.3089332581, 18.6688423157, 19.0287532806, 19.3886623383, 19.7485713959, 20.1084804535, 20.4683895111, 20.8282985687, 21.1765975952, 21.5248966217, 21.8848075867, 22.2331066132, 22.5930156708, 22.9413146973, 23.2896137238, 23.6379127502, 24.009431839, 24.369342804, 24.7292518616, 25.0775508881, 25.4258499146, 25.7857589722, 26.1456680298, 26.5055770874, 26.865486145, 27.22539711, 27.5853061676, 27.9452152252, 28.3051242828, 28.6534233093, 29.0133323669, 29.3732414246, 29.7215423584, 30.081451416, 30.4529705048, 30.8128795624, 31.17278862, 31.5326976776, 31.8926067352, 32.2525177002, 32.6008148193, 32.960723877, 33.3206329346, 33.6689338684, 34.0172348022, 34.3771438599, 34.7370529175, 35.0853500366, 35.4336509705, 35.7935600281, 36.1534690857, 36.5017662048, 36.8500671387, 37.2099761963, 37.5698852539, 37.9181861877, 38.2897033691, 38.6496124268, 39.0095214844, 39.369430542, 39.7293434143, 40.0776405334, 40.4491615295, 40.8090705872, 41.1689796448, 41.5288887024, 41.88879776, 42.2603149414, 42.6202278137, 42.9801368713, 43.3284339905, 43.6883430481, 44.0482521057, 44.4081611633, 44.7680702209]
},
"tonal": {
    "chords_changes_rate": 0.0308641977608,
    "chords_number_rate": 0.00617283955216,
    "chords_strength": {
        "mean": 0.595662176609,
        "var": 0.00818063132465
    },
    "hpcp_entropy": {
        "mean": 2.18772792816,
        "var": 0.519691765308
    },
    "key_strength": 0.682794392109,
    "tuning_diatonic_strength": 0.566813468933,
    "tuning_equal_tempered_deviation": 0.24233750999,
    "tuning_frequency": 434.193115234,
    "tuning_nontempered_energy_ratio": 0.954004704952,
    "hpcp": {
        "mean": [0.423360645771, 0.457210898399, 0.185079827905, 0.0608473792672, 0.0485014989972, 0.047365244478, 0.0556177049875, 0.065404266119, 0.10680129379, 0.2312528193, 0.241041690111, 0.107173927128, 0.0520252324641, 0.0609002299607, 0.0675732567906, 0.0887488722801, 0.100881099701, 0.070053242147, 0.0403041355312, 0.0327562652528, 0.0514713712037, 0.204411402345, 0.29778856039, 0.213830500841, 0.162637144327, 0.0942232683301, 0.0354495868087, 0.0364439561963, 0.039821755141, 0.0797224119306, 0.221846401691, 0.250355094671, 0.115805596113, 0.0557171776891, 0.0662598833442, 0.155849546194],
        "var": [0.145265743136, 0.170733168721, 0.04527419433, 0.0223473012447, 0.0171766728163, 0.0157028362155, 0.0160940289497, 0.0210253633559, 0.0318180844188, 0.113689765334, 0.104042470455, 0.0272301193327, 0.0160718262196, 0.0257863402367, 0.0249118804932, 0.0315540134907, 0.0357030332088, 0.0181075017899, 0.00920629501343, 0.00723230885342, 0.0116985868663, 0.0452971570194, 0.0943922400475, 0.0495004504919, 0.094656586647, 0.0315956100821, 0.0110617009923, 0.0089129563421, 0.0110983448103, 0.0225506406277, 0.0781248435378, 0.096554428339, 0.0343934372067, 0.021136701107, 0.0269584972411, 0.0558111406863]
    },
    "chords_histogram": [75.5144042969, 9.87654304504, 0, 1.85185182095, 0, 0.720164597034, 0, 2.16049385071, 0, 0, 0, 0, 0, 0, 0, 0.823045253754, 0, 0, 0, 0, 0, 0, 2.05761313438, 6.99588489532],
    "thpcp": [1, 0.404801875353, 0.133083835244, 0.106081239879, 0.103596054018, 0.121645621955, 0.143050536513, 0.233593061566, 0.505790233612, 0.527200222015, 0.234408080578, 0.11378826201, 0.133199423552, 0.147794499993, 0.194109261036, 0.220644563437, 0.153218656778, 0.0881521776319, 0.0716436654329, 0.11257687211, 0.447083383799, 0.651315510273, 0.467684596777, 0.355715811253, 0.206082731485, 0.077534429729, 0.0797092914581, 0.0870971232653, 0.174366816878, 0.485216796398, 0.547570288181, 0.253287047148, 0.121863186359, 0.144921928644, 0.340870141983, 0.925963580608],
    "chords_key": "A",
    "chords_scale": "minor",
    "key_key": "A",
    "key_scale": "minor"
}
}