{
"lowlevel": {
    "average_loudness": 0.98000061512,
    "barkbands_crest": {
        "mean": 9.33755874634,
        "var": 11.3594484329
    },
    "barkbands_flatness_db": {
        "mean": 0.128113359213,
        "var": 0.0013008157257
    },
    "barkbands_kurtosis": {
        "mean": 4.51149749756,
        "var": 46.9727783203
    },
    "barkbands_skewness": {
        "mean": 1.83058226109,
        "var": 1.01730620861
    },
    "barkbands_spread": {
        "mean": 22.2658977509,
        "var": 116.641571045
    },
    "dissonance": {
        "mean": 0.464922934771,
        "var": 0.000460269249743
    },
    "dynamic_complexity": 1.29023730755,
    "erbbands_crest": {
        "mean": 7.15832662582,
        "var": 9.2272605896
    },
    "erbbands_flatness_db": {
        "mean": 0.127265408635,
        "var": 0.000328293070197
    },
    "erbbands_kurtosis": {
        "mean": 0.0866301134229,
        "var": 0.784056603909
    },
    "erbbands_skewness": {
        "mean": 0.190296918154,
        "var": 0.15355566144
    },
    "erbbands_spread": {
        "mean": 44.8772888184,
        "var": 286.672180176
    },
    "hfc": {
        "mean": 23.2653617859,
        "var": 195.459594727
    },
    "melbands_crest": {
        "mean": 14.7179946899,
        "var": 21.7304000854
    },
    "melbands_flatness_db": {
        "mean": 0.185427993536,
        "var": 0.00323709449731
    },
    "melbands_kurtosis": {
        "mean": 15.2343034744,
        "var": 267.253234863
    },
    "melbands_skewness": {
        "mean": 3.10234260559,
        "var": 2.13797926903
    },
    "melbands_spread": {
        "mean": 20.710691452,
        "var": 161.091018677
    },
    "pitch_salience": {
        "mean": 0.546092510223,
        "var": 0.0101639144123
    },
    "silence_rate_20dB": {
        "mean": 1,
        "var": 0
    },
    "silence_rate_30dB": {
        "mean": 0.94287186861,
        "var": 0.0538657493889
    },
    "silence_rate_60dB": {
        "mean": 0.00205867225304,
        "var": 0.00205448735505
    },
    "spectral_centroid": {
        "mean": 1155.70727539,
        "var": 370335.0625
    },
    "spectral_complexity": {
        "mean": 21.6042194366,
        "var": 29.2931594849
    },
    "spectral_decrease": {
        "mean": -1.08171827051e-008,
        "var": 8.10188205189e-017
    },
    "spectral_energy": {
        "mean": 0.0429367870092,
        "var": 0.00118977669626
    },
    "spectral_energyband_high": {
        "mean": 0.0012897613924,
        "var": 3.44745035363e-006
    },
    "spectral_energyband_low": {
        "mean": 0.0234149992466,
        "var": 0.0008182656602
    },
    "spectral_energyband_middle_high": {
        "mean": 0.0056097782217,
        "var": 4.47220509159e-006
    },
    "spectral_energyband_middle_low": {
        "mean": 0.0170261096209,
        "var": 0.000308238726575
    },
    "spectral_entropy": {
        "mean": 7.69544172287,
        "var": 0.0906589701772
    },
    "spectral_flux": {
        "mean": 0.0993562340736,
        "var": 0.00492530455813
    },
    "spectral_kurtosis": {
        "mean": 3.01830625534,
        "var": 2.51080203056
    },
    "spectral_rms": {
        "mean": 0.00609331065789,
        "var": 4.76100240121e-006
    },
    "spectral_rolloff": {
        "mean": 1286.34533691,
        "var": 1647131.375
    },
    "spectral_skewness": {
        "mean": 1.46745717525,
        "var": 0.186446711421
    },
    "spectral_spread": {
        "mean": 5482431,
        "var": 2.29328289792e+012
    },
    "spectral_strongpeak": {
        "mean": 0.704659998417,
        "var": 0.474524438381
    },
    "zerocrossingrate": {
        "mean": 0.0610927045345,
        "var": 0.000995341455564
    },
    "barkbands": {
        "mean": [6.86181592755e-005, 0.00771844433621, 0.0112689044327, 0.00700822006911, 0.00601894129068, 0.00101590971462, 0.00110902602319, 0.000632046430837, 0.00116550910752, 0.000829657947179, 0.00110814487562, 0.000566651287954, 0.00100930093322, 0.000796565960627, 0.000489966245368, 0.000210258513107, 0.000201961054699, 0.000136906674015, 0.000159468938364, 0.000212829487282, 0.000312416930683, 0.000314731732942, 0.000290220661554, 0.000163181204698, 0.000107118939923, 2.16235112021e-005, 1.58046788101e-007],
        "var": [1.11216422738e-008, 0.000205272182939, 0.000241812871536, 0.000139013907756, 4.65425982838e-005, 1.52393045028e-006, 1.01053979051e-006, 7.3623272101e-007, 1.05535673356e-006, 7.18742171557e-007, 1.40736983667e-006, 3.77266019314e-007, 8.53602955431e-007, 7.23647815448e-007, 2.94035316983e-007, 2.35510349e-008, 1.40035014695e-008, 8.2486675268e-009, 1.77110912603e-008, 4.63237981307e-008, 2.05813989851e-007, 2.81629098708e-007, 3.03306023852e-007, 3.69607136008e-008, 1.11784306256e-008, 3.37519984184e-010, 1.91572980895e-013]
    },
    "erbbands": {
        "mean": [0.140125393867, 2.1166472435, 10.5644693375, 22.0299186707, 21.6211833954, 19.6513404846, 10.4032888412, 8.98886394501, 12.1815576553, 19.7162189484, 16.4359016418, 25.3119869232, 21.700345993, 32.6024208069, 39.0623512268, 24.3694915771, 47.9075012207, 43.0285415649, 22.3011798859, 28.4283123016, 11.4643640518, 11.9297208786, 7.96167325974, 8.15544891357, 8.73872470856, 10.1627082825, 10.8751382828, 12.5356092453, 11.3308067322, 10.8637104034, 7.4489736557, 4.18905544281, 2.43316841125, 1.45199155807, 0.599621117115, 0.167973071337, 0.0286134667695, 0.00191383785568, 7.49624014134e-005, 5.43416390428e-005],
        "var": [0.0414850488305, 15.5553808212, 211.097015381, 1082.68774414, 887.650390625, 552.036010742, 206.674407959, 115.258956909, 176.272293091, 354.330535889, 327.869995117, 578.514099121, 358.934448242, 712.42578125, 1386.84521484, 398.684997559, 1895.08874512, 2839.55175781, 252.938949585, 1240.10095215, 57.9812965393, 49.9512748718, 20.1894550323, 37.2813796997, 63.1989173889, 86.0986022949, 236.134613037, 366.214508057, 401.824554443, 389.229125977, 190.842788696, 38.0306510925, 6.56340551376, 1.98963427544, 0.372697114944, 0.0213876012713, 0.000606865156442, 5.07938329974e-006, 3.87099774457e-009, 1.53613921583e-009]
    },
    "gfcc": {
        "mean": [41.8450393677, 88.1089553833, -111.781204224, 37.4337539673, -64.0254821777, 35.0386199951, -41.656627655, 5.22895812988, -33.1661567688, 0.575951874256, -23.7279262543, -8.3630695343, -15.0089492798],
        "cov": [[3351.70239258, 210.161193848, -51.0006141663, 255.883743286, -166.118652344, 120.37612915, -82.8327484131, -2.79900312424, -74.8376159668, 2.23271751404, -73.7856674194, -19.3895530701, -42.4318580627], [210.161193848, 352.738616943, 208.360824585, -34.597454071, 214.44758606, 63.5465049744, 46.9428710938, 81.0901947021, 29.23969841, 26.2900600433, 26.1637058258, -3.757843256, 22.7877349854], [-51.0006141663, 208.360824585, 384.013793945, 83.8162155151, 223.273468018, 77.2512435913, 68.8332901001, 72.6568450928, 43.8977661133, 31.853767395, 26.2576637268, 0.0720911696553, 13.3455209732], [255.883743286, -34.597454071, 83.8162155151, 244.115234375, -20.851682663, 49.4595069885, 46.4074058533, -21.7012195587, 36.5601806641, -8.34445476532, 3.74243927002, -13.7972517014, -1.7828438282], [-166.118652344, 214.44758606, 223.273468018, -20.851682663, 304.743011475, 112.73387146, 63.7800483704, 98.0409317017, 42.0744552612, 45.025138855, 30.0653972626, -6.173204422, 12.5446815491], [120.37612915, 63.5465049744, 77.2512435913, 49.4595069885, 112.73387146, 105.576934814, 57.7750892639, 45.7947044373, 25.833574295, 22.8227977753, 13.8809356689, -8.73573493958, -0.0156110646203], [-82.8327484131, 46.9428710938, 68.8332901001, 46.4074058533, 63.7800483704, 57.7750892639, 101.130516052, 43.1985359192, 25.513168335, 0.134959205985, 14.8689928055, -6.79465818405, -12.8011655807], [-2.79900312424, 81.0901947021, 72.6568450928, -21.7012195587, 98.0409317017, 45.7947044373, 43.1985359192, 92.3729629517, 36.0390853882, 25.2801609039, 7.95053672791, -4.24711084366, 3.09364652634], [-74.8376159668, 29.23969841, 43.8977661133, 36.5601806641, 42.0744552612, 25.833574295, 25.513168335, 36.0390853882, 66.3584747314, 32.1985168457, 7.54023551941, -8.64123439789, 5.70696115494], [2.23271751404, 26.2900600433, 31.853767395, -8.34445476532, 45.025138855, 22.8227977753, 0.134959205985, 25.2801609039, 32.1985168457, 60.1874542236, 24.8847618103, 4.43128108978, -0.418467521667], [-73.7856674194, 26.1637058258, 26.2576637268, 3.74243927002, 30.0653972626, 13.8809356689, 14.8689928055, 7.95053672791, 7.54023551941, 24.8847618103, 47.9930915833, 19.9878482819, -1.94569718838], [-19.3895530701, -3.757843256, 0.0720911696553, -13.7972517014, -6.173204422, -8.73573493958, -6.79465818405, -4.24711084366, -8.64123439789, 4.43128108978, 19.9878482819, 45.7596435547, 18.6512908936], [-42.4318580627, 22.7877349854, 13.3455209732, -1.7828438282, 12.5446815491, -0.0156110646203, -12.8011655807, 3.09364652634, 5.70696115494, -0.418467521667, -1.94569718838, 18.6512908936, 52.7362098694]],
        "icov": [[0.00126056279987, -0.00304398080334, 0.00079579371959, -0.00269166287035, 0.00291393510997, -0.00377157866023, 0.00321162585169, -0.00257226685062, 0.0037343383301, -0.00265520694666, 0.00407108524814, -0.00262655224651, 0.00292736571282], [-0.00304398080334, 0.0133075760677, -0.00386609463021, 0.00794027093798, -0.00924401823431, 0.00942697282881, -0.00788557250053, 0.00515227671713, -0.0091678602621, 0.00804352480918, -0.0126350289211, 0.00896353088319, -0.00954775046557], [0.00079579371959, -0.00386609463021, 0.00771530717611, -0.00634185411036, -0.00362795079127, 0.00264076236635, 0.000288817798719, -0.00300719006918, 0.00477679818869, -0.00457950728014, 0.00481330230832, -0.00378712033853, 0.00221803667955], [-0.00269166287035, 0.00794027093798, -0.00634185411036, 0.0161104314029, -0.000945434847381, -0.000832751567941, -0.00722464732826, 0.011343229562, -0.0162400715053, 0.0115700140595, -0.0121689382941, 0.00809678342193, -0.00710504921153], [0.00291393510997, -0.00924401823431, -0.00362795079127, -0.000945434847381, 0.0209864508361, -0.0205097775906, 0.00955840293318, -0.00774956122041, 0.00593157950789, -0.00415506539866, 0.0055758995004, -0.00344510725699, 0.00575097231194], [-0.00377157866023, 0.00942697282881, 0.00264076236635, -0.000832751567941, -0.0205097775906, 0.0409490726888, -0.0198706034571, 0.00332443462685, -0.00203993357718, -0.00340041192248, -0.00799680594355, 0.00939507130533, -0.0113560641184], [0.00321162585169, -0.00788557250053, 0.000288817798719, -0.00722464732826, 0.00955840293318, -0.0198706034571, 0.0306918695569, -0.0132653769106, 0.00232773390599, 0.00665156915784, 0.00195705192164, -0.00746444333345, 0.0141359427944], [-0.00257226685062, 0.00515227671713, -0.00300719006918, 0.011343229562, -0.00774956122041, 0.00332443462685, -0.0132653769106, 0.0306669380516, -0.0176071692258, 0.00337989465334, -0.00380021962337, 0.0035983521957, -0.00580675993115], [0.0037343383301, -0.0091678602621, 0.00477679818869, -0.0162400715053, 0.00593157950789, -0.00203993357718, 0.00232773390599, -0.0176071692258, 0.0467655807734, -0.028990842402, 0.0166087392718, -0.0010056005558, 0.00107220478822], [-0.00265520694666, 0.00804352480918, -0.00457950728014, 0.0115700140595, -0.00415506539866, -0.00340041192248, 0.00665156915784, 0.00337989465334, -0.028990842402, 0.0469112806022, -0.0281972009689, 0.00594909023494, -0.00129311683122], [0.00407108524814, -0.0126350289211, 0.00481330230832, -0.0121689382941, 0.0055758995004, -0.00799680594355, 0.00195705192164, -0.00380021962337, 0.0166087392718, -0.0281972009689, 0.0560526400805, -0.0293289218098, 0.0168948639184], [-0.00262655224651, 0.00896353088319, -0.00378712033853, 0.00809678342193, -0.00344510725699, 0.00939507130533, -0.00746444333345, 0.0035983521957, -0.0010056005558, 0.00594909023494, -0.0293289218098, 0.0459519475698, -0.0231331139803], [0.00292736571282, -0.00954775046557, 0.00221803667955, -0.00710504921153, 0.00575097231194, -0.0113560641184, 0.0141359427944, -0.00580675993115, 0.00107220478822, -0.00129311683122, 0.0168948639184, -0.0231331139803, 0.0357210151851]]
    },
    "melbands": {
        "mean": [0.00171511771623, 0.00477224355564, 0.0038046464324, 0.00151783204637, 0.000464493467007, 0.000199002504814, 0.000192237523152, 0.000201820483198, 0.000150540668983, 0.000151298125274, 0.000110478256829, 0.000134323927341, 0.000165551085956, 4.84822958242e-005, 0.000111634944915, 9.64287828538e-005, 7.43955315556e-005, 3.76773314201e-005, 3.2749328966e-005, 2.72124434559e-005, 1.10059791041e-005, 1.2747053006e-005, 8.57366467244e-006, 7.36478705221e-006, 6.32022647551e-006, 6.49003550279e-006, 7.54585016693e-006, 5.99481563768e-006, 6.3995344135e-006, 7.05362208464e-006, 7.43444115869e-006, 6.18987951384e-006, 6.34061188975e-006, 6.12843541603e-006, 4.64862432636e-006, 3.10558789351e-006, 2.21954769586e-006, 1.74344211246e-006, 1.44391458434e-006, 1.1467099057e-006],
        "var": [8.43707039166e-006, 4.34735484305e-005, 2.96315720334e-005, 3.155630111e-006, 3.46681957808e-007, 5.48416174695e-008, 3.73135904397e-008, 3.74548960735e-008, 2.35228583279e-008, 1.90655704557e-008, 1.03002628649e-008, 1.30849810986e-008, 3.04422691499e-008, 3.99581567834e-009, 1.02570725247e-008, 8.12646661075e-009, 8.27442825369e-009, 1.04334585416e-009, 1.44185730022e-009, 9.8061414544e-010, 7.1818301306e-011, 8.38316013829e-011, 3.41601226472e-011, 3.14677242597e-011, 2.96807682598e-011, 2.81432585569e-011, 6.44554201679e-011, 3.20248098873e-011, 8.06717331825e-011, 1.09937316195e-010, 1.45074077751e-010, 1.32032343392e-010, 1.1065878075e-010, 1.39415687328e-010, 7.85540035797e-011, 2.69214702614e-011, 1.03246014169e-011, 3.30967761877e-012, 2.53326396318e-012, 1.24296167976e-012]
    },
    "mfcc": {
        "mean": [-596.537109375, 111.364578247, 12.5955286026, 10.1396074295, 4.95239830017, 17.4739952087, 6.10614204407, 2.09564161301, -0.419314265251, 0.915218293667, -1.66880679131, -4.80047273636, -6.56977128983],
        "cov": [[1079.58435059, -91.9069976807, 193.655914307, 130.038253784, -56.4409446716, 84.6778640747, -28.1009864807, 10.0056810379, -12.588224411, -6.55092430115, -25.4532661438, -8.52268123627, -13.6281194687], [-91.9069976807, 569.009765625, 45.3282241821, -37.067489624, 224.538925171, 0.120291605592, 134.869979858, 38.8579711914, 88.9214172363, 36.3402824402, 67.9047927856, 51.024394989, 21.4911842346], [193.655914307, 45.3282241821, 206.148864746, 119.289833069, 62.4640884399, 61.9682197571, 40.6435241699, 36.9021492004, 32.598361969, 21.7595481873, 22.675245285, 29.0514087677, 6.88151884079], [130.038253784, -37.067489624, 119.289833069, 132.776092529, 26.1429729462, 59.630645752, 16.1449356079, 35.0734024048, 15.2017040253, 19.004529953, 13.6497507095, 16.1355876923, 2.00396537781], [-56.4409446716, 224.538925171, 62.4640884399, 26.1429729462, 218.155792236, 54.500579834, 88.356300354, 25.8886318207, 78.4914550781, 40.4355812073, 49.5655403137, 41.4806022644, 29.9540042877], [84.6778640747, 0.120291605592, 61.9682197571, 59.630645752, 54.500579834, 100.467475891, 46.1088142395, 28.96667099, 22.9719905853, 22.5758304596, 25.9436950684, 25.7952365875, 9.44331550598], [-28.1009864807, 134.869979858, 40.6435241699, 16.1449356079, 88.356300354, 46.1088142395, 114.659164429, 54.8795204163, 34.2183570862, 25.7694530487, 44.5840339661, 36.2894325256, 5.36627244949], [10.0056810379, 38.8579711914, 36.9021492004, 35.0734024048, 25.8886318207, 28.96667099, 54.8795204163, 76.6501541138, 34.6344909668, 18.5125656128, 23.6610012054, 19.0684757233, -0.490330129862], [-12.588224411, 88.9214172363, 32.598361969, 15.2017040253, 78.4914550781, 22.9719905853, 34.2183570862, 34.6344909668, 93.2028198242, 43.7249755859, 21.413974762, 14.9118804932, 19.5054187775], [-6.55092430115, 36.3402824402, 21.7595481873, 19.004529953, 40.4355812073, 22.5758304596, 25.7694530487, 18.5125656128, 43.7249755859, 68.2727661133, 40.9916572571, 18.9571266174, 2.24962759018], [-25.4532661438, 67.9047927856, 22.675245285, 13.6497507095, 49.5655403137, 25.9436950684, 44.5840339661, 23.6610012054, 21.413974762, 40.9916572571, 79.325553894, 47.3675003052, -0.0189757868648], [-8.52268123627, 51.024394989, 29.0514087677, 16.1355876923, 41.4806022644, 25.7952365875, 36.2894325256, 19.0684757233, 14.9118804932, 18.9571266174, 47.3675003052, 72.5334396362, 21.3356723785], [-13.6281194687, 21.4911842346, 6.88151884079, 2.00396537781, 29.9540042877, 9.44331550598, 5.36627244949, -0.490330129862, 19.5054187775, 2.24962759018, -0.0189757868648, 21.3356723785, 53.9149131775]],
        "icov": [[0.00130670878571, -0.000254966609646, -0.00129372777883, 5.12095211889e-005, 0.000853619247209, -0.00129806774203, 0.000668443157338, 0.000125376580399, 8.11758127384e-006, 1.05450699266e-005, 0.000405208294978, 0.00010689283954, 0.000237334752455], [-0.000254966609646, 0.00432070670649, -0.000976732932031, 0.00197317381389, -0.0035637198016, 0.00327933812514, -0.00324897118844, 0.00036861069384, -0.00119317159988, 0.00103724712972, -0.00108458893374, -0.000166902755154, 0.000450917286798], [-0.00129372777883, -0.000976732932031, 0.0131135955453, -0.0110988477245, -0.000507697404828, 0.000928385125007, -0.00241499394178, 0.00204306072555, -0.0022774564568, 0.0013798911823, 0.000456362729892, -0.00202746666037, 0.000748339807615], [5.12095211889e-005, 0.00197317381389, -0.0110988477245, 0.0226971488446, -0.00276249134913, -0.00601810775697, 0.00619905209169, -0.00882889609784, 0.00459813326597, -0.00373672670685, 0.000892410578672, 0.000394197239075, 2.7683803637e-005], [0.000853619247209, -0.0035637198016, -0.000507697404828, -0.00276249134913, 0.0143991764635, -0.00430953409523, -0.00523746106774, 0.00722064450383, -0.00770291732624, 0.00196367059834, -0.00217112340033, 0.000640484853648, -0.00240368372761], [-0.00129806774203, 0.00327933812514, 0.000928385125007, -0.00601810775697, -0.00430953409523, 0.0207275766879, -0.00805751886219, 0.0013234782964, -0.000663995568175, -0.000609611161053, -0.00109505618457, -0.00136803195346, -0.00114564131945], [0.000668443157338, -0.00324897118844, -0.00241499394178, 0.00619905209169, -0.00523746106774, -0.00805751886219, 0.0274772047997, -0.0166453681886, 0.0070039536804, -0.00233082449995, -0.00163862807676, -0.00167223485187, 0.00120126910042], [0.000125376580399, 0.00036861069384, 0.00204306072555, -0.00882889609784, 0.00722064450383, 0.0013234782964, -0.0166453681886, 0.0308874733746, -0.0137249687687, 0.00530504295602, -0.0023513333872, -0.00138440087903, 0.00293746194802], [8.11758127384e-006, -0.00119317159988, -0.0022774564568, 0.00459813326597, -0.00770291732624, -0.000663995568175, 0.0070039536804, -0.0137249687687, 0.0281957574189, -0.0156721118838, 0.0052592465654, 0.00217335950583, -0.00623360229656], [1.05450699266e-005, 0.00103724712972, 0.0013798911823, -0.00373672670685, 0.00196367059834, -0.000609611161053, -0.00233082449995, 0.00530504295602, -0.0156721118838, 0.0319566316903, -0.0161968916655, 0.00331324781291, 0.00186763633974], [0.000405208294978, -0.00108458893374, 0.000456362729892, 0.000892410578672, -0.00217112340033, -0.00109505618457, -0.00163862807676, -0.0023513333872, 0.0052592465654, -0.0161968916655, 0.0345964841545, -0.0182988271117, 0.00800975225866], [0.00010689283954, -0.000166902755154, -0.00202746666037, 0.000394197239075, 0.000640484853648, -0.00136803195346, -0.00167223485187, -0.00138440087903, 0.00217335950583, 0.00331324781291, -0.0182988271117, 0.0302881672978, -0.0125415613875], [0.000237334752455, 0.000450917286798, 0.000748339807615, 2.7683803637e-005, -0.00240368372761, -0.00114564131945, 0.00120126910042, 0.00293746194802, -0.00623360229656, 0.00186763633974, 0.00800975225866, -0.0125415613875, 0.0269178450108]]
    },
    "spectral_contrast_coeffs": {
        "mean": [-0.573231875896, -0.733926713467, -0.736108064651, -0.742872536182, -0.783432662487, -0.743325710297],
        "var": [0.00587432319298, 0.00390909425914, 0.00301979179494, 0.00213820417412, 0.00123208912555, 0.00125859095715]
    },
    "spectral_contrast_valleys": {
        "mean": [-6.95918893814, -6.65918731689, -7.08788537979, -7.40780925751, -7.49433517456, -9.67276191711],
        "var": [1.57145154476, 1.04231464863, 0.892912864685, 0.786717236042, 0.894248843193, 0.815387010574]
    }
},
"metadata": {
    "audio_properties": {
        "analysis_sample_rate": 44100,
        "bit_rate": 105589,
        "equal_loudness": 0,
        "length": 45.0873451233,
        "lossless": 0,
        "replay_gain": -10.1451759338,
        "sample_rate": 44100,
        "codec": "mp3",
        "downmix": "mix",
        "md5_encoded": "d1ca4415f5f49fb562701a3167793f1a"
    },
    "tags": {
        "file_name": "804.mp3"
    },
    "version": {
        "essentia": "2.1-beta2",
        "essentia_git_sha": "v2.1_beta2",
        "extractor": "music 1.0"
    }
},
"rhythm": {
    "beats_count": 93,
    "beats_loudness": {
        "mean": 0.0770317167044,
        "var": 0.00112196581904
    },
    "bpm": 124.138168335,
    "bpm_histogram_first_peak_bpm": {
        "mean": 123,
        "var": 0
    },
    "bpm_histogram_first_peak_spread": {
        "mean": 0.363636344671,
        "var": 0
    },
    "bpm_histogram_first_peak_weight": {
        "mean": 0.532608687878,
        "var": 0
    },
    "bpm_histogram_second_peak_bpm": {
        "mean": 129,
        "var": 0
    },
    "bpm_histogram_second_peak_spread": {
        "mean": 0,
        "var": 0
    },
    "bpm_histogram_second_peak_weight": {
        "mean": 0.163043484092,
        "var": 0
    },
    "danceability": 2.03221678734,
    "onset_rate": 2.66047286987,
    "beats_loudness_band_ratio": {
        "mean": [0.732827067375, 0.106026940048, 0.0406810566783, 0.0505524873734, 0.0218481402844, 0.0776097625494],
        "var": [0.0442125685513, 0.0112469336018, 0.00162069115322, 0.00243378430605, 0.000601669424213, 0.0060210255906]
    },
    "beats_position": [0.441179126501, 0.905578196049, 1.39319729805, 1.8575963974, 2.34521532059, 2.83283448219, 3.32045340538, 3.78485250473, 4.27247142792, 4.73687076569, 5.22448968887, 5.71210861206, 6.18811798096, 6.66412687302, 7.1517457962, 7.61614513397, 8.10376358032, 8.59138298035, 9.07900238037, 9.54340076447, 10.0310201645, 10.4954195023, 10.9830379486, 11.4706573486, 11.9466667175, 12.4226751328, 12.9102945328, 13.3863039017, 13.8623123169, 14.3499317169, 14.8375511169, 15.301949501, 15.7895689011, 16.2655773163, 16.7415866852, 17.2292060852, 17.7168254852, 18.181224823, 18.6688423157, 19.1448516846, 19.6208610535, 20.1084804535, 20.5960998535, 21.0721092224, 21.548116684, 22.0241260529, 22.5117454529, 22.9877548218, 23.4753742218, 23.9397735596, 24.4273910522, 24.9034004211, 25.37940979, 25.8670291901, 26.3546485901, 26.8190479279, 27.3066654205, 27.7826747894, 28.2586841583, 28.7463035583, 29.2339229584, 29.7099323273, 30.1859397888, 30.6619491577, 31.1379585266, 31.6255779266, 32.1131973267, 32.5892066956, 33.0768241882, 33.5528335571, 34.0404510498, 34.5048522949, 34.9924697876, 35.4684791565, 35.9561004639, 36.4321098328, 36.9197273254, 37.3841247559, 37.8717460632, 38.3477554321, 38.823764801, 39.3113822937, 39.7989997864, 40.2634010315, 40.7510185242, 41.2154197693, 41.703037262, 42.1906585693, 42.678276062, 43.1658935547, 43.6535148621, 44.1411323547, 44.6287536621]
},
"tonal": {
    "chords_changes_rate": 0.0298353917897,
    "chords_number_rate": 0.00617283955216,
    "chords_strength": {
        "mean": 0.544084846973,
        "var": 0.00834277458489
    },
    "hpcp_entropy": {
        "mean": 1.82163238525,
        "var": 0.439393103123
    },
    "key_strength": 0.778666913509,
    "tuning_diatonic_strength": 0.646434366703,
    "tuning_equal_tempered_deviation": 0.0276433844119,
    "tuning_frequency": 439.745910645,
    "tuning_nontempered_energy_ratio": 0.627625823021,
    "hpcp": {
        "mean": [0.201924115419, 0.126970887184, 0.0436023138463, 0.0327636748552, 0.0451287813485, 0.19860625267, 0.430971503258, 0.340915709734, 0.118920184672, 0.062188539654, 0.0456333681941, 0.0881995111704, 0.165377423167, 0.138874098659, 0.0797668173909, 0.0960843488574, 0.117455169559, 0.120176933706, 0.117354594171, 0.0852370932698, 0.111736640334, 0.211730003357, 0.166101098061, 0.0606024265289, 0.0344780571759, 0.0295582301915, 0.114426143467, 0.231784537435, 0.164911046624, 0.0485442280769, 0.0318915396929, 0.0311624202877, 0.0965822041035, 0.206448823214, 0.186079069972, 0.162492021918],
        "var": [0.109894357622, 0.0470252707601, 0.010095205158, 0.00643482198939, 0.0147774331272, 0.0450314022601, 0.14656548202, 0.108997382224, 0.0424604937434, 0.0247203987092, 0.0187379661947, 0.0319324396551, 0.0880816429853, 0.0612676627934, 0.0337091572583, 0.049368429929, 0.0645072087646, 0.0500874072313, 0.0334886349738, 0.0242863427848, 0.0279141254723, 0.0839651525021, 0.0660063996911, 0.0216006822884, 0.0132340416312, 0.0100307781249, 0.0249158889055, 0.0789371952415, 0.0498234219849, 0.0123656475917, 0.0116740996018, 0.0108342086896, 0.0210269782692, 0.0804810523987, 0.0689531341195, 0.0615671463311]
    },
    "chords_histogram": [34.8765449524, 9.97942352295, 23.6625518799, 0, 0, 0, 0, 0, 0, 0, 0, 0, 0, 0, 0, 0.102880656719, 0, 0, 0, 6.17283964157, 0, 0, 9.05349826813, 16.1522636414],
    "thpcp": [1, 0.7910400033, 0.275935143232, 0.144298493862, 0.105884887278, 0.204652771354, 0.383731693029, 0.322234988213, 0.18508605659, 0.222948268056, 0.272535800934, 0.278851240873, 0.27230244875, 0.197778955102, 0.259266883135, 0.491285383701, 0.385410875082, 0.140618175268, 0.0800007805228, 0.0685851126909, 0.265507459641, 0.537818729877, 0.382649540901, 0.112639069557, 0.0739991813898, 0.0723073780537, 0.224103450775, 0.479031264782, 0.431766539812, 0.377036571503, 0.468532413244, 0.294615507126, 0.101172149181, 0.0760228335857, 0.104714073241, 0.460833847523],
    "chords_key": "E",
    "chords_scale": "major",
    "key_key": "E",
    "key_scale": "major"
}
}