{
"lowlevel": {
    "average_loudness": 0.928410053253,
    "barkbands_crest": {
        "mean": 9.21636676788,
        "var": 14.8619165421
    },
    "barkbands_flatness_db": {
        "mean": 0.14722764492,
        "var": 0.00370233575813
    },
    "barkbands_kurtosis": {
        "mean": 4.03175878525,
        "var": 103.550300598
    },
    "barkbands_skewness": {
        "mean": 1.23874044418,
        "var": 1.78653514385
    },
    "barkbands_spread": {
        "mean": 21.2827072144,
        "var": 213.293197632
    },
    "dissonance": {
        "mean": 0.452241510153,
        "var": 0.0015309471637
    },
    "dynamic_complexity": 3.19560670853,
    "erbbands_crest": {
        "mean": 10.1990833282,
        "var": 22.7431583405
    },
    "erbbands_flatness_db": {
        "mean": 0.17014952004,
        "var": 0.00287041626871
    },
    "erbbands_kurtosis": {
        "mean": 0.999882042408,
        "var": 5.64127492905
    },
    "erbbands_skewness": {
        "mean": 0.369875311852,
        "var": 0.514534652233
    },
    "erbbands_spread": {
        "mean": 32.6021118164,
        "var": 406.7996521
    },
    "hfc": {
        "mean": 22.9382076263,
        "var": 381.523895264
    },
    "melbands_crest": {
        "mean": 12.2481527328,
        "var": 21.3677139282
    },
    "melbands_flatness_db": {
        "mean": 0.21749278903,
        "var": 0.00616700574756
    },
    "melbands_kurtosis": {
        "mean": 11.443523407,
        "var": 569.170349121
    },
    "melbands_skewness": {
        "mean": 2.13313627243,
        "var": 3.16553521156
    },
    "melbands_spread": {
        "mean": 24.2667045593,
        "var": 333.936004639
    },
    "pitch_salience": {
        "mean": 0.553530395031,
        "var": 0.0109747704118
    },
    "silence_rate_20dB": {
        "mean": 1,
        "var": 0
    },
    "silence_rate_30dB": {
        "mean": 1,
        "var": 0
    },
    "silence_rate_60dB": {
        "mean": 0.0447991751134,
        "var": 0.0427918620408
    },
    "spectral_centroid": {
        "mean": 1272.86889648,
        "var": 521896.1875
    },
    "spectral_complexity": {
        "mean": 18.2590122223,
        "var": 111.103492737
    },
    "spectral_decrease": {
        "mean": -7.05048552874e-009,
        "var": 1.69786000654e-017
    },
    "spectral_energy": {
        "mean": 0.0286907069385,
        "var": 0.000289310730295
    },
    "spectral_energyband_high": {
        "mean": 0.000706608174369,
        "var": 1.06331128791e-006
    },
    "spectral_energyband_low": {
        "mean": 0.00920155178756,
        "var": 4.18180643464e-005
    },
    "spectral_energyband_middle_high": {
        "mean": 0.00857343431562,
        "var": 0.000102356803836
    },
    "spectral_energyband_middle_low": {
        "mean": 0.0116030750796,
        "var": 9.20332531678e-005
    },
    "spectral_entropy": {
        "mean": 7.39315271378,
        "var": 0.293928533792
    },
    "spectral_flux": {
        "mean": 0.0925019010901,
        "var": 0.0020530349575
    },
    "spectral_kurtosis": {
        "mean": 5.95458650589,
        "var": 35.5236282349
    },
    "spectral_rms": {
        "mean": 0.00499055581167,
        "var": 3.08529297399e-006
    },
    "spectral_rolloff": {
        "mean": 1454.54211426,
        "var": 3003109.75
    },
    "spectral_skewness": {
        "mean": 1.72368514538,
        "var": 0.456725537777
    },
    "spectral_spread": {
        "mean": 4398025.5,
        "var": 6.24123392819e+012
    },
    "spectral_strongpeak": {
        "mean": 1.21697545052,
        "var": 2.63702106476
    },
    "zerocrossingrate": {
        "mean": 0.0568334721029,
        "var": 0.00208288384601
    },
    "barkbands": {
        "mean": [0.000130946384161, 0.00491589400917, 0.00296282139607, 0.00196346407756, 0.00227343919687, 0.00112091947813, 0.00152180041187, 0.00248487852514, 0.00183710095007, 0.00132799206767, 0.00149870186578, 0.00145224842709, 0.00123464094941, 0.000973692105617, 0.000881272135302, 0.000499854329973, 0.000253835110925, 0.000213985287701, 0.000274075806374, 0.000315820332617, 0.0001639224065, 0.00010784729966, 7.32543994673e-005, 8.40423454065e-005, 8.28130359878e-005, 4.05081482313e-005, 9.45778253936e-007],
        "var": [4.47492070066e-008, 1.77876754606e-005, 8.67017297423e-006, 5.36838615517e-006, 9.7136835393e-006, 1.95731695385e-006, 7.47588319427e-006, 1.6622885596e-005, 1.22538867799e-005, 8.31169563753e-006, 1.33073817778e-005, 1.0429037502e-005, 8.11899190012e-006, 6.58803128317e-006, 3.56718942385e-006, 1.15828481739e-006, 3.25388612055e-007, 1.05729270672e-007, 1.60196364618e-007, 2.25908607376e-007, 5.8247856316e-008, 4.11678691137e-008, 1.66482401198e-008, 3.38387096122e-008, 7.26039814936e-008, 9.77816139169e-009, 7.63904304396e-012]
    },
    "erbbands": {
        "mean": [0.118573114276, 1.19143795967, 3.15220928192, 5.90354442596, 5.63259840012, 8.54952526093, 9.00357913971, 9.52954483032, 13.1859827042, 44.6860351563, 53.7880210876, 44.6424255371, 32.2420654297, 52.2204933167, 63.4955863953, 67.3689346313, 59.8232002258, 50.8076171875, 46.4084892273, 40.5213775635, 23.786775589, 13.5943374634, 12.1077213287, 11.1615228653, 16.6479682922, 15.713353157, 8.5916891098, 5.18934106827, 3.94158482552, 3.47538328171, 1.74655663967, 1.73676109314, 1.30730772018, 0.980507493019, 0.563818752766, 0.254535764456, 0.0492128767073, 0.00658233137801, 0.000169726656168, 4.06282924814e-005],
        "var": [0.0145799415186, 1.02175605297, 7.92062759399, 34.5593299866, 38.7308349609, 191.949966431, 148.07144165, 164.400543213, 346.37020874, 6702.53369141, 6758.95849609, 7074.53222656, 5040.0625, 14361.9570313, 16901.3632813, 19106.2617188, 17143.9746094, 14177.6152344, 11127.0439453, 5790.51660156, 3190.64111328, 768.632446289, 338.148651123, 252.133224487, 612.511291504, 593.569396973, 132.602416992, 75.8766174316, 53.482208252, 43.4214477539, 8.52636241913, 12.2997655869, 10.0520610809, 10.9715280533, 3.20459604263, 0.478629678488, 0.0110908765346, 0.000228141638217, 1.26071029172e-007, 7.89416254587e-010]
    },
    "gfcc": {
        "mean": [-5.18310403824, 107.18662262, -114.629432678, 26.1537227631, -53.2569541931, 19.3527526855, -28.8043270111, 13.3868083954, -26.0970497131, 9.63666725159, -16.1008834839, -6.99624252319, -12.4225053787],
        "cov": [[8342.34863281, -1015.59606934, -1113.83972168, 33.044506073, -319.0390625, 235.106369019, -222.054107666, 119.946243286, -289.170959473, 268.472381592, -153.15045166, 157.165130615, -258.002471924], [-1015.59606934, 1614.51208496, -189.628387451, -149.813873291, 344.831329346, -175.96321106, 237.358001709, -124.567504883, 131.666259766, -126.715858459, 128.570083618, -234.725204468, 121.569732666], [-1113.83972168, -189.628387451, 1031.98083496, 259.290557861, -117.663803101, 100.167640686, -68.5547561646, 18.7106723785, 71.7967758179, -29.9850234985, -53.8360824585, 92.0287246704, -42.9518356323], [33.044506073, -149.813873291, 259.290557861, 382.856201172, 12.7852249146, 4.41311216354, -25.6055755615, 31.6427841187, 47.0928916931, -10.4360523224, -45.9055480957, 45.9126625061, 9.89979362488], [-319.0390625, 344.831329346, -117.663803101, 12.7852249146, 339.273773193, 1.76809251308, 85.5734558105, -4.84594202042, 25.9779376984, -1.47198188305, 18.3077926636, -78.204788208, 47.4735565186], [235.106369019, -175.96321106, 100.167640686, 4.41311216354, 1.76809251308, 246.438430786, 33.5544433594, -23.4525432587, -14.1236896515, 25.1893367767, -0.464303195477, -3.7120308876, -37.7099647522], [-222.054107666, 237.358001709, -68.5547561646, -25.6055755615, 85.5734558105, 33.5544433594, 177.129455566, -8.18487548828, 3.37964916229, -15.3238315582, 36.6536636353, -41.2662391663, 9.68761730194], [119.946243286, -124.567504883, 18.7106723785, 31.6427841187, -4.84594202042, -23.4525432587, -8.18487548828, 147.962860107, 12.8636217117, 9.34503746033, -20.7123775482, 14.5295553207, 18.3636856079], [-289.170959473, 131.666259766, 71.7967758179, 47.0928916931, 25.9779376984, -14.1236896515, 3.37964916229, 12.8636217117, 123.317779541, -2.53441429138, -3.8549053669, -18.7174491882, 8.61689090729], [268.472381592, -126.715858459, -29.9850234985, -10.4360523224, -1.47198188305, 25.1893367767, -15.3238315582, 9.34503746033, -2.53441429138, 104.744628906, 17.2683792114, -0.771156251431, -19.8712024689], [-153.15045166, 128.570083618, -53.8360824585, -45.9055480957, 18.3077926636, -0.464303195477, 36.6536636353, -20.7123775482, -3.8549053669, 17.2683792114, 95.6706008911, -15.0074577332, -4.75802993774], [157.165130615, -234.725204468, 92.0287246704, 45.9126625061, -78.204788208, -3.7120308876, -41.2662391663, 14.5295553207, -18.7174491882, -0.771156251431, -15.0074577332, 124.267486572, -10.9772491455], [-258.002471924, 121.569732666, -42.9518356323, 9.89979362488, 47.4735565186, -37.7099647522, 9.68761730194, 18.3636856079, 8.61689090729, -19.8712024689, -4.75802993774, -10.9772491455, 108.447654724]],
        "icov": [[0.00034186031553, -0.000501143629663, 0.000677196192555, -0.000531889614649, 0.000479615438962, -0.000819579465315, 0.000636975280941, -0.000666298554279, 0.000825624912977, -0.000949187029619, 0.000991351553239, -0.000792715931311, 0.0009765625], [-0.000501143629663, 0.00310412887484, -0.00136626802851, 0.00151336507406, -0.00184255058412, 0.00296096201055, -0.00259973620996, 0.00268034939654, -0.0030533883255, 0.00345088983886, -0.00338252657093, 0.00362145481631, -0.00264360033907], [0.000677196192555, -0.00136626802851, 0.00282461382449, -0.00193957739975, 0.00146009633318, -0.00257599772885, 0.00184328085743, -0.00163736380637, 0.00114529696293, -0.00161677924916, 0.0022939404007, -0.00250871828757, 0.00247559743002], [-0.000531889614649, 0.00151336507406, -0.00193957739975, 0.00460750097409, -0.00171774008777, 0.00195606937632, -0.00150652544107, 0.00129081867635, -0.00270548416302, 0.00196021143347, -0.00100405979902, 0.000882079533767, -0.00218316260725], [0.000479615438962, -0.00184255058412, 0.00146009633318, -0.00171774008777, 0.0053293639794, -0.00211397465318, 0.000279789092019, -0.00158263230696, 0.00160440593027, -0.00267952145077, 0.00227204221301, -0.000416360067902, 0.000555657898076], [-0.000819579465315, 0.00296096201055, -0.00257599772885, 0.00195606937632, -0.00211397465318, 0.00826532486826, -0.00418516388163, 0.00358817027882, -0.00249237171374, 0.00226538395509, -0.0029551081825, 0.00402572890744, -0.00201117177494], [0.000636975280941, -0.00259973620996, 0.00184328085743, -0.00150652544107, 0.000279789092019, -0.00418516388163, 0.0100801596418, -0.00295521062799, 0.00274779368192, -0.00115110550541, 0.000376833311748, -0.0020903442055, 0.00269515602849], [-0.000666298554279, 0.00268034939654, -0.00163736380637, 0.00129081867635, -0.00158263230696, 0.00358817027882, -0.00295521062799, 0.0100609911606, -0.00353523576632, 0.00182556337677, -0.00161845050752, 0.00251979008317, -0.00405586464331], [0.000825624912977, -0.0030533883255, 0.00114529696293, -0.00270548416302, 0.00160440593027, -0.00249237171374, 0.00274779368192, -0.00353523576632, 0.0128933247179, -0.00415342673659, 0.00378100783564, -0.00175470719114, 0.00307456916198], [-0.000949187029619, 0.00345088983886, -0.00161677924916, 0.00196021143347, -0.00267952145077, 0.00226538395509, -0.00115110550541, 0.00182556337677, -0.00415342673659, 0.0157379303128, -0.00717266881838, 0.00442039268091, -0.00184501102194], [0.000991351553239, -0.00338252657093, 0.0022939404007, -0.00100405979902, 0.00227204221301, -0.0029551081825, 0.000376833311748, -0.00161845050752, 0.00378100783564, -0.00717266881838, 0.0174218397588, -0.00432541267946, 0.00408055400476], [-0.000792715931311, 0.00362145481631, -0.00250871828757, 0.000882079533767, -0.000416360067902, 0.00402572890744, -0.0020903442055, 0.00251979008317, -0.00175470719114, 0.00442039268091, -0.00432541267946, 0.0152341825888, -0.00337588507682], [0.0009765625, -0.00264360033907, 0.00247559743002, -0.00218316260725, 0.000555657898076, -0.00201117177494, 0.00269515602849, -0.00405586464331, 0.00307456916198, -0.00184501102194, 0.00408055400476, -0.00337588507682, 0.0144459921867]]
    },
    "melbands": {
        "mean": [0.00124607083853, 0.00168225017842, 0.00100061390549, 0.000500840193126, 0.000346689164871, 0.000210338635952, 0.000228352495469, 0.000506348267663, 0.000447533442639, 0.000251358636888, 0.000153210377903, 0.000203943753149, 0.000209944904782, 0.000182472722372, 0.000164274300914, 9.61331679719e-005, 9.80896147666e-005, 7.41979820305e-005, 6.01641695539e-005, 4.42654854851e-005, 2.48012474913e-005, 1.32343520818e-005, 1.36478574859e-005, 9.63591810432e-006, 8.47304636409e-006, 1.1353606169e-005, 1.18683174151e-005, 1.01420664578e-005, 5.49628248336e-006, 4.03595913667e-006, 2.76152832157e-006, 2.21969867198e-006, 2.06544905268e-006, 1.88202659501e-006, 1.03562763343e-006, 8.44255964694e-007, 1.1350693967e-006, 9.67638129623e-007, 7.65033064454e-007, 8.61088835791e-007],
        "var": [1.23464531043e-006, 1.59669809818e-006, 8.68507015639e-007, 4.27551015036e-007, 2.36788423535e-007, 7.59923395321e-008, 1.24529123013e-007, 8.17863337943e-007, 4.86871726935e-007, 2.50527989465e-007, 1.26423898905e-007, 2.40392722617e-007, 2.47211119131e-007, 1.56447484301e-007, 9.81048771109e-008, 5.90078848006e-008, 6.36807939713e-008, 3.68324677424e-008, 1.79913417497e-008, 6.97113611281e-009, 5.06385866572e-009, 1.08373920948e-009, 6.10849482108e-010, 2.40925834838e-010, 1.84646783974e-010, 3.25989624184e-010, 3.32224275867e-010, 2.79422374128e-010, 6.53117976368e-011, 3.84435226708e-011, 2.67745756122e-011, 1.74868401009e-011, 1.60964627044e-011, 1.35154101452e-011, 3.23137697156e-012, 2.38049120346e-012, 5.96533022632e-012, 5.4227026515e-012, 4.99553740388e-012, 1.04612091559e-011]
    },
    "mfcc": {
        "mean": [-650.752624512, 139.268966675, -0.879676520824, 18.3779430389, 0.16190700233, 7.67933940887, 9.74053287506, -0.101027622819, 2.72045755386, 9.85407066345, 0.393476337194, 2.59663319588, 4.24212694168],
        "cov": [[6804.50244141, -1073.18688965, -914.773803711, -223.436462402, -266.609924316, 55.8375549316, -25.0953369141, -73.6527328491, -156.120071411, 53.536857605, -10.6293802261, -33.2001075745, 24.6091117859], [-1073.18688965, 1511.59094238, -351.607666016, 38.966217041, 47.4646911621, -3.75149226189, 127.531532288, -32.4320335388, -2.61135625839, 155.104537964, -56.9921569824, -13.3149633408, 37.0394325256], [-914.773803711, -351.607666016, 1046.11499023, 94.7368927002, 73.1752090454, 73.2685928345, -115.841217041, 92.763168335, 47.0780563354, -149.140380859, 116.917030334, 21.1288223267, -37.2490577698], [-223.436462402, 38.966217041, 94.7368927002, 361.663604736, 91.8164520264, -22.6528987885, -36.9679374695, 29.52318573, 83.1727218628, -54.8428993225, -3.152115345, 58.6475448608, -1.50369596481], [-266.609924316, 47.4646911621, 73.1752090454, 91.8164520264, 215.651809692, 23.2482070923, 0.85658377409, 2.56943750381, 63.4292373657, 15.1893825531, -4.58368825912, 9.89151382446, 2.81953167915], [55.8375549316, -3.75149226189, 73.2685928345, -22.6528987885, 23.2482070923, 239.95664978, 46.2035903931, 16.4243412018, -24.844865799, 39.5818367004, 36.1000900269, -39.9014892578, -16.0397872925], [-25.0953369141, 127.531532288, -115.841217041, -36.9679374695, 0.85658377409, 46.2035903931, 187.528656006, 8.24940109253, -23.1962108612, 71.0852661133, -20.2832183838, -8.15240955353, 10.4799880981], [-73.6527328491, -32.4320335388, 92.763168335, 29.52318573, 2.56943750381, 16.4243412018, 8.24940109253, 123.4739151, 29.2181587219, -28.2549762726, 8.69248199463, -3.70937252045, 0.550194859505], [-156.120071411, -2.61135625839, 47.0780563354, 83.1727218628, 63.4292373657, -24.844865799, -23.1962108612, 29.2181587219, 142.63192749, 8.67687606812, -27.472202301, 13.0995407104, 5.64243078232], [53.536857605, 155.104537964, -149.140380859, -54.8428993225, 15.1893825531, 39.5818367004, 71.0852661133, -28.2549762726, 8.67687606812, 173.268966675, -15.7766799927, -19.7582111359, 19.1494674683], [-10.6293802261, -56.9921569824, 116.917030334, -3.152115345, -4.58368825912, 36.1000900269, -20.2832183838, 8.69248199463, -27.472202301, -15.7766799927, 119.413238525, 27.7281284332, -7.67710208893], [-33.2001075745, -13.3149633408, 21.1288223267, 58.6475448608, 9.89151382446, -39.9014892578, -8.15240955353, -3.70937252045, 13.0995407104, -19.7582111359, 27.7281284332, 96.1430892944, 17.879486084], [24.6091117859, 37.0394325256, -37.2490577698, -1.50369596481, 2.81953167915, -16.0397872925, 10.4799880981, 0.550194859505, 5.64243078232, 19.1494674683, -7.67710208893, 17.879486084, 72.1191558838]],
        "icov": [[0.000229048964684, 0.00022004947823, 0.000284384383122, -2.11897950066e-005, 0.000134598652949, -0.000145997735672, 0.000127339371829, -4.23733763455e-005, 0.000111439076136, -6.76972631481e-005, -7.03530968167e-005, 4.511273346e-006, -9.99967232929e-005], [0.00022004947823, 0.00100780138746, 0.00043956754962, -0.000278555438854, -2.78587449429e-005, -2.06821805477e-005, -0.000151850152179, -5.26680341864e-005, 0.000299793260638, -0.000588527182117, -1.66025965882e-005, 0.000159795788932, -0.000261066947132], [0.000284384383122, 0.00043956754962, 0.00179791625123, -4.34778085037e-005, -0.000264559435891, -0.000603834632784, 0.000555217964575, -0.000665421190206, -0.000303536595311, 0.000791048863903, -0.00120252021588, 0.000128220563056, 5.92581745877e-005], [-2.11897950066e-005, -0.000278555438854, -4.34778085037e-005, 0.00407288596034, -0.00116284773685, -0.000320476450725, 0.000306046480546, -0.000419411604526, -0.00158002565149, 0.0012928704964, 0.000526355055626, -0.00229783542454, 0.000551697739866], [0.000134598652949, -2.78587449429e-005, -0.000264559435891, -0.00116284773685, 0.00614487705752, -0.000800707726739, -0.000266002083663, 0.000936360738706, -0.00216287793592, -0.00055671017617, -2.11860951822e-005, 9.93260327959e-005, -0.000289159419481], [-0.000145997735672, -2.06821805477e-005, -0.000603834632784, -0.000320476450725, -0.000800707726739, 0.00583829591051, -0.00136536930222, -0.000538220163435, 0.000914846023079, -0.00134362967219, -0.00197530467995, 0.00268561346456, 0.000683291640598], [0.000127339371829, -0.000151850152179, 0.000555217964575, 0.000306046480546, -0.000266002083663, -0.00136536930222, 0.00760339293629, -0.00198179157451, 0.00192243081983, -0.00255695660599, 0.00170690030791, -0.0015434542438, 3.75260096916e-005], [-4.23733763455e-005, -5.26680341864e-005, -0.000665421190206, -0.000419411604526, 0.000936360738706, -0.000538220163435, -0.00198179157451, 0.0101929176599, -0.00296495808288, 0.00223754765466, -0.00112125626765, 0.00168801180553, -0.00115700811148], [0.000111439076136, 0.000299793260638, -0.000303536595311, -0.00158002565149, -0.00216287793592, 0.000914846023079, 0.00192243081983, -0.00296495808288, 0.011068453081, -0.00278875161894, 0.00306556560099, -0.00123299623374, 0.000156098627485], [-6.76972631481e-005, -0.000588527182117, 0.000791048863903, 0.0012928704964, -0.00055671017617, -0.00134362967219, -0.00255695660599, 0.00223754765466, -0.00278875161894, 0.00958569720387, -0.00104279967491, 0.00131034397054, -0.00192460801918], [-7.03530968167e-005, -1.66025965882e-005, -0.00120252021588, 0.000526355055626, -2.11860951822e-005, -0.00197530467995, 0.00170690030791, -0.00112125626765, 0.00306556560099, -0.00104279967491, 0.012400964275, -0.00526987900957, 0.00140805740375], [4.511273346e-006, 0.000159795788932, 0.000128220563056, -0.00229783542454, 9.93260327959e-005, 0.00268561346456, -0.0015434542438, 0.00168801180553, -0.00123299623374, 0.00131034397054, -0.00526987900957, 0.0155233731493, -0.00392140308395], [-9.99967232929e-005, -0.000261066947132, 5.92581745877e-005, 0.000551697739866, -0.000289159419481, 0.000683291640598, 3.75260096916e-005, -0.00115700811148, 0.000156098627485, -0.00192460801918, 0.00140805740375, -0.00392140308395, 0.0158637855202]]
    },
    "spectral_contrast_coeffs": {
        "mean": [-0.666857838631, -0.725275218487, -0.741523444653, -0.745715737343, -0.778208911419, -0.745244026184],
        "var": [0.00461783772334, 0.00590886501595, 0.00635864539072, 0.00560639565811, 0.00337806041352, 0.00187234615441]
    },
    "spectral_contrast_valleys": {
        "mean": [-7.01459884644, -6.64031505585, -7.29161310196, -7.82738113403, -7.88064432144, -10.734708786],
        "var": [1.24968039989, 1.32151222229, 1.3540571928, 1.48233366013, 1.52549529076, 1.81146538258]
    }
},
"metadata": {
    "audio_properties": {
        "analysis_sample_rate": 44100,
        "bit_rate": 110773,
        "equal_loudness": 0,
        "length": 45.0612258911,
        "lossless": 0,
        "replay_gain": -14.6900157928,
        "sample_rate": 44100,
        "codec": "mp3",
        "downmix": "mix",
        "md5_encoded": "2d1c15e96a6734843014e5b3f79dc5e3"
    },
    "tags": {
        "file_name": "806.mp3"
    },
    "version": {
        "essentia": "2.1-beta2",
        "essentia_git_sha": "v2.1_beta2",
        "extractor": "music 1.0"
    }
},
"rhythm": {
    "beats_count": 109,
    "beats_loudness": {
        "mean": 0.040660277009,
        "var": 0.000177096764673
    },
    "bpm": 146.97795105,
    "bpm_histogram_first_peak_bpm": {
        "mean": 148,
        "var": 0
    },
    "bpm_histogram_first_peak_spread": {
        "mean": 0.32075470686,
        "var": 0
    },
    "bpm_histogram_first_peak_weight": {
        "mean": 0.666666686535,
        "var": 0
    },
    "bpm_histogram_second_peak_bpm": {
        "mean": 126,
        "var": 0
    },
    "bpm_histogram_second_peak_spread": {
        "mean": 0,
        "var": 0
    },
    "bpm_histogram_second_peak_weight": {
        "mean": 0.00925925932825,
        "var": 0
    },
    "danceability": 1.17133128643,
    "onset_rate": 4.34767723083,
    "beats_loudness_band_ratio": {
        "mean": [0.361256182194, 0.123009495437, 0.187686726451, 0.18069447577, 0.0875173211098, 0.0876501426101],
        "var": [0.0316843576729, 0.00657111732289, 0.012439169921, 0.0202813111246, 0.00596030103043, 0.0126601941884]
    },
    "beats_position": [0.46439909935, 0.940408170223, 1.39319729805, 1.8111563921, 2.22911548615, 2.6470746994, 3.04181408882, 3.44816327095, 3.85451245308, 4.27247142792, 4.67882061005, 5.08516979218, 5.47990942001, 5.89786815643, 6.30421733856, 6.71056699753, 7.10530614853, 7.52326536179, 7.94122457504, 8.34757328033, 8.75392246246, 9.14866161346, 9.56662082672, 9.98458003998, 10.3909292221, 10.7972784042, 11.1920175552, 11.5867567062, 12.0047159195, 12.4226751328, 12.8290243149, 13.235373497, 13.6417226791, 14.0480718613, 14.4544210434, 14.8607711792, 15.2787294388, 15.696688652, 16.1030387878, 16.50938797, 16.9157371521, 17.3220863342, 17.7284355164, 18.1347846985, 18.5411338806, 18.9474830627, 19.3538322449, 19.760181427, 20.1781406403, 20.5844898224, 20.9908390045, 21.3971881866, 21.8035373688, 22.1982765198, 22.6046257019, 23.010974884, 23.4289340973, 23.8352832794, 24.2532424927, 24.6595916748, 25.0659408569, 25.4722900391, 25.8902492523, 26.2965984344, 26.7029476166, 27.1092967987, 27.5156459808, 27.9336051941, 28.3399543762, 28.7463035583, 29.1526527405, 29.5590019226, 29.9653511047, 30.3717002869, 30.7896595001, 31.2076187134, 31.6139678955, 32.0203170776, 32.4382743835, 32.8330154419, 33.239364624, 33.6457138062, 34.0520629883, 34.4584121704, 34.8647613525, 35.2711105347, 35.6774597168, 36.0838088989, 36.4901580811, 36.8965072632, 37.3144645691, 37.7208137512, 38.1271629333, 38.545124054, 38.9514732361, 39.3578224182, 39.7641716003, 40.1705207825, 40.5768699646, 40.9832191467, 41.3895683289, 41.795917511, 42.2022666931, 42.6202278137, 43.0265769958, 43.4445343018, 43.8508834839, 44.257232666, 44.6751937866]
},
"tonal": {
    "chords_changes_rate": 0.0812757238746,
    "chords_number_rate": 0.00823045242578,
    "chords_strength": {
        "mean": 0.477651059628,
        "var": 0.008291403763
    },
    "hpcp_entropy": {
        "mean": 1.94738483429,
        "var": 0.558429479599
    },
    "key_strength": 0.552036225796,
    "tuning_diatonic_strength": 0.496469944715,
    "tuning_equal_tempered_deviation": 0.143840432167,
    "tuning_frequency": 437.971466064,
    "tuning_nontempered_energy_ratio": 0.789295136929,
    "hpcp": {
        "mean": [0.269156336784, 0.234416216612, 0.134926795959, 0.113214731216, 0.119828946888, 0.138857960701, 0.169668927789, 0.163492724299, 0.194639280438, 0.279741376638, 0.229247108102, 0.131673902273, 0.108978509903, 0.105300791562, 0.156714230776, 0.260893464088, 0.247005954385, 0.14686435461, 0.103539951146, 0.0904003232718, 0.147090047598, 0.235961779952, 0.189776778221, 0.0990137755871, 0.0858169272542, 0.0662368237972, 0.0471354238689, 0.0456328764558, 0.0489985868335, 0.0945751741529, 0.16688644886, 0.145166918635, 0.0770094767213, 0.0641264691949, 0.0776287093759, 0.158478558064],
        "var": [0.114654324949, 0.0851275250316, 0.0449877046049, 0.0455799624324, 0.0482133738697, 0.0472996048629, 0.0689924508333, 0.059110455215, 0.0683851912618, 0.1312469244, 0.0904573574662, 0.0452214181423, 0.0424262546003, 0.0400399193168, 0.0489056631923, 0.105887241662, 0.0986828505993, 0.0457819625735, 0.0421271249652, 0.0302543751895, 0.045333057642, 0.0891144946218, 0.0629520043731, 0.0224078707397, 0.0353899784386, 0.0194680448622, 0.00999108236283, 0.00989960134029, 0.0112596945837, 0.0260768104345, 0.0719655305147, 0.0529127642512, 0.0198932047933, 0.0207618735731, 0.0243505574763, 0.0519084259868]
    },
    "chords_histogram": [20.5761318207, 10.8024692535, 5.34979438782, 1.02880656719, 0.514403283596, 0.102880656719, 0.925925910473, 0.102880656719, 0, 0.720164597034, 0, 0, 0.617283940315, 2.57201647758, 0, 0, 0, 0, 0, 2.16049385071, 0.308641970158, 17.3868312836, 0.205761313438, 36.6255149841],
    "thpcp": [1, 0.819496631622, 0.470698714256, 0.389568805695, 0.376421928406, 0.560211122036, 0.932623803616, 0.882979691029, 0.525000452995, 0.370127409697, 0.323156774044, 0.525807261467, 0.843499720097, 0.678400814533, 0.353947550058, 0.306772381067, 0.236778780818, 0.16849642992, 0.163125231862, 0.175156742334, 0.338080763817, 0.596574068069, 0.518932580948, 0.275288105011, 0.229234844446, 0.277501702309, 0.566518127918, 0.962161362171, 0.837974786758, 0.482326924801, 0.40471214056, 0.428356170654, 0.496379762888, 0.606520652771, 0.584442436695, 0.695782959461],
    "chords_key": "A",
    "chords_scale": "minor",
    "key_key": "C",
    "key_scale": "major"
}
}