{
"lowlevel": {
    "average_loudness": 0.968501389027,
    "barkbands_crest": {
        "mean": 11.3387947083,
        "var": 9.79492950439
    },
    "barkbands_flatness_db": {
        "mean": 0.247600346804,
        "var": 0.00708391005173
    },
    "barkbands_kurtosis": {
        "mean": 16.2696342468,
        "var": 290.455749512
    },
    "barkbands_skewness": {
        "mean": 3.0180990696,
        "var": 1.89348208904
    },
    "barkbands_spread": {
        "mean": 11.1995096207,
        "var": 152.201416016
    },
    "dissonance": {
        "mean": 0.457496225834,
        "var": 0.000995753798634
    },
    "dynamic_complexity": 1.74195230007,
    "erbbands_crest": {
        "mean": 9.89251613617,
        "var": 17.9809169769
    },
    "erbbands_flatness_db": {
        "mean": 0.207993790507,
        "var": 0.00478646997362
    },
    "erbbands_kurtosis": {
        "mean": 1.44155454636,
        "var": 22.5694255829
    },
    "erbbands_skewness": {
        "mean": 0.886978387833,
        "var": 1.11394166946
    },
    "erbbands_spread": {
        "mean": 41.7815742493,
        "var": 548.342529297
    },
    "hfc": {
        "mean": 10.9329175949,
        "var": 445.978057861
    },
    "melbands_crest": {
        "mean": 17.2753047943,
        "var": 15.6846857071
    },
    "melbands_flatness_db": {
        "mean": 0.337806552649,
        "var": 0.00991469621658
    },
    "melbands_kurtosis": {
        "mean": 34.9912605286,
        "var": 956.422851563
    },
    "melbands_skewness": {
        "mean": 4.34924316406,
        "var": 3.16057491302
    },
    "melbands_spread": {
        "mean": 8.64637756348,
        "var": 104.053886414
    },
    "pitch_salience": {
        "mean": 0.51504278183,
        "var": 0.0193540323526
    },
    "silence_rate_20dB": {
        "mean": 1,
        "var": 0
    },
    "silence_rate_30dB": {
        "mean": 0.943386495113,
        "var": 0.0534077249467
    },
    "silence_rate_60dB": {
        "mean": 0.0123520325869,
        "var": 0.01219947543
    },
    "spectral_centroid": {
        "mean": 632.003295898,
        "var": 394143.28125
    },
    "spectral_complexity": {
        "mean": 11.7786931992,
        "var": 33.1954956055
    },
    "spectral_decrease": {
        "mean": -7.15636572224e-009,
        "var": 9.0382445496e-017
    },
    "spectral_energy": {
        "mean": 0.0280014257878,
        "var": 0.00136524171103
    },
    "spectral_energyband_high": {
        "mean": 0.000477768626297,
        "var": 3.78690788239e-006
    },
    "spectral_energyband_low": {
        "mean": 0.013348646462,
        "var": 0.000937299453653
    },
    "spectral_energyband_middle_high": {
        "mean": 0.00108705670573,
        "var": 1.48491665186e-006
    },
    "spectral_energyband_middle_low": {
        "mean": 0.016225785017,
        "var": 0.000260666449321
    },
    "spectral_entropy": {
        "mean": 6.70778989792,
        "var": 0.53034478426
    },
    "spectral_flux": {
        "mean": 0.0738049000502,
        "var": 0.00711144832894
    },
    "spectral_kurtosis": {
        "mean": 16.0363864899,
        "var": 642.992675781
    },
    "spectral_rms": {
        "mean": 0.00468536280096,
        "var": 5.36584730071e-006
    },
    "spectral_rolloff": {
        "mean": 631.393798828,
        "var": 1452173.375
    },
    "spectral_skewness": {
        "mean": 2.50743293762,
        "var": 2.8597433567
    },
    "spectral_spread": {
        "mean": 3582834.25,
        "var": 6.76357367398e+012
    },
    "spectral_strongpeak": {
        "mean": 0.551222264767,
        "var": 0.100386053324
    },
    "zerocrossingrate": {
        "mean": 0.033177241683,
        "var": 0.00103880884126
    },
    "barkbands": {
        "mean": [9.39182791626e-005, 0.00478108087555, 0.005351386033, 0.00697687966749, 0.00711444485933, 0.000890096998774, 0.000390002911445, 0.000378082651878, 0.000440086558228, 0.000112812995212, 4.18794479629e-005, 3.83788210456e-005, 4.73449326819e-005, 9.54590141191e-005, 0.000291281961836, 0.000164075318025, 0.000112558045657, 6.6278342274e-005, 0.00010456306336, 5.38038075319e-005, 6.49540743325e-005, 3.1307896279e-005, 6.28888665233e-005, 0.000127609397168, 0.000115856841148, 5.32324556843e-005, 1.16899695968e-006],
        "var": [9.47396586071e-007, 0.000153468266944, 0.000253970822087, 0.000111350083898, 6.84927799739e-005, 9.21339733395e-007, 7.56693452786e-007, 7.15915348337e-007, 6.37438461126e-007, 4.26525836872e-008, 6.61878774011e-009, 4.6313664015e-009, 4.00590849381e-009, 1.43628193783e-008, 1.63229898931e-007, 6.64334223188e-008, 6.84859884359e-008, 2.17920952394e-008, 5.04914687838e-008, 1.29200810051e-008, 1.69906826386e-008, 1.82826447315e-008, 1.09726450148e-007, 4.68421632149e-007, 3.37465166922e-007, 3.46111299621e-008, 3.5465168996e-011]
    },
    "erbbands": {
        "mean": [0.0766756758094, 1.31591558456, 5.23941612244, 16.1887569427, 33.3019065857, 15.2487030029, 8.59449195862, 7.14374494553, 6.90355205536, 4.87412309647, 9.01454925537, 8.43493270874, 7.64352083206, 3.52921962738, 1.70501863956, 1.40378057957, 1.90541017056, 4.06777095795, 11.4566259384, 12.8191204071, 9.65232753754, 6.07791996002, 4.03062820435, 4.73262882233, 4.99343681335, 2.20129013062, 3.35539484024, 1.49036228657, 1.04921650887, 1.45015215874, 1.94523441792, 2.43749523163, 2.16111922264, 1.49766230583, 0.684233188629, 0.315746366978, 0.0806709080935, 0.00685865106061, 0.000183807205758, 3.98579431931e-005],
        "var": [0.0446310676634, 11.8574142456, 213.017059326, 1003.94445801, 1189.84411621, 723.662658691, 258.780456543, 49.8890037537, 154.468811035, 102.246391296, 404.412536621, 149.016876221, 250.456588745, 26.4079647064, 13.8479785919, 5.46667337418, 5.88960170746, 22.0620746613, 206.762496948, 281.685333252, 245.61416626, 231.374206543, 83.1566848755, 93.5824584961, 108.050628662, 19.3258495331, 47.2461585999, 10.9838848114, 17.4814090729, 54.3884162903, 102.476608276, 178.936477661, 129.416549683, 57.0661849976, 11.3262290955, 1.35007965565, 0.0783825665712, 0.000894923054148, 5.21900290096e-007, 4.01190458632e-009]
    },
    "gfcc": {
        "mean": [-86.3274078369, 151.979766846, -101.971176147, 31.7124462128, -36.9863815308, -12.0921030045, -38.6464691162, -8.26549720764, -20.4322452545, -8.23290061951, -30.7160243988, -17.1942501068, -8.87465667725],
        "cov": [[7622.15771484, -3127.56079102, 250.685134888, 990.333862305, -748.86114502, 855.38458252, -747.387939453, 784.32800293, -320.8152771, 356.596252441, -287.222412109, 300.695709229, -271.192687988], [-3127.56079102, 3171.73266602, -935.298522949, -382.75100708, 598.619384766, -904.304504395, 800.264099121, -775.441833496, 399.54989624, -365.216125488, 207.27986145, -397.89163208, 333.479492188], [250.685134888, -935.298522949, 2143.98168945, -353.518188477, -145.992034912, 880.396728516, -445.390014648, 542.86895752, -176.512542725, 191.104293823, 105.532859802, 441.762115479, -227.607513428], [990.333862305, -382.75100708, -353.518188477, 917.45501709, -162.046615601, 125.67276001, 206.899215698, -21.6758995056, 226.526794434, -60.8693885803, 148.301452637, -39.1211967468, 104.468040466], [-748.86114502, 598.619384766, -145.992034912, -162.046615601, 403.698181152, -271.354766846, 137.243499756, -75.9670944214, 7.43475294113, -4.81445884705, -13.6128053665, -72.5802459717, 46.4562225342], [855.38458252, -904.304504395, 880.396728516, 125.67276001, -271.354766846, 687.687194824, -256.804229736, 324.672363281, -25.1825466156, 87.112663269, 94.6289825439, 220.588989258, -100.236190796], [-747.387939453, 800.264099121, -445.390014648, 206.899215698, 137.243499756, -256.804229736, 466.323120117, -241.245819092, 199.463424683, -81.7321090698, 90.2399749756, -111.730049133, 151.931289673], [784.32800293, -775.441833496, 542.86895752, -21.6758995056, -75.9670944214, 324.672363281, -241.245819092, 366.324859619, -124.51524353, 125.039878845, -24.4359970093, 169.260818481, -109.017074585], [-320.8152771, 399.54989624, -176.512542725, 226.526794434, 7.43475294113, -25.1825466156, 199.463424683, -124.51524353, 244.97076416, -101.981758118, 124.627990723, -66.5241241455, 97.315322876], [356.596252441, -365.216125488, 191.104293823, -60.8693885803, -4.81445884705, 87.112663269, -81.7321090698, 125.039878845, -101.981758118, 165.653106689, -67.3292007446, 85.727973938, -44.4340438843], [-287.222412109, 207.27986145, 105.532859802, 148.301452637, -13.6128053665, 94.6289825439, 90.2399749756, -24.4359970093, 124.627990723, -67.3292007446, 179.074569702, 4.73494720459, 37.5842170715], [300.695709229, -397.89163208, 441.762115479, -39.1211967468, -72.5802459717, 220.588989258, -111.730049133, 169.260818481, -66.5241241455, 85.727973938, 4.73494720459, 182.112838745, -66.0694274902], [-271.192687988, 333.479492188, -227.607513428, 104.468040466, 46.4562225342, -100.236190796, 151.931289673, -109.017074585, 97.315322876, -44.4340438843, 37.5842170715, -66.0694274902, 122.089454651]],
        "icov": [[0.000356770062353, -0.000267549010459, 0.000173774911673, -0.000715656438842, 0.000329759524902, -0.000272930803476, 0.000521003443282, -0.00059650890762, 0.000169125254615, -0.000373595103156, 0.000866928079631, -6.93426918588e-005, 0.000353878829628], [-0.000267549010459, 0.00316604506224, -0.000492685881909, 0.002862744499, -0.00161385908723, 0.00136501423549, -0.00264059589244, 0.00252999830991, -0.00135515327565, 0.00213957461528, -0.00317152892239, 0.000716919370461, -0.00210714316927], [0.000173774911673, -0.000492685881909, 0.00211509806104, 0.000258883286733, -0.000499009445775, -0.00236017024145, 0.000539995147847, -0.000707688159309, 0.000332513242029, -0.000294746976579, -0.000249103584792, -0.00218843109906, 0.000921686470974], [-0.000715656438842, 0.002862744499, 0.000258883286733, 0.00550570013002, -0.00110211840365, 0.00044780713506, -0.00359069998376, 0.00175727973692, -0.00229407264851, 0.00191570911556, -0.00461588054895, 0.000639007950667, -0.0025204399135], [0.000329759524902, -0.00161385908723, -0.000499009445775, -0.00110211840365, 0.00566288316622, 0.00208155368455, 0.000486908218591, -0.00333789386787, 0.000506799493451, -0.00217219209298, 0.000950960093178, 0.00135620206129, 0.000367809989257], [-0.000272930803476, 0.00136501423549, -0.00236017024145, 0.00044780713506, 0.00208155368455, 0.00806396454573, 0.000206887852983, -0.00112249702215, -0.00222145137377, -9.08185902517e-005, -0.00351499626413, 0.000226184885832, -0.0016070274869], [0.000521003443282, -0.00264059589244, 0.000539995147847, -0.00359069998376, 0.000486908218591, 0.000206887852983, 0.008654801175, -0.00041469160351, -0.00122607813682, -0.0034718143288, 0.0018200930208, -0.00220356020145, -0.000745960976928], [-0.00059650890762, 0.00252999830991, -0.000707688159309, 0.00175727973692, -0.00333789386787, -0.00112249702215, -0.00041469160351, 0.0111840199679, -7.31424952392e-005, 5.76460297452e-005, -0.00261276960373, -0.00218199868686, -0.00050460069906], [0.000169125254615, -0.00135515327565, 0.000332513242029, -0.00229407264851, 0.000506799493451, -0.00222145137377, -0.00122607813682, -7.31424952392e-005, 0.0125715406612, 0.00202704803087, -0.00217538443394, 0.000564033631235, -0.00220408011228], [-0.000373595103156, 0.00213957461528, -0.000294746976579, 0.00191570911556, -0.00217219209298, -9.08185902517e-005, -0.0034718143288, 5.76460297452e-005, 0.00202704803087, 0.0136355878785, 0.00148995837662, -0.00316914287396, -0.00256556365639], [0.000866928079631, -0.00317152892239, -0.000249103584792, -0.00461588054895, 0.000950960093178, -0.00351499626413, 0.0018200930208, -0.00261276960373, -0.00217538443394, 0.00148995837662, 0.0168776921928, -0.00161870161537, 0.0024326974526], [-6.93426918588e-005, 0.000716919370461, -0.00218843109906, 0.000639007950667, 0.00135620206129, 0.000226184885832, -0.00220356020145, -0.00218199868686, 0.000564033631235, -0.00316914287396, -0.00161870161537, 0.0157066397369, 0.00111966673285], [0.000353878829628, -0.00210714316927, 0.000921686470974, -0.0025204399135, 0.000367809989257, -0.0016070274869, -0.000745960976928, -0.00050460069906, -0.00220408011228, -0.00256556365639, 0.0024326974526, 0.00111966673285, 0.0183057505637]]
    },
    "melbands": {
        "mean": [0.00104581459891, 0.00249599805102, 0.00346084404737, 0.00183747441042, 0.000313465716317, 0.000155822533998, 0.000102815894934, 5.84237313888e-005, 6.96710048942e-005, 5.7913861383e-005, 3.82435682695e-005, 1.406454885e-005, 5.5733953559e-006, 4.86324552185e-006, 3.26038366438e-006, 4.66873143523e-006, 7.70916267356e-006, 1.61888110597e-005, 2.17630113184e-005, 1.30088392325e-005, 1.02322082967e-005, 6.37784432911e-006, 4.43312001153e-006, 3.27509974341e-006, 3.8248299461e-006, 4.43327553512e-006, 2.62005960394e-006, 1.12513680506e-006, 1.92068341676e-006, 1.85961255283e-006, 5.71271073113e-007, 5.48751017959e-007, 6.91812147124e-007, 8.43348288981e-007, 1.18202308386e-006, 1.08811934751e-006, 1.69782219928e-006, 1.48765832364e-006, 1.55235363763e-006, 1.15961563552e-006],
        "var": [7.16282511348e-006, 4.45737641712e-005, 2.63139390881e-005, 4.37929884356e-006, 4.60723811102e-007, 2.37435830996e-008, 3.37304690845e-008, 1.41176741408e-008, 2.09261852291e-008, 9.32565935585e-009, 6.47534648124e-009, 4.79975115208e-010, 1.38485334311e-010, 8.73004030177e-011, 1.68326463879e-011, 4.50122231155e-011, 8.02917593523e-011, 3.96661870017e-010, 1.03121544637e-009, 3.42894157512e-010, 3.2453398302e-010, 2.80096001948e-010, 1.36426467345e-010, 4.97646923669e-011, 6.49338846581e-011, 9.74484243299e-011, 3.54071251485e-011, 4.82014428371e-012, 1.50247418673e-011, 1.46102453052e-011, 2.88344478502e-012, 4.99877353052e-012, 9.87175011874e-012, 1.98810048285e-011, 4.04766359319e-011, 3.25328410045e-011, 9.25117343842e-011, 6.54107115694e-011, 6.3196753386e-011, 3.44189607371e-011]
    },
    "mfcc": {
        "mean": [-730.462402344, 176.112533569, 3.58020925522, 39.460308075, 14.654291153, 3.73534989357, -9.34419441223, -8.10528373718, 5.03470563889, 2.56565237045, -7.13758802414, -14.1869373322, -11.3992614746],
        "cov": [[4853.25390625, -2298.86938477, -378.343994141, 647.97845459, -60.0838432312, 18.5316181183, -42.0632476807, 108.712562561, 128.055038452, 203.732940674, 42.0406074524, -50.1841583252, 66.3446884155], [-2298.86938477, 2200.04736328, -350.00378418, -131.145446777, -104.830787659, -31.6761207581, 26.1373310089, -207.512313843, 24.0644569397, -92.7258300781, -54.8966789246, -76.138381958, -75.3526916504], [-378.343994141, -350.00378418, 1699.44128418, -520.368835449, 407.329406738, 161.710754395, 88.8125305176, 420.968902588, -126.978462219, -13.8655509949, 123.600906372, 284.052734375, 118.892501831], [647.97845459, -131.145446777, -520.368835449, 690.48638916, -206.717437744, 111.068237305, 39.9918785095, -41.4785728455, 130.246414185, 58.6489562988, 20.458978653, -47.3922386169, 24.9266643524], [-60.0838432312, -104.830787659, 407.329406738, -206.717437744, 382.360809326, -55.3947410583, 36.1381607056, 105.413742065, -59.2931404114, 12.6583518982, 28.5225830078, 82.0764083862, 19.1590385437], [18.5316181183, -31.6761207581, 161.710754395, 111.068237305, -55.3947410583, 216.53578186, 31.1203079224, 74.4930953979, 39.8541145325, 31.8142032623, 32.1922569275, 39.4123535156, 54.9066123962], [-42.0632476807, 26.1373310089, 88.8125305176, 39.9918785095, 36.1381607056, 31.1203079224, 115.475708008, 37.6391792297, 10.0645990372, 23.3636074066, 16.85131073, 27.5418796539, 35.0863380432], [108.712562561, -207.512313843, 420.968902588, -41.4785728455, 105.413742065, 74.4930953979, 37.6391792297, 233.433425903, -13.5686359406, 13.3405857086, 65.4152145386, 110.059165955, 55.1558418274], [128.055038452, 24.0644569397, -126.978462219, 130.246414185, -59.2931404114, 39.8541145325, 10.0645990372, -13.5686359406, 121.944015503, 23.5394535065, -0.883427977562, -9.26825428009, 13.0560941696], [203.732940674, -92.7258300781, -13.8655509949, 58.6489562988, 12.6583518982, 31.8142032623, 23.3636074066, 13.3405857086, 23.5394535065, 102.487220764, 2.09019494057, -17.1043834686, 18.4892044067], [42.0406074524, -54.8966789246, 123.600906372, 20.458978653, 28.5225830078, 32.1922569275, 16.85131073, 65.4152145386, -0.883427977562, 2.09019494057, 88.7191772461, 33.5360183716, 28.8637313843], [-50.1841583252, -76.138381958, 284.052734375, -47.3922386169, 82.0764083862, 39.4123535156, 27.5418796539, 110.059165955, -9.26825428009, -17.1043834686, 33.5360183716, 146.236373901, 36.0202102661], [66.3446884155, -75.3526916504, 118.892501831, 24.9266643524, 19.1590385437, 54.9066123962, 35.0863380432, 55.1558418274, 13.0560941696, 18.4892044067, 28.8637313843, 36.0202102661, 77.8738250732]],
        "icov": [[0.00053681404097, 0.000537780404557, 0.00013106057304, -0.00027260745992, -5.6628290622e-005, 0.000188326128409, 0.000172821542947, -0.000161587508046, -0.000273706478765, -0.000378334079869, -3.93891641579e-005, 0.000151598957018, -5.18805900356e-005], [0.000537780404557, 0.00111316982657, 0.000287301489152, 6.01824613113e-005, -5.88895854889e-005, -0.000188859266927, -0.000414132227888, 0.000242551468546, -0.000514996296261, 0.000148149410961, -0.000175852823304, 0.000137283059303, 0.000376364623662], [0.00013106057304, 0.000287301489152, 0.00219249841757, 0.00134994834661, -0.00084735895507, -0.00162227055989, -0.000599890365265, -0.0018774975324, 0.000494535255712, 0.000280972628389, -0.000463971839054, -0.000970612396486, -0.000189469821635], [-0.00027260745992, 6.01824613113e-005, 0.00134994834661, 0.0034196600318, 0.000433492939919, -0.00176682695746, -0.00145998387598, -0.000599416089244, -0.00118294695858, -0.00010304004536, -0.0011849735165, -0.000493141124025, 0.000246412324486], [-5.6628290622e-005, -5.88895854889e-005, -0.00084735895507, 0.000433492939919, 0.0046205711551, 0.00222588400356, -0.00083968997933, -0.000330810056766, 0.000502607726958, -0.00162885489408, -0.000350842397893, -0.0011299183825, 7.77603872848e-006], [0.000188326128409, -0.000188859266927, -0.00162227055989, -0.00176682695746, 0.00222588400356, 0.00871686916798, 0.000624457199592, -0.000671475543641, -0.00115827831905, -0.00201652781107, 7.74808213464e-005, -0.000243393369601, -0.00304344878532], [0.000172821542947, -0.000414132227888, -0.000599890365265, -0.00145998387598, -0.00083968997933, 0.000624457199592, 0.0116213941947, -3.37190613209e-005, 3.79443299607e-005, -0.00212095282041, 0.000268719013548, -0.000670572218951, -0.00390286580659], [-0.000161587508046, 0.000242551468546, -0.0018774975324, -0.000599416089244, -0.000330810056766, -0.000671475543641, -3.37190613209e-005, 0.0110602229834, 6.98921503499e-005, -0.000971072760876, -0.00317824236117, -0.00362030253746, -0.000761556846555], [-0.000273706478765, -0.000514996296261, 0.000494535255712, -0.00118294695858, 0.000502607726958, -0.00115827831905, 3.79443299607e-005, 6.98921503499e-005, 0.0113442521542, -0.00144090969115, 0.000543670670595, -0.000984535785392, -0.00132104929071], [-0.000378334079869, 0.000148149410961, 0.000280972628389, -0.00010304004536, -0.00162885489408, -0.00201652781107, -0.00212095282041, -0.000971072760876, -0.00144090969115, 0.0133308405057, 0.00107758317608, 0.00352626899257, -0.00141835049726], [-3.93891641579e-005, -0.000175852823304, -0.000463971839054, -0.0011849735165, -0.000350842397893, 7.74808213464e-005, 0.000268719013548, -0.00317824236117, 0.000543670670595, 0.00107758317608, 0.0153320208192, 0.000330090260832, -0.00306971906684], [0.000151598957018, 0.000137283059303, -0.000970612396486, -0.000493141124025, -0.0011299183825, -0.000243393369601, -0.000670572218951, -0.00362030253746, -0.000984535785392, 0.00352626899257, 0.000330090260832, 0.0129634710029, -0.00183142081369], [-5.18805900356e-005, 0.000376364623662, -0.000189469821635, 0.000246412324486, 7.77603872848e-006, -0.00304344878532, -0.00390286580659, -0.000761556846555, -0.00132104929071, -0.00141835049726, -0.00306971906684, -0.00183142081369, 0.020444970578]]
    },
    "spectral_contrast_coeffs": {
        "mean": [-0.521429359913, -0.747049629688, -0.766133725643, -0.762679159641, -0.784001886845, -0.731164157391],
        "var": [0.00980195775628, 0.00290335039608, 0.00367314112373, 0.00412617670372, 0.00277115404606, 0.0071537271142]
    },
    "spectral_contrast_valleys": {
        "mean": [-7.55099916458, -7.03015995026, -8.19586372375, -8.55044174194, -8.80542373657, -12.2649688721],
        "var": [1.78634393215, 1.08181893826, 1.04393041134, 1.06768345833, 1.64636063576, 3.0959880352]
    }
},
"metadata": {
    "audio_properties": {
        "analysis_sample_rate": 44100,
        "bit_rate": 114942,
        "equal_loudness": 0,
        "length": 45.0873451233,
        "lossless": 0,
        "replay_gain": -10.7849159241,
        "sample_rate": 44100,
        "codec": "mp3",
        "downmix": "mix",
        "md5_encoded": "5a1b9eee5b6ae70f05caedf3636a8b8a"
    },
    "tags": {
        "file_name": "807.mp3"
    },
    "version": {
        "essentia": "2.1-beta2",
        "essentia_git_sha": "v2.1_beta2",
        "extractor": "music 1.0"
    }
},
"rhythm": {
    "beats_count": 89,
    "beats_loudness": {
        "mean": 0.0649086236954,
        "var": 0.00194189720787
    },
    "bpm": 119.934165955,
    "bpm_histogram_first_peak_bpm": {
        "mean": 120,
        "var": 0
    },
    "bpm_histogram_first_peak_spread": {
        "mean": 0.0919540524483,
        "var": 0
    },
    "bpm_histogram_first_peak_weight": {
        "mean": 0.897727251053,
        "var": 0
    },
    "bpm_histogram_second_peak_bpm": {
        "mean": 108,
        "var": 0
    },
    "bpm_histogram_second_peak_spread": {
        "mean": 0,
        "var": 0
    },
    "bpm_histogram_second_peak_weight": {
        "mean": 0.0113636367023,
        "var": 0
    },
    "danceability": 1.61409342289,
    "onset_rate": 4.61148643494,
    "beats_loudness_band_ratio": {
        "mean": [0.863908290863, 0.112200908363, 0.024921875447, 0.0042730695568, 0.0235078521073, 0.0293501969427],
        "var": [0.0133864907548, 0.00940101593733, 0.00200671702623, 2.36171035795e-005, 0.000796930282377, 0.00128219753969]
    },
    "beats_position": [0.53405892849, 1.09133780003, 1.60217678547, 2.11301589012, 2.61224484444, 3.11147379875, 3.62231278419, 4.12154197693, 4.62077093124, 5.11999988556, 5.61922883987, 6.11845779419, 6.6176867485, 7.11691617966, 7.61614513397, 8.11537361145, 8.6146030426, 9.11383247375, 9.61306095123, 10.1122903824, 10.6115188599, 11.110748291, 11.6099767685, 12.1092061996, 12.6084346771, 13.1076641083, 13.6068935394, 14.117732048, 14.6169614792, 15.1161899567, 15.6154193878, 16.114648819, 16.6138763428, 17.1131057739, 17.6239452362, 18.1231746674, 18.6224040985, 19.1216316223, 19.6208610535, 20.1200904846, 20.6193199158, 21.1185474396, 21.6177768707, 22.1170063019, 22.616235733, 23.1154651642, 23.614692688, 24.1139221191, 24.6131515503, 25.1123809814, 25.6116104126, 26.1108379364, 26.6100673676, 27.1092967987, 27.6085262299, 28.1077537537, 28.6069831848, 29.106212616, 29.6054420471, 30.1046714783, 30.6038990021, 31.1147384644, 31.6139678955, 32.1131973267, 32.6124267578, 33.111656189, 33.6108856201, 34.1101112366, 34.6209526062, 35.1201820374, 35.6194114685, 36.118637085, 36.6178665161, 37.1170959473, 37.6163253784, 38.1155548096, 38.6147842407, 39.1140136719, 39.613243103, 40.1124725342, 40.6116981506, 41.1225395203, 41.6217689514, 42.1209983826, 42.6202278137, 43.1194534302, 43.6186828613, 44.1179122925, 44.6171417236]
},
"tonal": {
    "chords_changes_rate": 0.0308641977608,
    "chords_number_rate": 0.00617283955216,
    "chords_strength": {
        "mean": 0.52565485239,
        "var": 0.00441589858383
    },
    "hpcp_entropy": {
        "mean": 1.97240698338,
        "var": 0.560582578182
    },
    "key_strength": 0.553989827633,
    "tuning_diatonic_strength": 0.415919154882,
    "tuning_equal_tempered_deviation": 0.0797477290034,
    "tuning_frequency": 436.204162598,
    "tuning_nontempered_energy_ratio": 0.6957924366,
    "hpcp": {
        "mean": [0.188490465283, 0.117809548974, 0.0341127179563, 0.0308894068003, 0.0299545228481, 0.0437006503344, 0.0693957805634, 0.0609564930201, 0.0395011119545, 0.0239845458418, 0.0160319544375, 0.0281983204186, 0.0521153882146, 0.0556056424975, 0.116927936673, 0.335679471493, 0.331222146749, 0.109134294093, 0.0358189977705, 0.0303497519344, 0.034948669374, 0.0445460341871, 0.0397041328251, 0.0385020263493, 0.0414138026536, 0.0408057384193, 0.254716426134, 0.536114394665, 0.379594862461, 0.121037743986, 0.0953663215041, 0.0721891671419, 0.0345623530447, 0.0273006297648, 0.0344477258623, 0.111522041261],
        "var": [0.0633494183421, 0.020749585703, 0.00735782412812, 0.00778572913259, 0.0085197398439, 0.0143523095176, 0.0301030501723, 0.0281981043518, 0.019837282598, 0.0089963497594, 0.00485988007858, 0.00773015571758, 0.014251191169, 0.0168246608227, 0.0237184427679, 0.108218416572, 0.142030611634, 0.033923022449, 0.0168107561767, 0.0157710630447, 0.0153718953952, 0.0135484365746, 0.0146303586662, 0.0188148077577, 0.0204968620092, 0.0174036882818, 0.0666126981378, 0.195896446705, 0.119243137538, 0.0554001480341, 0.0542332306504, 0.0429043509066, 0.0156664401293, 0.00929211732, 0.00896758027375, 0.0306283179671]
    },
    "chords_histogram": [3.49794244766, 28.9094657898, 55.1440315247, 1.85185182095, 0, 0, 0, 0, 0, 0, 8.12757205963, 0, 0, 0, 0, 0, 0, 2.46913576126, 0, 0, 0, 0, 0, 0],
    "thpcp": [1, 0.708048284054, 0.225768506527, 0.177884280682, 0.134652540088, 0.064468242228, 0.0509231425822, 0.0642544329166, 0.20801910758, 0.351586282253, 0.219747036695, 0.063629552722, 0.0576171949506, 0.0558733791113, 0.0815136656165, 0.129442110658, 0.113700531423, 0.0736803784966, 0.0447377376258, 0.029903979972, 0.0525975823402, 0.0972094535828, 0.103719733655, 0.21810258925, 0.626134037971, 0.617819905281, 0.203565314412, 0.0668122321367, 0.0566105879843, 0.0651888251305, 0.0830905362964, 0.0740590691566, 0.0718168094754, 0.0772480741143, 0.0761138647795, 0.475115805864],
    "chords_key": "D",
    "chords_scale": "major",
    "key_key": "G",
    "key_scale": "major"
}
}