{
"lowlevel": {
    "average_loudness": 0.972988367081,
    "barkbands_crest": {
        "mean": 14.3439188004,
        "var": 25.9820365906
    },
    "barkbands_flatness_db": {
        "mean": 0.29436609149,
        "var": 0.0161208864301
    },
    "barkbands_kurtosis": {
        "mean": 18.3694210052,
        "var": 729.338500977
    },
    "barkbands_skewness": {
        "mean": 2.40944743156,
        "var": 4.79225158691
    },
    "barkbands_spread": {
        "mean": 9.34606742859,
        "var": 175.237564087
    },
    "dissonance": {
        "mean": 0.351389765739,
        "var": 0.00953160505742
    },
    "dynamic_complexity": 3.05132722855,
    "erbbands_crest": {
        "mean": 15.4874744415,
        "var": 39.1298484802
    },
    "erbbands_flatness_db": {
        "mean": 0.273609399796,
        "var": 0.0109477611259
    },
    "erbbands_kurtosis": {
        "mean": 8.3564491272,
        "var": 153.609176636
    },
    "erbbands_skewness": {
        "mean": 1.57685410976,
        "var": 2.22532248497
    },
    "erbbands_spread": {
        "mean": 22.4134960175,
        "var": 609.944396973
    },
    "hfc": {
        "mean": 12.0776863098,
        "var": 561.215698242
    },
    "melbands_crest": {
        "mean": 17.1134872437,
        "var": 35.8186340332
    },
    "melbands_flatness_db": {
        "mean": 0.367563694715,
        "var": 0.0243771746755
    },
    "melbands_kurtosis": {
        "mean": 28.2104988098,
        "var": 2430.25830078
    },
    "melbands_skewness": {
        "mean": 2.64576053619,
        "var": 6.85065174103
    },
    "melbands_spread": {
        "mean": 10.3384819031,
        "var": 282.318847656
    },
    "pitch_salience": {
        "mean": 0.457888692617,
        "var": 0.0246899053454
    },
    "silence_rate_20dB": {
        "mean": 1,
        "var": 0
    },
    "silence_rate_30dB": {
        "mean": 0.898610413074,
        "var": 0.0911099091172
    },
    "silence_rate_60dB": {
        "mean": 0.112197630107,
        "var": 0.099609464407
    },
    "spectral_centroid": {
        "mean": 679.46105957,
        "var": 503391.125
    },
    "spectral_complexity": {
        "mean": 8.28821372986,
        "var": 75.4643554688
    },
    "spectral_decrease": {
        "mean": -7.3797545852e-009,
        "var": 2.04585773574e-016
    },
    "spectral_energy": {
        "mean": 0.0289483536035,
        "var": 0.00298974616453
    },
    "spectral_energyband_high": {
        "mean": 0.000616483564954,
        "var": 4.58651356894e-006
    },
    "spectral_energyband_low": {
        "mean": 0.0176609884948,
        "var": 0.00247124629095
    },
    "spectral_energyband_middle_high": {
        "mean": 0.00127223576419,
        "var": 1.25128126456e-005
    },
    "spectral_energyband_middle_low": {
        "mean": 0.0113222952932,
        "var": 0.000460915034637
    },
    "spectral_entropy": {
        "mean": 6.03857898712,
        "var": 1.40062522888
    },
    "spectral_flux": {
        "mean": 0.0770743787289,
        "var": 0.0113090276718
    },
    "spectral_kurtosis": {
        "mean": 35.603969574,
        "var": 2583.1730957
    },
    "spectral_rms": {
        "mean": 0.00406357739121,
        "var": 1.17296331155e-005
    },
    "spectral_rolloff": {
        "mean": 1021.94696045,
        "var": 3403622.25
    },
    "spectral_skewness": {
        "mean": 4.06948852539,
        "var": 9.14476490021
    },
    "spectral_spread": {
        "mean": 4153348.75,
        "var": 1.05845935309e+013
    },
    "spectral_strongpeak": {
        "mean": 0.903069257736,
        "var": 0.30298012495
    },
    "zerocrossingrate": {
        "mean": 0.0390356108546,
        "var": 0.00168632401619
    },
    "barkbands": {
        "mean": [7.1540067438e-005, 0.00897504296154, 0.00673870043829, 0.0029612260405, 0.00291305989958, 0.00230607809499, 0.00148767489009, 0.00110434205271, 0.000456295005279, 0.000203499235795, 0.000209590856684, 0.000106341387436, 0.000118571952044, 0.000113820729894, 0.000103836842754, 0.000147171318531, 0.000102433681604, 7.55744040362e-005, 0.000103768099507, 0.000101626326796, 6.79863442201e-005, 6.39635618427e-005, 9.56982621574e-005, 0.000147684229887, 0.000137247800012, 3.50302289007e-005, 5.76823140364e-007],
        "var": [2.42807605133e-008, 0.000928258814383, 0.000527173862793, 0.00017744617071, 0.000126520099002, 1.04235123217e-005, 4.77308731206e-006, 6.39450763629e-006, 9.99444637273e-007, 2.03893108619e-007, 6.28565942407e-007, 1.45849384126e-007, 8.26258386155e-008, 1.21905770811e-007, 1.04747641672e-007, 1.84801251635e-007, 1.49749396883e-007, 8.45433305585e-008, 1.51835521933e-007, 1.157809848e-007, 4.98746750566e-008, 5.11682998194e-008, 1.43238764849e-007, 2.82378437078e-007, 2.90584154072e-007, 1.7488591908e-008, 9.44254570368e-012]
    },
    "erbbands": {
        "mean": [0.105117239058, 2.52357339859, 7.82964277267, 9.95586204529, 9.90399742126, 9.07035732269, 8.45907211304, 22.6047821045, 25.8525066376, 26.7320404053, 11.9157857895, 12.9440002441, 6.99603223801, 6.5125041008, 7.89696741104, 5.18167257309, 5.73043823242, 5.88778305054, 5.7013425827, 5.82260608673, 8.17866611481, 5.13404035568, 4.00006484985, 4.87687921524, 4.73382568359, 4.71408414841, 3.98063063622, 2.47566699982, 2.25890207291, 3.06951403618, 2.44871354103, 3.3076031208, 2.20271968842, 1.86140310764, 0.722881734371, 0.236289471388, 0.0481756478548, 0.00444713002071, 0.000126013008412, 3.91851608583e-005],
        "var": [0.116013236344, 72.6883850098, 696.228210449, 1344.14111328, 1903.72167969, 1079.53649902, 213.198425293, 961.064331055, 1045.6385498, 2278.85742188, 667.372680664, 780.367858887, 192.124969482, 332.961547852, 913.850646973, 302.662628174, 175.546295166, 327.527740479, 349.726043701, 252.951705933, 697.16986084, 390.064788818, 240.800262451, 351.141876221, 283.425354004, 227.137145996, 198.202346802, 67.7912750244, 66.0911941528, 169.853271484, 71.346321106, 138.389480591, 65.2055587769, 56.8742218018, 7.09167861938, 0.803056657314, 0.0336660817266, 0.00034059380414, 1.94731285319e-007, 4.38602443253e-009]
    },
    "gfcc": {
        "mean": [-139.605117798, 120.424865723, -83.4150314331, -2.2526216507, -82.2787094116, -8.91521835327, -56.8865089417, -0.745689690113, -20.7637901306, -1.04514086246, -10.3785305023, -14.9120950699, -7.83099317551],
        "cov": [[14117.28125, -5656.82177734, -2125.97265625, 2046.7791748, -4.65640163422, 1589.34509277, -286.26550293, 759.194946289, -795.87701416, 736.479919434, -573.290588379, 778.22088623, -515.160766602], [-5656.82177734, 4607.82275391, 1730.45153809, -548.41003418, 766.183776855, -519.682922363, 661.704284668, -278.688934326, 739.717956543, -355.636810303, 528.824951172, -578.177368164, 426.834991455], [-2125.97265625, 1730.45153809, 2638.25830078, 477.452056885, 401.67956543, 124.238601685, 373.639160156, 120.546005249, 398.88583374, -68.5318832397, 147.786102295, -56.1933784485, 66.9513778687], [2046.7791748, -548.41003418, 477.452056885, 1099.00378418, 408.795715332, 367.387054443, 69.546043396, 176.883041382, -44.6287879944, 200.881195068, 1.67408895493, 89.7780303955, -64.0119552612], [-4.65640163422, 766.183776855, 401.67956543, 408.795715332, 674.281555176, 170.249938965, 268.719848633, 66.0360107422, 205.950531006, 89.2008895874, 146.920028687, -98.227935791, 87.4162750244], [1589.34509277, -519.682922363, 124.238601685, 367.387054443, 170.249938965, 448.275390625, 106.329284668, 170.69744873, 1.19741809368, 106.390518188, -54.5907211304, 108.253929138, -48.7039489746], [-286.26550293, 661.704284668, 373.639160156, 69.546043396, 268.719848633, 106.329284668, 391.336334229, 120.197471619, 175.063720703, -23.8584079742, 123.672164917, -12.8771600723, 67.8033447266], [759.194946289, -278.688934326, 120.546005249, 176.883041382, 66.0360107422, 170.69744873, 120.197471619, 204.823547363, 18.5140075684, 60.2185211182, -14.3103847504, 78.4468994141, -35.5980567932], [-795.87701416, 739.717956543, 398.88583374, -44.6287879944, 205.950531006, 1.19741809368, 175.063720703, 18.5140075684, 258.443817139, 1.9793856144, 96.5081558228, -94.3779830933, 73.2345809937], [736.479919434, -355.636810303, -68.5318832397, 200.881195068, 89.2008895874, 106.390518188, -23.8584079742, 60.2185211182, 1.9793856144, 152.316940308, -10.1301765442, 41.7624435425, -33.1999435425], [-573.290588379, 528.824951172, 147.786102295, 1.67408895493, 146.920028687, -54.5907211304, 123.672164917, -14.3103847504, 96.5081558228, -10.1301765442, 155.6040802, -35.6013717651, 69.110168457], [778.22088623, -578.177368164, -56.1933784485, 89.7780303955, -98.227935791, 108.253929138, -12.8771600723, 78.4468994141, -94.3779830933, 41.7624435425, -35.6013717651, 211.590209961, -31.9647026062], [-515.160766602, 426.834991455, 66.9513778687, -64.0119552612, 87.4162750244, -48.7039489746, 67.8033447266, -35.5980567932, 73.2345809937, -33.1999435425, 69.110168457, -31.9647026062, 130.618484497]],
        "icov": [[0.000319104321534, -5.06875803694e-005, 0.000342993473168, -0.000501724716742, 0.000226551259402, -0.000644995481707, -6.92392575274e-007, -0.000325831992086, 8.0768702901e-005, -0.000266228395049, 0.000359740806744, -0.000280497275526, 0.000150003907038], [-5.06875803694e-005, 0.00243619503453, -0.00112559180707, 0.00113232899457, -0.00158762687352, 0.00115927204024, -0.00144382775761, 0.00163167330902, -0.000839941436425, 0.0019823780749, -0.00227631279267, 0.00266420608386, -0.0015089152148], [0.000342993473168, -0.00112559180707, 0.00156864640303, -0.00165332679171, 0.00105886918027, -0.00100309739355, 0.000636664568447, -0.00105717638507, -0.00119765859563, 9.06818677322e-005, 0.00145163072739, -0.00191425078083, 0.00117344933096], [-0.000501724716742, 0.00113232899457, -0.00165332679171, 0.00381475128233, -0.00252119032666, 0.000609738635831, -0.000136652510264, 0.000513589533512, 0.00211980147287, -0.000690857879817, -0.00206421641633, 0.00183561420999, -0.000659265962895], [0.000226551259402, -0.00158762687352, 0.00105886918027, -0.00252119032666, 0.00574298016727, -0.00209371349774, -0.000959036115091, -0.000166944460943, -0.000596240628511, -0.00311630708165, 0.000239948203671, 0.000250566430623, -0.000392000336433], [-0.000644995481707, 0.00115927204024, -0.00100309739355, 0.000609738635831, -0.00209371349774, 0.00680789211765, -0.00173174124211, -3.40447513736e-005, -0.00125151651446, 0.000797224696726, 0.00142492796294, -9.36792202992e-005, -0.000562343513593], [-6.92392575274e-007, -0.00144382775761, 0.000636664568447, -0.000136652510264, -0.000959036115091, -0.00173174124211, 0.00883541069925, -0.00547767430544, -0.00194343819749, 0.0031400360167, -0.00244638836011, -0.00248166290112, 0.000813781516626], [-0.000325831992086, 0.00163167330902, -0.00105717638507, 0.000513589533512, -0.000166944460943, -3.40447513736e-005, -0.00547767430544, 0.0124289076775, -0.00133338628802, -0.00120045384392, 0.000285644811811, -3.36281736963e-005, 0.000789386220276], [8.0768702901e-005, -0.000839941436425, -0.00119765859563, 0.00211980147287, -0.000596240628511, -0.00125151651446, -0.00194343819749, -0.00133338628802, 0.0127893062308, -0.00583577016369, -0.000793238694314, 0.003331735963, -0.00212506018579], [-0.000266228395049, 0.0019823780749, 9.06818677322e-005, -0.000690857879817, -0.00311630708165, 0.000797224696726, 0.0031400360167, -0.00120045384392, -0.00583577016369, 0.0160058550537, -0.00330245541409, -0.000603468099143, 0.00145254540257], [0.000359740806744, -0.00227631279267, 0.00145163072739, -0.00206421641633, 0.000239948203671, 0.00142492796294, -0.00244638836011, 0.000285644811811, -0.000793238694314, -0.00330245541409, 0.0161992758512, -0.00431202631444, -0.00120074127335], [-0.000280497275526, 0.00266420608386, -0.00191425078083, 0.00183561420999, 0.000250566430623, -9.36792202992e-005, -0.00248166290112, -3.36281736963e-005, 0.003331735963, -0.000603468099143, -0.00431202631444, 0.0121072176844, -0.00363223976456], [0.000150003907038, -0.0015089152148, 0.00117344933096, -0.000659265962895, -0.000392000336433, -0.000562343513593, 0.000813781516626, 0.000789386220276, -0.00212506018579, 0.00145254540257, -0.00120074127335, -0.00363223976456, 0.0134062469006]]
    },
    "melbands": {
        "mean": [0.00176499597728, 0.00408687395975, 0.00173289468512, 0.000692219124176, 0.000335271033691, 0.000506235577632, 0.000374597904738, 0.000297073362162, 8.27817202662e-005, 7.70146361901e-005, 3.20855324389e-005, 2.48983087658e-005, 2.58459458564e-005, 1.56010155479e-005, 1.37186343636e-005, 1.02284911918e-005, 1.14652184493e-005, 8.82650874701e-006, 7.5436591942e-006, 1.01295509012e-005, 9.49527930061e-006, 5.76180627831e-006, 3.92528636439e-006, 3.28157807417e-006, 4.06735398428e-006, 3.71360806639e-006, 2.80331937574e-006, 3.32879244525e-006, 2.97234214486e-006, 1.52652376073e-006, 1.49314314513e-006, 1.42194926411e-006, 9.92381728793e-007, 2.00342606149e-006, 1.2308676105e-006, 1.52253551278e-006, 2.2890208129e-006, 1.32921832119e-006, 1.86806471447e-006, 1.47203411416e-006],
        "var": [3.43954307027e-005, 0.000168184677023, 3.7323741708e-005, 8.36281287775e-006, 3.91999947169e-007, 4.57254088815e-007, 2.29478729352e-007, 3.40646636232e-007, 3.3090934437e-008, 2.85346555273e-008, 4.67690508543e-009, 4.93846163963e-009, 1.06385869003e-008, 2.85254220245e-009, 1.3262688725e-009, 6.76484479545e-010, 1.2944970651e-009, 9.63995105963e-010, 5.7984772539e-010, 6.90803303449e-010, 1.11940146041e-009, 5.21795273656e-010, 2.60967109034e-010, 1.44941239566e-010, 2.60354571235e-010, 1.88765544862e-010, 8.4166715264e-011, 1.23859103529e-010, 1.20936344272e-010, 2.80189690893e-011, 2.53662889305e-011, 2.72409247937e-011, 1.2679146795e-011, 8.49858239338e-011, 1.82695854972e-011, 2.39415934994e-011, 7.55004114783e-011, 1.99795718164e-011, 6.22769544267e-011, 3.64168174782e-011]
    },
    "mfcc": {
        "mean": [-793.439086914, 150.882827759, 36.5245857239, 3.88263106346, -3.62071704865, -18.3218250275, -21.8249130249, -22.0994987488, -13.8848438263, 2.09449672699, -13.5924682617, -3.75593495369, -0.283547192812],
        "cov": [[13381.7294922, -5145.33154297, -2226.57495117, -1.05247294903, 480.850402832, 747.489074707, 858.165893555, 619.902526855, 188.02293396, 212.327331543, 47.8373222351, 425.188201904, 49.7035255432], [-5145.33154297, 3428.03149414, 1063.81616211, 346.31262207, 150.364105225, 48.0484390259, -38.6874504089, -50.1543502808, 157.293151855, 201.618896484, 96.6004333496, 2.96869468689, 176.003662109], [-2226.57495117, 1063.81616211, 2044.54919434, 621.73840332, 275.902313232, 165.881210327, 92.3973007202, 214.837280273, 198.420516968, -26.350851059, 298.981506348, -17.0295600891, -19.4277038574], [-1.05247294903, 346.31262207, 621.73840332, 758.012939453, 404.481109619, 245.318939209, 243.671401978, 114.245643616, 111.699401855, 115.750976563, 210.450958252, 47.0502204895, 20.4625587463], [480.850402832, 150.364105225, 275.902313232, 404.481109619, 488.137908936, 313.144012451, 186.053100586, 62.2095909119, 113.49230957, 170.455764771, 119.556251526, 74.6441574097, 53.9481964111], [747.489074707, 48.0484390259, 165.881210327, 245.318939209, 313.144012451, 352.521179199, 199.595016479, 123.622138977, 135.231704712, 123.836174011, 89.4836654663, 88.596572876, 88.0890579224], [858.165893555, -38.6874504089, 92.3973007202, 243.671401978, 186.053100586, 199.595016479, 319.296813965, 216.617446899, 127.162002563, 76.8441543579, 90.4213180542, 105.237380981, 98.0523300171], [619.902526855, -50.1543502808, 214.837280273, 114.245643616, 62.2095909119, 123.622138977, 216.617446899, 311.256439209, 139.84576416, 39.836025238, 57.3158988953, 101.545059204, 107.065933228], [188.02293396, 157.293151855, 198.420516968, 111.699401855, 113.49230957, 135.231704712, 127.162002563, 139.84576416, 203.961624146, 99.7869720459, 83.3847045898, 56.6538009644, 55.2844390869], [212.327331543, 201.618896484, -26.350851059, 115.750976563, 170.455764771, 123.836174011, 76.8441543579, 39.836025238, 99.7869720459, 221.061355591, 83.0090789795, 70.6491622925, 28.2461147308], [47.8373222351, 96.6004333496, 298.981506348, 210.450958252, 119.556251526, 89.4836654663, 90.4213180542, 57.3158988953, 83.3847045898, 83.0090789795, 216.549804688, 44.1141929626, -13.9237260818], [425.188201904, 2.96869468689, -17.0295600891, 47.0502204895, 74.6441574097, 88.596572876, 105.237380981, 101.545059204, 56.6538009644, 70.6491622925, 44.1141929626, 135.257232666, 95.690864563], [49.7035255432, 176.003662109, -19.4277038574, 20.4625587463, 53.9481964111, 88.0890579224, 98.0523300171, 107.065933228, 55.2844390869, 28.2461147308, -13.9237260818, 95.690864563, 212.374679565]],
        "icov": [[0.000438177230535, 0.000558171828743, 0.000327671470586, -7.33097622287e-005, -4.75683227705e-005, -0.000618070887867, -0.000360682344763, -0.000391167210182, -9.03753025341e-005, -0.000134488684125, 1.29556883621e-005, -0.000465604360215, 0.00035613621003], [0.000558171828743, 0.00123814994004, -1.74062133738e-005, -0.000231791491387, 0.000346632674336, -0.000621755956672, -0.000665696745273, 0.000253289326793, -0.00028319429839, -0.00117390055675, 0.000443276512669, -0.000292347860523, -0.00039586427738], [0.000327671470586, -1.74062133738e-005, 0.00168967212085, -0.000688834465109, -0.000852967845276, -0.000529062119313, 0.00140093627851, -0.00207775156014, -0.000727305363398, 0.00190501636826, -0.00143389333971, -0.000154657274834, 0.000907096895389], [-7.33097622287e-005, -0.000231791491387, -0.000688834465109, 0.00392850348726, -0.00251102377661, 0.000862987828441, -0.0023376152385, 0.000313049647957, 0.00108140928205, 4.71785824629e-005, -0.00148809293751, 0.00114684330765, 6.69916626066e-005], [-4.75683227705e-005, 0.000346632674336, -0.000852967845276, -0.00251102377661, 0.00871709827334, -0.00503186043352, -0.00105352397077, 0.00287385331467, 0.000586801965255, -0.00383309065364, 0.00169122661464, -0.000323766143993, -0.000588046619669], [-0.000618070887867, -0.000621755956672, -0.000529062119313, 0.000862987828441, -0.00503186043352, 0.00996450241655, -0.00149764015805, 0.000558893138077, -0.00196163356304, 0.000376112991944, -0.000139452458825, 0.000429711508332, -0.00165894534439], [-0.000360682344763, -0.000665696745273, 0.00140093627851, -0.0023376152385, -0.00105352397077, -0.00149764015805, 0.0117208277807, -0.00595357315615, -0.00102068134584, 0.00249325134791, -0.00175705307629, -0.00109624839388, -0.000218886765651], [-0.000391167210182, 0.000253289326793, -0.00207775156014, 0.000313049647957, 0.00287385331467, 0.000558893138077, -0.00595357315615, 0.0113070923835, -0.00310416705906, -0.00119724997785, 0.00218474911526, -0.00223066634499, -0.00213641021401], [-9.03753025341e-005, -0.00028319429839, -0.000727305363398, 0.00108140928205, 0.000586801965255, -0.00196163356304, -0.00102068134584, -0.00310416705906, 0.0111041488126, -0.00383074395359, -0.00147293705959, 0.00223190849647, -0.000697426963598], [-0.000134488684125, -0.00117390055675, 0.00190501636826, 4.71785824629e-005, -0.00383309065364, 0.000376112991944, 0.00249325134791, -0.00119724997785, -0.00383074395359, 0.0117705846205, -0.00301117752679, -0.00373088009655, 0.00235952856019], [1.29556883621e-005, 0.000443276512669, -0.00143389333971, -0.00148809293751, 0.00169122661464, -0.000139452458825, -0.00175705307629, 0.00218474911526, -0.00147293705959, -0.00301117752679, 0.00956394802779, -0.00298643554561, 0.00173642265145], [-0.000465604360215, -0.000292347860523, -0.000154657274834, 0.00114684330765, -0.000323766143993, 0.000429711508332, -0.00109624839388, -0.00223066634499, 0.00223190849647, -0.00373088009655, -0.00298643554561, 0.0173365399241, -0.00633070524782], [0.00035613621003, -0.00039586427738, 0.000907096895389, 6.69916626066e-005, -0.000588046619669, -0.00165894534439, -0.000218886765651, -0.00213641021401, -0.000697426963598, 0.00235952856019, 0.00173642265145, -0.00633070524782, 0.00987952016294]]
    },
    "spectral_contrast_coeffs": {
        "mean": [-0.506260514259, -0.564792454243, -0.683653533459, -0.759522676468, -0.78496837616, -0.824324965477],
        "var": [0.00768597330898, 0.00818326324224, 0.00817286036909, 0.00542358122766, 0.00369819183834, 0.00246898131445]
    },
    "spectral_contrast_valleys": {
        "mean": [-9.43468761444, -8.03824329376, -9.37239742279, -9.89272785187, -10.1439552307, -11.7493314743],
        "var": [3.32156825066, 1.27701461315, 2.03710103035, 2.46602487564, 3.47052264214, 3.34977650642]
    }
},
"metadata": {
    "audio_properties": {
        "analysis_sample_rate": 44100,
        "bit_rate": 110660,
        "equal_loudness": 0,
        "length": 45.0873451233,
        "lossless": 0,
        "replay_gain": -5.96538543701,
        "sample_rate": 44100,
        "codec": "mp3",
        "downmix": "mix",
        "md5_encoded": "eb438acc05e66aa4c2df551686366799"
    },
    "tags": {
        "file_name": "808.mp3"
    },
    "version": {
        "essentia": "2.1-beta2",
        "essentia_git_sha": "v2.1_beta2",
        "extractor": "music 1.0"
    }
},
"rhythm": {
    "beats_count": 75,
    "beats_loudness": {
        "mean": 0.120252497494,
        "var": 0.0107188140973
    },
    "bpm": 100.02684021,
    "bpm_histogram_first_peak_bpm": {
        "mean": 99,
        "var": 0
    },
    "bpm_histogram_first_peak_spread": {
        "mean": 0.301369816065,
        "var": 0
    },
    "bpm_histogram_first_peak_weight": {
        "mean": 0.689189195633,
        "var": 0
    },
    "bpm_histogram_second_peak_bpm": {
        "mean": 110,
        "var": 0
    },
    "bpm_histogram_second_peak_spread": {
        "mean": 0,
        "var": 0
    },
    "bpm_histogram_second_peak_weight": {
        "mean": 0.0135135138407,
        "var": 0
    },
    "danceability": 1.87801611423,
    "onset_rate": 3.5472972393,
    "beats_loudness_band_ratio": {
        "mean": [0.520075201988, 0.104610294104, 0.0828705281019, 0.0805832147598, 0.125068485737, 0.115131162107],
        "var": [0.210094153881, 0.0129418689758, 0.00749431597069, 0.00691581098363, 0.0186766851693, 0.0154258795083]
    },
    "beats_position": [0.49922901392, 1.04489791393, 1.62539684772, 2.22911548615, 2.83283448219, 3.42494320869, 4.02866220474, 4.62077093124, 5.22448968887, 5.8282084465, 6.43192720413, 7.03564596176, 7.6277551651, 8.2198638916, 8.82358264923, 9.42730140686, 10.0310201645, 10.623128891, 11.2268476486, 11.8189563751, 12.4226751328, 13.0263938904, 13.6301136017, 14.2338323593, 14.8259410858, 15.4180498123, 16.0217685699, 16.6254863739, 17.2292060852, 17.8213157654, 18.4250335693, 19.0171432495, 19.6208610535, 20.2245807648, 20.8282985687, 21.43201828, 22.0241260529, 22.616235733, 23.219953537, 23.8236732483, 24.4273910522, 25.0311107635, 25.6232185364, 26.2153282166, 26.8190479279, 27.4227657318, 28.0264854431, 28.6302032471, 29.2339229584, 29.8144207001, 30.4181404114, 31.0218582153, 31.6255779266, 32.2292976379, 32.8330154419, 33.4251251221, 34.028842926, 34.6209526062, 35.2246704102, 35.8283882141, 36.4321098328, 37.0242156982, 37.6279373169, 38.2200431824, 38.823764801, 39.427482605, 40.0312004089, 40.6233100891, 41.2270278931, 41.8191375732, 42.4228553772, 43.0265769958, 43.6302947998, 44.2340126038, 44.8377304077]
},
"tonal": {
    "chords_changes_rate": 0.0411522649229,
    "chords_number_rate": 0.00617283955216,
    "chords_strength": {
        "mean": 0.48862656951,
        "var": 0.00720404786989
    },
    "hpcp_entropy": {
        "mean": 1.20095682144,
        "var": 0.684592664242
    },
    "key_strength": 0.837440669537,
    "tuning_diatonic_strength": 0.599758863449,
    "tuning_equal_tempered_deviation": 0.0231673624367,
    "tuning_frequency": 440.254241943,
    "tuning_nontempered_energy_ratio": 0.601416349411,
    "hpcp": {
        "mean": [0.160617783666, 0.10148987174, 0.068868085742, 0.0935174822807, 0.0489315837622, 0.0142358290032, 0.0134954489768, 0.0389113649726, 0.292716801167, 0.418389230967, 0.16773943603, 0.0243281573057, 0.0307846497744, 0.0356299839914, 0.0470209605992, 0.0463643372059, 0.0262195877731, 0.0296974349767, 0.0413979999721, 0.0342027954757, 0.097716063261, 0.17253254354, 0.136351898313, 0.184584185481, 0.231396242976, 0.117063581944, 0.0339532718062, 0.0153765240684, 0.021680759266, 0.199950769544, 0.309459388256, 0.144156470895, 0.0457999147475, 0.0482672974467, 0.0303711555898, 0.0858227238059],
        "var": [0.103910021484, 0.0400410704315, 0.0242100004107, 0.0599775239825, 0.0152448872104, 0.00334175489843, 0.00238182838075, 0.00596492830664, 0.0961880832911, 0.186244919896, 0.035136051476, 0.00826306641102, 0.0139897223562, 0.0195315945894, 0.0216428693384, 0.0230250097811, 0.0062310686335, 0.0155539065599, 0.0306587554514, 0.0152946207672, 0.0315004736185, 0.0833196938038, 0.045425824821, 0.0714153423905, 0.11207216233, 0.03389794752, 0.0170626789331, 0.00292814872228, 0.00446378765628, 0.0593874938786, 0.140880033374, 0.033604811877, 0.0215226709843, 0.028779361397, 0.0102312257513, 0.0299256853759]
    },
    "chords_histogram": [24.0740737915, 6.48148155212, 48.5596694946, 0, 0, 0, 0, 0, 0.411522626877, 0, 0, 0, 0, 0, 0, 0, 0, 8.43621444702, 0, 8.43621444702, 0.617283940315, 2.98353910446, 0, 0],
    "thpcp": [1, 0.400917202234, 0.0581471882761, 0.0735789760947, 0.0851598978043, 0.112385682762, 0.110816277564, 0.0626679286361, 0.070980399847, 0.0989461392164, 0.0817487463355, 0.233553007245, 0.412373304367, 0.325897246599, 0.441178143024, 0.553064525127, 0.279795885086, 0.081152357161, 0.0367517210543, 0.0518195927143, 0.477906107903, 0.739644706249, 0.344551116228, 0.109467238188, 0.115364581347, 0.0725906714797, 0.20512650907, 0.383895605803, 0.24257285893, 0.164602905512, 0.223517894745, 0.116952300072, 0.0340253226459, 0.0322557277977, 0.0930027887225, 0.699627935886],
    "chords_key": "C",
    "chords_scale": "major",
    "key_key": "F",
    "key_scale": "major"
}
}