{
"lowlevel": {
    "average_loudness": 0.97454059124,
    "barkbands_crest": {
        "mean": 11.032497406,
        "var": 17.4954795837
    },
    "barkbands_flatness_db": {
        "mean": 0.164382472634,
        "var": 0.00273656030186
    },
    "barkbands_kurtosis": {
        "mean": 6.45554065704,
        "var": 229.771087646
    },
    "barkbands_skewness": {
        "mean": 1.67944502831,
        "var": 2.57790756226
    },
    "barkbands_spread": {
        "mean": 21.8584098816,
        "var": 110.041542053
    },
    "dissonance": {
        "mean": 0.46553209424,
        "var": 0.000460168288555
    },
    "dynamic_complexity": 2.2731359005,
    "erbbands_crest": {
        "mean": 9.99024009705,
        "var": 22.0677986145
    },
    "erbbands_flatness_db": {
        "mean": 0.171677991748,
        "var": 0.00157687673345
    },
    "erbbands_kurtosis": {
        "mean": 0.488365143538,
        "var": 5.06341457367
    },
    "erbbands_skewness": {
        "mean": 0.0970432981849,
        "var": 0.498847037554
    },
    "erbbands_spread": {
        "mean": 36.7625007629,
        "var": 415.069122314
    },
    "hfc": {
        "mean": 26.6653156281,
        "var": 311.37701416
    },
    "melbands_crest": {
        "mean": 15.6859207153,
        "var": 25.8204345703
    },
    "melbands_flatness_db": {
        "mean": 0.224654734135,
        "var": 0.00473912805319
    },
    "melbands_kurtosis": {
        "mean": 18.107257843,
        "var": 831.320861816
    },
    "melbands_skewness": {
        "mean": 2.87827086449,
        "var": 4.1547794342
    },
    "melbands_spread": {
        "mean": 23.8021583557,
        "var": 237.666748047
    },
    "pitch_salience": {
        "mean": 0.493124872446,
        "var": 0.00989304576069
    },
    "silence_rate_20dB": {
        "mean": 1,
        "var": 0
    },
    "silence_rate_30dB": {
        "mean": 1,
        "var": 0
    },
    "silence_rate_60dB": {
        "mean": 0.00411946466193,
        "var": 0.00410245684907
    },
    "spectral_centroid": {
        "mean": 1359.93383789,
        "var": 389223.0625
    },
    "spectral_complexity": {
        "mean": 20.208032608,
        "var": 71.7766189575
    },
    "spectral_decrease": {
        "mean": -1.07166391317e-008,
        "var": 1.98816946499e-017
    },
    "spectral_energy": {
        "mean": 0.0428656339645,
        "var": 0.000314034608891
    },
    "spectral_energyband_high": {
        "mean": 0.000578676350415,
        "var": 6.37268726678e-007
    },
    "spectral_energyband_low": {
        "mean": 0.0211505722255,
        "var": 0.000181510069524
    },
    "spectral_energyband_middle_high": {
        "mean": 0.0109094111249,
        "var": 9.06606364879e-005
    },
    "spectral_energyband_middle_low": {
        "mean": 0.0117154754698,
        "var": 4.92642830068e-005
    },
    "spectral_entropy": {
        "mean": 7.45158147812,
        "var": 0.129604831338
    },
    "spectral_flux": {
        "mean": 0.0923625528812,
        "var": 0.00154139113147
    },
    "spectral_kurtosis": {
        "mean": 4.01166391373,
        "var": 5.97698879242
    },
    "spectral_rms": {
        "mean": 0.00628867931664,
        "var": 2.27275540965e-006
    },
    "spectral_rolloff": {
        "mean": 1152.9230957,
        "var": 1160441.625
    },
    "spectral_skewness": {
        "mean": 1.38413584232,
        "var": 0.118527851999
    },
    "spectral_spread": {
        "mean": 3854432.5,
        "var": 3.23199487181e+012
    },
    "spectral_strongpeak": {
        "mean": 1.03919637203,
        "var": 2.92185688019
    },
    "zerocrossingrate": {
        "mean": 0.0468086227775,
        "var": 0.000791907485109
    },
    "barkbands": {
        "mean": [0.00037303584395, 0.0153321670368, 0.00430285558105, 0.00244801933877, 0.00345709570684, 0.0016649501631, 0.000663663027808, 0.00079584523337, 0.00215755961835, 0.00145617336966, 0.00254909344949, 0.0009490797529, 0.00125370477326, 0.00121016276535, 0.000635530508589, 0.000712613866199, 0.00111832702532, 0.000539636122994, 0.000549157324713, 0.000201268834644, 0.000160506955581, 0.000156114416313, 9.84422804322e-005, 4.76148634334e-005, 2.98020459013e-005, 3.28951796291e-006, 2.90370998357e-008],
        "var": [1.1798915267e-007, 0.000136897579068, 1.78876198333e-005, 6.7031241997e-006, 1.0290082173e-005, 3.41725876751e-006, 1.59454089044e-006, 4.20091146225e-006, 1.36412327265e-005, 1.17702529678e-005, 2.34581366385e-005, 2.97024394058e-006, 9.25032509258e-006, 5.21397987541e-006, 1.50856044456e-006, 1.97945723812e-006, 3.94899461753e-006, 6.49392518426e-007, 4.06041209544e-007, 5.11367233003e-008, 5.56136718899e-008, 6.31406820162e-008, 3.01765794575e-008, 6.54840448533e-009, 4.63886173918e-009, 7.2527060746e-011, 1.61271854432e-014]
    },
    "erbbands": {
        "mean": [0.598756253719, 2.88993000984, 4.76426362991, 6.68154764175, 10.4075078964, 12.316608429, 10.7106609344, 13.8502855301, 10.6201791763, 8.78611755371, 26.2205543518, 58.4510879517, 43.9151725769, 51.0655021667, 102.179443359, 44.5018730164, 56.8701553345, 57.9257926941, 52.9552841187, 36.0624961853, 47.7476425171, 50.8124656677, 31.3164997101, 27.7020969391, 23.3075714111, 9.46511554718, 6.99652099609, 5.83531618118, 5.85683870316, 5.28260469437, 2.06373906136, 1.25912320614, 0.620438933372, 0.36980420351, 0.189023703337, 0.0299403946847, 0.0032091436442, 0.000256923318375, 3.14613243972e-005, 5.09331694047e-005],
        "var": [0.220171049237, 4.9452996254, 18.7901706696, 33.7962837219, 131.964294434, 125.687164307, 98.5905075073, 299.026641846, 453.255249023, 201.749588013, 3631.58276367, 10707.4853516, 11917.4511719, 7667.75244141, 34402.9335938, 5200.984375, 14062.2871094, 14260.2373047, 7941.66845703, 3042.74658203, 7713.76220703, 7337.33789063, 1876.02294922, 1138.29772949, 762.186767578, 92.8979263306, 74.7567977905, 98.8302383423, 90.539276123, 91.1344146729, 10.7148742676, 4.22442245483, 1.29504156113, 0.632427692413, 0.23803819716, 0.00585146714002, 6.60946898279e-005, 6.39832308025e-007, 6.98381352748e-010, 4.45910253166e-010]
    },
    "gfcc": {
        "mean": [10.8424730301, 124.652153015, -131.879013062, 56.2508964539, -49.2993164063, 25.6022415161, -25.4818000793, 6.29832935333, -17.0439376831, -7.27945947647, -6.81487989426, -2.78315997124, -0.070945225656],
        "cov": [[5564.68505859, -365.299163818, -1088.78137207, -176.162460327, -239.87109375, 271.770751953, -261.380157471, 298.235290527, -197.774703979, 30.590839386, -150.649551392, 101.22567749, -32.8193817139], [-365.299163818, 588.572875977, -49.5986404419, -42.9006538391, 150.540481567, -105.425468445, 123.443496704, -89.9122085571, 101.560165405, -77.914604187, 104.254417419, -80.128112793, 28.5618629456], [-1088.78137207, -49.5986404419, 752.953918457, 259.606842041, -76.1600646973, 5.77841806412, 8.55300426483, -81.124710083, -11.9020318985, 62.6104850769, -15.6812543869, 1.59208273888, 1.90929877758], [-176.162460327, -42.9006538391, 259.606842041, 253.299591064, -36.5840988159, -43.1591567993, -9.96978759766, -11.8906726837, 1.87346470356, -10.4407901764, -6.08839893341, 0.723539292812, 24.2513942719], [-239.87109375, 150.540481567, -76.1600646973, -36.5840988159, 213.970169067, -15.1877622604, 73.3819580078, 6.47493982315, 41.0902328491, -28.8549003601, 48.1505622864, -2.10605096817, 6.37053537369], [271.770751953, -105.425468445, 5.77841806412, -43.1591567993, -15.1877622604, 185.255355835, 16.3121376038, -25.8809585571, -58.7639160156, 45.1225624084, 5.67843818665, 12.8996219635, -26.3951950073], [-261.380157471, 123.443496704, 8.55300426483, -9.96978759766, 73.3819580078, 16.3121376038, 126.881072998, -19.6110954285, 19.4249305725, -20.5741767883, 44.7465553284, -2.64091086388, -2.66985845566], [298.235290527, -89.9122085571, -81.124710083, -11.8906726837, 6.47493982315, -25.8809585571, -19.6110954285, 140.859512329, 28.8983364105, -14.9906482697, -33.0790748596, 27.7042312622, 24.166683197], [-197.774703979, 101.560165405, -11.9020318985, 1.87346470356, 41.0902328491, -58.7639160156, 19.4249305725, 28.8983364105, 111.40309906, 2.48749637604, -0.261299699545, -26.740152359, 20.9112796783], [30.590839386, -77.914604187, 62.6104850769, -10.4407901764, -28.8549003601, 45.1225624084, -20.5741767883, -14.9906482697, 2.48749637604, 101.782676697, -2.5179567337, -4.71124267578, -19.8655395508], [-150.649551392, 104.254417419, -15.6812543869, -6.08839893341, 48.1505622864, 5.67843818665, 44.7465553284, -33.0790748596, -0.261299699545, -2.5179567337, 92.5966796875, 10.2509202957, 4.13193750381], [101.22567749, -80.128112793, 1.59208273888, 0.723539292812, -2.10605096817, 12.8996219635, -2.64091086388, 27.7042312622, -26.740152359, -4.71124267578, 10.2509202957, 96.4986419678, 18.0949134827], [-32.8193817139, 28.5618629456, 1.90929877758, 24.2513942719, 6.37053537369, -26.3951950073, -2.66985845566, 24.166683197, 20.9112796783, -19.8655395508, 4.13193750381, 18.0949134827, 60.338924408]],
        "icov": [[0.000837534433231, -0.0018200755585, 0.00184604141396, -0.00201726844534, 0.000957546639256, -0.00192126433831, 0.0013368409127, -0.00233122473583, 0.00186565739568, -0.00177153234836, 0.001792410505, -0.001404552022, 0.00118940370157], [-0.0018200755585, 0.0096234511584, -0.00446185236797, 0.00638329098001, -0.00311457039788, 0.00614466331899, -0.00493038492277, 0.00855992082506, -0.00718391500413, 0.00725002400577, -0.00777214951813, 0.00660250522196, -0.0051705702208], [0.00184604141396, -0.00446185236797, 0.00670244777575, -0.00723106507212, 0.0024942101445, -0.00433790031821, 0.00204077921808, -0.00408340943977, 0.00435422779992, -0.00602236948907, 0.00538124516606, -0.00400356063619, 0.00271552870981], [-0.00201726844534, 0.00638329098001, -0.00723106507212, 0.0126911709085, -0.00214508874342, 0.00642760749906, -0.00328272185288, 0.00628783600405, -0.00510196201503, 0.00715691642836, -0.00646200357005, 0.00532010151073, -0.00564470374957], [0.000957546639256, -0.00311457039788, 0.0024942101445, -0.00214508874342, 0.00817681849003, -0.00252342084423, -0.00079056218965, -0.00382642541081, 0.000648556102533, -0.00137683784124, 0.000388885266148, -0.00238684657961, 0.00231984280981], [-0.00192126433831, 0.00614466331899, -0.00433790031821, 0.00642760749906, -0.00252342084423, 0.0136446235701, -0.00657739397138, 0.00658925808966, -0.00031901159673, 0.000860416097566, -0.00464048469439, 0.00432694889605, -0.00368062616326], [0.0013368409127, -0.00493038492277, 0.00204077921808, -0.00328272185288, -0.00079056218965, -0.00657739397138, 0.0157697945833, -0.00432549929246, 0.000495510816108, 0.000258926651441, -0.000297849066556, -0.00372662814334, 0.00500366650522], [-0.00233122473583, 0.00855992082506, -0.00408340943977, 0.00628783600405, -0.00382642541081, 0.00658925808966, -0.00432549929246, 0.0194796584547, -0.0103072188795, 0.00733813457191, -0.00281745241955, 0.00198181672022, -0.00683805998415], [0.00186565739568, -0.00718391500413, 0.00435422779992, -0.00510196201503, 0.000648556102533, -0.00031901159673, 0.000495510816108, -0.0103072188795, 0.0221877284348, -0.0110234562308, 0.00709519069642, 0.00023078279628, -0.00160359963775], [-0.00177153234836, 0.00725002400577, -0.00602236948907, 0.00715691642836, -0.00137683784124, 0.000860416097566, 0.000258926651441, 0.00733813457191, -0.0110234562308, 0.0210747383535, -0.00840836763382, 0.00445071607828, 0.000512714439537], [0.001792410505, -0.00777214951813, 0.00538124516606, -0.00646200357005, 0.000388885266148, -0.00464048469439, -0.000297849066556, -0.00281745241955, 0.00709519069642, -0.00840836763382, 0.0227860007435, -0.00814327318221, 0.00177954195533], [-0.001404552022, 0.00660250522196, -0.00400356063619, 0.00532010151073, -0.00238684657961, 0.00432694889605, -0.00372662814334, 0.00198181672022, 0.00023078279628, 0.00445071607828, -0.00814327318221, 0.0187645405531, -0.00839897245169], [0.00118940370157, -0.0051705702208, 0.00271552870981, -0.00564470374957, 0.00231984280981, -0.00368062616326, 0.00500366650522, -0.00683805998415, -0.00160359963775, 0.000512714439537, 0.00177954195533, -0.00839897245169, 0.026076881215]]
    },
    "melbands": {
        "mean": [0.00476375268772, 0.00285911816172, 0.0012899126159, 0.00089317333186, 0.000393844587961, 0.000313203403493, 0.000150645180838, 9.47559819906e-005, 0.000259410531726, 0.00034104930819, 0.000208413111977, 0.000185223572771, 0.000386936386349, 0.000127980718389, 0.000104933962575, 0.000127061852254, 0.000106696890725, 9.6809315437e-005, 4.19457282987e-005, 4.88619662065e-005, 6.48139539408e-005, 6.01051651756e-005, 3.9135440602e-005, 2.18064760702e-005, 2.25536605285e-005, 2.03509844141e-005, 1.14653366836e-005, 5.06169089931e-006, 4.42772216047e-006, 3.41748204846e-006, 3.50934988091e-006, 3.1022686926e-006, 3.30477382704e-006, 2.91224114335e-006, 1.11285919502e-006, 8.76234366842e-007, 7.0076157499e-007, 4.60726653273e-007, 3.09278135546e-007, 3.26059165445e-007],
        "var": [1.362938292e-005, 4.10224402003e-006, 1.14961358122e-006, 7.06231958247e-007, 9.97941214109e-008, 1.42578500117e-007, 8.43181382493e-008, 2.35419186367e-008, 2.97924401593e-007, 3.79894828484e-007, 3.17812123285e-007, 1.256094464e-007, 5.6220380884e-007, 4.35665405973e-008, 3.3159118118e-008, 1.12482560155e-007, 5.63001343323e-008, 2.93812139063e-008, 6.04571326335e-009, 9.8414068006e-009, 1.90055562399e-008, 1.25287362707e-008, 4.64521532351e-009, 1.15343412599e-009, 8.8203533366e-010, 6.65806298983e-010, 2.14354284322e-010, 3.23608084773e-011, 3.01005782799e-011, 2.46871273424e-011, 4.91158121119e-011, 2.6612618359e-011, 3.33819326348e-011, 3.35842326171e-011, 3.39937171294e-012, 2.14394799657e-012, 1.40230676463e-012, 7.08408321153e-013, 4.51311785252e-013, 5.40535877776e-013]
    },
    "mfcc": {
        "mean": [-619.997497559, 133.360717773, -7.81187009811, 35.4099082947, 7.57730197906, 18.9874134064, 6.32030677795, 15.22352314, 0.132079988718, 2.40808939934, 0.139071464539, -3.05377364159, -0.341265618801],
        "cov": [[3818.93505859, -441.073791504, -781.883300781, -489.848358154, -40.943561554, -167.805023193, -12.041185379, 96.3565750122, 11.3436460495, 8.54105758667, -16.8716564178, -50.2805900574, -26.2741298676], [-441.073791504, 596.04107666, -156.224838257, 32.3462791443, 20.0873851776, 28.5908374786, 23.8662910461, 20.1748046875, -20.5640716553, 41.7834472656, 29.2924919128, 34.0719680786, -12.5575323105], [-781.883300781, -156.224838257, 716.718383789, 190.651702881, -15.7287759781, 91.7564163208, -0.699871599674, -84.9412918091, 16.1477279663, -33.9710578918, -19.9241771698, -9.17735385895, 20.7282886505], [-489.848358154, 32.3462791443, 190.651702881, 292.783721924, 39.3520431519, -34.141456604, -22.0049762726, 13.2893981934, 22.3819255829, 1.71952962875, -35.8350715637, 11.960776329, 13.4433946609], [-40.943561554, 20.0873851776, -15.7287759781, 39.3520431519, 105.861068726, -12.9980487823, 3.04596138, 16.4208278656, 16.8030109406, 6.94093227386, -1.61849784851, 8.58829879761, 8.59566879272], [-167.805023193, 28.5908374786, 91.7564163208, -34.141456604, -12.9980487823, 173.011566162, 63.179485321, -29.1869564056, -39.6096420288, 4.40608453751, 35.1832580566, -9.37861251831, -18.8868198395], [-12.041185379, 23.8662910461, -0.699871599674, -22.0049762726, 3.04596138, 63.179485321, 114.859062195, 26.7705936432, -38.3395118713, -13.311173439, 24.8924789429, 4.01245737076, -17.818239212], [96.3565750122, 20.1748046875, -84.9412918091, 13.2893981934, 16.4208278656, -29.1869564056, 26.7705936432, 112.269317627, 14.5282297134, -22.2637672424, -9.89125156403, 12.0351476669, 1.17578995228], [11.3436460495, -20.5640716553, 16.1477279663, 22.3819255829, 16.8030109406, -39.6096420288, -38.3395118713, 14.5282297134, 98.5655670166, 20.7712593079, -9.43996047974, 2.8648223877, 18.0089530945], [8.54105758667, 41.7834472656, -33.9710578918, 1.71952962875, 6.94093227386, 4.40608453751, -13.311173439, -22.2637672424, 20.7712593079, 96.1695785522, 16.9249191284, -8.68587875366, -8.29929256439], [-16.8716564178, 29.2924919128, -19.9241771698, -35.8350715637, -1.61849784851, 35.1832580566, 24.8924789429, -9.89125156403, -9.43996047974, 16.9249191284, 81.4727020264, 6.57608652115, -12.1216020584], [-50.2805900574, 34.0719680786, -9.17735385895, 11.960776329, 8.58829879761, -9.37861251831, 4.01245737076, 12.0351476669, 2.8648223877, -8.68587875366, 6.57608652115, 72.883140564, 7.83083772659], [-26.2741298676, -12.5575323105, 20.7282886505, 13.4433946609, 8.59566879272, -18.8868198395, -17.818239212, 1.17578995228, 18.0089530945, -8.29929256439, -12.1216020584, 7.83083772659, 81.9773254395]],
        "icov": [[0.000488513731398, 0.000437065522419, 0.00043132956489, 0.00053542846581, 3.77516225853e-005, 0.000258418935118, -0.000110921078885, -0.000170157654793, -3.6727386032e-005, -0.000174061889993, 0.000220816393266, 0.000115114751679, 7.2665650805e-005], [0.000437065522419, 0.00246123317629, 0.00106877391227, -0.00030349654844, 1.32410914375e-005, -0.000520897854585, -0.00010424778884, -0.000229951649089, 0.000325049564708, -0.000882682623342, -0.000144318837556, -0.000799906498287, 5.01695212733e-005], [0.00043132956489, 0.00106877391227, 0.00313351210207, -0.00170016428456, 0.000724850338884, -0.0016090272693, -0.000566265196539, 0.00208837795071, -0.00143087655306, 0.00128372013569, 0.000373360177036, 7.51805855543e-005, -0.000318968202919], [0.00053542846581, -0.00030349654844, -0.00170016428456, 0.00620543397963, -0.00175619171932, 0.00190133042634, 0.000520977948327, -0.00199304451235, 0.000734094704967, -0.00144828972407, 0.00173355883453, -0.000357536831871, 0.000283998728264], [3.77516225853e-005, 1.32410914375e-005, 0.000724850338884, -0.00175619171932, 0.010737544857, 4.41620431957e-005, -0.00124731578398, -0.000361791579053, -0.00170453602914, -0.000476748798974, -0.000246907322435, -0.000601001724135, -0.000915689510293], [0.000258418935118, -0.000520897854585, -0.0016090272693, 0.00190133042634, 4.41620431957e-005, 0.0101462109014, -0.00456341030076, 0.00143723213114, 0.00170297070872, -0.00108205084689, -0.00171091675293, 0.00111816206481, 0.000575093785301], [-0.000110921078885, -0.00010424778884, -0.000566265196539, 0.000520977948327, -0.00124731578398, -0.00456341030076, 0.0149569045752, -0.00561263691634, 0.00445159571245, 0.000457096437458, -0.00256392313167, -0.000534972234163, 0.00115744397044], [-0.000170157654793, -0.000229951649089, 0.00208837795071, -0.00199304451235, -0.000361791579053, 0.00143723213114, -0.00561263691634, 0.014218525961, -0.00431452132761, 0.00403201114386, 0.00125496601686, -0.000722753000446, 0.000264835485723], [-3.6727386032e-005, 0.000325049564708, -0.00143087655306, 0.000734094704967, -0.00170453602914, 0.00170297070872, 0.00445159571245, -0.00431452132761, 0.0148482536897, -0.00432659452781, -0.000422439828981, -0.000454123364761, -0.00183902098797], [-0.000174061889993, -0.000882682623342, 0.00128372013569, -0.00144828972407, -0.000476748798974, -0.00108205084689, 0.000457096437458, 0.00403201114386, -0.00432659452781, 0.0140340141952, -0.00259527307935, 0.00184683711268, 0.00137522141449], [0.000220816393266, -0.000144318837556, 0.000373360177036, 0.00173355883453, -0.000246907322435, -0.00171091675293, -0.00256392313167, 0.00125496601686, -0.000422439828981, -0.00259527307935, 0.0157157834619, -0.00210166093893, 0.00108104071114], [0.000115114751679, -0.000799906498287, 7.51805855543e-005, -0.000357536831871, -0.000601001724135, 0.00111816206481, -0.000534972234163, -0.000722753000446, -0.000454123364761, 0.00184683711268, -0.00210166093893, 0.0151733662933, -0.00130475137848], [7.2665650805e-005, 5.01695212733e-005, -0.000318968202919, 0.000283998728264, -0.000915689510293, 0.000575093785301, 0.00115744397044, 0.000264835485723, -0.00183902098797, 0.00137522141449, 0.00108104071114, -0.00130475137848, 0.0135675482452]]
    },
    "spectral_contrast_coeffs": {
        "mean": [-0.694890499115, -0.725994765759, -0.73285639286, -0.758343756199, -0.753452837467, -0.718961060047],
        "var": [0.00393669866025, 0.00482438411564, 0.0060344520025, 0.00331213977188, 0.00262172101066, 0.00127487955615]
    },
    "spectral_contrast_valleys": {
        "mean": [-6.38803434372, -6.79392528534, -7.11044645309, -7.51146841049, -7.51333236694, -10.5456838608],
        "var": [0.990453004837, 0.995274662971, 1.16980373859, 1.233071208, 1.13673067093, 1.21728503704]
    }
},
"metadata": {
    "audio_properties": {
        "analysis_sample_rate": 44100,
        "bit_rate": 115223,
        "equal_loudness": 0,
        "length": 45.0612258911,
        "lossless": 0,
        "replay_gain": -16.4609107971,
        "sample_rate": 44100,
        "codec": "mp3",
        "downmix": "mix",
        "md5_encoded": "1701721865e5036aef5f1b7ef58e6640"
    },
    "tags": {
        "file_name": "81.mp3"
    },
    "version": {
        "essentia": "2.1-beta2",
        "essentia_git_sha": "v2.1_beta2",
        "extractor": "music 1.0"
    }
},
"rhythm": {
    "beats_count": 91,
    "beats_loudness": {
        "mean": 0.0509247817099,
        "var": 0.000231698140851
    },
    "bpm": 122.74559021,
    "bpm_histogram_first_peak_bpm": {
        "mean": 123,
        "var": 0
    },
    "bpm_histogram_first_peak_spread": {
        "mean": 0.468354403973,
        "var": 0
    },
    "bpm_histogram_first_peak_weight": {
        "mean": 0.466666668653,
        "var": 0
    },
    "bpm_histogram_second_peak_bpm": {
        "mean": 117,
        "var": 0
    },
    "bpm_histogram_second_peak_spread": {
        "mean": 0.199999988079,
        "var": 0
    },
    "bpm_histogram_second_peak_weight": {
        "mean": 0.0444444455206,
        "var": 0
    },
    "danceability": 1.02142322063,
    "onset_rate": 3.66003441811,
    "beats_loudness_band_ratio": {
        "mean": [0.521753549576, 0.124833732843, 0.108453311026, 0.155952766538, 0.0887808352709, 0.0387011133134],
        "var": [0.0521842576563, 0.0100525366142, 0.00728024123237, 0.01960240677, 0.00610388163477, 0.00117555470206]
    },
    "beats_position": [0.522448956966, 1.06811785698, 1.6137868166, 2.14784574509, 2.67029476166, 3.1811337471, 3.69197273254, 4.20281171799, 4.69043064117, 5.17804956436, 5.66566896439, 6.15328788757, 6.64090681076, 7.12852573395, 7.6277551651, 8.12698364258, 8.6146030426, 9.10222244263, 9.6014509201, 10.077460289, 10.5534696579, 11.0410881042, 11.5403175354, 12.051156044, 12.5271654129, 13.0147848129, 13.4907932281, 13.9784126282, 14.4428119659, 14.9188203812, 15.4064397812, 15.8940582275, 16.3932876587, 16.8692970276, 17.3453063965, 17.8329238892, 18.3089332581, 18.8081626892, 19.3073921204, 19.8066215515, 20.3058490753, 20.8050785065, 21.2926979065, 21.7803173065, 22.2679367065, 22.7555541992, 23.2547836304, 23.7540130615, 24.2532424927, 24.7408618927, 25.2400894165, 25.7044887543, 26.1921081543, 26.6797275543, 27.1789569855, 27.6781845093, 28.1541938782, 28.6302032471, 29.106212616, 29.5822219849, 30.0698413849, 30.5574588776, 31.0334682465, 31.5210876465, 32.0203170776, 32.5195465088, 33.0187759399, 33.5063934326, 33.99401474, 34.4816322327, 34.9692497253, 35.4568710327, 35.9444885254, 36.4321098328, 36.9197273254, 37.4073448181, 37.9065742493, 38.4058036804, 38.8934249878, 39.3926506042, 39.8686599731, 40.3562812805, 40.8438987732, 41.3315200806, 41.8191375732, 42.3067550659, 42.7943763733, 43.281993866, 43.7463951111, 44.2456245422, 44.7332420349]
},
"tonal": {
    "chords_changes_rate": 0.0514403283596,
    "chords_number_rate": 0.00925925932825,
    "chords_strength": {
        "mean": 0.535328984261,
        "var": 0.00985455513
    },
    "hpcp_entropy": {
        "mean": 2.01228427887,
        "var": 0.431178599596
    },
    "key_strength": 0.636578381062,
    "tuning_diatonic_strength": 0.633064746857,
    "tuning_equal_tempered_deviation": 0.145100459456,
    "tuning_frequency": 446.142181396,
    "tuning_nontempered_energy_ratio": 0.772991716862,
    "hpcp": {
        "mean": [0.696882963181, 0.379718601704, 0.104103133082, 0.0618225038052, 0.0783193930984, 0.127134993672, 0.158350601792, 0.118893072009, 0.0765638947487, 0.0570634528995, 0.0427251905203, 0.0393718369305, 0.0417297892272, 0.058892544359, 0.0901363864541, 0.101330593228, 0.0766416192055, 0.0476806871593, 0.0378816202283, 0.0756535455585, 0.165211826563, 0.189939066768, 0.134739786386, 0.0925760343671, 0.0671018660069, 0.0513316765428, 0.0492854081094, 0.0510787665844, 0.0582237243652, 0.0759718865156, 0.0870505049825, 0.0919447317719, 0.0891195237637, 0.0862841457129, 0.173616960645, 0.520995795727],
        "var": [0.124866008759, 0.0933549329638, 0.0369237288833, 0.0252330228686, 0.0348856970668, 0.049287058413, 0.0660310983658, 0.0368392243981, 0.0208523180336, 0.0114683741704, 0.00968663394451, 0.00913573149592, 0.00901290867478, 0.0147433355451, 0.0232874769717, 0.0324592515826, 0.0263472925872, 0.0133945988491, 0.00892905239016, 0.0154803376645, 0.0507764033973, 0.0665245875716, 0.0421128459275, 0.0332331173122, 0.0276699103415, 0.0192806627601, 0.0126384850591, 0.0127499038354, 0.0169969014823, 0.0282202772796, 0.0339884199202, 0.0367648042738, 0.0302108824253, 0.0256102588028, 0.0480193793774, 0.110637351871]
    },
    "chords_histogram": [3.90946507454, 0.720164597034, 20.5761318207, 3.90946507454, 0, 0, 0, 0, 0.308641970158, 0, 2.46913576126, 0, 3.90946507454, 0.308641970158, 0, 13.271604538, 2.05761313438, 29.3209877014, 0, 0, 0.308641970158, 0, 18.5185184479, 0.411522626877],
    "thpcp": [1, 0.544881463051, 0.149383962154, 0.0887128934264, 0.112385287881, 0.182433784008, 0.22722697258, 0.170606940985, 0.109866216779, 0.0818838402629, 0.061308991164, 0.0564970560372, 0.0598806291819, 0.0845085158944, 0.129342213273, 0.145405471325, 0.10997775197, 0.0684199333191, 0.0543586537242, 0.108559899032, 0.237072557211, 0.272555202246, 0.193346366286, 0.132843017578, 0.0962885692716, 0.073658965528, 0.0707226470113, 0.0732960477471, 0.083548784256, 0.10901670903, 0.124914094806, 0.131937116385, 0.127883061767, 0.12381439656, 0.249133601785, 0.747608721256],
    "chords_key": "A",
    "chords_scale": "minor",
    "key_key": "A",
    "key_scale": "major"
}
}