{
"lowlevel": {
    "average_loudness": 0.946509003639,
    "barkbands_crest": {
        "mean": 12.6098337173,
        "var": 16.0229034424
    },
    "barkbands_flatness_db": {
        "mean": 0.338024556637,
        "var": 0.00807629618794
    },
    "barkbands_kurtosis": {
        "mean": 17.3377723694,
        "var": 432.283447266
    },
    "barkbands_skewness": {
        "mean": 2.78497242928,
        "var": 2.76108169556
    },
    "barkbands_spread": {
        "mean": 9.7985830307,
        "var": 80.0201568604
    },
    "dissonance": {
        "mean": 0.453508555889,
        "var": 0.00100024486892
    },
    "dynamic_complexity": 2.30207204819,
    "erbbands_crest": {
        "mean": 11.1455717087,
        "var": 24.5435962677
    },
    "erbbands_flatness_db": {
        "mean": 0.289536207914,
        "var": 0.00449165701866
    },
    "erbbands_kurtosis": {
        "mean": 3.91840720177,
        "var": 160.612930298
    },
    "erbbands_skewness": {
        "mean": 1.03161299229,
        "var": 2.9093401432
    },
    "erbbands_spread": {
        "mean": 38.3321723938,
        "var": 497.554412842
    },
    "hfc": {
        "mean": 13.1636009216,
        "var": 232.616516113
    },
    "melbands_crest": {
        "mean": 17.9471473694,
        "var": 31.0963459015
    },
    "melbands_flatness_db": {
        "mean": 0.425282299519,
        "var": 0.013608077541
    },
    "melbands_kurtosis": {
        "mean": 40.8669548035,
        "var": 1919.23132324
    },
    "melbands_skewness": {
        "mean": 4.20099020004,
        "var": 5.33920145035
    },
    "melbands_spread": {
        "mean": 9.35714435577,
        "var": 91.3137359619
    },
    "pitch_salience": {
        "mean": 0.497543215752,
        "var": 0.0121061503887
    },
    "silence_rate_20dB": {
        "mean": 1,
        "var": 0
    },
    "silence_rate_30dB": {
        "mean": 0.963936090469,
        "var": 0.0347620919347
    },
    "silence_rate_60dB": {
        "mean": 0.0365790836513,
        "var": 0.035240445286
    },
    "spectral_centroid": {
        "mean": 701.183654785,
        "var": 288123.40625
    },
    "spectral_complexity": {
        "mean": 12.2076253891,
        "var": 56.406829834
    },
    "spectral_decrease": {
        "mean": -1.06617559226e-008,
        "var": 7.58109443218e-017
    },
    "spectral_energy": {
        "mean": 0.0414339192212,
        "var": 0.00112812919542
    },
    "spectral_energyband_high": {
        "mean": 0.000299013539916,
        "var": 2.43332124228e-006
    },
    "spectral_energyband_low": {
        "mean": 0.0246053431183,
        "var": 0.000760256196372
    },
    "spectral_energyband_middle_high": {
        "mean": 0.00231314403936,
        "var": 6.36130971543e-006
    },
    "spectral_energyband_middle_low": {
        "mean": 0.0232289880514,
        "var": 0.000458303024061
    },
    "spectral_entropy": {
        "mean": 6.29085731506,
        "var": 0.68765771389
    },
    "spectral_flux": {
        "mean": 0.0681142136455,
        "var": 0.00374114653096
    },
    "spectral_kurtosis": {
        "mean": 22.7689628601,
        "var": 960.880065918
    },
    "spectral_rms": {
        "mean": 0.00585935544223,
        "var": 6.09131666351e-006
    },
    "spectral_rolloff": {
        "mean": 677.833435059,
        "var": 893533.8125
    },
    "spectral_skewness": {
        "mean": 2.57913398743,
        "var": 4.41956472397
    },
    "spectral_spread": {
        "mean": 2248825,
        "var": 2.5305111593e+012
    },
    "spectral_strongpeak": {
        "mean": 0.909891486168,
        "var": 0.350934267044
    },
    "zerocrossingrate": {
        "mean": 0.0273935589939,
        "var": 0.000678628799506
    },
    "barkbands": {
        "mean": [2.47183706961e-005, 0.00861972291023, 0.00699959415942, 0.0153882922605, 0.00400321464986, 0.00118843000382, 0.00185023935046, 0.000364118692232, 0.000357671669917, 0.000439475435996, 5.33137754246e-005, 9.60727847996e-005, 3.6327590351e-005, 4.36937480117e-005, 0.000274539081147, 0.000633485033177, 0.000394248345401, 0.000198735462618, 0.00012956331193, 8.34870224935e-005, 6.26204637229e-005, 6.5319793066e-005, 5.27671727468e-005, 3.6676057789e-005, 3.00294577755e-005, 7.39092229196e-006, 1.74589686708e-007],
        "var": [2.33810437678e-009, 0.000146131336805, 0.000121135322843, 0.000398242555093, 2.03286108444e-005, 2.54284509538e-006, 1.36603139254e-005, 6.53636959669e-007, 3.24546675756e-007, 6.28545137715e-007, 9.19695430923e-009, 6.02802501248e-008, 1.2096252e-008, 1.21426246835e-008, 1.82742297739e-007, 9.24280584513e-007, 3.13265843488e-007, 8.39438740741e-008, 7.99550221586e-008, 7.56102878086e-008, 1.04068256235e-007, 1.39461107551e-007, 8.5927986504e-008, 4.16730578934e-008, 2.85303549674e-008, 1.48718737325e-009, 1.44399162766e-012]
    },
    "erbbands": {
        "mean": [0.134069129825, 2.3411898613, 7.46381616592, 34.6664848328, 27.4507427216, 13.1094560623, 11.6508111954, 9.19350814819, 26.9142894745, 12.162361145, 9.76853275299, 9.55884456635, 8.13928413391, 14.1386699677, 3.92412686348, 2.99777650833, 1.8327486515, 1.99490523338, 12.0506238937, 22.3804168701, 32.5956573486, 18.4646453857, 12.729341507, 6.99797153473, 7.61264801025, 3.9479598999, 2.84783220291, 2.50246739388, 2.46141195297, 1.96278274059, 1.39344525337, 0.898339867592, 0.584263026714, 0.354817003012, 0.181214049459, 0.0558514893055, 0.0080327000469, 0.00119206518866, 4.76992972835e-005, 4.7748482757e-005],
        "var": [0.0313311181962, 10.9417047501, 116.719947815, 1850.36108398, 1553.45581055, 178.36416626, 285.790039063, 143.353607178, 2705.0065918, 476.503540039, 516.304870605, 222.125, 135.367279053, 837.9765625, 43.7407951355, 38.9784889221, 28.5356311798, 14.2813425064, 332.795318604, 1246.05065918, 2818.10742188, 709.056091309, 323.081695557, 112.628997803, 324.023468018, 141.126983643, 189.604125977, 172.542434692, 194.763641357, 123.137321472, 62.4793357849, 28.036113739, 9.80226802826, 3.93376779556, 1.03072154522, 0.0880468860269, 0.00176663522143, 4.19272910221e-005, 2.55323602261e-008, 1.70011560385e-009]
    },
    "gfcc": {
        "mean": [-127.496833801, 197.161834717, -125.387199402, 34.4916648865, -6.40447425842, -43.5119247437, -25.5239467621, -2.30946588516, -11.8751192093, -18.7875003815, -21.847038269, -14.1256656647, 5.70372152328],
        "cov": [[6646.73681641, -2275.55200195, -1120.06994629, 894.297790527, -1115.24438477, 455.566925049, -227.742630005, -43.7783355713, -323.64755249, 101.429344177, -122.473999023, 335.465057373, -283.360778809], [-2275.55200195, 2353.74243164, -525.627441406, -758.087890625, 968.196472168, -784.416503906, 411.263061523, -125.918891907, 267.387512207, -154.943069458, 150.643875122, -143.117141724, 264.032226563], [-1120.06994629, -525.627441406, 3434.64892578, 963.788024902, 466.864837646, 1704.8737793, -74.9418869019, 272.045288086, 29.283121109, 52.5444488525, -91.2977142334, -323.459533691, -235.516113281], [894.297790527, -758.087890625, 963.788024902, 895.62713623, 112.555992126, 782.280761719, 48.6605148315, 98.0083007813, 20.1361465454, 77.6396484375, -75.8506088257, -40.1573753357, -117.605369568], [-1115.24438477, 968.196472168, 466.864837646, 112.555992126, 908.373962402, 170.231719971, 307.494384766, -1.93361318111, 160.735626221, -35.1236953735, 37.3386077881, -151.73526001, 68.9988555908], [455.566925049, -784.416503906, 1704.8737793, 782.280761719, 170.231719971, 1391.01953125, -18.8846664429, 163.584030151, -29.5969028473, 78.9048538208, -22.133234024, -126.996856689, -184.597686768], [-227.742630005, 411.263061523, -74.9418869019, 48.6605148315, 307.494384766, -18.8846664429, 269.112060547, -19.9297981262, 65.5490875244, -29.3597221375, 43.4590263367, -6.65080070496, 38.7719459534], [-43.7783355713, -125.918891907, 272.045288086, 98.0083007813, -1.93361318111, 163.584030151, -19.9297981262, 162.446243286, 27.7544269562, 8.20515632629, -8.17690658569, -12.5921287537, -7.8784570694], [-323.64755249, 267.387512207, 29.283121109, 20.1361465454, 160.735626221, -29.5969028473, 65.5490875244, 27.7544269562, 157.108566284, 18.2780685425, -2.52716898918, -27.9582691193, 41.4273300171], [101.429344177, -154.943069458, 52.5444488525, 77.6396484375, -35.1236953735, 78.9048538208, -29.3597221375, 8.20515632629, 18.2780685425, 102.240341187, 10.6684179306, -2.80020856857, -16.7491455078], [-122.473999023, 150.643875122, -91.2977142334, -75.8506088257, 37.3386077881, -22.133234024, 43.4590263367, -8.17690658569, -2.52716898918, 10.6684179306, 100.453529358, 24.7623004913, 11.2261362076], [335.465057373, -143.117141724, -323.459533691, -40.1573753357, -151.73526001, -126.996856689, -6.65080070496, -12.5921287537, -27.9582691193, -2.80020856857, 24.7623004913, 123.234069824, 22.7121334076], [-283.360778809, 264.032226563, -235.516113281, -117.605369568, 68.9988555908, -184.597686768, 38.7719459534, -7.8784570694, 41.4273300171, -16.7491455078, 11.2261362076, 22.7121334076, 96.1976776123]],
        "icov": [[0.000499996589497, -0.000518406915944, 0.000618537713308, -0.000968411914073, 0.000570703297853, -0.000579379615374, 0.000351282011252, -0.000144596881, 0.000626729452051, -0.000101741374237, 0.000789577257819, -0.000815604056697, 0.00136431574356], [-0.000518406915944, 0.00600752094761, -0.0013783184113, 0.004210177809, -0.00408131070435, 0.0024770621676, -0.00254618306644, 0.00184524815995, -0.00440629292279, 0.00354973226786, -0.00549373216927, 0.00489810341969, -0.00538479955867], [0.000618537713308, -0.0013783184113, 0.00190324173309, -0.00181410042569, 0.000816593528725, -0.00191320758313, 0.00143438624218, -0.000903908105101, 0.00115273171104, -2.96387752314e-005, 0.00160655740183, -0.00039146860945, 0.00254099187441], [-0.000968411914073, 0.004210177809, -0.00181410042569, 0.00693617714569, -0.00331420591101, 0.000803365081083, -0.00338197825477, 0.00112014403567, -0.00377228972502, 0.00043901099707, -0.00111348927021, 0.00174043898005, -0.0035762200132], [0.000570703297853, -0.00408131070435, 0.000816593528725, -0.00331420591101, 0.00616685906425, -0.00195843842812, -0.00104803440627, -0.000519437366165, 0.00203716754913, -0.00169292429928, 0.00284878024831, -0.000203259172849, 0.00157242699061], [-0.000579379615374, 0.0024770621676, -0.00191320758313, 0.000803365081083, -0.00195843842812, 0.00429745903239, -0.00109984097071, 7.84179137554e-005, -0.00119951996021, 0.000827904557809, -0.00395261123776, 0.00249060662463, -0.00157230347395], [0.000351282011252, -0.00254618306644, 0.00143438624218, -0.00338197825477, -0.00104803440627, -0.00109984097071, 0.00959590822458, -0.000282454973785, 0.000568483024836, 0.00125465646852, -0.000634561991319, -0.00345578580163, 0.0030144136399], [-0.000144596881, 0.00184524815995, -0.000903908105101, 0.00112014403567, -0.000519437366165, 7.84179137554e-005, -0.000282454973785, 0.00859130453318, -0.00349085358903, 0.00189642934129, -0.00209035887383, 0.00108890060801, -0.00317324092612], [0.000626729452051, -0.00440629292279, 0.00115273171104, -0.00377228972502, 0.00203716754913, -0.00119951996021, 0.000568483024836, -0.00349085358903, 0.0135941682383, -0.00587421329692, 0.00547396531329, -0.00240016099997, 0.000923180894461], [-0.000101741374237, 0.00354973226786, -2.96387752314e-005, 0.00043901099707, -0.00169292429928, 0.000827904557809, 0.00125465646852, 0.00189642934129, -0.00587421329692, 0.0155308423564, -0.00736451940611, 0.00437561795115, -0.00206566578709], [0.000789577257819, -0.00549373216927, 0.00160655740183, -0.00111348927021, 0.00284878024831, -0.00395261123776, -0.000634561991319, -0.00209035887383, 0.00547396531329, -0.00736451940611, 0.0205302815884, -0.00977554358542, 0.00670526409522], [-0.000815604056697, 0.00489810341969, -0.00039146860945, 0.00174043898005, -0.000203259172849, 0.00249060662463, -0.00345578580163, 0.00108890060801, -0.00240016099997, 0.00437561795115, -0.00977554358542, 0.021229930222, -0.0103458175436], [0.00136431574356, -0.00538479955867, 0.00254099187441, -0.0035762200132, 0.00157242699061, -0.00157230347395, 0.0030144136399, -0.00317324092612, 0.000923180894461, -0.00206566578709, 0.00670526409522, -0.0103458175436, 0.0263255853206]]
    },
    "melbands": {
        "mean": [0.00187505676877, 0.00371328438632, 0.00586105277762, 0.00131207611412, 0.0004225615412, 0.000195209649974, 0.000424315076089, 0.00011009228183, 8.10330238892e-005, 5.47095660295e-005, 3.96611540054e-005, 6.08235677646e-005, 9.75203056441e-006, 1.33464263854e-005, 4.23516257797e-006, 3.34786864187e-006, 3.20608432958e-006, 1.57425438374e-005, 2.50285884249e-005, 3.4922890336e-005, 3.87298314308e-005, 1.70126913872e-005, 1.97476656467e-005, 8.64411413204e-006, 4.76786271975e-006, 6.33028321317e-006, 3.38143718182e-006, 2.49180538958e-006, 1.94424933397e-006, 1.44970306337e-006, 1.41631164752e-006, 1.47072205436e-006, 1.13934254387e-006, 1.07582138753e-006, 8.32515354432e-007, 6.92641492606e-007, 4.7796487479e-007, 4.02414968903e-007, 3.68512331761e-007, 2.7416734838e-007],
        "var": [6.46440366836e-006, 2.5342704248e-005, 5.22890331922e-005, 2.43615636464e-006, 2.8482571679e-007, 6.45805329214e-008, 6.82566565047e-007, 3.57774680992e-008, 3.47032163006e-008, 7.3658559252e-009, 3.56525986511e-009, 1.6300425898e-008, 2.26773669287e-010, 1.2186448517e-009, 1.2716369624e-010, 7.1952832581e-011, 5.16348908075e-011, 6.13548156725e-010, 1.49131507143e-009, 2.89926371799e-009, 4.04335898097e-009, 6.82490508552e-010, 1.03947828123e-009, 1.62214963684e-010, 5.68668064027e-011, 2.26532542724e-010, 7.23158616323e-011, 6.80929757024e-011, 8.85119616489e-011, 6.17190812346e-011, 5.46088764486e-011, 7.07492051055e-011, 4.35336454385e-011, 3.60599189397e-011, 2.22591476501e-011, 1.67161996051e-011, 8.00925038097e-012, 4.58873520778e-012, 4.40504013474e-012, 2.31315834542e-012]
    },
    "mfcc": {
        "mean": [-758.172119141, 202.173187256, -20.4038066864, 59.0326957703, 30.4433422089, -18.0761795044, -8.47804927826, 2.18802523613, 11.5051469803, 0.110546208918, -15.0011329651, -13.0926771164, -2.02125477791],
        "cov": [[6139.06835938, -1841.91003418, -1671.46313477, 274.728271484, -1018.56481934, -308.101074219, -75.3989944458, -232.797622681, -244.661743164, -362.463592529, -135.587661743, -67.4483184814, 140.476638794], [-1841.91003418, 1990.04077148, -636.963317871, -108.028900146, 256.763183594, -277.91619873, 33.3936386108, 19.179769516, 89.7361297607, 63.7669410706, -39.720035553, -23.2441158295, 51.1120643616], [-1671.46313477, -636.963317871, 2659.35766602, 82.0336761475, 755.411010742, 1109.22155762, 295.506378174, 354.861938477, 156.21736145, 301.076385498, 278.342468262, 153.351730347, -203.061859131], [274.728271484, -108.028900146, 82.0336761475, 399.927856445, 145.013595581, 190.775650024, 121.444854736, 70.5244674683, 135.540985107, 35.0803489685, 46.4666786194, 72.0217285156, -14.7108612061], [-1018.56481934, 256.763183594, 755.411010742, 145.013595581, 613.619567871, 554.311462402, 225.490493774, 193.670089722, 170.670806885, 194.839584351, 134.899246216, 111.322853088, -91.4992980957], [-308.101074219, -277.91619873, 1109.22155762, 190.775650024, 554.311462402, 1001.85546875, 390.998291016, 238.644760132, 158.737518311, 204.905075073, 205.654418945, 141.109817505, -83.7247619629], [-75.3989944458, 33.3936386108, 295.506378174, 121.444854736, 225.490493774, 390.998291016, 302.326385498, 149.55607605, 46.8883361816, 78.7652359009, 83.3215255737, 62.1818885803, -10.0464582443], [-232.797622681, 19.179769516, 354.861938477, 70.5244674683, 193.670089722, 238.644760132, 149.55607605, 199.464416504, 88.1398849487, 57.5903396606, 75.1236038208, 43.8146247864, -34.0309028625], [-244.661743164, 89.7361297607, 156.21736145, 135.540985107, 170.670806885, 158.737518311, 46.8883361816, 88.1398849487, 181.89074707, 78.2605895996, 36.6325263977, 56.2779541016, -28.1373023987], [-362.463592529, 63.7669410706, 301.076385498, 35.0803489685, 194.839584351, 204.905075073, 78.7652359009, 57.5903396606, 78.2605895996, 162.505126953, 79.9011383057, 15.4225797653, -19.7816619873], [-135.587661743, -39.720035553, 278.342468262, 46.4666786194, 134.899246216, 205.654418945, 83.3215255737, 75.1236038208, 36.6325263977, 79.9011383057, 118.822723389, 48.0552062988, -28.3130531311], [-67.4483184814, -23.2441158295, 153.351730347, 72.0217285156, 111.322853088, 141.109817505, 62.1818885803, 43.8146247864, 56.2779541016, 15.4225797653, 48.0552062988, 117.327529907, 2.9982483387], [140.476638794, 51.1120643616, -203.061859131, -14.7108612061, -91.4992980957, -83.7247619629, -10.0464582443, -34.0309028625, -28.1373023987, -19.7816619873, -28.3130531311, 2.9982483387, 94.2459259033]],
        "icov": [[0.000593488977756, 0.000475361273857, 0.000665308674797, -0.000544856942724, 0.000868094095495, -0.000820655957796, 0.000428606610512, -0.000776021624915, 0.000858926330693, -0.000443567812908, 0.000402883859351, -0.000402266538003, 0.000382402009564], [0.000475361273857, 0.00151341257151, 0.000750530743971, 0.000506265670992, -0.00125535088591, 0.000649221532512, -0.00106697226875, 0.000310041359626, -0.000937840319239, 0.000717693590559, -0.000797585584223, 0.000845828151796, -0.00087286910275], [0.000665308674797, 0.000750530743971, 0.0019578426145, -0.000583042856306, 0.000605076318607, -0.00210581021383, 0.00212060310878, -0.00273200916126, 0.00257903710008, -0.00202289759181, 0.0013161652023, -0.00136280641891, 0.00146906659938], [-0.000544856942724, 0.000506265670992, -0.000583042856306, 0.00555870914832, -0.00274873920716, 0.00238623842597, -0.00428335089236, 0.00385292619467, -0.00680803181604, 0.00409455876797, -0.00356221664697, 0.00193792989012, -0.00177006563172], [0.000868094095495, -0.00125535088591, 0.000605076318607, -0.00274873920716, 0.0103147765622, -0.00495281955227, 0.00330463564023, -0.00510496553034, 0.00461800536141, -0.00773045420647, 0.00574104115367, -0.00623366143554, 0.00606388179585], [-0.000820655957796, 0.000649221532512, -0.00210581021383, 0.00238623842597, -0.00495281955227, 0.00783829018474, -0.00774739636108, 0.0057227127254, -0.00649375328794, 0.00439217267558, -0.00571917649359, 0.00313537404872, -0.00273297447711], [0.000428606610512, -0.00106697226875, 0.00212060310878, -0.00428335089236, 0.00330463564023, -0.00774739636108, 0.0158924404532, -0.0114227393642, 0.0113904867321, -0.00754537712783, 0.00671462947503, -0.00534858321771, 0.00173983955756], [-0.000776021624915, 0.000310041359626, -0.00273200916126, 0.00385292619467, -0.00510496553034, 0.0057227127254, -0.0114227393642, 0.0189488194883, -0.0135052707046, 0.0108539517969, -0.0110215460882, 0.00742344604805, -0.00384531426243], [0.000858926330693, -0.000937840319239, 0.00257903710008, -0.00680803181604, 0.00461800536141, -0.00649375328794, 0.0113904867321, -0.0135052707046, 0.0230394341052, -0.0144863091409, 0.0124685736373, -0.0108740674332, 0.00670429505408], [-0.000443567812908, 0.000717693590559, -0.00202289759181, 0.00409455876797, -0.00773045420647, 0.00439217267558, -0.00754537712783, 0.0108539517969, -0.0144863091409, 0.0241104047745, -0.0164709575474, 0.0127598494291, -0.00855426769704], [0.000402883859351, -0.000797585584223, 0.0013161652023, -0.00356221664697, 0.00574104115367, -0.00571917649359, 0.00671462947503, -0.0110215460882, 0.0124685736373, -0.0164709575474, 0.0267383884639, -0.0124440975487, 0.00803477503359], [-0.000402266538003, 0.000845828151796, -0.00136280641891, 0.00193792989012, -0.00623366143554, 0.00313537404872, -0.00534858321771, 0.00742344604805, -0.0108740674332, 0.0127598494291, -0.0124440975487, 0.020112471655, -0.00859572179615], [0.000382402009564, -0.00087286910275, 0.00146906659938, -0.00177006563172, 0.00606388179585, -0.00273297447711, 0.00173983955756, -0.00384531426243, 0.00670429505408, -0.00855426769704, 0.00803477503359, -0.00859572179615, 0.0185524746776]]
    },
    "spectral_contrast_coeffs": {
        "mean": [-0.538392066956, -0.702904462814, -0.733817398548, -0.739495337009, -0.739126801491, -0.746896088123],
        "var": [0.00864027347416, 0.0065857549198, 0.00497725047171, 0.00617032730952, 0.00550265843049, 0.00545286387205]
    },
    "spectral_contrast_valleys": {
        "mean": [-7.36852788925, -7.34613370895, -8.4813117981, -8.84515380859, -8.81129264832, -13.4247245789],
        "var": [1.72009623051, 0.744506180286, 1.04902696609, 1.08380973339, 1.50041770935, 2.74930047989]
    }
},
"metadata": {
    "audio_properties": {
        "analysis_sample_rate": 44100,
        "bit_rate": 90325,
        "equal_loudness": 0,
        "length": 45.0351028442,
        "lossless": 0,
        "replay_gain": -8.21199798584,
        "sample_rate": 44100,
        "codec": "mp3",
        "downmix": "mix",
        "md5_encoded": "fdb5bb0307546c81d84908f83c3d1d72"
    },
    "tags": {
        "file_name": "811.mp3",
        "artist": ["Party People in a Can"],
        "title": ["Tourist Shooting Tar Balls"]
    },
    "version": {
        "essentia": "2.1-beta2",
        "essentia_git_sha": "v2.1_beta2",
        "extractor": "music 1.0"
    }
},
"rhythm": {
    "beats_count": 92,
    "beats_loudness": {
        "mean": 0.0488039143384,
        "var": 0.00115972897038
    },
    "bpm": 123.822227478,
    "bpm_histogram_first_peak_bpm": {
        "mean": 123,
        "var": 0
    },
    "bpm_histogram_first_peak_spread": {
        "mean": 0.353658556938,
        "var": 0
    },
    "bpm_histogram_first_peak_weight": {
        "mean": 0.582417607307,
        "var": 0
    },
    "bpm_histogram_second_peak_bpm": {
        "mean": 115,
        "var": 0
    },
    "bpm_histogram_second_peak_spread": {
        "mean": 0.166666701436,
        "var": 0
    },
    "bpm_histogram_second_peak_weight": {
        "mean": 0.0549450553954,
        "var": 0
    },
    "danceability": 1.22418820858,
    "onset_rate": 3.75166106224,
    "beats_loudness_band_ratio": {
        "mean": [0.66549128294, 0.14434158802, 0.107755467296, 0.0213366337121, 0.0588209107518, 0.0194037873298],
        "var": [0.122498221695, 0.0270343776792, 0.0276279971004, 0.000831581186503, 0.00454890122637, 0.00110699876677]
    },
    "beats_position": [0.487619042397, 0.975238084793, 1.47446703911, 1.99691605568, 2.51936507225, 3.04181408882, 3.56426286697, 4.08671188354, 4.59755086899, 5.0967798233, 5.5727891922, 6.06040811539, 6.54802703857, 7.03564596176, 7.51165533066, 7.98766422272, 8.47528362274, 8.97451210022, 9.43891143799, 9.91492080688, 10.4025392532, 10.8901586533, 11.3777770996, 11.8653964996, 12.3530158997, 12.840634346, 13.3050336838, 13.7926530838, 14.2802715302, 14.756280899, 15.2322902679, 15.7199087143, 16.2075271606, 16.7067565918, 17.1711559296, 17.6471652985, 18.1347846985, 18.6224040985, 19.1100215912, 19.5860309601, 20.0736503601, 20.5612697601, 21.037279129, 21.5248966217, 22.0009059906, 22.4885253906, 22.9645347595, 23.4521541595, 23.9397735596, 24.4273910522, 24.9034004211, 25.37940979, 25.8670291901, 26.343038559, 26.8190479279, 27.3066654205, 27.7942848206, 28.2819042206, 28.7695236206, 29.2571430206, 29.7447605133, 30.2207698822, 30.6967792511, 31.1843986511, 31.6720180511, 32.1480255127, 32.6240348816, 33.111656189, 33.5876655579, 34.0752830505, 34.5512924194, 35.0389099121, 35.5265312195, 36.0141487122, 36.5017662048, 36.9893875122, 37.4770050049, 37.9646263123, 38.4522438049, 38.9398651123, 39.427482605, 39.9034919739, 40.3911094666, 40.8671188354, 41.3547401428, 41.830745697, 42.3183670044, 42.8059844971, 43.281993866, 43.7696151733, 44.257232666, 44.7448501587]
},
"tonal": {
    "chords_changes_rate": 0.047373842448,
    "chords_number_rate": 0.00823892932385,
    "chords_strength": {
        "mean": 0.498738586903,
        "var": 0.00970740802586
    },
    "hpcp_entropy": {
        "mean": 1.95936059952,
        "var": 0.495700865984
    },
    "key_strength": 0.69376039505,
    "tuning_diatonic_strength": 0.56600278616,
    "tuning_equal_tempered_deviation": 0.135755032301,
    "tuning_frequency": 446.142181396,
    "tuning_nontempered_energy_ratio": 0.702931344509,
    "hpcp": {
        "mean": [0.33487534523, 0.153948202729, 0.0257024653256, 0.0145276756957, 0.0109360218048, 0.0286712814122, 0.0520697571337, 0.0737555325031, 0.154856815934, 0.154591694474, 0.0657126754522, 0.0614711940289, 0.0675296336412, 0.0838485956192, 0.24909222126, 0.321301788092, 0.146533027291, 0.0316536352038, 0.0386013574898, 0.122826159, 0.290462434292, 0.296613901854, 0.13713927567, 0.0431149490178, 0.0193928852677, 0.0342801809311, 0.0598517917097, 0.0498147644103, 0.0539984703064, 0.102858774364, 0.0878278538585, 0.0323743671179, 0.0171997025609, 0.0249445494264, 0.0547753199935, 0.235959678888],
        "var": [0.16257147491, 0.0415150746703, 0.00546105206013, 0.00306289363652, 0.00250465911813, 0.00611573457718, 0.0131695084274, 0.0207181554288, 0.0863713175058, 0.0897699445486, 0.0238877311349, 0.0228862520307, 0.0278280638158, 0.0287851467729, 0.0953951105475, 0.162534832954, 0.0512395836413, 0.0149467866868, 0.0195581801236, 0.0505710877478, 0.143088877201, 0.115162916481, 0.0523724444211, 0.0214562211186, 0.00880096014589, 0.0127270575613, 0.0189781840891, 0.0118093900383, 0.02006229572, 0.0595180988312, 0.0471373349428, 0.0103378528729, 0.004337485414, 0.00970573909581, 0.0150848664343, 0.0704485699534]
    },
    "chords_histogram": [35.118434906, 0, 2.67765188217, 0, 0, 0.514933049679, 1.85375905037, 0, 0, 0, 0.823892891407, 0, 12.8733263016, 0, 0, 0, 0, 4.32543754578, 0.308959841728, 27.4974250793, 12.4613800049, 0, 1.23583936691, 0.308959841728],
    "thpcp": [1, 0.459717929363, 0.0767523348331, 0.0433823391795, 0.032656993717, 0.0856177732348, 0.155489966273, 0.220247730613, 0.4624312222, 0.461639523506, 0.196230262518, 0.183564409614, 0.201656028628, 0.250387489796, 0.743835628033, 0.959466814995, 0.437574833632, 0.0945236384869, 0.11527082324, 0.366781741381, 0.867374777794, 0.885744214058, 0.409523367882, 0.128749251366, 0.057910759002, 0.102366991341, 0.178728565574, 0.148756146431, 0.16124945879, 0.307155400515, 0.26227030158, 0.0966758728027, 0.0513615086675, 0.0744890570641, 0.163569286466, 0.704619467258],
    "chords_key": "D",
    "chords_scale": "major",
    "key_key": "D",
    "key_scale": "major"
}
}