{
"lowlevel": {
    "average_loudness": 0.86613792181,
    "barkbands_crest": {
        "mean": 13.0751180649,
        "var": 17.2316417694
    },
    "barkbands_flatness_db": {
        "mean": 0.204942241311,
        "var": 0.0042358818464
    },
    "barkbands_kurtosis": {
        "mean": 14.5191297531,
        "var": 323.761810303
    },
    "barkbands_skewness": {
        "mean": 2.96696901321,
        "var": 2.33556342125
    },
    "barkbands_spread": {
        "mean": 11.3856334686,
        "var": 96.6195602417
    },
    "dissonance": {
        "mean": 0.434455037117,
        "var": 0.00145576079376
    },
    "dynamic_complexity": 2.853910923,
    "erbbands_crest": {
        "mean": 10.7362375259,
        "var": 22.7844161987
    },
    "erbbands_flatness_db": {
        "mean": 0.181583687663,
        "var": 0.0022774967365
    },
    "erbbands_kurtosis": {
        "mean": 1.00640690327,
        "var": 11.0360860825
    },
    "erbbands_skewness": {
        "mean": 0.858372151852,
        "var": 0.666800498962
    },
    "erbbands_spread": {
        "mean": 39.1917533875,
        "var": 334.506866455
    },
    "hfc": {
        "mean": 11.9094390869,
        "var": 149.842483521
    },
    "melbands_crest": {
        "mean": 18.9160022736,
        "var": 37.3310852051
    },
    "melbands_flatness_db": {
        "mean": 0.266445368528,
        "var": 0.00558113306761
    },
    "melbands_kurtosis": {
        "mean": 29.4083557129,
        "var": 1120.45727539
    },
    "melbands_skewness": {
        "mean": 3.98309350014,
        "var": 4.05131626129
    },
    "melbands_spread": {
        "mean": 11.0835504532,
        "var": 178.681228638
    },
    "pitch_salience": {
        "mean": 0.453385978937,
        "var": 0.0169490501285
    },
    "silence_rate_20dB": {
        "mean": 1,
        "var": 0
    },
    "silence_rate_30dB": {
        "mean": 1,
        "var": 0
    },
    "silence_rate_60dB": {
        "mean": 0.0205973219126,
        "var": 0.0201724711806
    },
    "spectral_centroid": {
        "mean": 720.432617188,
        "var": 354064.34375
    },
    "spectral_complexity": {
        "mean": 11.2420186996,
        "var": 23.2772445679
    },
    "spectral_decrease": {
        "mean": -6.23334583949e-009,
        "var": 2.00879686793e-017
    },
    "spectral_energy": {
        "mean": 0.0246063191444,
        "var": 0.000311013689497
    },
    "spectral_energyband_high": {
        "mean": 0.000309828174068,
        "var": 1.00165675576e-006
    },
    "spectral_energyband_low": {
        "mean": 0.0065546669066,
        "var": 8.88834838406e-005
    },
    "spectral_energyband_middle_high": {
        "mean": 0.00280627561733,
        "var": 2.89124091069e-005
    },
    "spectral_energyband_middle_low": {
        "mean": 0.019397828728,
        "var": 0.000202931216336
    },
    "spectral_entropy": {
        "mean": 6.86627054214,
        "var": 0.350749194622
    },
    "spectral_flux": {
        "mean": 0.0523230023682,
        "var": 0.00093976710923
    },
    "spectral_kurtosis": {
        "mean": 7.68010902405,
        "var": 45.5763587952
    },
    "spectral_rms": {
        "mean": 0.00456709926948,
        "var": 3.14775047627e-006
    },
    "spectral_rolloff": {
        "mean": 769.816589355,
        "var": 1557528.75
    },
    "spectral_skewness": {
        "mean": 2.07736897469,
        "var": 0.547443091869
    },
    "spectral_spread": {
        "mean": 4349386,
        "var": 3.87331889562e+012
    },
    "spectral_strongpeak": {
        "mean": 0.940040588379,
        "var": 0.896122097969
    },
    "zerocrossingrate": {
        "mean": 0.0388590916991,
        "var": 0.00118005322292
    },
    "barkbands": {
        "mean": [7.55895428028e-007, 6.7239809141e-005, 0.00207305746153, 0.00607846584171, 0.00668746745214, 0.00394015666097, 0.000382135563996, 0.00102350511588, 0.00117907952517, 0.000783655734267, 0.000548312906176, 0.000299333943985, 0.000291343807476, 0.000248870463111, 0.000232199323364, 7.10772437742e-005, 0.000160374402185, 8.80799634615e-005, 8.87099959073e-005, 0.00010820729949, 7.69216421759e-005, 3.69142799173e-005, 3.1508061511e-005, 4.55190674984e-005, 3.75188501494e-005, 2.52236313827e-005, 6.94303423643e-007],
        "var": [4.89727702835e-012, 1.19379075514e-008, 8.45181784825e-006, 6.2470586272e-005, 3.88677108276e-005, 5.8636727772e-005, 1.03612546809e-006, 4.67977406515e-006, 1.67000416695e-005, 2.20907236326e-006, 1.16442943181e-005, 4.92236893024e-007, 2.69807202358e-007, 9.64933633441e-007, 3.32203143216e-007, 3.50736470978e-008, 7.96924197743e-008, 3.0272165219e-008, 1.23999441826e-008, 1.57363402309e-007, 1.17990886395e-007, 1.56725743494e-008, 8.63100257931e-009, 2.41727775574e-008, 1.65425504406e-008, 6.45337205896e-009, 6.14147144598e-012]
    },
    "erbbands": {
        "mean": [0.00089328258764, 0.0392422676086, 1.44688928127, 15.5075302124, 15.0591526031, 22.955242157, 40.1570472717, 26.7959747314, 6.73387527466, 10.6890048981, 25.26927948, 32.6374473572, 14.8165035248, 30.2243881226, 22.8635559082, 12.9953985214, 13.7402133942, 10.6914548874, 18.4375209808, 5.67194271088, 4.46202230453, 8.7232170105, 5.30697107315, 4.27023935318, 4.90553665161, 5.13413333893, 3.7401227951, 2.4922952652, 1.46488642693, 0.829249382019, 0.98190510273, 1.04270493984, 0.677923440933, 0.401242166758, 0.282620161772, 0.156757608056, 0.0353487506509, 0.00360686238855, 0.000108374733827, 3.18276688631e-005],
        "var": [7.29358248464e-007, 0.00151065143291, 3.57420992851, 464.137756348, 100.809165955, 564.988891602, 4456.32519531, 4978.11035156, 129.453186035, 778.752990723, 3118.36791992, 13471.9238281, 1313.19299316, 4980.11181641, 14425.3154297, 1083.59570313, 586.431396484, 987.223205566, 2438.86767578, 177.309158325, 96.0867919922, 214.10647583, 113.444198608, 32.503288269, 78.1068954468, 356.902191162, 225.931869507, 138.725616455, 28.0983943939, 4.64130306244, 9.81017589569, 11.7629976273, 6.70635032654, 1.41650259495, 1.2904907465, 0.329383939505, 0.011220920831, 0.000114594527986, 7.60086535934e-008, 5.52564161094e-010]
    },
    "gfcc": {
        "mean": [-43.1578216553, 102.727989197, -110.185058594, 18.2616233826, -66.5088195801, -1.60217213631, -54.2370491028, -6.77614450455, -47.5943450928, -13.8442220688, -26.0480194092, -12.2955150604, -15.5121536255],
        "cov": [[5521.48535156, -944.93927002, -348.797698975, -164.418167114, -390.574523926, 158.297653198, -241.375137329, 230.848114014, -320.333709717, 211.297332764, -253.735153198, 147.071655273, -119.561203003], [-944.93927002, 1275.04699707, -143.674575806, -85.2817077637, 220.884429932, -162.089294434, 117.362739563, -132.327804565, 144.030578613, -201.646026611, 141.57258606, -182.96144104, 102.641799927], [-348.797698975, -143.674575806, 511.201934814, 68.8965606689, 108.679428101, 59.7191810608, -2.89438605309, 51.9651603699, -36.2437324524, 59.270614624, -30.4752941132, 21.1727981567, -43.9346351624], [-164.418167114, -85.2817077637, 68.8965606689, 444.372497559, 32.9348983765, 45.5653381348, 44.7229232788, -60.0737686157, 67.8637084961, -74.0801773071, -5.42619609833, -34.3281517029, -18.8833637238], [-390.574523926, 220.884429932, 108.679428101, 32.9348983765, 253.231582642, 22.4954948425, 46.8191604614, -4.55891370773, 26.2008056641, -33.1576156616, 2.67013216019, -63.6906929016, -18.1049060822], [158.297653198, -162.089294434, 59.7191810608, 45.5653381348, 22.4954948425, 214.136611938, 61.0645751953, -21.6817512512, -16.7142047882, 30.538187027, -16.6783065796, -17.3386898041, -70.8531646729], [-241.375137329, 117.362739563, -2.89438605309, 44.7229232788, 46.8191604614, 61.0645751953, 146.674606323, -23.5486526489, 16.0058460236, -26.6913070679, 20.2089195251, -47.4529724121, -16.1071834564], [230.848114014, -132.327804565, 51.9651603699, -60.0737686157, -4.55891370773, -21.6817512512, -23.5486526489, 173.872299194, -18.8301315308, 33.6311950684, -43.5028266907, 30.6810264587, -6.3587808609], [-320.333709717, 144.030578613, -36.2437324524, 67.8637084961, 26.2008056641, -16.7142047882, 16.0058460236, -18.8301315308, 122.470550537, -31.3153190613, 7.0365190506, -33.554233551, -1.61575949192], [211.297332764, -201.646026611, 59.270614624, -74.0801773071, -33.1576156616, 30.538187027, -26.6913070679, 33.6311950684, -31.3153190613, 131.634048462, -11.0167245865, 25.1299419403, -29.7982139587], [-253.735153198, 141.57258606, -30.4752941132, -5.42619609833, 2.67013216019, -16.6783065796, 20.2089195251, -43.5028266907, 7.0365190506, -11.0167245865, 88.6228179932, -14.1898784637, 13.0853633881], [147.071655273, -182.96144104, 21.1727981567, -34.3281517029, -63.6906929016, -17.3386898041, -47.4529724121, 30.6810264587, -33.554233551, 25.1299419403, -14.1898784637, 99.9329376221, 15.2770328522], [-119.561203003, 102.641799927, -43.9346351624, -18.8833637238, -18.1049060822, -70.8531646729, -16.1071834564, -6.3587808609, -1.61575949192, -29.7982139587, 13.0853633881, 15.2770328522, 104.867462158]],
        "icov": [[0.0003897358838, -0.000306651141727, 0.000499891466461, -0.000353069161065, 0.000409324362408, -0.000448356673587, 0.000621638027951, -0.000442548363935, 0.0011905611027, -0.000571066513658, 0.00104465452023, -0.00012839800911, 0.000471154227853], [-0.000306651141727, 0.0033835915383, -0.000691653520335, 0.00211781146936, -0.0016997854691, 0.00194966292474, -0.00153787410818, 0.00134605832864, -0.00308511615731, 0.00354078854434, -0.00344839482568, 0.00349398842081, -0.00182071491145], [0.000499891466461, -0.000691653520335, 0.0034754332155, -0.00143813667819, -0.000987545703538, -0.000969310640357, 0.00104277697392, -0.0012287881691, 0.00255242874846, -0.00243373611011, 0.00172909232788, -0.00160658580717, 0.00107031164225], [-0.000353069161065, 0.00211781146936, -0.00143813667819, 0.00449919002131, -0.000669356202707, 0.000814505270682, -0.00144140305929, 0.00182746443897, -0.00382927851751, 0.00416819099337, -0.00189677195158, 0.00225223205052, -0.000909609021619], [0.000409324362408, -0.0016997854691, -0.000987545703538, -0.000669356202707, 0.00688463123515, -0.00122822728008, 0.000534588878509, -0.00113885349128, 0.00156780704856, -0.000227265161811, 0.00230892328545, 0.00174267368857, 0.00138553103898], [-0.000448356673587, 0.00194966292474, -0.000969310640357, 0.000814505270682, -0.00122822728008, 0.00899717584252, -0.00436439691111, 0.00255126878619, -0.00106751022395, 0.000660679768771, -0.000677945965435, 0.0016043249052, 0.00269446475431], [0.000621638027951, -0.00153787410818, 0.00104277697392, -0.00144140305929, 0.000534588878509, -0.00436439691111, 0.011219881475, -0.00172426737845, 0.00251749437302, -0.000320906809065, 0.000197041546926, 0.00182405801024, 0.000810870318674], [-0.000442548363935, 0.00134605832864, -0.0012287881691, 0.00182746443897, -0.00113885349128, 0.00255126878619, -0.00172426737845, 0.00852017570287, -0.00200587976724, 0.000601299281698, 0.00158836704213, -0.000275375117781, -0.000246983167017], [0.0011905611027, -0.00308511615731, 0.00255242874846, -0.00382927851751, 0.00156780704856, -0.00106751022395, 0.00251749437302, -0.00200587976724, 0.0154563318938, -0.00336253666319, 0.00497979717329, -0.000391932582716, 0.00328969256952], [-0.000571066513658, 0.00354078854434, -0.00243373611011, 0.00416819099337, -0.000227265161811, 0.000660679768771, -0.000320906809065, 0.000601299281698, -0.00336253666319, 0.0152330799028, -0.00476067652926, 0.00320462253876, 0.000412412977312], [0.00104465452023, -0.00344839482568, 0.00172909232788, -0.00189677195158, 0.00230892328545, -0.000677945965435, 0.000197041546926, 0.00158836704213, 0.00497979717329, -0.00476067652926, 0.0191431175917, -0.00258573400788, 0.00172823353205], [-0.00012839800911, 0.00349398842081, -0.00160658580717, 0.00225223205052, 0.00174267368857, 0.0016043249052, 0.00182405801024, -0.000275375117781, -0.000391932582716, 0.00320462253876, -0.00258573400788, 0.0193184930831, -0.00377256330103], [0.000471154227853, -0.00182071491145, 0.00107031164225, -0.000909609021619, 0.00138553103898, 0.00269446475431, 0.000810870318674, -0.000246983167017, 0.00328969256952, 0.000412412977312, 0.00172823353205, -0.00377256330103, 0.0148107958958]]
    },
    "melbands": {
        "mean": [1.04356995507e-005, 0.000497768807691, 0.00244909059256, 0.0013549530413, 0.00132640230004, 0.000604071246926, 9.31908653001e-005, 0.000138218078064, 0.000211178034078, 0.000189499449334, 6.80273078615e-005, 0.000124445112306, 8.31013385323e-005, 3.76258831238e-005, 3.14857534249e-005, 2.54835103988e-005, 1.90546688827e-005, 3.23005951941e-005, 1.18251846288e-005, 5.40731207366e-006, 5.2863279052e-006, 9.88834381133e-006, 6.3537281676e-006, 4.09079666497e-006, 3.29001022692e-006, 3.35878553415e-006, 3.72789099856e-006, 3.38489303431e-006, 2.45389151132e-006, 1.95143502424e-006, 1.24554082959e-006, 8.24537949029e-007, 6.4341122652e-007, 3.87714635508e-007, 5.09022072492e-007, 6.77740217725e-007, 6.35545006844e-007, 5.15495571562e-007, 3.390177028e-007, 3.41216122024e-007],
        "var": [2.75574008057e-010, 4.17634510086e-007, 8.78353421285e-006, 1.49172990405e-006, 3.86449028156e-006, 2.13094949686e-006, 2.99710052332e-008, 9.84545707183e-008, 2.43657581223e-007, 4.77617504657e-007, 3.0650749494e-008, 7.93874761484e-008, 2.55283623574e-007, 6.84283518737e-009, 4.39147740394e-009, 2.43021025526e-009, 4.38968417171e-009, 9.71315650133e-009, 8.12075018342e-010, 2.22846269216e-010, 1.95095481437e-010, 2.31645522208e-010, 2.20110707438e-010, 8.87589654552e-011, 2.14543417754e-011, 2.3401940108e-011, 1.32508545803e-010, 1.89739876588e-010, 1.04274332224e-010, 9.71384292447e-011, 3.69595812288e-011, 9.02382162049e-012, 4.81692897375e-012, 7.14034246226e-013, 2.47957253688e-012, 5.91352748019e-012, 4.44092462457e-012, 4.40977029198e-012, 1.35385669689e-012, 9.76944653647e-013]
    },
    "mfcc": {
        "mean": [-692.344055176, 137.044464111, 3.88653635979, 17.0025997162, -0.617338240147, -6.55268573761, -3.25855278969, -9.88916301727, -16.7870769501, -10.2574291229, -18.3451747894, -13.0189285278, -18.0721988678],
        "cov": [[3459.67773438, -868.66607666, -138.436035156, -219.010314941, -199.468811035, -29.8065547943, 11.8578891754, -20.3432712555, 32.3862609863, 45.7539253235, -31.148557663, 29.2944011688, -0.442075878382], [-868.66607666, 1192.90979004, -216.283401489, -28.4039039612, 66.7993621826, -95.3146286011, 12.8983707428, -10.7773189545, -58.9168624878, 36.3012123108, -5.32868385315, -67.2724685669, -68.6601867676], [-138.436035156, -216.283401489, 362.838348389, 54.6181182861, 37.1303482056, 63.1866111755, 36.0795211792, 0.869347631931, 29.217748642, -29.9925003052, 27.3144130707, 30.0416278839, 46.0976676941], [-219.010314941, -28.4039039612, 54.6181182861, 266.017059326, 64.5492630005, -7.43917989731, -29.312171936, 25.3595085144, 36.3124694824, -30.2096233368, -20.4202728271, 21.7668514252, -18.2150821686], [-199.468811035, 66.7993621826, 37.1303482056, 64.5492630005, 186.49760437, 0.153182819486, 7.81482887268, 9.49519538879, 25.0621070862, 0.830156624317, -0.867629885674, 5.75139665604, -17.9396877289], [-29.8065547943, -95.3146286011, 63.1866111755, -7.43917989731, 0.153182819486, 239.807556152, 39.531955719, 7.25449705124, -19.0695152283, 24.2169761658, 39.9510765076, -16.1879730225, 26.0602493286], [11.8578891754, 12.8983707428, 36.0795211792, -29.312171936, 7.81482887268, 39.531955719, 160.147033691, 9.69326591492, -5.85788440704, 25.3237895966, 21.022069931, -12.7953596115, 6.54510211945], [-20.3432712555, -10.7773189545, 0.869347631931, 25.3595085144, 9.49519538879, 7.25449705124, 9.69326591492, 112.553970337, 33.9823799133, -8.45637130737, 6.34984588623, 15.2939472198, -3.95083546638], [32.3862609863, -58.9168624878, 29.217748642, 36.3124694824, 25.0621070862, -19.0695152283, -5.85788440704, 33.9823799133, 114.842796326, 4.77656650543, -5.13827943802, 24.4056549072, -3.42195892334], [45.7539253235, 36.3012123108, -29.9925003052, -30.2096233368, 0.830156624317, 24.2169761658, 25.3237895966, -8.45637130737, 4.77656650543, 106.958190918, 19.3394451141, -16.4284305573, 2.23060035706], [-31.148557663, -5.32868385315, 27.3144130707, -20.4202728271, -0.867629885674, 39.9510765076, 21.022069931, 6.34984588623, -5.13827943802, 19.3394451141, 101.941802979, 23.4636116028, 12.2798786163], [29.2944011688, -67.2724685669, 30.0416278839, 21.7668514252, 5.75139665604, -16.1879730225, -12.7953596115, 15.2939472198, 24.4056549072, -16.4284305573, 23.4636116028, 125.48236084, 5.7915854454], [-0.442075878382, -68.6601867676, 46.0976676941, -18.2150821686, -17.9396877289, 26.0602493286, 6.54510211945, -3.95083546638, -3.42195892334, 2.23060035706, 12.2798786163, 5.7915854454, 105.659919739]],
        "icov": [[0.00043399646529, 0.000382265337976, 0.000284854468191, 0.000296364974929, 0.000205251140869, 0.000121723409393, -0.000121874494653, 5.80129417358e-005, -0.000107745800051, -0.000180569244549, 0.000133325956995, -6.51117588859e-005, 0.000179976326763], [0.000382265337976, 0.00140756729525, 0.000775085412897, 0.000269170268439, -0.000353912968421, 0.000529008102603, -0.000275878992397, -2.37359327002e-005, 0.000431125052273, -0.000342068378814, -0.000171520907315, 0.00037405313924, 0.00047076572082], [0.000284854468191, 0.000775085412897, 0.00405041594058, -0.000423669553129, -0.000621883606073, -0.000547238742001, -0.00105709885247, 0.000762212497648, -0.000875768251717, 0.00122623529751, -0.000737709167879, -0.000267345021712, -0.00116579909809], [0.000296364974929, 0.000269170268439, -0.000423669553129, 0.00489360606298, -0.0011870325543, -0.000101196208561, 0.000746705452912, -0.000661416852381, -0.000768488680478, 0.000619701051619, 0.000965063809417, -0.000462484400487, 0.000832267454825], [0.000205251140869, -0.000353912968421, -0.000621883606073, -0.0011870325543, 0.00650384183973, -0.000106867781142, -0.000401289929869, 0.000125022692373, -0.0011198266875, -0.000406425795518, 8.29967611935e-005, -0.00014652851678, 0.000968416687101], [0.000121723409393, 0.000529008102603, -0.000547238742001, -0.000101196208561, -0.000106867781142, 0.00527165969834, -0.000666850304697, -0.000693564186804, 0.00121242320165, -0.00109499203973, -0.00160217680968, 0.00105090416037, -0.000546425464563], [-0.000121874494653, -0.000275878992397, -0.00105709885247, 0.000746705452912, -0.000401289929869, -0.000666850304697, 0.00727171404287, -0.00105407217052, 0.000478029542137, -0.00139320676681, -0.000668797001708, 0.000651332782581, 0.00010353961261], [5.80129417358e-005, -2.37359327002e-005, 0.000762212497648, -0.000661416852381, 0.000125022692373, -0.000693564186804, -0.00105407217052, 0.0103800650686, -0.00324236415327, 0.00142822111957, -0.0007928799605, -0.0006040057051, 0.000174066066393], [-0.000107745800051, 0.000431125052273, -0.000875768251717, -0.000768488680478, -0.0011198266875, 0.00121242320165, 0.000478029542137, -0.00324236415327, 0.0112914163619, -0.0020958809182, 0.000948044355027, -0.0014091586927, 0.000266281858785], [-0.000180569244549, -0.000342068378814, 0.00122623529751, 0.000619701051619, -0.000406425795518, -0.00109499203973, -0.00139320676681, 0.00142822111957, -0.0020958809182, 0.0114634493366, -0.00219339504838, 0.00135782395955, -0.000439814320998], [0.000133325956995, -0.000171520907315, -0.000737709167879, 0.000965063809417, 8.29967611935e-005, -0.00160217680968, -0.000668797001708, -0.0007928799605, 0.000948044355027, -0.00219339504838, 0.0122583135962, -0.00304197077639, -0.000382561964216], [-6.51117588859e-005, 0.00037405313924, -0.000267345021712, -0.000462484400487, -0.00014652851678, 0.00105090416037, 0.000651332782581, -0.0006040057051, -0.0014091586927, 0.00135782395955, -0.00304197077639, 0.00964681059122, -0.000316841498716], [0.000179976326763, 0.00047076572082, -0.00116579909809, 0.000832267454825, 0.000968416687101, -0.000546425464563, 0.00010353961261, 0.000174066066393, 0.000266281858785, -0.000439814320998, -0.000382561964216, -0.000316841498716, 0.010802119039]]
    },
    "spectral_contrast_coeffs": {
        "mean": [-0.427229195833, -0.661132693291, -0.717074155807, -0.745161771774, -0.75673943758, -0.747775316238],
        "var": [0.00787150766701, 0.00859409291297, 0.0059521314688, 0.00307305646129, 0.00218272814527, 0.00215070950799]
    },
    "spectral_contrast_valleys": {
        "mean": [-8.6928062439, -7.36791229248, -8.06760406494, -8.62977790833, -8.5232963562, -11.3052940369],
        "var": [1.14866006374, 1.00209271908, 0.935057759285, 0.98780721426, 1.08666300774, 1.41992163658]
    }
},
"metadata": {
    "audio_properties": {
        "analysis_sample_rate": 44100,
        "bit_rate": 107513,
        "equal_loudness": 0,
        "length": 45.0612258911,
        "lossless": 0,
        "replay_gain": -11.6351928711,
        "sample_rate": 44100,
        "codec": "mp3",
        "downmix": "mix",
        "md5_encoded": "8a1d75f53d8cb96b1fbc4bb5b03174b7"
    },
    "tags": {
        "file_name": "813.mp3"
    },
    "version": {
        "essentia": "2.1-beta2",
        "essentia_git_sha": "v2.1_beta2",
        "extractor": "music 1.0"
    }
},
"rhythm": {
    "beats_count": 103,
    "beats_loudness": {
        "mean": 0.0337255559862,
        "var": 0.000266290880973
    },
    "bpm": 137.670410156,
    "bpm_histogram_first_peak_bpm": {
        "mean": 136,
        "var": 0
    },
    "bpm_histogram_first_peak_spread": {
        "mean": 0.49484539032,
        "var": 0
    },
    "bpm_histogram_first_peak_weight": {
        "mean": 0.480392158031,
        "var": 0
    },
    "bpm_histogram_second_peak_bpm": {
        "mean": 144,
        "var": 0
    },
    "bpm_histogram_second_peak_spread": {
        "mean": 0,
        "var": 0
    },
    "bpm_histogram_second_peak_weight": {
        "mean": 0.0392156876624,
        "var": 0
    },
    "danceability": 1.01686954498,
    "onset_rate": 3.88185477257,
    "beats_loudness_band_ratio": {
        "mean": [0.317413926125, 0.525317311287, 0.0941480398178, 0.0874567851424, 0.0346009582281, 0.0225420296192],
        "var": [0.0344953760505, 0.0460741743445, 0.00774239143357, 0.00962980929762, 0.000970967230387, 0.000826878007501]
    },
    "beats_position": [0.383129239082, 0.777868449688, 1.19582760334, 1.62539684772, 2.06657600403, 2.49614500999, 2.92571425438, 3.36689329147, 3.80807256699, 4.2492518425, 4.67882061005, 5.10838985443, 5.54956912994, 5.97913837433, 6.40870714188, 6.84988641739, 7.27945566177, 7.70902490616, 8.15020370483, 8.59138298035, 9.02095222473, 9.45052146912, 9.89170074463, 10.3328800201, 10.774058342, 11.2036275864, 11.6331968307, 12.051156044, 12.4807252884, 12.9102945328, 13.328253746, 13.7694330215, 14.1990022659, 14.6285715103, 15.0697498322, 15.4993190765, 15.9288883209, 16.3584575653, 16.7880268097, 17.2175960541, 17.6471652985, 18.088344574, 18.5179138184, 18.9474830627, 19.3886623383, 19.8298416138, 20.2710208893, 20.7121982574, 21.1301574707, 21.5597267151, 21.9892959595, 22.430475235, 22.8600444794, 23.2896137238, 23.7191829681, 24.1603622437, 24.589931488, 25.0195007324, 25.4490699768, 25.8902492523, 26.3314285278, 26.7609977722, 27.1905670166, 27.620136261, 28.0497055054, 28.4908847809, 28.932062149, 29.3732414246, 29.8144207001, 30.2555999756, 30.6967792511, 31.1379585266, 31.5791378021, 32.0203170776, 32.4614944458, 32.9026756287, 33.332244873, 33.7618141174, 34.2029914856, 34.6441726685, 35.0853500366, 35.5265312195, 35.9677085876, 36.397277832, 36.8268470764, 37.2680282593, 37.7092056274, 38.1503829956, 38.57995224, 39.0095214844, 39.462310791, 39.9151000977, 40.3562812805, 40.7974586487, 41.2386398315, 41.6682090759, 42.0977783203, 42.5389556885, 42.9801368713, 43.4213142395, 43.8624954224, 44.3036727905, 44.7332420349]
},
"tonal": {
    "chords_changes_rate": 0.0452674888074,
    "chords_number_rate": 0.00925925932825,
    "chords_strength": {
        "mean": 0.588914036751,
        "var": 0.00425134506077
    },
    "hpcp_entropy": {
        "mean": 1.43178391457,
        "var": 0.524404704571
    },
    "key_strength": 0.800022602081,
    "tuning_diatonic_strength": 0.67493724823,
    "tuning_equal_tempered_deviation": 0.124917306006,
    "tuning_frequency": 443.828887939,
    "tuning_nontempered_energy_ratio": 0.716586828232,
    "hpcp": {
        "mean": [0.345162242651, 0.173541590571, 0.0247919671237, 0.0121009983122, 0.0152738401666, 0.0282319411635, 0.0468346066773, 0.0535457879305, 0.0560213476419, 0.0507103949785, 0.0576445199549, 0.0833870619535, 0.0891542062163, 0.12135284394, 0.34516620636, 0.477362632751, 0.233328551054, 0.0335156023502, 0.023478705436, 0.0387640893459, 0.0840458199382, 0.090120896697, 0.0598598346114, 0.0495109222829, 0.0324768610299, 0.0766161903739, 0.247578158975, 0.228790342808, 0.0615481734276, 0.0368747487664, 0.0352445244789, 0.0192335136235, 0.0171662382782, 0.0243692304939, 0.0589762479067, 0.235723286867],
        "var": [0.146725609899, 0.0537812188268, 0.00411599734798, 0.00371250626631, 0.00688288593665, 0.00978974997997, 0.0241603795439, 0.0244711581618, 0.0357499271631, 0.0272534713149, 0.0234948210418, 0.0288423225284, 0.0311657320708, 0.0482194647193, 0.105405129492, 0.184516623616, 0.0614117085934, 0.00928290933371, 0.00791078992188, 0.0143278623, 0.0412381999195, 0.0440931655467, 0.0254773814231, 0.0341683924198, 0.0139673817903, 0.0141171207651, 0.120004750788, 0.102422475815, 0.0116067994386, 0.0140439299867, 0.0147346118465, 0.0046790773049, 0.00347508396953, 0.0048772925511, 0.0164197478443, 0.0698535963893]
    },
    "chords_histogram": [69.444442749, 0, 5.14403295517, 7.71604919434, 0, 1.44032919407, 0, 0, 0, 0, 4.52674913406, 0, 1.33744859695, 0, 0, 0, 0, 3.29218101501, 0, 0.925925910473, 0, 0, 2.05761313438, 4.11522626877],
    "thpcp": [1, 0.488786786795, 0.0702099427581, 0.0491842143238, 0.0812046974897, 0.176062837243, 0.188789173961, 0.125396981835, 0.103717632592, 0.0680339410901, 0.160498932004, 0.518637478352, 0.479279965162, 0.128933787346, 0.0772468298674, 0.0738317593932, 0.0402912013233, 0.0359605811536, 0.0510497242212, 0.123546011746, 0.49380338192, 0.723060846329, 0.363542467356, 0.0519352890551, 0.0253496970981, 0.0319963060319, 0.059141498059, 0.0981111675501, 0.112170048058, 0.117355957627, 0.106230340898, 0.12075624615, 0.174682840705, 0.186764106154, 0.254215210676, 0.723069190979],
    "chords_key": "D",
    "chords_scale": "major",
    "key_key": "D",
    "key_scale": "major"
}
}