{
"lowlevel": {
    "average_loudness": 0.949811458588,
    "barkbands_crest": {
        "mean": 13.31179142,
        "var": 37.496257782
    },
    "barkbands_flatness_db": {
        "mean": 0.155575230718,
        "var": 0.00805796403438
    },
    "barkbands_kurtosis": {
        "mean": 9.94862747192,
        "var": 709.956115723
    },
    "barkbands_skewness": {
        "mean": 0.582015633583,
        "var": 7.85518550873
    },
    "barkbands_spread": {
        "mean": 29.0810260773,
        "var": 396.800231934
    },
    "dissonance": {
        "mean": 0.462606757879,
        "var": 0.00105653319042
    },
    "dynamic_complexity": 2.38623762131,
    "erbbands_crest": {
        "mean": 10.4326000214,
        "var": 30.8664493561
    },
    "erbbands_flatness_db": {
        "mean": 0.154813751578,
        "var": 0.00278552784584
    },
    "erbbands_kurtosis": {
        "mean": 1.85789430141,
        "var": 154.908447266
    },
    "erbbands_skewness": {
        "mean": 0.0359686091542,
        "var": 2.03891468048
    },
    "erbbands_spread": {
        "mean": 44.3474159241,
        "var": 707.547363281
    },
    "hfc": {
        "mean": 125.021972656,
        "var": 24783.4121094
    },
    "melbands_crest": {
        "mean": 17.2657985687,
        "var": 93.6759719849
    },
    "melbands_flatness_db": {
        "mean": 0.189753964543,
        "var": 0.0148428268731
    },
    "melbands_kurtosis": {
        "mean": 22.0365257263,
        "var": 6375.34863281
    },
    "melbands_skewness": {
        "mean": 2.49044919014,
        "var": 9.72788333893
    },
    "melbands_spread": {
        "mean": 40.476940155,
        "var": 1277.90856934
    },
    "pitch_salience": {
        "mean": 0.466972410679,
        "var": 0.0324105396867
    },
    "silence_rate_20dB": {
        "mean": 1,
        "var": 0
    },
    "silence_rate_30dB": {
        "mean": 1,
        "var": 0
    },
    "silence_rate_60dB": {
        "mean": 0.0154479919001,
        "var": 0.0152091411874
    },
    "spectral_centroid": {
        "mean": 2115.70532227,
        "var": 1499216.625
    },
    "spectral_complexity": {
        "mean": 17.6884651184,
        "var": 160.3409729
    },
    "spectral_decrease": {
        "mean": -6.84082301916e-009,
        "var": 4.61834258927e-017
    },
    "spectral_energy": {
        "mean": 0.0371586680412,
        "var": 0.000604392378591
    },
    "spectral_energyband_high": {
        "mean": 0.0104757575318,
        "var": 0.000231396625168
    },
    "spectral_energyband_low": {
        "mean": 0.0132713541389,
        "var": 0.000478670117445
    },
    "spectral_energyband_middle_high": {
        "mean": 0.00767790526152,
        "var": 9.24786945689e-005
    },
    "spectral_energyband_middle_low": {
        "mean": 0.00578578189015,
        "var": 8.89259536052e-005
    },
    "spectral_entropy": {
        "mean": 7.62458467484,
        "var": 0.388449639082
    },
    "spectral_flux": {
        "mean": 0.130676954985,
        "var": 0.00449636951089
    },
    "spectral_kurtosis": {
        "mean": 4.74415874481,
        "var": 53.2154998779
    },
    "spectral_rms": {
        "mean": 0.00562407774851,
        "var": 4.62220896225e-006
    },
    "spectral_rolloff": {
        "mean": 5221.99804688,
        "var": 31776436
    },
    "spectral_skewness": {
        "mean": 1.60713219643,
        "var": 0.603289604187
    },
    "spectral_spread": {
        "mean": 6804265.5,
        "var": 1.52977046241e+013
    },
    "spectral_strongpeak": {
        "mean": 10.906873703,
        "var": 371.946258545
    },
    "zerocrossingrate": {
        "mean": 0.169911056757,
        "var": 0.036580093205
    },
    "barkbands": {
        "mean": [0.00221004197374, 0.0105146616697, 0.000560122833122, 0.000396823976189, 0.000672638474498, 0.00115517503582, 0.00149282894563, 0.000812179641798, 0.00114185421262, 0.00139007833786, 0.00123178085778, 0.000388006737921, 0.00118816271424, 0.000525508308783, 0.000471585721243, 0.000813284132164, 0.000820704910439, 0.000505205243826, 0.000208515455597, 0.000377989344997, 0.000323848595144, 0.00258727837354, 0.000523461145349, 0.000601519190241, 0.00135860114824, 0.00485319131985, 3.34396936523e-005],
        "var": [1.47688815559e-005, 0.000349752284819, 2.28379008149e-006, 1.43509919326e-006, 1.32352306537e-006, 8.01873102318e-006, 7.95861433289e-006, 4.75672595712e-006, 5.72144381294e-006, 8.58614021126e-006, 1.01912446553e-005, 1.04113962607e-006, 9.58811233431e-006, 1.30323394387e-006, 9.80514869298e-007, 4.12519693782e-006, 1.7635165932e-006, 8.46953753353e-007, 2.08155555015e-007, 3.43392258628e-007, 4.23128312832e-007, 0.000106228821096, 2.6554591841e-006, 2.56651969721e-006, 1.16367000373e-005, 8.52997400216e-005, 5.02387997869e-009]
    },
    "erbbands": {
        "mean": [0.542402565479, 1.40294981003, 0.859463274479, 1.07403171062, 1.14429008961, 2.23180127144, 5.87573766708, 11.2884435654, 17.251958847, 27.8050136566, 15.462515831, 29.2509002686, 24.1188526154, 55.1971740723, 43.0204849243, 21.1215858459, 58.9287071228, 24.5294952393, 30.2118148804, 40.1024246216, 35.0330696106, 46.5742416382, 29.9341182709, 14.2385292053, 13.0516691208, 17.2837600708, 15.4800195694, 12.411822319, 71.2235565186, 67.8789367676, 15.2490186691, 13.0769929886, 9.55340003967, 7.26604175568, 17.3936576843, 14.7664833069, 3.97242093086, 2.46557331085, 0.0391425602138, 0.00118098093662],
        "var": [0.941004037857, 7.76376581192, 4.44369220734, 8.77569103241, 8.47641468048, 14.4330606461, 143.967590332, 807.114074707, 1048.7421875, 4555.22265625, 1256.30078125, 3942.14501953, 2100.06860352, 11542.4130859, 10841.2998047, 2052.60595703, 25089.21875, 2724.74536133, 4768.60351563, 7158.23974609, 3611.57128906, 4716.52294922, 2818.34960938, 803.874572754, 669.847473145, 776.281982422, 662.36138916, 629.041625977, 79665.796875, 80324.2734375, 1492.73693848, 1070.30822754, 689.02746582, 724.83984375, 1445.28588867, 1066.56774902, 58.8307952881, 28.283323288, 0.00636440841481, 4.89750163979e-006]
    },
    "gfcc": {
        "mean": [9.34890842438, 37.5651626587, -102.084381104, 7.74019670486, -53.9196090698, 20.1141643524, -33.4300346375, 18.7336502075, -13.2855501175, 13.2439155579, -17.5466480255, 14.4402513504, -7.83580207825],
        "cov": [[9254.10644531, -3673.37475586, -498.165557861, -16.5046653748, -661.476867676, -27.1983261108, -633.806396484, 214.664154053, -746.659606934, 288.479064941, -525.349487305, 269.911712646, -449.463775635], [-3673.37475586, 4907.46679688, -374.663024902, 915.478149414, 354.31072998, 315.635253906, 551.686828613, -52.4791412354, 796.760559082, -241.598846436, 727.729248047, -290.406555176, 562.987487793], [-498.165557861, -374.663024902, 953.915649414, -222.873077393, 281.313018799, -188.666046143, -13.9214839935, -0.830899000168, -117.966293335, 17.7227516174, -83.9946517944, -3.12698173523, -176.773544312], [-16.5046653748, 915.478149414, -222.873077393, 840.810119629, -131.439163208, 476.025939941, 222.633422852, 76.8157577515, 318.050445557, -49.1480331421, 157.483383179, 55.1649513245, 227.442840576], [-661.476867676, 354.31072998, 281.313018799, -131.439163208, 472.920959473, -49.0714569092, 83.1158294678, -18.7734622955, -10.3536348343, 11.2710399628, 95.1402206421, -108.798690796, 2.15293502808], [-27.1983261108, 315.635253906, -188.666046143, 476.025939941, -49.0714569092, 596.790649414, 200.658950806, 18.0678443909, 231.790817261, 5.62773609161, 23.09308815, 92.1343994141, 243.461807251], [-633.806396484, 551.686828613, -13.9214839935, 222.633422852, 83.1158294678, 200.658950806, 259.448699951, 37.386932373, 196.271148682, -61.9078445435, 60.5425987244, 42.7090110779, 140.719345093], [214.664154053, -52.4791412354, -0.830899000168, 76.8157577515, -18.7734622955, 18.0678443909, 37.386932373, 251.526809692, 5.61403846741, -5.03702688217, 25.7849979401, 14.7799987793, 24.8144874573], [-746.659606934, 796.760559082, -117.966293335, 318.050445557, -10.3536348343, 231.790817261, 196.271148682, 5.61403846741, 312.761993408, -7.12558317184, 118.563026428, -3.38624477386, 137.895553589], [288.479064941, -241.598846436, 17.7227516174, -49.1480331421, 11.2710399628, 5.62773609161, -61.9078445435, -5.03702688217, -7.12558317184, 137.56602478, -19.3331718445, -8.19003391266, -53.6912651062], [-525.349487305, 727.729248047, -83.9946517944, 157.483383179, 95.1402206421, 23.09308815, 60.5425987244, 25.7849979401, 118.563026428, -19.3331718445, 216.077590942, -52.0274391174, 82.2797317505], [269.911712646, -290.406555176, -3.12698173523, 55.1649513245, -108.798690796, 92.1343994141, 42.7090110779, 14.7799987793, -3.38624477386, -8.19003391266, -52.0274391174, 181.805328369, 71.2369613647], [-449.463775635, 562.987487793, -176.773544312, 227.442840576, 2.15293502808, 243.461807251, 140.719345093, 24.8144874573, 137.895553589, -53.6912651062, 82.2797317505, 71.2369613647, 260.672363281]],
        "icov": [[0.000256489351159, 4.55155422969e-005, 0.000277601619018, -0.000382220168831, -0.000130561180413, -7.21934557077e-005, 0.000243363072514, -0.000203223840799, 0.000563608657103, -0.000280503620161, 0.000264290720224, -0.00038753671106, 0.000488735095132], [4.55155422969e-005, 0.00103212229442, -0.000130961387185, -0.000534798251465, 0.000108583459223, 0.000949034059886, -0.000626756052952, 0.000621647806838, -0.000990457949229, 0.000385090184864, -0.00138850719668, 0.00173386675306, -0.00181323010474], [0.000277601619018, -0.000130961387185, 0.002267916454, -0.000715465168469, -0.00227723340504, 0.000148264196469, 0.00133302167524, -0.000689333886839, -0.000232456266531, 0.000455899193184, 0.00184899708256, -0.00247913622297, 0.00246082781814], [-0.000382220168831, -0.000534798251465, -0.000715465168469, 0.0044935173355, 0.00182735477574, -0.00303707225248, -0.000737059046514, -0.000485148979351, -0.00100404745899, 0.00112874794286, -0.00254910881631, 0.000138131697895, 0.000886126072146], [-0.000130561180413, 0.000108583459223, -0.00227723340504, 0.00182735477574, 0.0075599104166, -0.00084705388872, -0.00744647718966, 0.00153572694398, 0.00520983850583, -0.00352785689756, -0.00507474085316, 0.00580220669508, -0.00246245716698], [-7.21934557077e-005, 0.000949034059886, 0.000148264196469, -0.00303707225248, -0.00084705388872, 0.00674331886694, -0.00132531742565, 0.0010692931246, -0.00211184192449, -0.0018994450802, 0.00224375189282, 0.0015190661652, -0.00549856992438], [0.000243363072514, -0.000626756052952, 0.00133302167524, -0.000737059046514, -0.00744647718966, -0.00132531742565, 0.019435191527, -0.00342870433815, -0.0112394522876, 0.00794421788305, 0.00616134842858, -0.00818828400224, 0.00232917140238], [-0.000203223840799, 0.000621647806838, -0.000689333886839, -0.000485148979351, 0.00153572694398, 0.0010692931246, -0.00342870433815, 0.00524705881253, 0.00137302093208, -0.00108427973464, -0.00238997465931, 0.0023549972102, -0.00223597395234], [0.000563608657103, -0.000990457949229, -0.000232456266531, -0.00100404745899, 0.00520983850583, -0.00211184192449, -0.0112394522876, 0.00137302093208, 0.0175050720572, -0.00755622144789, -0.00376136694103, 0.00302172848023, 0.00124038069043], [-0.000280503620161, 0.000385090184864, 0.000455899193184, 0.00112874794286, -0.00352785689756, -0.0018994450802, 0.00794421788305, -0.00108427973464, -0.00755622144789, 0.0134648540989, 0.000595164834522, -0.00275432690978, 0.00296226516366], [0.000264290720224, -0.00138850719668, 0.00184899708256, -0.00254910881631, -0.00507474085316, 0.00224375189282, 0.00616134842858, -0.00238997465931, -0.00376136694103, 0.000595164834522, 0.0142935011536, -0.00329528236762, 0.000281525106402], [-0.00038753671106, 0.00173386675306, -0.00247913622297, 0.000138131697895, 0.00580220669508, 0.0015190661652, -0.00818828400224, 0.0023549972102, 0.00302172848023, -0.00275432690978, -0.00329528236762, 0.015669029206, -0.00889297015965], [0.000488735095132, -0.00181323010474, 0.00246082781814, 0.000886126072146, -0.00246245716698, -0.00549856992438, 0.00232917140238, -0.00223597395234, 0.00124038069043, 0.00296226516366, 0.000281525106402, -0.00889297015965, 0.0158974602818]]
    },
    "melbands": {
        "mean": [0.0038137184456, 0.000882798456587, 0.000190364618902, 0.0001022558572, 0.000193472777028, 0.00025139641366, 0.000268495525233, 0.000284557114355, 0.000130820335471, 0.000171906343894, 0.000120656499348, 0.000228737801081, 0.000181954688742, 3.95088172809e-005, 0.0001076907065, 9.99467738438e-005, 3.99656346417e-005, 5.16082182003e-005, 3.60193553206e-005, 7.31559630367e-005, 3.38742720487e-005, 5.39255706826e-005, 3.01828076772e-005, 2.31188205362e-005, 1.00251436379e-005, 8.26007908472e-006, 1.15804759844e-005, 1.12706411528e-005, 1.04849723357e-005, 7.53875201553e-006, 6.29106034467e-006, 1.94917683984e-005, 9.04863336473e-005, 1.77940491994e-005, 7.38682729207e-006, 8.06093612482e-006, 7.96989479568e-006, 6.8994954745e-006, 5.52629899175e-006, 6.3526545091e-006],
        "var": [4.39039504272e-005, 3.28854730469e-006, 2.73392487316e-007, 3.75190758461e-008, 1.43032238498e-007, 3.66521987871e-007, 2.33908906466e-007, 4.91607750064e-007, 7.66518226669e-008, 1.36731486577e-007, 5.58475186097e-008, 2.11104278947e-007, 2.30955251368e-007, 6.30545837765e-009, 8.90766500561e-008, 5.7353130245e-008, 8.75326122696e-009, 1.69285705454e-008, 5.06951947088e-009, 4.20929175959e-008, 3.53731532954e-009, 8.00446375848e-009, 2.15658491065e-009, 2.32756480756e-009, 4.81816475606e-010, 3.195394227e-010, 5.38105671133e-010, 3.11880049564e-010, 3.01918878787e-010, 2.58196353187e-010, 2.13049758391e-010, 3.4408513816e-009, 1.59307617764e-007, 1.38550060313e-008, 6.22213003343e-010, 3.55034196486e-010, 4.63391408578e-010, 3.82929465914e-010, 2.43221109919e-010, 1.10069520165e-009]
    },
    "mfcc": {
        "mean": [-651.018188477, 95.7663269043, 2.70920300484, 1.498005867, 1.229804039, 5.34076404572, -7.20828723907, 8.75702667236, 8.56738567352, 4.08459091187, 0.19912558794, 10.9643411636, 3.6952829361],
        "cov": [[7928.32373047, -2750.23486328, -575.952453613, -107.156730652, -334.557922363, -208.045516968, -66.5960464478, -230.548217773, -172.825897217, -147.145950317, -129.530593872, -136.683776855, -32.8037719727], [-2750.23486328, 2664.36499023, 207.556884766, 323.535888672, 322.773803711, 80.9563827515, 168.646087646, 104.130531311, 42.3645553589, 157.165054321, 159.3175354, 99.8152999878, 5.12357521057], [-575.952453613, 207.556884766, 485.647766113, 147.972564697, 83.459602356, 139.93347168, 23.2306232452, 149.801269531, 115.536880493, 21.8443641663, 84.2976837158, -16.3634262085, 88.8163528442], [-107.156730652, 323.535888672, 147.972564697, 276.903106689, 96.4323654175, -0.687448322773, 58.7606315613, 67.4948577881, -34.7829170227, 62.2013969421, 86.2081375122, -34.3517684937, 42.8964233398], [-334.557922363, 322.773803711, 83.459602356, 96.4323654175, 241.348205566, 75.7533416748, 140.283981323, 24.7236843109, 12.3155145645, 72.8617401123, 40.8110656738, 38.9623908997, 10.8678855896], [-208.045516968, 80.9563827515, 139.93347168, -0.687448322773, 75.7533416748, 446.895904541, 53.0815467834, 78.347442627, 224.754928589, -17.273639679, 31.8992614746, 79.4524536133, 39.1307182312], [-66.5960464478, 168.646087646, 23.2306232452, 58.7606315613, 140.283981323, 53.0815467834, 168.445907593, 71.4990310669, 58.5939445496, 35.9690551758, -14.6474075317, 46.9859428406, 13.1155633926], [-230.548217773, 104.130531311, 149.801269531, 67.4948577881, 24.7236843109, 78.347442627, 71.4990310669, 226.293380737, 143.597640991, 11.6195659637, -22.2874031067, 42.1564559937, 72.9875106812], [-172.825897217, 42.3645553589, 115.536880493, -34.7829170227, 12.3155145645, 224.754928589, 58.5939445496, 143.597640991, 351.249176025, -3.57621407509, -26.0872306824, 147.922561646, 29.804517746], [-147.145950317, 157.165054321, 21.8443641663, 62.2013969421, 72.8617401123, -17.273639679, 35.9690551758, 11.6195659637, -3.57621407509, 137.876464844, 75.9210357666, 29.3675193787, -25.2878303528], [-129.530593872, 159.3175354, 84.2976837158, 86.2081375122, 40.8110656738, 31.8992614746, -14.6474075317, -22.2874031067, -26.0872306824, 75.9210357666, 221.871078491, -63.533000946, 37.8801765442], [-136.683776855, 99.8152999878, -16.3634262085, -34.3517684937, 38.9623908997, 79.4524536133, 46.9859428406, 42.1564559937, 147.922561646, 29.3675193787, -63.533000946, 227.518310547, -8.92395114899], [-32.8037719727, 5.12357521057, 88.8163528442, 42.8964233398, 10.8678855896, 39.1307182312, 13.1155633926, 72.9875106812, 29.804517746, -25.2878303528, 37.8801765442, -8.92395114899, 136.148345947]],
        "icov": [[0.000242002788582, 0.000266481423751, 0.000237052241573, -0.000409920408856, 0.000224456860451, -1.90109767573e-006, -0.000330545561155, 0.000219821304199, -7.06116261426e-005, 6.93170222803e-005, -4.82908289996e-005, -4.66573374069e-006, -3.91159956052e-005], [0.000266481423751, 0.000806486990768, 0.000303495355183, -0.000864437548444, -0.00039205615758, 7.69815742387e-005, -0.000138932518894, -4.64435943286e-005, -6.01075953455e-005, 0.000328662106767, -0.00042688040412, -0.000334592798026, 0.000326723995386], [0.000237052241573, 0.000303495355183, 0.00414001103491, -0.00171451561619, -0.00218523712829, -0.000279904692434, 0.00256504747085, -0.00197827932425, -0.00116807501763, 0.000712749781087, -0.000645263819024, 0.000827541167382, -0.000424669124186], [-0.000409920408856, -0.000864437548444, -0.00171451561619, 0.0071799014695, -0.000667946122121, 0.000158228067448, -0.00079689262202, -0.00190088502131, 0.0018198795151, -0.0011294123251, -0.00115117314272, 0.000296050537145, -0.000374777184334], [0.000224456860451, -0.00039205615758, -0.00218523712829, -0.000667946122121, 0.0139813395217, -0.00191554974299, -0.0113335894421, 0.00426713144407, 0.00222946424037, -0.00395858194679, 0.000471217004815, -0.000991463544779, -0.00147583289072], [-1.90109767573e-006, 7.69815742387e-005, -0.000279904692434, 0.000158228067448, -0.00191554974299, 0.00400595040992, 0.000596141268034, 6.5510517743e-005, -0.00255236518569, 0.00195311428979, -0.00125706382096, -0.000169283972355, 0.000298550497973], [-0.000330545561155, -0.000138932518894, 0.00256504747085, -0.00079689262202, -0.0113335894421, 0.000596141268034, 0.0178108718246, -0.0051402435638, -0.00212995312177, 0.000646544271149, 0.00154295226093, 0.00068441737676, 0.000478488305816], [0.000219821304199, -4.64435943286e-005, -0.00197827932425, -0.00190088502131, 0.00426713144407, 6.5510517743e-005, -0.0051402435638, 0.0120466565713, -0.00365847093053, -0.00416440377012, 0.00411644764245, 0.00165324204136, -0.00538773275912], [-7.06116261426e-005, -6.01075953455e-005, -0.00116807501763, 0.0018198795151, 0.00222946424037, -0.00255236518569, -0.00212995312177, -0.00365847093053, 0.00828293710947, 0.000936611264478, -0.00157321267761, -0.00408748537302, 0.0014264365891], [6.93170222803e-005, 0.000328662106767, 0.000712749781087, -0.0011294123251, -0.00395858194679, 0.00195311428979, 0.000646544271149, -0.00416440377012, 0.000936611264478, 0.016216205433, -0.00770228542387, -0.0041859918274, 0.00649559078738], [-4.82908289996e-005, -0.00042688040412, -0.000645263819024, -0.00115117314272, 0.000471217004815, -0.00125706382096, 0.00154295226093, 0.00411644764245, -0.00157321267761, -0.00770228542387, 0.0105300853029, 0.00397637439892, -0.00499899452552], [-4.66573374069e-006, -0.000334592798026, 0.000827541167382, 0.000296050537145, -0.000991463544779, -0.000169283972355, 0.00068441737676, 0.00165324204136, -0.00408748537302, -0.0041859918274, 0.00397637439892, 0.00865964125842, -0.00186750222929], [-3.91159956052e-005, 0.000326723995386, -0.000424669124186, -0.000374777184334, -0.00147583289072, 0.000298550497973, 0.000478488305816, -0.00538773275912, 0.0014264365891, 0.00649559078738, -0.00499899452552, -0.00186750222929, 0.0127551872283]]
    },
    "spectral_contrast_coeffs": {
        "mean": [-0.726245939732, -0.751948058605, -0.743703246117, -0.782524466515, -0.749976038933, -0.71778935194],
        "var": [0.00697284797207, 0.00553504796699, 0.00726517569274, 0.00428246287629, 0.00517342891544, 0.00590303307399]
    },
    "spectral_contrast_valleys": {
        "mean": [-7.73808526993, -6.91008996964, -7.42802762985, -7.72183513641, -8.08230876923, -10.5097541809],
        "var": [1.5083309412, 1.10185217857, 1.20434868336, 1.4613455534, 2.08522725105, 3.08196043968]
    }
},
"metadata": {
    "audio_properties": {
        "analysis_sample_rate": 44100,
        "bit_rate": 129941,
        "equal_loudness": 0,
        "length": 45.0612258911,
        "lossless": 0,
        "replay_gain": -19.04504776,
        "sample_rate": 44100,
        "codec": "mp3",
        "downmix": "mix",
        "md5_encoded": "7dd99e619caa5834eca3aa10d6fea9a7"
    },
    "tags": {
        "file_name": "814.mp3"
    },
    "version": {
        "essentia": "2.1-beta2",
        "essentia_git_sha": "v2.1_beta2",
        "extractor": "music 1.0"
    }
},
"rhythm": {
    "beats_count": 85,
    "beats_loudness": {
        "mean": 0.0340463742614,
        "var": 0.000147379090777
    },
    "bpm": 114.741043091,
    "bpm_histogram_first_peak_bpm": {
        "mean": 115,
        "var": 0
    },
    "bpm_histogram_first_peak_spread": {
        "mean": 0.205128252506,
        "var": 0
    },
    "bpm_histogram_first_peak_weight": {
        "mean": 0.738095223904,
        "var": 0
    },
    "bpm_histogram_second_peak_bpm": {
        "mean": 110,
        "var": 0
    },
    "bpm_histogram_second_peak_spread": {
        "mean": 0,
        "var": 0
    },
    "bpm_histogram_second_peak_weight": {
        "mean": 0.047619048506,
        "var": 0
    },
    "danceability": 1.58112978935,
    "onset_rate": 5.70078086853,
    "beats_loudness_band_ratio": {
        "mean": [0.0684149041772, 0.0672261938453, 0.107628114522, 0.163556709886, 0.191908463836, 0.416933894157],
        "var": [0.00507495971397, 0.00404110411182, 0.010273004882, 0.0131499739364, 0.00673966249451, 0.0341658294201]
    },
    "beats_position": [0.46439909935, 0.975238084793, 1.48607707024, 2.00852608681, 2.53097510338, 3.05342388153, 3.5758728981, 4.09832191467, 4.62077093124, 5.13160991669, 5.65405893326, 6.17650794983, 6.6989569664, 7.22140598297, 7.74385452271, 8.26630401611, 8.78875255585, 9.31120204926, 9.83365058899, 10.3560991287, 10.8785486221, 11.4009971619, 11.9234466553, 12.445895195, 12.9567346573, 13.479183197, 14.0016326904, 14.5240812302, 15.0465307236, 15.5805892944, 16.1030387878, 16.6254863739, 17.1363258362, 17.6587753296, 18.181224823, 18.7036724091, 19.2261219025, 19.7485713959, 20.2710208893, 20.7934684753, 21.3159179688, 21.8383674622, 22.3608150482, 22.8832645416, 23.405714035, 23.9165534973, 24.4390010834, 24.9614505768, 25.4839000702, 26.0063495636, 26.5287971497, 27.0512466431, 27.5736961365, 28.0961437225, 28.6185932159, 29.1410427094, 29.6634922028, 30.1859397888, 30.6967792511, 31.2192287445, 31.7416782379, 32.264125824, 32.7749671936, 33.2974128723, 33.8198623657, 34.3423118591, 34.8647613525, 35.3872108459, 35.9096603394, 36.4321098328, 36.96616745, 37.5002250671, 38.0458946228, 38.5915641785, 39.1256217957, 39.6596832275, 40.2053489685, 40.7510185242, 41.3199081421, 41.88879776, 42.3996353149, 42.9220848083, 43.4445343018, 43.9785919189, 44.4894332886]
},
"tonal": {
    "chords_changes_rate": 0.031893003732,
    "chords_number_rate": 0.00514403311536,
    "chords_strength": {
        "mean": 0.505410850048,
        "var": 0.00643928907812
    },
    "hpcp_entropy": {
        "mean": 1.95330965519,
        "var": 0.7281717062
    },
    "key_strength": 0.677998840809,
    "tuning_diatonic_strength": 0.550700902939,
    "tuning_equal_tempered_deviation": 0.250400066376,
    "tuning_frequency": 434.193115234,
    "tuning_nontempered_energy_ratio": 0.893090248108,
    "hpcp": {
        "mean": [0.157769218087, 0.188895314932, 0.132020533085, 0.0854103788733, 0.105258911848, 0.114747934043, 0.231500387192, 0.36055085063, 0.274356335402, 0.1593003124, 0.114111110568, 0.101956650615, 0.158325299621, 0.192834049463, 0.129166007042, 0.0692017152905, 0.0858376324177, 0.0952378585935, 0.0946690514684, 0.115925833583, 0.107412874699, 0.189237490296, 0.299979805946, 0.359406769276, 0.404111534357, 0.24417732656, 0.0836914256215, 0.110502399504, 0.140748143196, 0.105154983699, 0.076437689364, 0.0908914655447, 0.101043157279, 0.174001634121, 0.254303097725, 0.193309232593],
        "var": [0.0419617854059, 0.0774482637644, 0.0381700880826, 0.0240322779864, 0.0369278341532, 0.0365734174848, 0.0559943988919, 0.128818929195, 0.0707431510091, 0.0517885088921, 0.0310987085104, 0.0321970023215, 0.0525471381843, 0.0794892758131, 0.0372773818672, 0.0173334591091, 0.0182746518403, 0.021878650412, 0.0203615091741, 0.0323002263904, 0.0272923149168, 0.0481452010572, 0.117371462286, 0.074083134532, 0.154239952564, 0.0490318313241, 0.0203966293484, 0.0298728775233, 0.0641597807407, 0.0312482118607, 0.0215844847262, 0.0393068417907, 0.0393394567072, 0.0504940226674, 0.094001583755, 0.0580932348967]
    },
    "chords_histogram": [75.8230438232, 0, 0, 0, 2.88065838814, 0, 0.514403283596, 0, 0, 0, 0, 0, 0, 0, 8.74485588074, 0, 0, 0, 0, 0, 0, 0.925925910473, 3.80658435822, 7.30452680588],
    "thpcp": [1, 0.604232490063, 0.207099825144, 0.273445308208, 0.348290324211, 0.260212779045, 0.189149975777, 0.224916785955, 0.250037789345, 0.430578231812, 0.629289388657, 0.478356122971, 0.390410095453, 0.467433601618, 0.326693296432, 0.211353480816, 0.260469943285, 0.28395113349, 0.572862625122, 0.892206311226, 0.678912401199, 0.394198864698, 0.282375276089, 0.252298295498, 0.391786158085, 0.477180272341, 0.319629609585, 0.171244099736, 0.212410748005, 0.235672205687, 0.234264656901, 0.286865949631, 0.265800058842, 0.468280345201, 0.742319345474, 0.889375209808],
    "chords_key": "E",
    "chords_scale": "major",
    "key_key": "E",
    "key_scale": "major"
}
}