{
"lowlevel": {
    "average_loudness": 0.985386490822,
    "barkbands_crest": {
        "mean": 13.7341127396,
        "var": 36.51304245
    },
    "barkbands_flatness_db": {
        "mean": 0.148598283529,
        "var": 0.00341528607532
    },
    "barkbands_kurtosis": {
        "mean": 11.6376447678,
        "var": 414.116729736
    },
    "barkbands_skewness": {
        "mean": 2.66253447533,
        "var": 2.97720837593
    },
    "barkbands_spread": {
        "mean": 20.7310752869,
        "var": 167.481063843
    },
    "dissonance": {
        "mean": 0.428402781487,
        "var": 0.0015721754171
    },
    "dynamic_complexity": 1.16365385056,
    "erbbands_crest": {
        "mean": 8.05456066132,
        "var": 11.6036424637
    },
    "erbbands_flatness_db": {
        "mean": 0.111835807562,
        "var": 0.0012465948239
    },
    "erbbands_kurtosis": {
        "mean": 0.824888348579,
        "var": 5.04435825348
    },
    "erbbands_skewness": {
        "mean": 0.673228383064,
        "var": 0.4158013165
    },
    "erbbands_spread": {
        "mean": 51.9028129578,
        "var": 651.042236328
    },
    "hfc": {
        "mean": 41.9944839478,
        "var": 535.316345215
    },
    "melbands_crest": {
        "mean": 18.752368927,
        "var": 52.5907211304
    },
    "melbands_flatness_db": {
        "mean": 0.243519216776,
        "var": 0.00483247404918
    },
    "melbands_kurtosis": {
        "mean": 37.4807395935,
        "var": 2683.02734375
    },
    "melbands_skewness": {
        "mean": 4.29842233658,
        "var": 8.09504318237
    },
    "melbands_spread": {
        "mean": 14.0241355896,
        "var": 95.0936508179
    },
    "pitch_salience": {
        "mean": 0.390788555145,
        "var": 0.019854163751
    },
    "silence_rate_20dB": {
        "mean": 1,
        "var": 0
    },
    "silence_rate_30dB": {
        "mean": 0.674562335014,
        "var": 0.219526439905
    },
    "silence_rate_60dB": {
        "mean": 0.00102986616548,
        "var": 0.00102881784551
    },
    "spectral_centroid": {
        "mean": 1125.62524414,
        "var": 300016.09375
    },
    "spectral_complexity": {
        "mean": 18.6045322418,
        "var": 46.3907012939
    },
    "spectral_decrease": {
        "mean": -2.37567672201e-008,
        "var": 2.46934085745e-016
    },
    "spectral_energy": {
        "mean": 0.0934724584222,
        "var": 0.0035512985196
    },
    "spectral_energyband_high": {
        "mean": 0.00238496088423,
        "var": 5.25624955117e-006
    },
    "spectral_energyband_low": {
        "mean": 0.0669178143144,
        "var": 0.0040895245038
    },
    "spectral_energyband_middle_high": {
        "mean": 0.00669120531529,
        "var": 2.55890608969e-005
    },
    "spectral_energyband_middle_low": {
        "mean": 0.0190157536417,
        "var": 0.000128394414787
    },
    "spectral_entropy": {
        "mean": 7.49529600143,
        "var": 0.244102180004
    },
    "spectral_flux": {
        "mean": 0.142282947898,
        "var": 0.00662956899032
    },
    "spectral_kurtosis": {
        "mean": 3.30156564713,
        "var": 6.61608743668
    },
    "spectral_rms": {
        "mean": 0.00911598559469,
        "var": 8.09157609183e-006
    },
    "spectral_rolloff": {
        "mean": 779.475891113,
        "var": 1021999
    },
    "spectral_skewness": {
        "mean": 1.56670081615,
        "var": 0.241016283631
    },
    "spectral_spread": {
        "mean": 6453194,
        "var": 3.5447481303e+012
    },
    "spectral_strongpeak": {
        "mean": 0.859253585339,
        "var": 0.64248251915
    },
    "zerocrossingrate": {
        "mean": 0.051521718502,
        "var": 0.000803470553365
    },
    "barkbands": {
        "mean": [0.0016677606618, 0.0547875761986, 0.00895542092621, 0.00349255069159, 0.00257381238043, 0.00306942989118, 0.00423542736098, 0.00347852753475, 0.00212063337676, 0.00075189321069, 0.00208257790655, 0.00131202151533, 0.000567881681491, 0.000278525782051, 0.000387367093936, 0.000296831945889, 0.000288498849841, 0.000258690182818, 0.000276141421637, 0.000311295589199, 0.000313115247991, 0.000314064935083, 0.00049405352911, 0.000369171029888, 0.000378734752303, 0.000358365708962, 5.21070651303e-005],
        "var": [8.03117563919e-006, 0.00366406259127, 0.000226115545956, 1.93201722141e-005, 7.07901199348e-006, 1.16242208605e-005, 3.16839577863e-005, 2.78275820165e-005, 8.12714279164e-006, 1.3324926158e-006, 6.93578294886e-006, 3.67346183339e-006, 6.74834041092e-007, 2.38078342818e-007, 7.25959694137e-007, 2.54356422147e-007, 1.49400477767e-007, 1.89710874565e-007, 1.5358905614e-007, 1.5999987113e-007, 1.32286089638e-007, 1.13205771868e-007, 2.45247377961e-007, 1.39285504019e-007, 2.00589013843e-007, 1.95121756974e-007, 6.79446765517e-009]
    },
    "erbbands": {
        "mean": [1.75918757915, 11.2114534378, 14.229432106, 9.55009651184, 11.6150760651, 6.9031047821, 14.3653821945, 29.5932617188, 40.0581092834, 71.7271881104, 71.4848480225, 53.1555328369, 30.0663967133, 85.7447357178, 43.2273979187, 37.763885498, 28.1533164978, 11.634264946, 19.0652999878, 17.0060329437, 20.7466812134, 17.3295555115, 17.1387329102, 12.7343254089, 16.3468456268, 11.6452941895, 13.138381958, 10.6003131866, 11.5469722748, 10.5538606644, 17.1356143951, 9.33534049988, 5.55757951736, 3.93516469002, 2.31333851814, 1.5268651247, 0.651109218597, 0.139217123389, 0.00352934724651, 0.000197371904505],
        "var": [6.19746828079, 151.878326416, 356.094085693, 137.703384399, 168.594863892, 69.220664978, 335.321655273, 1195.61413574, 2068.45336914, 6257.98388672, 9339.75195313, 5415.77490234, 1563.68261719, 10378.1640625, 2218.61474609, 2633.62060547, 1575.38439941, 220.462539673, 827.540466309, 937.145690918, 1232.81518555, 497.664520264, 759.826782227, 415.444793701, 368.769104004, 201.704086304, 263.765350342, 156.918395996, 167.156143188, 114.263259888, 319.343414307, 86.5462646484, 34.3749504089, 18.8275585175, 7.16187620163, 3.39128470421, 0.760859370232, 0.0377553068101, 2.43313370447e-005, 2.06277288584e-008]
    },
    "gfcc": {
        "mean": [70.5534667969, 75.5215988159, -74.9134521484, 28.4207611084, -60.1780548096, 28.6777687073, -24.6327075958, 24.3605251312, -17.5315380096, 9.9878988266, -14.7314949036, 9.18539237976, -15.5001621246],
        "cov": [[2404.9909668, -720.418640137, -94.0094451904, 17.7701225281, -10.064822197, -46.5045890808, -130.324661255, -3.19343876839, -111.470603943, 111.014472961, -77.8556747437, 106.874145508, -72.2550430298], [-720.418640137, 987.297363281, -225.142471313, -130.473129272, -18.5283489227, -44.9439086914, 0.534975886345, -40.1099662781, 74.3331832886, -67.5078735352, 57.2468070984, -127.610733032, 40.1177635193], [-94.0094451904, -225.142471313, 450.027435303, 82.1179351807, -21.9992790222, 82.1655960083, 68.8319015503, 46.8036804199, 11.350979805, 4.69441890717, 4.62032461166, 44.5610542297, -9.87627983093], [17.7701225281, -130.473129272, 82.1179351807, 266.284942627, 78.6125946045, 24.4916038513, 51.2305526733, 23.8041095734, 6.36785316467, -30.0284957886, -7.85508823395, -6.94002914429, 22.4384155273], [-10.064822197, -18.5283489227, -21.9992790222, 78.6125946045, 188.407653809, 12.2269382477, 55.2413406372, 19.3139648438, -5.11385059357, 17.2764549255, -9.02847671509, -2.19233870506, 21.3048439026], [-46.5045890808, -44.9439086914, 82.1655960083, 24.4916038513, 12.2269382477, 147.10067749, 60.0502433777, 14.1774263382, 10.5389213562, -27.3085346222, 12.7367639542, 6.98544216156, 0.905934095383], [-130.324661255, 0.534975886345, 68.8319015503, 51.2305526733, 55.2413406372, 60.0502433777, 139.39012146, 52.8176689148, 28.0254497528, 6.32159137726, 8.71831130981, 7.78566646576, 21.5612812042], [-3.19343876839, -40.1099662781, 46.8036804199, 23.8041095734, 19.3139648438, 14.1774263382, 52.8176689148, 83.656829834, 44.7478256226, 22.5910243988, 4.703373909, 3.87736773491, 7.28906202316], [-111.470603943, 74.3331832886, 11.350979805, 6.36785316467, -5.11385059357, 10.5389213562, 28.0254497528, 44.7478256226, 111.427032471, 40.5859222412, 35.9615478516, -7.0097026825, 9.44924736023], [111.014472961, -67.5078735352, 4.69441890717, -30.0284957886, 17.2764549255, -27.3085346222, 6.32159137726, 22.5910243988, 40.5859222412, 103.873924255, 32.9998931885, 24.5895271301, -0.112105481327], [-77.8556747437, 57.2468070984, 4.62032461166, -7.85508823395, -9.02847671509, 12.7367639542, 8.71831130981, 4.703373909, 35.9615478516, 32.9998931885, 75.8515090942, 25.7791023254, 8.39535522461], [106.874145508, -127.610733032, 44.5610542297, -6.94002914429, -2.19233870506, 6.98544216156, 7.78566646576, 3.87736773491, -7.0097026825, 24.5895271301, 25.7791023254, 80.6152954102, 21.7100601196], [-72.2550430298, 40.1177635193, -9.87627983093, 22.4384155273, 21.3048439026, 0.905934095383, 21.5612812042, 7.28906202316, 9.44924736023, -0.112105481327, 8.39535522461, 21.7100601196, 71.4538040161]],
        "icov": [[0.000709530548193, 0.000142556717037, 0.000470792205306, -0.000463361910079, 0.000272634730209, -0.000524146656971, 0.00073177064769, -0.000549866992515, 0.000651680224109, -0.00128732144367, 0.00116797897499, -0.00112601311412, 0.00072535534855], [0.000142556717037, 0.00316498940811, 0.000265032344032, 0.00235342187807, -0.000770900864154, 0.00197934382595, -0.00144109176472, 0.00170834432356, -0.00196495233104, 0.00387275940739, -0.00474750902504, 0.00565190659836, -0.00276340474375], [0.000470792205306, 0.000265032344032, 0.00353082502261, -0.00138276233338, 0.00140573317185, -0.0016570208827, -0.000416815513745, -0.00127159070689, 0.00059557199711, -0.00138133123983, 0.00146041368134, -0.00241358391941, 0.00158769462723], [-0.000463361910079, 0.00235342187807, -0.00138276233338, 0.00748221250251, -0.00323228770867, 0.00272878119722, -0.00210413592868, 0.00140659848694, -0.00280258338898, 0.00668174959719, -0.0052752001211, 0.00596682354808, -0.00372205488384], [0.000272634730209, -0.000770900864154, 0.00140573317185, -0.00323228770867, 0.00826179236174, -0.00160632177722, -0.00193338096142, -0.000967040308751, 0.0030427002348, -0.00519931223243, 0.00321533693932, -0.00114097062033, -0.000284751149593], [-0.000524146656971, 0.00197934382595, -0.0016570208827, 0.00272878119722, -0.00160632177722, 0.012094322592, -0.00567480642349, 0.0027681956999, -0.00332982512191, 0.00841566734016, -0.00667166337371, 0.00382015504874, -0.000894935103133], [0.00073177064769, -0.00144109176472, -0.000416815513745, -0.00210413592868, -0.00193338096142, -0.00567480642349, 0.0148775354028, -0.00781101826578, 0.00183827173896, -0.00355652952567, 0.00303422100842, -0.0034269192256, -0.000455842586234], [-0.000549866992515, 0.00170834432356, -0.00127159070689, 0.00140659848694, -0.000967040308751, 0.0027681956999, -0.00781101826578, 0.0222827233374, -0.00931555498391, 0.00159955013078, 0.000275614875136, 0.00266554392874, -0.00140334735624], [0.000651680224109, -0.00196495233104, 0.00059557199711, -0.00280258338898, 0.0030427002348, -0.00332982512191, 0.00183827173896, -0.00931555498391, 0.0190408285707, -0.00933226104826, -0.00229910877533, 0.00145539303776, -0.000449518032838], [-0.00128732144367, 0.00387275940739, -0.00138133123983, 0.00668174959719, -0.00519931223243, 0.00841566734016, -0.00355652952567, 0.00159955013078, -0.00933226104826, 0.0251222401857, -0.0131144300103, 0.00484875682741, -0.00207055336796], [0.00116797897499, -0.00474750902504, 0.00146041368134, -0.0052752001211, 0.00321533693932, -0.00667166337371, 0.00303422100842, 0.000275614875136, -0.00229910877533, -0.0131144300103, 0.0305673833936, -0.0175305940211, 0.00590555556118], [-0.00112601311412, 0.00565190659836, -0.00241358391941, 0.00596682354808, -0.00114097062033, 0.00382015504874, -0.0034269192256, 0.00266554392874, 0.00145539303776, 0.00484875682741, -0.0175305940211, 0.032404512167, -0.0134360315278], [0.00072535534855, -0.00276340474375, 0.00158769462723, -0.00372205488384, -0.000284751149593, -0.000894935103133, -0.000455842586234, -0.00140334735624, -0.000449518032838, -0.00207055336796, 0.00590555556118, -0.0134360315278, 0.0214899405837]]
    },
    "melbands": {
        "mean": [0.015334630385, 0.0103128887713, 0.00185664813034, 0.000639994221274, 0.000462334806798, 0.000628575566225, 0.000742607924622, 0.000874368706718, 0.000504762050696, 0.000326023029629, 0.000136633490911, 0.00032753663254, 0.000177528971108, 0.000161479983944, 5.88340917602e-005, 6.19796701358e-005, 1.60508989211e-005, 2.90958378173e-005, 3.8431458961e-005, 1.32878312797e-005, 2.52577046922e-005, 1.84085893125e-005, 1.53512901306e-005, 1.11912822831e-005, 1.02541062006e-005, 1.14497715913e-005, 1.38773812068e-005, 5.96735208092e-006, 8.00166344561e-006, 8.28402789921e-006, 4.90984848511e-006, 6.60216619508e-006, 6.46727721687e-006, 5.27871270606e-006, 1.00532588476e-005, 7.32881289878e-006, 5.69946951146e-006, 3.65739674635e-006, 4.79879190607e-006, 2.77964181805e-006],
        "var": [0.000352687522536, 0.000117038929602, 4.11605196859e-006, 4.50760836657e-007, 3.0224555303e-007, 5.0795927109e-007, 8.19347405923e-007, 8.92860384738e-007, 4.16536948933e-007, 2.35489764577e-007, 4.3268947536e-008, 1.44067342944e-007, 3.76147823999e-008, 6.54609877415e-008, 2.01386267662e-008, 1.01378656581e-008, 5.79928938205e-010, 2.20155271791e-009, 8.32474889023e-009, 4.23693385931e-010, 2.06204608943e-009, 7.45677686265e-010, 5.24423338089e-010, 3.32092964239e-010, 3.20346665861e-010, 2.32458774452e-010, 3.79412140594e-010, 6.90274851167e-011, 1.25487065183e-010, 9.75575453754e-011, 4.0365835674e-011, 7.10607059307e-011, 5.52272776122e-011, 3.01277128245e-011, 1.12830737808e-010, 5.67874670898e-011, 3.80106571218e-011, 1.45406386584e-011, 4.05954922456e-011, 8.90179336493e-012]
    },
    "mfcc": {
        "mean": [-589.066894531, 115.223907471, 38.6741905212, 14.9048843384, 1.75525081158, 7.32550287247, 7.09151792526, 15.4767580032, 6.196393013, 8.61373329163, 2.61641860008, 8.81542491913, 9.76136112213],
        "cov": [[1774.27954102, -570.555236816, -225.491256714, 34.9624595642, 14.9813089371, -34.387462616, -39.2925186157, -85.8887481689, -48.2302360535, -60.0510368347, -9.7188539505, -34.8333816528, -37.470741272], [-570.555236816, 846.220031738, -132.209869385, -110.269371033, -34.5535812378, -59.2628517151, -55.7656745911, -51.544418335, -3.52247428894, 16.1739349365, 12.3569126129, -0.123547039926, 6.05333662033], [-225.491256714, -132.209869385, 427.174041748, -7.50222015381, -16.4471149445, 44.2642669678, 17.2263908386, 76.1197814941, -2.71046257019, 22.9528598785, -16.024055481, 42.5732078552, 40.791721344], [34.9624595642, -110.269371033, -7.50222015381, 224.559417725, 56.5293655396, 13.1494750977, 46.3677177429, 17.5290527344, 42.7429924011, 11.9672403336, 21.545255661, -12.0725097656, -20.5187587738], [14.9813089371, -34.5535812378, -16.4471149445, 56.5293655396, 100.609855652, 31.8431053162, 21.6732959747, 11.2604513168, 8.63031673431, 9.12870311737, 6.33699512482, -7.18652963638, -6.33444499969], [-34.387462616, -59.2628517151, 44.2642669678, 13.1494750977, 31.8431053162, 103.516746521, 55.6776123047, 39.9230117798, 9.80779361725, 5.61174678802, -3.71594619751, 6.66975450516, 4.75108480453], [-39.2925186157, -55.7656745911, 17.2263908386, 46.3677177429, 21.6732959747, 55.6776123047, 112.826324463, 52.7248306274, 38.1163711548, -7.98681116104, 1.13030469418, 0.509509623051, -2.24388718605], [-85.8887481689, -51.544418335, 76.1197814941, 17.5290527344, 11.2604513168, 39.9230117798, 52.7248306274, 115.798316956, 37.5163803101, 20.8610229492, -13.1572408676, 5.71662569046, -0.319375127554], [-48.2302360535, -3.52247428894, -2.71046257019, 42.7429924011, 8.63031673431, 9.80779361725, 38.1163711548, 37.5163803101, 96.5705947876, 34.6839179993, 16.5650653839, -7.15126276016, -6.21321344376], [-60.0510368347, 16.1739349365, 22.9528598785, 11.9672403336, 9.12870311737, 5.61174678802, -7.98681116104, 20.8610229492, 34.6839179993, 90.6489639282, 37.4902381897, 2.21737241745, -8.60999679565], [-9.7188539505, 12.3569126129, -16.024055481, 21.545255661, 6.33699512482, -3.71594619751, 1.13030469418, -13.1572408676, 16.5650653839, 37.4902381897, 83.869934082, 29.741153717, 1.98366749287], [-34.8333816528, -0.123547039926, 42.5732078552, -12.0725097656, -7.18652963638, 6.66975450516, 0.509509623051, 5.71662569046, -7.15126276016, 2.21737241745, 29.741153717, 83.8161087036, 53.2333297729], [-37.470741272, 6.05333662033, 40.791721344, -20.5187587738, -6.33444499969, 4.75108480453, -2.24388718605, -0.319375127554, -6.21321344376, -8.60999679565, 1.98366749287, 53.2333297729, 101.429122925]],
        "icov": [[0.000936092692427, 0.000796949898358, 0.000634365773294, 0.000148283419549, -2.57177289313e-005, 0.000165528399521, 0.000296918937238, 0.000356879085302, 0.000109185784822, 0.000187601850484, 3.84371414839e-005, -3.10987197736e-005, 0.000109646731289], [0.000796949898358, 0.00207182299346, 0.000933961826377, 0.000818531902041, -1.19550040836e-005, 0.000622646068223, 0.000299985724268, 0.000549122516531, -0.000177716792678, -0.000286190479528, 7.44113131077e-005, -0.000126289771288, -3.11579642585e-005], [0.000634365773294, 0.000933961826377, 0.00360286701471, -6.13733063801e-005, 0.00093960412778, -0.00071900972398, 0.000650497968309, -0.00152445537969, 0.000886902329512, -0.00109350658022, 0.00105165410787, -0.00122571573593, -0.000596583471633], [0.000148283419549, 0.000818531902041, -6.13733063801e-005, 0.00646746670827, -0.00325038540177, 0.00158643675968, -0.0019093506271, 0.000567496404983, -0.00193476409186, 0.000381130899768, -0.00129426724743, 0.000401513709221, 0.000749621656723], [-2.57177289313e-005, -1.19550040836e-005, 0.00093960412778, -0.00325038540177, 0.0133022954687, -0.00426726788282, 0.000436799775343, -0.000485275348183, 0.0012488065986, -0.00114261417184, -0.000438728777226, 0.00128686847165, -0.00069274083944], [0.000165528399521, 0.000622646068223, -0.00071900972398, 0.00158643675968, -0.00426726788282, 0.0160877089947, -0.00771106733009, -0.00103106512688, 0.00211622612551, -0.00240715057589, 0.00138989405241, -0.00104120932519, -0.000115245042252], [0.000296918937238, 0.000299985724268, 0.000650497968309, -0.0019093506271, 0.000436799775343, -0.00771106733009, 0.0183535870165, -0.00549883209169, -0.00517272390425, 0.00685339048505, -0.00324988248758, 0.000921667029615, 6.58503340674e-005], [0.000356879085302, 0.000549122516531, -0.00152445537969, 0.000567496404983, -0.000485275348183, -0.00103106512688, -0.00549883209169, 0.0157194696367, -0.00345140136778, -0.00438629370183, 0.00587791297585, -0.00345640606247, 0.00188811914995], [0.000109185784822, -0.000177716792678, 0.000886902329512, -0.00193476409186, 0.0012488065986, 0.00211622612551, -0.00517272390425, -0.00345140136778, 0.0167675111443, -0.00586035195738, -0.00136244297028, 0.00265953480266, -0.00168308755383], [0.000187601850484, -0.000286190479528, -0.00109350658022, 0.000381130899768, -0.00114261417184, -0.00240715057589, 0.00685339048505, -0.00438629370183, -0.00586035195738, 0.01956599392, -0.00972722657025, 0.0030423917342, 0.000677861622535], [3.84371414839e-005, 7.44113131077e-005, 0.00105165410787, -0.00129426724743, -0.000438728777226, 0.00138989405241, -0.00324988248758, 0.00587791297585, -0.00136244297028, -0.00972722657025, 0.0220518503338, -0.0113173350692, 0.00377836171538], [-3.10987197736e-005, -0.000126289771288, -0.00122571573593, 0.000401513709221, 0.00128686847165, -0.00104120932519, 0.000921667029615, -0.00345640606247, 0.00265953480266, 0.0030423917342, -0.0113173350692, 0.0244881808758, -0.0115008270368], [0.000109646731289, -3.11579642585e-005, -0.000596583471633, 0.000749621656723, -0.00069274083944, -0.000115245042252, 6.58503340674e-005, 0.00188811914995, -0.00168308755383, 0.000677861622535, 0.00377836171538, -0.0115008270368, 0.0161791369319]]
    },
    "spectral_contrast_coeffs": {
        "mean": [-0.646573007107, -0.665724337101, -0.664771676064, -0.742313325405, -0.7535379529, -0.742753565311],
        "var": [0.00452137505636, 0.00545887788758, 0.00430081272498, 0.00363240856677, 0.00285280682147, 0.0019375392003]
    },
    "spectral_contrast_valleys": {
        "mean": [-6.48863458633, -6.40920352936, -7.37920427322, -8.01309394836, -7.76554965973, -9.61196613312],
        "var": [0.46091902256, 0.497233718634, 0.431700378656, 0.41212567687, 0.677930116653, 0.906249642372]
    }
},
"metadata": {
    "audio_properties": {
        "analysis_sample_rate": 44100,
        "bit_rate": 111286,
        "equal_loudness": 0,
        "length": 45.0612258911,
        "lossless": 0,
        "replay_gain": -11.3844509125,
        "sample_rate": 44100,
        "codec": "mp3",
        "downmix": "mix",
        "md5_encoded": "92ae76ec47d59851cc1940357647f2b8"
    },
    "tags": {
        "file_name": "815.mp3"
    },
    "version": {
        "essentia": "2.1-beta2",
        "essentia_git_sha": "v2.1_beta2",
        "extractor": "music 1.0"
    }
},
"rhythm": {
    "beats_count": 120,
    "beats_loudness": {
        "mean": 0.194328069687,
        "var": 0.00156521634199
    },
    "bpm": 161.498947144,
    "bpm_histogram_first_peak_bpm": {
        "mean": 161,
        "var": 0
    },
    "bpm_histogram_first_peak_spread": {
        "mean": 0.28070178628,
        "var": 0
    },
    "bpm_histogram_first_peak_weight": {
        "mean": 0.689075648785,
        "var": 0
    },
    "bpm_histogram_second_peak_bpm": {
        "mean": 152,
        "var": 0
    },
    "bpm_histogram_second_peak_spread": {
        "mean": 0,
        "var": 0
    },
    "bpm_histogram_second_peak_weight": {
        "mean": 0.01680672355,
        "var": 0
    },
    "danceability": 2.34990739822,
    "onset_rate": 4.17022132874,
    "beats_loudness_band_ratio": {
        "mean": [0.915205359459, 0.014909860678, 0.0337575152516, 0.0167764350772, 0.00576127879322, 0.016981896013],
        "var": [0.00366856786422, 0.000218167740968, 0.00140618055593, 0.000248907483183, 3.58720608347e-005, 0.000236760999542]
    },
    "beats_position": [0.31346938014, 0.650158703327, 0.99845802784, 1.34675729275, 1.71827661991, 2.08979582787, 2.48453521729, 2.85605430603, 3.22757363319, 3.59909296036, 3.97061228752, 4.34213161469, 4.72526073456, 5.0967798233, 5.47990942001, 5.85142850876, 6.2229475975, 6.59446716309, 6.96598625183, 7.3491153717, 7.73224496841, 8.10376358032, 8.47528362274, 8.84680271149, 9.21832180023, 9.58984088898, 9.98458003998, 10.3560991287, 10.7276191711, 11.0991382599, 11.4706573486, 11.8421764374, 12.2253055573, 12.6084346771, 12.9799547195, 13.3514738083, 13.722992897, 14.0945119858, 14.4660310745, 14.8491611481, 15.2322902679, 15.6038093567, 15.9753284454, 16.3468475342, 16.7183666229, 17.0898857117, 17.4730148315, 17.8561439514, 18.2276649475, 18.5991840363, 18.970703125, 19.3422222137, 19.7253513336, 20.1084804535, 20.4799995422, 20.851518631, 21.2230377197, 21.5945568085, 21.9776859283, 22.3492050171, 22.7323360443, 23.1038551331, 23.4753742218, 23.8468933105, 24.2184123993, 24.6015415192, 24.984670639, 25.3561897278, 25.7277088165, 26.0992279053, 26.470746994, 26.8422679901, 27.22539711, 27.6085262299, 27.9800453186, 28.3515644073, 28.7230834961, 29.0946025848, 29.4661216736, 29.8492507935, 30.2323799133, 30.6038990021, 30.9754180908, 31.3469390869, 31.7184581757, 32.1015853882, 32.4847145081, 32.8562355042, 33.2277526855, 33.5992736816, 33.9707946777, 34.3423118591, 34.725440979, 35.0969619751, 35.480091095, 35.8516082764, 36.2231292725, 36.5946464539, 36.96616745, 37.3492965698, 37.7324256897, 38.1039466858, 38.4754638672, 38.8469848633, 39.2185020447, 39.6016311646, 39.9847602844, 40.3562812805, 40.7277984619, 41.099319458, 41.4708366394, 41.8423576355, 42.2254867554, 42.6086158752, 42.9801368713, 43.3516540527, 43.7231750488, 44.0946922302, 44.4778213501, 44.86095047]
},
"tonal": {
    "chords_changes_rate": 0.0267489720136,
    "chords_number_rate": 0.00617283955216,
    "chords_strength": {
        "mean": 0.552208840847,
        "var": 0.00953521113843
    },
    "hpcp_entropy": {
        "mean": 1.71765065193,
        "var": 0.291421860456
    },
    "key_strength": 0.506351947784,
    "tuning_diatonic_strength": 0.450712949038,
    "tuning_equal_tempered_deviation": 0.00782865192741,
    "tuning_frequency": 439.491973877,
    "tuning_nontempered_energy_ratio": 0.612180948257,
    "hpcp": {
        "mean": [0.0756581202149, 0.0620166733861, 0.168048813939, 0.290277391672, 0.171674802899, 0.0308341886848, 0.0209515988827, 0.0190165545791, 0.021013982594, 0.0231172405183, 0.0225421842188, 0.10529307276, 0.206559851766, 0.13619068265, 0.0426713339984, 0.04750501737, 0.0689703822136, 0.100161135197, 0.112315058708, 0.0905426815152, 0.115334570408, 0.171726942062, 0.147791609168, 0.157343998551, 0.186722874641, 0.12191734463, 0.11945220083, 0.157493785024, 0.108572676778, 0.0474226102233, 0.0262521486729, 0.0502931028605, 0.160985574126, 0.25625282526, 0.195438697934, 0.103551127017],
        "var": [0.0366492085159, 0.0278447605669, 0.0457302331924, 0.108692653477, 0.0445280224085, 0.0103460587561, 0.00933269970119, 0.00889665167779, 0.0109600294381, 0.0113266324624, 0.0078428639099, 0.0281150322407, 0.070433549583, 0.0320519283414, 0.013973522, 0.0229726675898, 0.0397587865591, 0.0592730045319, 0.0601934343576, 0.0419103354216, 0.0448185317218, 0.0838550254703, 0.0570361912251, 0.0748393163085, 0.10672749579, 0.047714330256, 0.0621301159263, 0.101834192872, 0.0570319443941, 0.0285487882793, 0.0110631473362, 0.0252372194082, 0.0790260955691, 0.125052765012, 0.0831325724721, 0.0515477247536]
    },
    "chords_histogram": [0, 0, 1.44032919407, 0, 6.27572011948, 0, 0, 0, 0, 0, 0, 0, 0, 0, 0, 0, 0, 27.3662548065, 0, 0.205761313438, 0, 4.62962961197, 24.4855976105, 35.5967063904],
    "thpcp": [1, 0.591416358948, 0.10622318089, 0.07217784971, 0.0655116662383, 0.0723927617073, 0.0796384438872, 0.0776573866606, 0.362732589245, 0.711594700813, 0.469174265862, 0.147001922131, 0.163653865457, 0.23760163784, 0.345053166151, 0.386923193932, 0.31191778183, 0.397325366735, 0.591596007347, 0.509139239788, 0.542047023773, 0.643256664276, 0.420002907515, 0.411510527134, 0.542563021183, 0.374030768871, 0.163369968534, 0.0904381424189, 0.173258766532, 0.554592192173, 0.882786035538, 0.673282563686, 0.356731623411, 0.260640770197, 0.213646233082, 0.578924894333],
    "chords_key": "A#",
    "chords_scale": "minor",
    "key_key": "C#",
    "key_scale": "major"
}
}