{
"lowlevel": {
    "average_loudness": 0.965431034565,
    "barkbands_crest": {
        "mean": 8.7282781601,
        "var": 23.5041370392
    },
    "barkbands_flatness_db": {
        "mean": 0.143384337425,
        "var": 0.00233119446784
    },
    "barkbands_kurtosis": {
        "mean": 1.70385098457,
        "var": 43.9869155884
    },
    "barkbands_skewness": {
        "mean": 0.740388453007,
        "var": 1.64554798603
    },
    "barkbands_spread": {
        "mean": 21.3268184662,
        "var": 90.1910705566
    },
    "dissonance": {
        "mean": 0.473242789507,
        "var": 0.000519767636433
    },
    "dynamic_complexity": 3.34583926201,
    "erbbands_crest": {
        "mean": 7.78467035294,
        "var": 8.77366638184
    },
    "erbbands_flatness_db": {
        "mean": 0.193615093827,
        "var": 0.00286122155376
    },
    "erbbands_kurtosis": {
        "mean": 0.643408000469,
        "var": 1.96106052399
    },
    "erbbands_skewness": {
        "mean": -0.244699522853,
        "var": 0.303929716349
    },
    "erbbands_spread": {
        "mean": 25.3825550079,
        "var": 200.451858521
    },
    "hfc": {
        "mean": 19.8570919037,
        "var": 456.690307617
    },
    "melbands_crest": {
        "mean": 12.1903543472,
        "var": 43.5397834778
    },
    "melbands_flatness_db": {
        "mean": 0.185325101018,
        "var": 0.00492844171822
    },
    "melbands_kurtosis": {
        "mean": 6.56559896469,
        "var": 217.254653931
    },
    "melbands_skewness": {
        "mean": 1.64331066608,
        "var": 2.94196176529
    },
    "melbands_spread": {
        "mean": 30.9289169312,
        "var": 292.95803833
    },
    "pitch_salience": {
        "mean": 0.556244671345,
        "var": 0.0208439733833
    },
    "silence_rate_20dB": {
        "mean": 1,
        "var": 0
    },
    "silence_rate_30dB": {
        "mean": 0.992276012897,
        "var": 0.00766465393826
    },
    "silence_rate_60dB": {
        "mean": 0.133882597089,
        "var": 0.115959748626
    },
    "spectral_centroid": {
        "mean": 1511.56201172,
        "var": 357167.59375
    },
    "spectral_complexity": {
        "mean": 19.4335727692,
        "var": 128.517471313
    },
    "spectral_decrease": {
        "mean": -5.95894977806e-009,
        "var": 4.51687366702e-017
    },
    "spectral_energy": {
        "mean": 0.0242915619165,
        "var": 0.000700373784639
    },
    "spectral_energyband_high": {
        "mean": 0.000431743188528,
        "var": 6.71218174375e-007
    },
    "spectral_energyband_low": {
        "mean": 0.0102545795962,
        "var": 0.000399651558837
    },
    "spectral_energyband_middle_high": {
        "mean": 0.0083924876526,
        "var": 9.57387310336e-005
    },
    "spectral_energyband_middle_low": {
        "mean": 0.00603303406388,
        "var": 5.7074266806e-005
    },
    "spectral_entropy": {
        "mean": 7.52959394455,
        "var": 0.158048018813
    },
    "spectral_flux": {
        "mean": 0.0961891561747,
        "var": 0.00472312467173
    },
    "spectral_kurtosis": {
        "mean": 7.82387924194,
        "var": 32.1098022461
    },
    "spectral_rms": {
        "mean": 0.00416468689218,
        "var": 6.35444939689e-006
    },
    "spectral_rolloff": {
        "mean": 1770.14282227,
        "var": 1823238.25
    },
    "spectral_skewness": {
        "mean": 1.92224252224,
        "var": 0.291138380766
    },
    "spectral_spread": {
        "mean": 3513799.25,
        "var": 3.6144962601e+012
    },
    "spectral_strongpeak": {
        "mean": 1.05107676983,
        "var": 1.97373664379
    },
    "zerocrossingrate": {
        "mean": 0.062952324748,
        "var": 0.00129549100529
    },
    "barkbands": {
        "mean": [0.000228666744079, 0.00729347206652, 0.00211897469126, 0.00106375757605, 0.00132554513402, 0.000847967574373, 0.000902528001461, 0.000707047642209, 0.00075329199899, 0.00104526651558, 0.000723118253518, 0.000912978488486, 0.00131271290593, 0.00135886424687, 0.00116613192949, 0.000593510922045, 0.000853724777699, 0.000432826840552, 0.000162222771905, 0.000104423073935, 9.51451584115e-005, 9.12834657356e-005, 8.67612980073e-005, 5.80867417739e-005, 3.99486125389e-005, 1.30229645947e-005, 2.88408898541e-007],
        "var": [5.136330401e-007, 0.000253112288192, 4.02490441047e-005, 9.38798530115e-006, 5.35462868356e-006, 1.33037099204e-006, 1.69732743416e-006, 1.45987621636e-006, 1.36789878979e-006, 3.24489133163e-006, 1.15379907584e-006, 4.416817319e-006, 4.25749158239e-006, 3.72767590306e-006, 2.97160386253e-006, 9.61784962783e-007, 1.81876453098e-006, 4.93670540891e-007, 7.81163365104e-008, 4.71615493325e-008, 4.29945323788e-008, 3.65784238454e-008, 3.22941851039e-008, 1.53364361211e-008, 1.05906305947e-008, 1.91667148819e-009, 2.9324522411e-012]
    },
    "erbbands": {
        "mean": [0.192316800356, 1.67086672783, 2.78544902802, 3.24057030678, 3.31614971161, 4.76900482178, 5.18340873718, 7.67560052872, 12.5050792694, 15.9999914169, 14.2520065308, 15.460650444, 32.2336654663, 29.9519958496, 28.7689399719, 44.6887435913, 62.9107475281, 73.1419906616, 60.4158706665, 49.3095550537, 41.2818260193, 36.4232406616, 27.0311489105, 15.1781644821, 6.53992986679, 5.10462808609, 4.18881845474, 3.45570158958, 3.00337123871, 3.20184397697, 2.3405251503, 1.34869909286, 0.864091813564, 0.549704790115, 0.243299126625, 0.0949301049113, 0.0155197493732, 0.00147492997348, 5.36103543709e-005, 3.12388838211e-005],
        "var": [0.182445302606, 14.6061840057, 52.3652191162, 89.6151885986, 67.9484939575, 66.6117019653, 60.0484237671, 121.99671936, 325.003662109, 657.192626953, 578.558044434, 570.276123047, 2252.19287109, 2681.04272461, 1571.60681152, 8286.85058594, 9675.80859375, 10737.0703125, 7071.15722656, 6287.96044922, 3855.58740234, 3025.69384766, 1443.59057617, 601.68536377, 153.635940552, 113.444335938, 97.9395370483, 47.1235694885, 36.7137260437, 42.1607246399, 24.4820899963, 7.33343315125, 3.98118662834, 2.03124475479, 0.43945851922, 0.0891867876053, 0.00336497672834, 4.63866563223e-005, 3.36522774091e-008, 1.04470221363e-009]
    },
    "gfcc": {
        "mean": [-51.3714828491, 111.702064514, -153.35319519, 22.0112304688, -50.2000846863, 24.0420360565, -44.3037490845, 7.70933485031, -14.8954925537, -4.07001495361, -7.86588954926, -3.49175643921, -7.59586668015],
        "cov": [[16976.0429688, -1242.75561523, -46.269985199, 349.878601074, -198.73576355, 577.922058105, -151.575042725, 330.517089844, -157.248855591, 415.401275635, -348.26272583, 332.567443848, -122.637367249], [-1242.75561523, 1899.52539063, -53.8327140808, -113.963539124, 537.092468262, -162.695663452, 217.928573608, -79.8924865723, 316.958557129, -190.601745605, 364.87677002, -143.766357422, 205.454086304], [-46.269985199, -53.8327140808, 1101.27392578, 406.045593262, 100.567451477, 244.497650146, 132.042739868, 138.945266724, -39.5620384216, 170.093215942, -102.585426331, 143.787185669, -22.0046710968], [349.878601074, -113.963539124, 406.045593262, 422.339691162, 40.1980895996, 163.36555481, 62.4901924133, 76.0160751343, -8.63017368317, 63.7100410461, -51.397644043, 31.743019104, -1.13470089436], [-198.73576355, 537.092468262, 100.567451477, 40.1980895996, 407.14239502, 39.205947876, 114.472518921, 70.370300293, 139.677185059, -32.3328514099, 119.661857605, 14.9763917923, 51.0101165771], [577.922058105, -162.695663452, 244.497650146, 163.36555481, 39.205947876, 212.635498047, 57.2985572815, 83.3007507324, 19.364572525, 92.9920196533, -32.1630859375, 43.6169242859, -7.21215105057], [-151.575042725, 217.928573608, 132.042739868, 62.4901924133, 114.472518921, 57.2985572815, 153.134796143, 51.6879043579, 75.4412307739, 28.1528110504, 59.3004760742, -4.61677837372, 18.0600662231], [330.517089844, -79.8924865723, 138.945266724, 76.0160751343, 70.370300293, 83.3007507324, 51.6879043579, 135.991760254, 43.8597259521, 59.4847297668, 1.10917401314, 53.1016654968, -8.46154499054], [-157.248855591, 316.958557129, -39.5620384216, -8.63017368317, 139.677185059, 19.364572525, 75.4412307739, 43.8597259521, 170.154663086, 7.27778959274, 109.182304382, -12.5464744568, 66.8907852173], [415.401275635, -190.601745605, 170.093215942, 63.7100410461, -32.3328514099, 92.9920196533, 28.1528110504, 59.4847297668, 7.27778959274, 125.777000427, -21.7237243652, 54.791469574, -8.93710422516], [-348.26272583, 364.87677002, -102.585426331, -51.397644043, 119.661857605, -32.1630859375, 59.3004760742, 1.10917401314, 109.182304382, -21.7237243652, 161.513763428, -12.2990589142, 65.5835418701], [332.567443848, -143.766357422, 143.787185669, 31.743019104, 14.9763917923, 43.6169242859, -4.61677837372, 53.1016654968, -12.5464744568, 54.791469574, -12.2990589142, 116.582527161, 10.3257513046], [-122.637367249, 205.454086304, -22.0046710968, -1.13470089436, 51.0101165771, -7.21215105057, 18.0600662231, -8.46154499054, 66.8907852173, -8.93710422516, 65.5835418701, 10.3257513046, 97.9561309814]],
        "icov": [[8.56471306179e-005, -0.000138338975376, 0.000211313963518, -0.000101115314465, 5.05651951244e-005, -0.000258977524936, 0.000109345724923, -0.000144510937389, 0.000128534942633, -0.000293767952826, 0.000281979941064, -0.000314264005283, 9.53981943894e-005], [-0.000138338975376, 0.00278886919841, -0.0015120015014, 0.000783806142863, -0.00196876819246, 0.00174611422699, -0.00117553968448, 0.00170296325814, -0.00138639763463, 0.00212920946069, -0.00274794502184, 0.00301525415853, -0.00217260583304], [0.000211313963518, -0.0015120015014, 0.00325043359771, -0.00190555374138, 0.000248525524512, -0.00125633762218, -0.00087914703181, -0.000524660863448, 0.00167996715754, -0.00295862648636, 0.00302966614254, -0.00350957573391, 0.000963197089732], [-0.000101115314465, 0.000783806142863, -0.00190555374138, 0.00484652817249, -0.000326211913489, -0.00175435934216, -0.000385635095881, -0.000747296318877, 0.000368262117263, 0.00190858659334, -0.000579215411562, 0.00257261958905, -0.00205595139414], [5.05651951244e-005, -0.00196876819246, 0.000248525524512, -0.000326211913489, 0.00653832312673, -0.00216670590453, -0.000523003342096, -0.00235447357409, -0.00187441986054, 0.0030535175465, -0.00010722962179, -0.00364469480701, 0.00258794124238], [-0.000258977524936, 0.00174611422699, -0.00125633762218, -0.00175435934216, -0.00216670590453, 0.0118671227247, -0.0019620906096, -0.000465066696052, -0.00166440661997, -0.00369306793436, 0.00034006460919, 0.00263226637617, -0.00167100841645], [0.000109345724923, -0.00117553968448, -0.00087914703181, -0.000385635095881, -0.000523003342096, -0.0019620906096, 0.013250971213, -0.00285768439062, -0.0010569364531, -0.00249954755418, -0.00285786646418, 0.0026406343095, 0.00196723942645], [-0.000144510937389, 0.00170296325814, -0.000524660863448, -0.000747296318877, -0.00235447357409, -0.000465066696052, -0.00285768439062, 0.0167011767626, -0.00654760329053, -0.000665377650876, 0.000199612113647, -0.00461013661698, 0.00404486199841], [0.000128534942633, -0.00138639763463, 0.00167996715754, 0.000368262117263, -0.00187441986054, -0.00166440661997, -0.0010569364531, -0.00654760329053, 0.0188037846237, -0.00499502802268, -0.00413138838485, 0.00411343760788, -0.00703048473224], [-0.000293767952826, 0.00212920946069, -0.00295862648636, 0.00190858659334, 0.0030535175465, -0.00369306793436, -0.00249954755418, -0.000665377650876, -0.00499502802268, 0.0206038188189, -0.00317665119655, -0.00283877365291, 0.000782037095632], [0.000281979941064, -0.00274794502184, 0.00302966614254, -0.000579215411562, -0.00010722962179, 0.00034006460919, -0.00285786646418, 0.000199612113647, -0.00413138838485, -0.00317665119655, 0.0188010092825, -0.00486933253706, -0.0021275181789], [-0.000314264005283, 0.00301525415853, -0.00350957573391, 0.00257261958905, -0.00364469480701, 0.00263226637617, 0.0026406343095, -0.00461013661698, 0.00411343760788, -0.00283877365291, -0.00486933253706, 0.0205011442304, -0.00823844410479], [9.53981943894e-005, -0.00217260583304, 0.000963197089732, -0.00205595139414, 0.00258794124238, -0.00167100841645, 0.00196723942645, 0.00404486199841, -0.00703048473224, 0.000782037095632, -0.0021275181789, -0.00823844410479, 0.0207585655153]]
    },
    "melbands": {
        "mean": [0.00192268320825, 0.00178680487443, 0.000568278948776, 0.000276255159406, 0.000201175455004, 0.000178565489477, 0.000188069869182, 0.000170761457412, 0.000114271715574, 0.000102006175439, 0.000161820222274, 0.000120305143355, 9.99075273285e-005, 9.25254425965e-005, 0.000149845829583, 0.000115107257443, 0.000142082702951, 9.41707039601e-005, 7.91838465375e-005, 5.01987524331e-005, 5.09131859872e-005, 4.00713506679e-005, 2.93336597679e-005, 2.51266355917e-005, 1.05495300886e-005, 5.02919419887e-006, 3.79561970476e-006, 3.14401995638e-006, 2.71665476248e-006, 2.18537661567e-006, 1.9568319658e-006, 1.54373105943e-006, 1.97236818167e-006, 1.74368676653e-006, 1.47856599142e-006, 9.9582518942e-007, 7.43982752738e-007, 5.81032281843e-007, 5.77820117087e-007, 4.28721534718e-007],
        "var": [1.72045383806e-005, 1.63724234881e-005, 2.60924389295e-006, 2.81459165308e-007, 9.58587662581e-008, 6.2916072352e-008, 6.87739714067e-008, 7.91464742633e-008, 3.70929278404e-008, 2.37934028036e-008, 5.90860054217e-008, 4.99135488496e-008, 1.99496366093e-008, 3.42600898762e-008, 7.25209616803e-008, 2.7583581641e-008, 4.77383252928e-008, 1.79001542477e-008, 1.63154822985e-008, 6.49395204277e-009, 6.94490775999e-009, 4.59284610344e-009, 2.72448441585e-009, 2.12724104998e-009, 3.73538311393e-010, 1.16533047101e-010, 5.51127511683e-011, 4.5235763052e-011, 4.35280006483e-011, 2.28624150861e-011, 1.5481792931e-011, 9.7567171356e-012, 1.8487929937e-011, 1.30172808296e-011, 1.07690436429e-011, 4.33807547176e-012, 2.44534709322e-012, 1.68618992467e-012, 2.63304981117e-012, 1.19925781545e-012]
    },
    "mfcc": {
        "mean": [-676.775634766, 133.103805542, -28.8147315979, 1.34318554401, 12.4796848297, 8.07583045959, -6.03987646103, 7.35992431641, -3.08653926849, 1.27750134468, 2.26134419441, 1.76694083214, -2.56966567039],
        "cov": [[12969.7089844, 52.7918319702, -771.656982422, -26.5441684723, 13.0617780685, 169.922317505, -120.19103241, 114.322395325, 83.9475860596, 65.4104537964, 19.7782993317, 19.7217273712, 22.296245575], [52.7918319702, 1912.93835449, -344.609863281, 124.07043457, 301.900238037, -0.732241094112, 68.354598999, 138.800064087, -12.7675113678, 72.9568634033, 71.443862915, 86.4978866577, 31.4407997131], [-771.656982422, -344.609863281, 873.130126953, 254.491668701, 32.022190094, 176.24911499, 129.910140991, 25.8688297272, 114.240737915, 17.1173019409, 0.880715548992, 12.7351894379, 96.9763793945], [-26.5441684723, 124.07043457, 254.491668701, 293.427459717, 108.992172241, 100.434043884, 86.7339935303, 75.6592254639, 48.0896072388, 27.5458698273, 21.6909255981, 9.35203552246, 27.8788261414], [13.0617780685, 301.900238037, 32.022190094, 108.992172241, 251.063781738, 73.2575912476, 55.37159729, 98.4018936157, 53.5769538879, 34.9051933289, 42.8648948669, 26.5166454315, 31.0874576569], [169.922317505, -0.732241094112, 176.24911499, 100.434043884, 73.2575912476, 153.565719604, 68.8346328735, 40.3109016418, 53.3320960999, 38.6292572021, 25.54662323, 14.5543889999, 31.9445114136], [-120.19103241, 68.354598999, 129.910140991, 86.7339935303, 55.37159729, 68.8346328735, 108.182128906, 53.7734909058, 34.7119865417, 36.7283706665, 41.9069404602, 12.1830177307, 17.0958881378], [114.322395325, 138.800064087, 25.8688297272, 75.6592254639, 98.4018936157, 40.3109016418, 53.7734909058, 116.563247681, 43.002166748, 30.3369026184, 41.4207267761, 30.5476512909, 14.5587711334], [83.9475860596, -12.7675113678, 114.240737915, 48.0896072388, 53.5769538879, 53.3320960999, 34.7119865417, 43.002166748, 102.903007507, 43.2936096191, 14.865404129, 18.9243164063, 48.8836135864], [65.4104537964, 72.9568634033, 17.1173019409, 27.5458698273, 34.9051933289, 38.6292572021, 36.7283706665, 30.3369026184, 43.2936096191, 95.773475647, 50.7450675964, 21.1883106232, 23.813835144], [19.7782993317, 71.443862915, 0.880715548992, 21.6909255981, 42.8648948669, 25.54662323, 41.9069404602, 41.4207267761, 14.865404129, 50.7450675964, 97.8624725342, 30.6017456055, -6.65581035614], [19.7217273712, 86.4978866577, 12.7351894379, 9.35203552246, 26.5166454315, 14.5543889999, 12.1830177307, 30.5476512909, 18.9243164063, 21.1883106232, 30.6017456055, 73.5158157349, 30.2663707733], [22.296245575, 31.4407997131, 96.9763793945, 27.8788261414, 31.0874576569, 31.9445114136, 17.0958881378, 14.5587711334, 48.8836135864, 23.813835144, -6.65581035614, 30.2663707733, 104.42906189]],
        "icov": [[9.47804364841e-005, 1.41312175401e-005, 0.000168604354258, -8.50240030559e-005, 0.000125588820083, -0.000310429633828, 0.000215281484998, -0.000143973957165, -0.000122647310491, 5.31122714165e-005, -4.89987687615e-005, 5.3254832892e-005, -8.92203097465e-005], [1.41312175401e-005, 0.000848690571729, 0.000497518049087, -0.000449893064797, -0.000905897235498, 0.000373565679183, -0.000625046901405, 7.43228811189e-005, 0.000631403177977, -0.000456960580777, 0.000368959910702, -0.000767324760091, -0.000298524799291], [0.000168604354258, 0.000497518049087, 0.00291512277909, -0.00195097178221, 0.000606770045124, -0.00155681674369, -0.0016058300389, 0.00121438351925, -0.00173996074591, 0.00149152753875, -0.000167113306816, -0.000367366679711, -0.00141266931314], [-8.50240030559e-005, -0.000449893064797, -0.00195097178221, 0.0067333211191, -0.00115258630831, -0.00100399099756, -0.00123901385814, -0.00242795608938, 0.00115453649778, -0.000615858240053, 0.00108185724821, 0.000986606231891, 0.000742346514016], [0.000125588820083, -0.000905897235498, 0.000606770045124, -0.00115258630831, 0.00818888470531, -0.00283437757753, 0.00150571449194, -0.00435052532703, -0.0019366099732, 0.00163184455596, -0.00189542933367, 0.0015769462334, -0.00126397481654], [-0.000310429633828, 0.000373565679183, -0.00155681674369, -0.00100399099756, -0.00283437757753, 0.013221167028, -0.00494781322777, 0.00191943463869, -0.00118312984705, -0.00232246448286, 0.000890987750608, -0.00112432462629, 0.00047549221199], [0.000215281484998, -0.000625046901405, -0.0016058300389, -0.00123901385814, 0.00150571449194, -0.00494781322777, 0.0202103406191, -0.00600490346551, 0.000715955276974, -0.00157427287195, -0.00519613409415, 0.0034348431509, -0.00074476347072], [-0.000143973957165, 7.43228811189e-005, 0.00121438351925, -0.00242795608938, -0.00435052532703, 0.00191943463869, -0.00600490346551, 0.0188761744648, -0.00506511004642, 0.00156949076336, -0.0019617464859, -0.00469809537753, 0.00183794193435], [-0.000122647310491, 0.000631403177977, -0.00173996074591, 0.00115453649778, -0.0019366099732, -0.00118312984705, 0.000715955276974, -0.00506511004642, 0.0195935051888, -0.00696988776326, 0.00254880264401, 0.000252741971053, -0.00482217688113], [5.31122714165e-005, -0.000456960580777, 0.00149152753875, -0.000615858240053, 0.00163184455596, -0.00232246448286, -0.00157427287195, 0.00156949076336, -0.00696988776326, 0.0197224654257, -0.00934928562492, 0.00104543485213, -0.00296459160745], [-4.89987687615e-005, 0.000368959910702, -0.000167113306816, 0.00108185724821, -0.00189542933367, 0.000890987750608, -0.00519613409415, -0.0019617464859, 0.00254880264401, -0.00934928562492, 0.0204123333097, -0.00705489143729, 0.00546616548672], [5.3254832892e-005, -0.000767324760091, -0.000367366679711, 0.000986606231891, 0.0015769462334, -0.00112432462629, 0.0034348431509, -0.00469809537753, 0.000252741971053, 0.00104543485213, -0.00705489143729, 0.0207332130522, -0.00655083870515], [-8.92203097465e-005, -0.000298524799291, -0.00141266931314, 0.000742346514016, -0.00126397481654, 0.00047549221199, -0.00074476347072, 0.00183794193435, -0.00482217688113, -0.00296459160745, 0.00546616548672, -0.00655083870515, 0.0160753056407]]
    },
    "spectral_contrast_coeffs": {
        "mean": [-0.676717281342, -0.783584713936, -0.782812654972, -0.776108384132, -0.764876842499, -0.779086589813],
        "var": [0.00707763712853, 0.00349496002309, 0.00387924909592, 0.00340422568843, 0.00375118060037, 0.00177868281025]
    },
    "spectral_contrast_valleys": {
        "mean": [-7.90443468094, -6.90196084976, -7.2383055687, -7.39323234558, -8.10650634766, -10.8569021225],
        "var": [2.67491054535, 1.77727925777, 1.85001921654, 1.98064601421, 1.96199762821, 2.26423001289]
    }
},
"metadata": {
    "audio_properties": {
        "analysis_sample_rate": 44100,
        "bit_rate": 112500,
        "equal_loudness": 0,
        "length": 45.0612258911,
        "lossless": 0,
        "replay_gain": -13.9803447723,
        "sample_rate": 44100,
        "codec": "mp3",
        "downmix": "mix",
        "md5_encoded": "8cf90aa2e40c5e7e46516180ed3d1af9"
    },
    "tags": {
        "file_name": "818.mp3"
    },
    "version": {
        "essentia": "2.1-beta2",
        "essentia_git_sha": "v2.1_beta2",
        "extractor": "music 1.0"
    }
},
"rhythm": {
    "beats_count": 82,
    "beats_loudness": {
        "mean": 0.0496161654592,
        "var": 0.000397087016609
    },
    "bpm": 109.73840332,
    "bpm_histogram_first_peak_bpm": {
        "mean": 110,
        "var": 0
    },
    "bpm_histogram_first_peak_spread": {
        "mean": 0.435897469521,
        "var": 0
    },
    "bpm_histogram_first_peak_weight": {
        "mean": 0.543209850788,
        "var": 0
    },
    "bpm_histogram_second_peak_bpm": {
        "mean": 101,
        "var": 0
    },
    "bpm_histogram_second_peak_spread": {
        "mean": 0.333333343267,
        "var": 0
    },
    "bpm_histogram_second_peak_weight": {
        "mean": 0.0246913582087,
        "var": 0
    },
    "danceability": 1.70143377781,
    "onset_rate": 5.78950929642,
    "beats_loudness_band_ratio": {
        "mean": [0.420148313046, 0.0656138584018, 0.0999302566051, 0.207609593868, 0.188839048147, 0.0464230068028],
        "var": [0.127695724368, 0.00160459068138, 0.00552646629512, 0.0230693109334, 0.0215531848371, 0.0016006847145]
    },
    "beats_position": [0.580498874187, 1.16099774837, 1.75310659409, 2.34521532059, 2.90249419212, 3.45977306366, 3.99383211136, 4.55111122131, 5.08516979218, 5.64244890213, 6.18811798096, 6.73378658295, 7.27945566177, 7.8251247406, 8.37079334259, 8.91646194458, 9.47374153137, 10.0078001022, 10.5534696579, 11.0991382599, 11.656416893, 12.202085495, 12.7477550507, 13.2934236526, 13.8390922546, 14.3847618103, 14.9304304123, 15.4877090454, 16.0217685699, 16.5790481567, 17.1131057739, 17.6703853607, 18.2160549164, 18.7617225647, 19.3073921204, 19.853061676, 20.3987293243, 20.94439888, 21.5016784668, 22.0473461151, 22.5930156708, 23.1386852264, 23.6843528748, 24.2300224304, 24.7756919861, 25.3213596344, 25.8670291901, 26.4243087769, 26.958366394, 27.5156459808, 28.0497055054, 28.6069831848, 29.1410427094, 29.6983222961, 30.2439899445, 30.7896595001, 31.3353290558, 31.8809967041, 32.4266662598, 32.9723358154, 33.5296134949, 34.0752830505, 34.6209526062, 35.1550102234, 35.7122879028, 36.269569397, 36.8036270142, 37.3609046936, 37.8949661255, 38.4522438049, 38.9979133606, 39.5435829163, 40.0776405334, 40.6349182129, 41.1689796448, 41.7262573242, 42.2719268799, 42.8175964355, 43.3632659912, 43.9089317322, 44.4546012878, 45.0002708435]
},
"tonal": {
    "chords_changes_rate": 0.0658436194062,
    "chords_number_rate": 0.00925925932825,
    "chords_strength": {
        "mean": 0.495773106813,
        "var": 0.00873147137463
    },
    "hpcp_entropy": {
        "mean": 2.44828867912,
        "var": 0.464566797018
    },
    "key_strength": 0.77537471056,
    "tuning_diatonic_strength": 0.524057805538,
    "tuning_equal_tempered_deviation": 0.194399788976,
    "tuning_frequency": 434.193115234,
    "tuning_nontempered_energy_ratio": 0.939549744129,
    "hpcp": {
        "mean": [0.28958311677, 0.301880717278, 0.180889770389, 0.145899266005, 0.132946759462, 0.132608473301, 0.247836560011, 0.267610341311, 0.171015620232, 0.188667327166, 0.198257416487, 0.155895546079, 0.154488101602, 0.1475931108, 0.135215833783, 0.235447794199, 0.287564247847, 0.208179086447, 0.160791754723, 0.1267388165, 0.141233816743, 0.262710899115, 0.246096909046, 0.140777915716, 0.135118812323, 0.10853523016, 0.0916074290872, 0.199782833457, 0.246684715152, 0.17310205102, 0.293947994709, 0.350501000881, 0.199868291616, 0.143704041839, 0.134496510029, 0.15800884366],
        "var": [0.0910372659564, 0.100243337452, 0.0507926419377, 0.0498631000519, 0.0455943234265, 0.0316984318197, 0.0749345868826, 0.085160061717, 0.040281035006, 0.0608327351511, 0.0638397559524, 0.0478194579482, 0.0554628483951, 0.0555125065148, 0.0364592149854, 0.0743897408247, 0.100686080754, 0.0671268478036, 0.0549359023571, 0.0382101610303, 0.0353548154235, 0.091005936265, 0.0810546800494, 0.0301243979484, 0.0466457344592, 0.0283643249422, 0.0186882186681, 0.0589927062392, 0.0909789055586, 0.0324222780764, 0.0918140932918, 0.127575904131, 0.0437136366963, 0.050953309983, 0.0448720380664, 0.0441260375082]
    },
    "chords_histogram": [28.3950614929, 24.7942390442, 4.01234579086, 1.64609050751, 0, 0, 0, 0, 0, 0, 0, 0, 0, 0, 0, 2.46913576126, 0, 3.29218101501, 0, 0, 0, 2.05761313438, 24.7942390442, 8.53909492493],
    "thpcp": [1, 0.570236027241, 0.409996092319, 0.383726477623, 0.450808525085, 0.826197683811, 0.861283481121, 0.516089141369, 0.416259199381, 0.379304945469, 0.378339797258, 0.707092285156, 0.763508081436, 0.487917631865, 0.538278996944, 0.565640091896, 0.444779187441, 0.440763652325, 0.42109182477, 0.385778725147, 0.671746432781, 0.820437729359, 0.593947172165, 0.458748340607, 0.361593306065, 0.402948409319, 0.749529659748, 0.702129006386, 0.401647686958, 0.385501921177, 0.309657394886, 0.261361390352, 0.569992184639, 0.703806042671, 0.493870347738, 0.838650941849],
    "chords_key": "G",
    "chords_scale": "major",
    "key_key": "G",
    "key_scale": "major"
}
}