{
"lowlevel": {
    "average_loudness": 0.981847882271,
    "barkbands_crest": {
        "mean": 9.45308017731,
        "var": 7.61968994141
    },
    "barkbands_flatness_db": {
        "mean": 0.269384324551,
        "var": 0.00324968784116
    },
    "barkbands_kurtosis": {
        "mean": 2.32485413551,
        "var": 6.97972488403
    },
    "barkbands_skewness": {
        "mean": 0.944576263428,
        "var": 0.362446635962
    },
    "barkbands_spread": {
        "mean": 8.76802635193,
        "var": 37.988609314
    },
    "dissonance": {
        "mean": 0.384781360626,
        "var": 0.0026295511052
    },
    "dynamic_complexity": 1.00333559513,
    "erbbands_crest": {
        "mean": 13.2737159729,
        "var": 14.6287698746
    },
    "erbbands_flatness_db": {
        "mean": 0.295895278454,
        "var": 0.00248084403574
    },
    "erbbands_kurtosis": {
        "mean": 2.244161129,
        "var": 6.31297492981
    },
    "erbbands_skewness": {
        "mean": 0.806049227715,
        "var": 0.33419367671
    },
    "erbbands_spread": {
        "mean": 15.1024446487,
        "var": 59.4017753601
    },
    "hfc": {
        "mean": 19.1048870087,
        "var": 191.621307373
    },
    "melbands_crest": {
        "mean": 11.6056747437,
        "var": 13.0259428024
    },
    "melbands_flatness_db": {
        "mean": 0.336402535439,
        "var": 0.00534072844312
    },
    "melbands_kurtosis": {
        "mean": 3.32284379005,
        "var": 12.1491270065
    },
    "melbands_skewness": {
        "mean": 1.13961946964,
        "var": 0.434333980083
    },
    "melbands_spread": {
        "mean": 12.1206436157,
        "var": 91.4339828491
    },
    "pitch_salience": {
        "mean": 0.548392057419,
        "var": 0.00646718405187
    },
    "silence_rate_20dB": {
        "mean": 1,
        "var": 0
    },
    "silence_rate_30dB": {
        "mean": 1,
        "var": 0
    },
    "silence_rate_60dB": {
        "mean": 0.00257334019989,
        "var": 0.0025667718146
    },
    "spectral_centroid": {
        "mean": 677.861816406,
        "var": 282760.71875
    },
    "spectral_complexity": {
        "mean": 11.6031913757,
        "var": 13.9686946869
    },
    "spectral_decrease": {
        "mean": -8.82420803094e-009,
        "var": 1.43664033956e-017
    },
    "spectral_energy": {
        "mean": 0.0350374877453,
        "var": 0.000226050164201
    },
    "spectral_energyband_high": {
        "mean": 0.000257773674093,
        "var": 5.76383172302e-007
    },
    "spectral_energyband_low": {
        "mean": 0.00700485473499,
        "var": 8.36075414554e-005
    },
    "spectral_energyband_middle_high": {
        "mean": 0.00440395530313,
        "var": 3.615404421e-005
    },
    "spectral_energyband_middle_low": {
        "mean": 0.0242277830839,
        "var": 7.62339768698e-005
    },
    "spectral_entropy": {
        "mean": 6.34463357925,
        "var": 0.29387435317
    },
    "spectral_flux": {
        "mean": 0.0717239454389,
        "var": 0.00144827680197
    },
    "spectral_kurtosis": {
        "mean": 22.7498416901,
        "var": 333.96661377
    },
    "spectral_rms": {
        "mean": 0.00571289332584,
        "var": 1.54582028244e-006
    },
    "spectral_rolloff": {
        "mean": 844.324890137,
        "var": 806846.125
    },
    "spectral_skewness": {
        "mean": 3.27182006836,
        "var": 1.70251810551
    },
    "spectral_spread": {
        "mean": 2218235.5,
        "var": 3.19571597722e+012
    },
    "spectral_strongpeak": {
        "mean": 1.68169915676,
        "var": 1.64890027046
    },
    "zerocrossingrate": {
        "mean": 0.0307245254517,
        "var": 0.000537338841241
    },
    "barkbands": {
        "mean": [1.60187264555e-005, 0.00283678411506, 0.00359703297727, 0.00135470659006, 0.00564202107489, 0.00240151025355, 0.00374592770822, 0.00579704437405, 0.00471206195652, 0.00132170715369, 0.000313003460178, 0.000344962754752, 0.00059355731355, 0.000511112622917, 0.00101138849277, 0.000387165026041, 7.67538294895e-005, 2.88169849227e-005, 6.44467218081e-005, 6.738762022e-005, 9.75987350103e-005, 6.77281350363e-005, 2.33796363318e-005, 1.45966778291e-005, 8.09750144981e-006, 2.68235362455e-006, 7.82517872722e-009],
        "var": [7.9548762022e-010, 3.15636934829e-005, 2.68149888143e-005, 2.48293395089e-006, 1.56462410814e-005, 5.64585843676e-006, 1.63097338373e-005, 3.32870222337e-005, 1.56558835442e-005, 5.95395886194e-006, 1.60744525601e-006, 2.19729668061e-006, 4.25035341323e-006, 3.76535922442e-006, 5.82448956266e-006, 3.0179710393e-006, 2.8429732879e-007, 1.1299956526e-008, 8.88233344654e-008, 7.03460116824e-008, 1.31563496097e-007, 6.28368681532e-008, 1.3413258948e-008, 3.93496479845e-009, 1.44793665946e-009, 3.70626279667e-010, 2.17816915255e-015]
    },
    "erbbands": {
        "mean": [0.0247385408729, 0.861491084099, 4.14958238602, 4.03261518478, 9.65638256073, 20.7782726288, 19.167673111, 22.8265800476, 53.2428245544, 81.8382873535, 134.634536743, 111.571685791, 40.9837265015, 28.8110523224, 12.9691534042, 13.6319761276, 28.8826007843, 31.7404937744, 54.4697227478, 24.1728801727, 18.1044883728, 3.74923372269, 1.68057489395, 2.1511991024, 3.80244779587, 3.26290011406, 3.61628341675, 3.72987914085, 2.76028609276, 1.19744098186, 0.706747114658, 0.408637166023, 0.194549933076, 0.0803369581699, 0.0708702802658, 0.0212661884725, 0.00165357324295, 9.50330941123e-005, 2.0937906811e-005, 4.03815829486e-005],
        "var": [0.00265847775154, 2.53439426422, 36.0941390991, 14.7205858231, 59.3030662537, 292.710784912, 327.297515869, 539.335327148, 2995.32421875, 5699.98974609, 14930.3769531, 10537.3564453, 5564.24121094, 4414.28173828, 1839.19055176, 2047.21289063, 10155.9355469, 12748.328125, 15687.6445313, 4595.29345703, 6100.64892578, 288.994628906, 17.4385185242, 127.533660889, 307.842834473, 181.948257446, 207.886108398, 212.388549805, 102.026527405, 22.7874832153, 12.4209928513, 3.6048104763, 1.24320375919, 0.173533633351, 0.12775157392, 0.0188246723264, 0.000150153136929, 5.63216701721e-007, 4.33261260202e-010, 3.20415055599e-010]
    },
    "gfcc": {
        "mean": [-74.4233093262, 180.82244873, -131.307113647, 1.24096786976, -71.3358917236, -15.3784227371, -33.6851196289, -17.2714939117, -0.889902532101, -5.55913496017, -19.4621105194, -28.9564056396, -5.7040605545],
        "cov": [[5344.73730469, -1273.86474609, -371.24230957, 767.166442871, -507.100799561, 692.30670166, -222.226837158, 275.325927734, -154.357620239, 283.227844238, -208.040756226, 137.136413574, -33.1204071045], [-1273.86474609, 1696.76464844, 461.861480713, -189.703521729, 496.978820801, -236.250747681, 274.154968262, -134.591918945, 303.386199951, -58.7778511047, 210.900100708, -180.374313354, 48.190032959], [-371.24230957, 461.861480713, 723.853088379, 206.26222229, 358.041778564, 263.808807373, 93.1759185791, 153.670578003, 235.262741089, 124.00202179, 36.4196395874, 9.69877243042, 29.5400905609], [767.166442871, -189.703521729, 206.26222229, 477.365844727, 79.6864318848, 289.808898926, 18.1959915161, 51.6526107788, 119.69670105, 186.365982056, 69.3609771729, 6.71809768677, 5.10260009766], [-507.100799561, 496.978820801, 358.041778564, 79.6864318848, 319.207733154, 58.0336151123, 89.293800354, 23.2065849304, 164.95475769, 52.943813324, 89.1055297852, -14.3309278488, 5.77520561218], [692.30670166, -236.250747681, 263.808807373, 289.808898926, 58.0336151123, 376.312530518, 16.9681377411, 129.816329956, 82.5415267944, 163.518798828, -35.5398025513, 43.5093688965, 15.5448408127], [-222.226837158, 274.154968262, 93.1759185791, 18.1959915161, 89.293800354, 16.9681377411, 191.056854248, -15.4457368851, -25.6426048279, 57.6785774231, 97.842880249, -21.5424499512, -8.86018371582], [275.325927734, -134.591918945, 153.670578003, 51.6526107788, 23.2065849304, 129.816329956, -15.4457368851, 205.865356445, 32.6672286987, -28.7860088348, -83.9131851196, 47.8782310486, 10.9260826111], [-154.357620239, 303.386199951, 235.262741089, 119.69670105, 164.95475769, 82.5415267944, -25.6426048279, 32.6672286987, 361.509277344, 37.5563545227, -61.2181167603, -82.8734741211, 34.3145065308], [283.227844238, -58.7778511047, 124.00202179, 186.365982056, 52.943813324, 163.518798828, 57.6785774231, -28.7860088348, 37.5563545227, 232.112380981, 69.8069915771, -19.43724823, -30.1346206665], [-208.040756226, 210.900100708, 36.4196395874, 69.3609771729, 89.1055297852, -35.5398025513, 97.842880249, -83.9131851196, -61.2181167603, 69.8069915771, 218.450576782, -11.8124828339, -44.1828041077], [137.136413574, -180.374313354, 9.69877243042, 6.71809768677, -14.3309278488, 43.5093688965, -21.5424499512, 47.8782310486, -82.8734741211, -19.43724823, -11.8124828339, 123.380661011, -2.44054746628], [-33.1204071045, 48.190032959, 29.5400905609, 5.10260009766, 5.77520561218, 15.5448408127, -8.86018371582, 10.9260826111, 34.3145065308, -30.1346206665, -44.1828041077, -2.44054746628, 87.6626358032]],
        "icov": [[0.0014071444748, -0.00326101202518, 0.00301413564011, -0.00356003316119, 0.00284897582605, -0.0027065037284, 0.00350864022039, -0.00314758555032, 0.00250055314973, -0.00233603920788, 0.0024913714733, -0.00166579708457, 0.00198245467618], [-0.00326101202518, 0.0114917224273, -0.00867785606533, 0.0101854568347, -0.00916496384889, 0.00746996095404, -0.011568560265, 0.00927354581654, -0.00806793291122, 0.00757977552712, -0.00792038440704, 0.00612661382183, -0.00632156198844], [0.00301413564011, -0.00867785606533, 0.012629782781, -0.00779007654637, 0.00206870469265, -0.00840004719794, 0.00907452590764, -0.0101111344993, 0.00579491443932, -0.00700998492539, 0.00584420608357, -0.00447234138846, 0.00378032354638], [-0.00356003316119, 0.0101854568347, -0.00779007654637, 0.0160524640232, -0.00756763713434, 0.0031188656576, -0.00927252694964, 0.00813395064324, -0.00975027959794, 0.00565156666562, -0.0119146043435, 0.00488618481904, -0.00736864609644], [0.00284897582605, -0.00916496384889, 0.00206870469265, -0.00756763713434, 0.0199729129672, -0.00482134195045, 0.00707411440089, -0.00694104842842, 0.00176475232001, -0.0053862221539, 0.00167265359778, -0.00776989199221, 0.00506157660857], [-0.0027065037284, 0.00746996095404, -0.00840004719794, 0.0031188656576, -0.00482134195045, 0.0170720107853, -0.00878700427711, 0.00306720635854, -0.00500998320058, -0.000424907164415, -0.0018322202377, 0.00139764300548, -0.00552949076518], [0.00350864022039, -0.011568560265, 0.00907452590764, -0.00927252694964, 0.00707411440089, -0.00878700427711, 0.0204323902726, -0.0107709998265, 0.0101051926613, -0.00921495072544, 0.00492438813671, -0.00344832823612, 0.00492935208604], [-0.00314758555032, 0.00927354581654, -0.0101111344993, 0.00813395064324, -0.00694104842842, 0.00306720635854, -0.0107709998265, 0.0193337835371, -0.00590728316456, 0.0113915586844, -0.00276952283457, 0.00365868862718, -0.00200406182557], [0.00250055314973, -0.00806793291122, 0.00579491443932, -0.00975027959794, 0.00176475232001, -0.00500998320058, 0.0101051926613, -0.00590728316456, 0.0137593690306, -0.00516043463722, 0.0104774832726, 0.00105432595592, 0.00467464514077], [-0.00233603920788, 0.00757977552712, -0.00700998492539, 0.00565156666562, -0.0053862221539, -0.000424907164415, -0.00921495072544, 0.0113915586844, -0.00516043463722, 0.0166482403874, -0.00598822254688, 0.00599800096825, -4.53305838164e-005], [0.0024913714733, -0.00792038440704, 0.00584420608357, -0.0119146043435, 0.00167265359778, -0.0018322202377, 0.00492438813671, -0.00276952283457, 0.0104774832726, -0.00598822254688, 0.0195900518447, -0.00324203888886, 0.00870059523731], [-0.00166579708457, 0.00612661382183, -0.00447234138846, 0.00488618481904, -0.00776989199221, 0.00139764300548, -0.00344832823612, 0.00365868862718, 0.00105432595592, 0.00599800096825, -0.00324203888886, 0.016868237406, -0.00283039268106], [0.00198245467618, -0.00632156198844, 0.00378032354638, -0.00736864609644, 0.00506157660857, -0.00552949076518, 0.00492935208604, -0.00200406182557, 0.00467464514077, -4.53305838164e-005, 0.00870059523731, -0.00283039268106, 0.0186425372958]]
    },
    "melbands": {
        "mean": [0.000499521382153, 0.00186658441089, 0.000862407556269, 0.00111259694677, 0.000807635718957, 0.000492852879688, 0.000827175623272, 0.000982514349744, 0.00119441526476, 0.000592800788581, 0.000186513527296, 0.000121380537166, 4.28539606219e-005, 3.87665968447e-005, 5.58284627914e-005, 5.59623222216e-005, 5.6275021052e-005, 7.65768272686e-005, 5.83180517424e-005, 2.93816847261e-005, 1.75859095179e-005, 3.87957834391e-006, 1.69467614342e-006, 1.45534761486e-006, 1.67863311162e-006, 2.52413519775e-006, 2.41816724156e-006, 2.16410990106e-006, 2.2444305614e-006, 2.59093440036e-006, 1.93486425815e-006, 1.47868456679e-006, 1.25985684463e-006, 4.64206067363e-007, 4.4628123419e-007, 3.08272774419e-007, 2.13581898834e-007, 1.3027415946e-007, 9.03616736991e-008, 6.51196643275e-008],
        "var": [1.03676438812e-006, 7.01947283233e-006, 5.10540303367e-007, 5.96231245709e-007, 5.90361992181e-007, 2.55580118846e-007, 7.35675087071e-007, 9.11824201921e-007, 8.64047933646e-007, 3.26787159111e-007, 1.39327227089e-007, 8.2175851901e-008, 2.61664485635e-008, 3.45364306042e-008, 4.17645331652e-008, 3.24492610559e-008, 5.20473939503e-008, 3.48221362856e-008, 2.80237628658e-008, 1.96342835324e-008, 7.52705009432e-009, 6.30973939764e-010, 1.549694921e-011, 2.47030920025e-011, 1.04451697291e-010, 1.47802409201e-010, 1.26983243365e-010, 1.08998962633e-010, 1.27144461626e-010, 1.0907294512e-010, 7.4094355651e-011, 3.09951127264e-011, 2.60761967574e-011, 4.60454851331e-012, 6.70396420668e-012, 2.78541729612e-012, 1.26447170876e-012, 5.82145280332e-013, 3.1585064425e-013, 1.97825981399e-013]
    },
    "mfcc": {
        "mean": [-715.569152832, 207.21395874, -5.84642076492, 12.4436559677, -18.4274501801, -2.46118068695, -26.2307376862, -17.7755298615, 1.77282297611, 10.571387291, -0.263952493668, -8.60404014587, -8.4024515152],
        "cov": [[3541.20214844, -1718.07727051, -3.62793874741, 158.238876343, -204.307998657, 379.431854248, -14.1041622162, 156.709106445, 40.6155204773, 104.222557068, -55.1140480042, 91.350769043, 9.73743724823], [-1718.07727051, 1705.42004395, 229.302886963, 96.3705444336, 264.437988281, -53.8688163757, 120.872802734, -5.81616306305, 80.3750915527, 82.5623245239, 151.999786377, -0.411607325077, 62.9523658752], [-3.62793874741, 229.302886963, 425.596496582, 141.481811523, 266.359710693, 239.656799316, 53.7961463928, 107.413757324, 163.121505737, 197.675750732, 105.395706177, 46.4238014221, 101.94103241], [158.238876343, 96.3705444336, 141.481811523, 237.35597229, 118.241844177, 160.039581299, 89.4290847778, 11.4791545868, 0.185867056251, 96.6844024658, 94.6195297241, 72.9742660522, 49.9477462769], [-204.307998657, 264.437988281, 266.359710693, 118.241844177, 356.107513428, 132.464401245, -23.9307994843, 92.5347671509, 123.977661133, 141.465621948, 60.1937599182, 33.2561302185, 127.296020508], [379.431854248, -53.8688163757, 239.656799316, 160.039581299, 132.464401245, 347.778106689, 64.6923446655, 4.96309947968, 75.0933074951, 165.060501099, 154.187728882, 24.4096603394, 53.6562232971], [-14.1041622162, 120.872802734, 53.7961463928, 89.4290847778, -23.9307994843, 64.6923446655, 299.782745361, -10.2340593338, -108.312164307, -29.5411510468, 84.6132888794, 103.07371521, -25.7116222382], [156.709106445, -5.81616306305, 107.413757324, 11.4791545868, 92.5347671509, 4.96309947968, -10.2340593338, 214.165863037, 107.15826416, 17.4043369293, -75.3847351074, 50.0511054993, 52.6233673096], [40.6155204773, 80.3750915527, 163.121505737, 0.185867056251, 123.977661133, 75.0933074951, -108.312164307, 107.15826416, 269.029632568, 123.68208313, -17.2729568481, -40.3421936035, 81.6534957886], [104.222557068, 82.5623245239, 197.675750732, 96.6844024658, 141.465621948, 165.060501099, -29.5411510468, 17.4043369293, 123.68208313, 222.829879761, 97.3070373535, -18.1503143311, 86.669921875], [-55.1140480042, 151.999786377, 105.395706177, 94.6195297241, 60.1937599182, 154.187728882, 84.6132888794, -75.3847351074, -17.2729568481, 97.3070373535, 213.934829712, 12.3794107437, 6.39863443375], [91.350769043, -0.411607325077, 46.4238014221, 72.9742660522, 33.2561302185, 24.4096603394, 103.07371521, 50.0511054993, -40.3421936035, -18.1503143311, 12.3794107437, 211.305755615, -31.8520927429], [9.73743724823, 62.9523658752, 101.94103241, 49.9477462769, 127.296020508, 53.6562232971, -25.7116222382, 52.6233673096, 81.6534957886, 86.669921875, 6.39863443375, -31.8520927429, 188.585205078]],
        "icov": [[0.000832198420539, 0.000732685381081, 0.000253413338214, -0.000617893936578, 0.000622621155344, -0.000736276211683, -3.86447391065e-006, -0.000801087357104, -7.00289820088e-005, -0.0003944002965, 9.71458066488e-005, -8.30725693959e-005, -5.44066460861e-005], [0.000732685381081, 0.00160741200671, -0.000286640366539, -0.000918113510124, -0.000156612775754, 0.000754478562158, -0.00058373180218, -0.000331829563947, -0.000661148049403, -0.000100547418697, -0.000821034016553, 0.000301449297694, 0.000139008974656], [0.000253413338214, -0.000286640366539, 0.00919989682734, 0.00059013790451, -0.00335083319806, -0.00354643398896, -0.00215332815424, -0.00226711155847, -0.00166811235249, -0.00336372968741, 0.000418649375206, -0.000327814050252, 0.000761717034038], [-0.000617893936578, -0.000918113510124, 0.00059013790451, 0.00910080969334, -0.00174362969119, -0.00246346695349, -0.00106007850263, 0.000457325193565, 0.00179555790965, -0.00193916505668, 0.000198692010599, -0.00202880077995, -0.00102093990427], [0.000622621155344, -0.000156612775754, -0.00335083319806, -0.00174362969119, 0.00809257850051, -0.000511091260705, 0.00251206872053, -0.00162924488541, 0.000626070075668, 7.49344035285e-005, -0.000613439362496, -0.00123326538596, -0.00271973735653], [-0.000736276211683, 0.000754478562158, -0.00354643398896, -0.00246346695349, -0.000511091260705, 0.00987232010812, -0.000804685696494, 0.00140971213114, -0.00139356486034, -0.000545507413335, -0.0039808745496, 0.000949739769567, 0.000538280699402], [-3.86447391065e-006, -0.00058373180218, -0.00215332815424, -0.00106007850263, 0.00251206872053, -0.000804685696494, 0.00690812151879, -0.00111889478285, 0.00264849513769, 0.00220883195288, -0.0019608149305, -0.00190640520304, -0.000990160391666], [-0.000801087357104, -0.000331829563947, -0.00226711155847, 0.000457325193565, -0.00162924488541, 0.00140971213114, -0.00111889478285, 0.0103992857039, -0.00324127194472, 0.00180936791003, 0.00355120189488, -0.00195698533207, -0.000978399417363], [-7.00289820088e-005, -0.000661148049403, -0.00166811235249, 0.00179555790965, 0.000626070075668, -0.00139356486034, 0.00264849513769, -0.00324127194472, 0.00920751970261, -0.00318225892261, 0.00128900096752, 0.00063668761868, -0.000570454809349], [-0.0003944002965, -0.000100547418697, -0.00336372968741, -0.00193916505668, 7.49344035285e-005, -0.000545507413335, 0.00220883195288, 0.00180936791003, -0.00318225892261, 0.0133244302124, -0.00366077269427, 0.000537351996172, -0.00224411697127], [9.71458066488e-005, -0.000821034016553, 0.000418649375206, 0.000198692010599, -0.000613439362496, -0.0039808745496, -0.0019608149305, 0.00355120189488, 0.00128900096752, -0.00366077269427, 0.0118054384366, -0.000145048208651, 0.000977818854153], [-8.30725693959e-005, 0.000301449297694, -0.000327814050252, -0.00202880077995, -0.00123326538596, 0.000949739769567, -0.00190640520304, -0.00195698533207, 0.00063668761868, 0.000537351996172, -0.000145048208651, 0.00753047643229, 0.00222079944797], [-5.44066460861e-005, 0.000139008974656, 0.000761717034038, -0.00102093990427, -0.00271973735653, 0.000538280699402, -0.000990160391666, -0.000978399417363, -0.000570454809349, -0.00224411697127, 0.000977818854153, 0.00222079944797, 0.00855866447091]]
    },
    "spectral_contrast_coeffs": {
        "mean": [-0.519173741341, -0.641487896442, -0.70496404171, -0.742127001286, -0.793956398964, -0.710493206978],
        "var": [0.0125570213422, 0.00437801750377, 0.00614540278912, 0.00254866317846, 0.00157100812066, 0.00343673187308]
    },
    "spectral_contrast_valleys": {
        "mean": [-7.97009181976, -6.25043296814, -7.72052097321, -8.07841587067, -8.96793651581, -12.5125150681],
        "var": [2.47258853912, 1.06826162338, 0.999801695347, 1.02750575542, 1.23384451866, 1.53001570702]
    }
},
"metadata": {
    "audio_properties": {
        "analysis_sample_rate": 44100,
        "bit_rate": 108367,
        "equal_loudness": 0,
        "length": 45.0873451233,
        "lossless": 0,
        "replay_gain": -7.53528022766,
        "sample_rate": 44100,
        "codec": "mp3",
        "downmix": "mix",
        "md5_encoded": "a3df6a0f63e693ee3da50c734cd380b3"
    },
    "tags": {
        "file_name": "819.mp3"
    },
    "version": {
        "essentia": "2.1-beta2",
        "essentia_git_sha": "v2.1_beta2",
        "extractor": "music 1.0"
    }
},
"rhythm": {
    "beats_count": 89,
    "beats_loudness": {
        "mean": 0.0444634594023,
        "var": 0.000145588506712
    },
    "bpm": 119.984947205,
    "bpm_histogram_first_peak_bpm": {
        "mean": 120,
        "var": 0
    },
    "bpm_histogram_first_peak_spread": {
        "mean": 0.379310339689,
        "var": 0
    },
    "bpm_histogram_first_peak_weight": {
        "mean": 0.613636374474,
        "var": 0
    },
    "bpm_histogram_second_peak_bpm": {
        "mean": 115,
        "var": 0
    },
    "bpm_histogram_second_peak_spread": {
        "mean": 0,
        "var": 0
    },
    "bpm_histogram_second_peak_weight": {
        "mean": 0.0113636367023,
        "var": 0
    },
    "danceability": 1.72684514523,
    "onset_rate": 5.67567586899,
    "beats_loudness_band_ratio": {
        "mean": [0.157023444772, 0.186756283045, 0.439057171345, 0.222303375602, 0.0399437136948, 0.0047983569093],
        "var": [0.0221362318844, 0.00835604034364, 0.0206059236079, 0.0267533957958, 0.0019032668788, 1.14109170681e-005]
    },
    "beats_position": [0.568888902664, 1.09133780003, 1.60217678547, 2.11301589012, 2.60063481331, 3.09986400604, 3.59909296036, 4.09832191467, 4.59755086899, 5.10838985443, 5.59600877762, 6.10684776306, 6.59446716309, 7.10530614853, 7.59292507172, 8.10376358032, 8.60299301147, 9.10222244263, 9.6014509201, 10.1006803513, 10.5999088287, 11.0991382599, 11.6099767685, 12.0975961685, 12.5968255997, 13.0960540771, 13.6068935394, 14.0945119858, 14.6053514481, 15.1045799255, 15.6038093567, 16.1030387878, 16.602268219, 17.1014957428, 17.600725174, 18.0999546051, 18.5991840363, 19.0984115601, 19.5976409912, 20.0968704224, 20.5960998535, 21.1069393158, 21.5945568085, 22.1053962708, 22.6046257019, 23.1038551331, 23.6030826569, 24.102312088, 24.6015415192, 25.1007709503, 25.6000003815, 26.0992279053, 26.5984573364, 27.0976867676, 27.5969161987, 28.0961437225, 28.6069831848, 29.0946025848, 29.6054420471, 30.0930614471, 30.6038990021, 31.1031284332, 31.6023578644, 32.1015853882, 32.6008148193, 33.1000442505, 33.5992736816, 34.0985031128, 34.5977325439, 35.0969619751, 35.5961914063, 36.1070289612, 36.5946464539, 37.1054878235, 37.6047172546, 38.1039466858, 38.6031723022, 39.1024017334, 39.6016311646, 40.1008605957, 40.6000900269, 41.099319458, 41.6101570129, 42.0977783203, 42.6086158752, 43.0962333679, 43.6070747375, 44.0946922302, 44.6055335999]
},
"tonal": {
    "chords_changes_rate": 0.0288065839559,
    "chords_number_rate": 0.00823045242578,
    "chords_strength": {
        "mean": 0.436307519674,
        "var": 0.0076166279614
    },
    "hpcp_entropy": {
        "mean": 1.59715223312,
        "var": 0.376683622599
    },
    "key_strength": 0.46440282464,
    "tuning_diatonic_strength": 0.20653308928,
    "tuning_equal_tempered_deviation": 0.0065020066686,
    "tuning_frequency": 440,
    "tuning_nontempered_energy_ratio": 0.578332126141,
    "hpcp": {
        "mean": [0.36192548275, 0.174709558487, 0.0726836919785, 0.119583770633, 0.0647567510605, 0.0327098406851, 0.0581700913608, 0.0464720278978, 0.213560551405, 0.401492208242, 0.217670187354, 0.0830012336373, 0.145056456327, 0.0826701968908, 0.0714365616441, 0.147702142596, 0.0921301171184, 0.117182679474, 0.241522744298, 0.159973546863, 0.189680546522, 0.320717304945, 0.17487950623, 0.0513767972589, 0.0637488812208, 0.0511423945427, 0.105983793736, 0.153529241681, 0.0823816284537, 0.0892386436462, 0.145311966538, 0.0814123600721, 0.0403361096978, 0.0581032633781, 0.0722173377872, 0.242434710264],
        "var": [0.142349988222, 0.0327249877155, 0.0205391440541, 0.0667296871543, 0.0203365702182, 0.0116558074951, 0.0410457551479, 0.0169522017241, 0.0464818999171, 0.140059441328, 0.0431803427637, 0.0237031038851, 0.089608117938, 0.0294784661382, 0.0180510859936, 0.082279458642, 0.0297748222947, 0.0225907079875, 0.0975272208452, 0.0457288064063, 0.0574649497867, 0.142397090793, 0.0453231297433, 0.0115708708763, 0.0208969414234, 0.0137957306579, 0.0435086376965, 0.0884544178843, 0.0237158238888, 0.0235118791461, 0.0577321015298, 0.0171327088028, 0.0111405979842, 0.0175109766424, 0.0156813506037, 0.0828346759081]
    },
    "chords_histogram": [68.0041122437, 0, 0, 1.13168728352, 0.308641970158, 0.720164597034, 3.29218101501, 1.33744859695, 0, 0, 0.102880656719, 0.720164597034, 0, 1.13168728352, 0, 0, 0, 2.16049385071, 6.68724298477, 0, 14.4032926559, 0, 0, 0],
    "thpcp": [1, 0.542152941227, 0.20673187077, 0.361293315887, 0.205907344818, 0.177927643061, 0.367882966995, 0.229469254613, 0.291867882013, 0.601562738419, 0.398447453976, 0.472438931465, 0.798813283443, 0.435573846102, 0.127964615822, 0.158779874444, 0.127380788326, 0.2639747262, 0.382396578789, 0.20518861711, 0.222267434001, 0.361929744482, 0.202774450183, 0.100465483963, 0.144718289375, 0.179872334003, 0.603834152222, 0.901450812817, 0.435150563717, 0.181033879519, 0.297848284245, 0.161290183663, 0.0814706757665, 0.144884735346, 0.115748271346, 0.53191703558],
    "chords_key": "A",
    "chords_scale": "minor",
    "key_key": "A",
    "key_scale": "minor"
}
}