{
"lowlevel": {
    "average_loudness": 0.955038070679,
    "barkbands_crest": {
        "mean": 15.3577051163,
        "var": 19.2764720917
    },
    "barkbands_flatness_db": {
        "mean": 0.304371297359,
        "var": 0.00287515367381
    },
    "barkbands_kurtosis": {
        "mean": 47.3418197632,
        "var": 2501.44458008
    },
    "barkbands_skewness": {
        "mean": 4.07540655136,
        "var": 6.69458055496
    },
    "barkbands_spread": {
        "mean": 5.16706991196,
        "var": 150.450057983
    },
    "dissonance": {
        "mean": 0.32663372159,
        "var": 0.0063702580519
    },
    "dynamic_complexity": 3.77477622032,
    "erbbands_crest": {
        "mean": 16.6917877197,
        "var": 31.5081329346
    },
    "erbbands_flatness_db": {
        "mean": 0.263245254755,
        "var": 0.00238382606767
    },
    "erbbands_kurtosis": {
        "mean": 18.8510742188,
        "var": 262.816741943
    },
    "erbbands_skewness": {
        "mean": 2.85602116585,
        "var": 3.23063349724
    },
    "erbbands_spread": {
        "mean": 15.9883337021,
        "var": 342.751617432
    },
    "hfc": {
        "mean": 11.6675548553,
        "var": 292.723480225
    },
    "melbands_crest": {
        "mean": 19.1604728699,
        "var": 26.4664554596
    },
    "melbands_flatness_db": {
        "mean": 0.392020523548,
        "var": 0.00415720744058
    },
    "melbands_kurtosis": {
        "mean": 50.0408325195,
        "var": 3258.42871094
    },
    "melbands_skewness": {
        "mean": 3.4133708477,
        "var": 5.92694091797
    },
    "melbands_spread": {
        "mean": 6.43959999084,
        "var": 352.015899658
    },
    "pitch_salience": {
        "mean": 0.474019408226,
        "var": 0.0150755010545
    },
    "silence_rate_20dB": {
        "mean": 1,
        "var": 0
    },
    "silence_rate_30dB": {
        "mean": 0.996395468712,
        "var": 0.00359148904681
    },
    "silence_rate_60dB": {
        "mean": 0.0556127689779,
        "var": 0.0525190457702
    },
    "spectral_centroid": {
        "mean": 438.972198486,
        "var": 391709.03125
    },
    "spectral_complexity": {
        "mean": 5.06179189682,
        "var": 3.72948360443
    },
    "spectral_decrease": {
        "mean": -6.8338246173e-009,
        "var": 2.69297482706e-017
    },
    "spectral_energy": {
        "mean": 0.0268507059664,
        "var": 0.000414509646362
    },
    "spectral_energyband_high": {
        "mean": 0.000289428659016,
        "var": 3.78877007279e-006
    },
    "spectral_energyband_low": {
        "mean": 0.00308348587714,
        "var": 2.04854841286e-005
    },
    "spectral_energyband_middle_high": {
        "mean": 0.000856002327055,
        "var": 6.38876008452e-006
    },
    "spectral_energyband_middle_low": {
        "mean": 0.0239155851305,
        "var": 0.000384691666113
    },
    "spectral_entropy": {
        "mean": 5.78344106674,
        "var": 0.427475184202
    },
    "spectral_flux": {
        "mean": 0.0517161972821,
        "var": 0.00182654173113
    },
    "spectral_kurtosis": {
        "mean": 11.5356616974,
        "var": 71.0499801636
    },
    "spectral_rms": {
        "mean": 0.0047130282037,
        "var": 3.98316660721e-006
    },
    "spectral_rolloff": {
        "mean": 619.637207031,
        "var": 1924902.25
    },
    "spectral_skewness": {
        "mean": 2.85250639915,
        "var": 0.950510382652
    },
    "spectral_spread": {
        "mean": 4591542.5,
        "var": 4.69431903846e+012
    },
    "spectral_strongpeak": {
        "mean": 1.37644803524,
        "var": 1.69465970993
    },
    "zerocrossingrate": {
        "mean": 0.0270478148013,
        "var": 0.00138911267277
    },
    "barkbands": {
        "mean": [2.55095765169e-005, 0.000116081799206, 0.00169723969884, 0.00261445064098, 0.0112505294383, 0.00105770223308, 0.00403383513913, 0.00265726214275, 0.00216845679097, 0.000254410144407, 0.00039907018072, 0.000182681760634, 5.12949009135e-005, 1.93897503777e-005, 6.3435136326e-006, 8.96372694115e-006, 2.87609236693e-006, 5.21250194652e-006, 4.97931296195e-006, 1.13150745165e-005, 1.4473696865e-005, 6.06091161899e-005, 7.53277345211e-005, 9.82238489087e-005, 2.80581825791e-005, 6.25531765763e-006, 1.86660756185e-007],
        "var": [1.35119737621e-008, 1.16311573706e-008, 7.6238834481e-006, 1.0740691323e-005, 0.000138665025588, 7.50434128349e-006, 8.00416091806e-005, 6.35989708826e-005, 4.45193509222e-005, 1.03185789158e-006, 2.63560355052e-006, 8.59115004914e-007, 6.4506224362e-008, 1.11673124081e-008, 1.0773181236e-009, 2.02647809644e-009, 1.12338624514e-010, 1.82932530235e-010, 1.85806828257e-010, 9.45577838252e-010, 4.07900468957e-009, 5.04110062138e-007, 2.854021659e-007, 1.89937267692e-007, 9.21565117551e-008, 1.03904418403e-009, 4.26326861184e-013]
    },
    "erbbands": {
        "mean": [0.00408344483003, 0.0511451102793, 1.27682697773, 6.33654642105, 18.544084549, 45.5160636902, 26.7870426178, 8.47903823853, 30.5018005371, 83.2690963745, 60.8004570007, 45.3353462219, 20.4749984741, 7.66621160507, 17.3960342407, 5.13842105865, 2.45599603653, 0.831211030483, 0.861453354359, 0.297974705696, 0.572873532772, 0.220915213227, 0.301543563604, 0.173503682017, 0.363188773394, 0.557530879974, 0.509559094906, 0.769780993462, 1.79103350639, 2.44187569618, 2.18425512314, 2.38645529747, 1.34570515156, 0.388829708099, 0.159976065159, 0.045996453613, 0.00831769965589, 0.00101493007969, 3.97832227463e-005, 3.1948537071e-005],
        "var": [1.36774860948e-005, 0.00320730172098, 3.79668545723, 71.0229949951, 810.579956055, 2869.31445313, 2579.86669922, 479.486846924, 7474.99267578, 31360.4667969, 28082.8203125, 23540.9589844, 5426.72265625, 1107.57849121, 3935.13745117, 371.394317627, 125.630226135, 10.8954296112, 26.852689743, 1.70421004295, 9.0929517746, 0.549076080322, 0.624424695969, 0.195059224963, 0.856791198254, 2.63195705414, 2.42050099373, 20.2870311737, 415.511138916, 651.437805176, 243.249984741, 131.221725464, 38.9154396057, 16.1703968048, 2.51432752609, 0.0649407505989, 0.00158144708257, 2.00920130737e-005, 1.31893145294e-008, 6.99833913043e-010]
    },
    "gfcc": {
        "mean": [-118.599510193, 123.455963135, -46.7132530212, 21.8991851807, -97.2185821533, 2.33005595207, -42.174407959, -3.72592616081, -27.2665233612, -15.4875307083, -17.5747394562, -17.4327335358, -16.8509140015],
        "cov": [[5975.2734375, -1190.76928711, -324.757751465, -979.297973633, -1277.78088379, 81.7885818481, -464.939941406, 460.288574219, -305.331298828, 30.1761417389, 23.1471557617, -23.8274421692, -84.2179107666], [-1190.76928711, 1228.47387695, -213.608139038, 2.3215546608, 446.181915283, -163.380020142, 307.880065918, -189.377929688, 43.2911300659, -114.314529419, 62.7189064026, -123.704849243, -14.7422380447], [-324.757751465, -213.608139038, 613.87713623, 267.018035889, -119.213394165, -47.5312728882, -213.515350342, -71.9579925537, 43.1933631897, 13.6072273254, -43.4827842712, 30.4645633698, 3.33319664001], [-979.297973633, 2.3215546608, 267.018035889, 961.034606934, 401.015045166, -44.6757164001, 24.6932353973, -171.009109497, 191.650085449, 58.4328041077, -123.708595276, -54.7995834351, -7.275390625], [-1277.78088379, 446.181915283, -119.213394165, 401.015045166, 616.573791504, 6.35386037827, 200.534790039, -152.300430298, 89.8490524292, 14.735499382, -66.1692123413, -44.1386260986, 12.3073129654], [81.7885818481, -163.380020142, -47.5312728882, -44.6757164001, 6.35386037827, 243.968475342, 88.9277496338, -13.9752988815, -63.8265686035, 20.4819755554, -4.54627561569, 31.2684612274, -15.1841964722], [-464.939941406, 307.880065918, -213.515350342, 24.6932353973, 200.534790039, 88.9277496338, 351.345794678, -44.7860794067, -47.0748558044, -11.1459379196, 13.3023386002, -25.4277458191, -42.2185020447], [460.288574219, -189.377929688, -71.9579925537, -171.009109497, -152.300430298, -13.9752988815, -44.7860794067, 215.957061768, -5.50151824951, -8.10150623322, 4.46984148026, -0.494249254465, 8.12993049622], [-305.331298828, 43.2911300659, 43.1933631897, 191.650085449, 89.8490524292, -63.8265686035, -47.0748558044, -5.50151824951, 179.760498047, 22.8210754395, -54.7636146545, -25.9943351746, 4.63273191452], [30.1761417389, -114.314529419, 13.6072273254, 58.4328041077, 14.735499382, 20.4819755554, -11.1459379196, -8.10150623322, 22.8210754395, 121.86807251, -15.0379362106, -13.2728910446, -9.39129257202], [23.1471557617, 62.7189064026, -43.4827842712, -123.708595276, -66.1692123413, -4.54627561569, 13.3023386002, 4.46984148026, -54.7636146545, -15.0379362106, 104.681800842, -3.05568170547, -12.0533838272], [-23.8274421692, -123.704849243, 30.4645633698, -54.7995834351, -44.1386260986, 31.2684612274, -25.4277458191, -0.494249254465, -25.9943351746, -13.2728910446, -3.05568170547, 131.580291748, 19.1242179871], [-84.2179107666, -14.7422380447, 3.33319664001, -7.275390625, 12.3073129654, -15.1841964722, -42.2185020447, 8.12993049622, 4.63273191452, -9.39129257202, -12.0533838272, 19.1242179871, 85.9692306519]],
        "icov": [[0.000587917340454, -0.000111877641757, 0.000941498728935, -0.000277049723081, 0.0013143842807, -0.000220041081775, 0.00096458173357, -0.000179480441147, 0.00109033763874, -0.00019648259331, 0.00135102390777, 0.000462355150376, 0.00076679099584], [-0.000111877641757, 0.00358767691068, -0.000749278871808, 0.00186542631127, -0.00250469194725, 0.00281412387267, -0.0028287016321, 0.00255597033538, -0.00190836889669, 0.00262748566456, -0.00205314951017, 0.00216461438686, -0.000462225725641], [0.000941498728935, -0.000749278871808, 0.0046636951156, -0.00193946715444, 0.0035778938327, -0.000710757041816, 0.00348461326212, 0.000471561623272, 0.00256509752944, -0.000460106821265, 0.0031281595584, -9.85153164947e-005, 0.00174980040174], [-0.000277049723081, 0.00186542631127, -0.00193946715444, 0.00349542195909, -0.00305121298879, 0.0015501397429, -0.0020711645484, 0.00185935036279, -0.00270903948694, 0.000961759942584, -0.000672035035677, 0.00140109600034, -0.000217723703827], [0.0013143842807, -0.00250469194725, 0.0035778938327, -0.00305121298879, 0.00825614109635, -0.00199896935374, 0.00224930350669, -0.000188315985724, 0.00276350905187, -0.00194196554366, 0.00515806628391, -0.000131472799694, 0.000439938885393], [-0.000220041081775, 0.00281412387267, -0.000710757041816, 0.0015501397429, -0.00199896935374, 0.00765112042427, -0.0037345951423, 0.00228111818433, 6.86748389853e-005, 0.000749600760173, -0.000507790246047, 0.000298148777802, -4.57735804957e-005], [0.00096458173357, -0.0028287016321, 0.00348461326212, -0.0020711645484, 0.00224930350669, -0.0037345951423, 0.00917462818325, -0.00192535563838, 0.00459698680788, -0.0014171730727, 0.00330780004151, -0.000489396858029, 0.0040255850181], [-0.000179480441147, 0.00255597033538, 0.000471561623272, 0.00185935036279, -0.000188315985724, 0.00228111818433, -0.00192535563838, 0.00856581516564, -0.00238140719011, 0.00208059651777, -0.000248921453021, 0.00197575078346, -0.00104296242353], [0.00109033763874, -0.00190836889669, 0.00256509752944, -0.00270903948694, 0.00276350905187, 6.86748389853e-005, 0.00459698680788, -0.00238140719011, 0.0121556483209, -0.00239458633587, 0.0063362820074, 0.000431326305261, 0.00238720001653], [-0.00019648259331, 0.00262748566456, -0.000460106821265, 0.000961759942584, -0.00194196554366, 0.000749600760173, -0.0014171730727, 0.00208059651777, -0.00239458633587, 0.0110216485336, -0.00123070506379, 0.00238277949393, 0.000505447736941], [0.00135102390777, -0.00205314951017, 0.0031281595584, -0.000672035035677, 0.00515806628391, -0.000507790246047, 0.00330780004151, -0.000248921453021, 0.0063362820074, -0.00123070506379, 0.0173703357577, 0.000838343752548, 0.0033861475531], [0.000462355150376, 0.00216461438686, -9.85153164947e-005, 0.00140109600034, -0.000131472799694, 0.000298148777802, -0.000489396858029, 0.00197575078346, 0.000431326305261, 0.00238277949393, 0.000838343752548, 0.0106757208705, -0.0014294431312], [0.00076679099584, -0.000462225725641, 0.00174980040174, -0.000217723703827, 0.000439938885393, -4.57735804957e-005, 0.0040255850181, -0.00104296242353, 0.00238720001653, 0.000505447736941, 0.0033861475531, -0.0014294431312, 0.0149415060878]]
    },
    "melbands": {
        "mean": [3.40681872331e-005, 0.000464674201794, 0.00134143489413, 0.00238508847542, 0.00126669218298, 0.000194009611732, 0.000561786349863, 0.000852468016092, 0.000503154238686, 0.00025946891401, 9.48171800701e-005, 2.63032579824e-005, 6.37988050585e-005, 2.51306300925e-005, 7.52383402869e-006, 3.50301661456e-006, 1.31973843054e-006, 1.80748440926e-006, 2.98401346299e-007, 3.87558202419e-007, 7.01488716004e-007, 1.56514886385e-007, 3.2961830243e-007, 2.0094974218e-007, 1.21036677569e-007, 2.29211565284e-007, 3.31155803224e-007, 3.73657826458e-007, 3.14658734624e-007, 3.24664597429e-007, 4.68898576855e-007, 9.04081332465e-007, 1.45021977005e-006, 1.27351643187e-006, 1.1900649497e-006, 1.41374005125e-006, 1.49949778461e-006, 1.13995440643e-006, 4.39414009179e-007, 2.88874019816e-007],
        "var": [1.02646036115e-009, 5.28214400219e-007, 2.56424345935e-006, 7.64113156038e-006, 3.67225447917e-006, 2.69948088771e-007, 1.95714187612e-006, 3.27467796524e-006, 2.01264356292e-006, 7.23990069673e-007, 1.32736744263e-007, 1.7577235667e-008, 6.09973369592e-008, 1.48779903952e-008, 1.26089927388e-009, 2.48266324165e-010, 3.25253712852e-011, 1.27835825259e-010, 2.10093314273e-012, 1.94392245356e-012, 1.6428041219e-011, 2.67793491375e-013, 9.86130990234e-013, 2.77155441609e-013, 1.20296784686e-013, 4.160272387e-013, 7.58467778601e-013, 1.34295005672e-012, 7.77069326854e-013, 2.91515834909e-012, 8.27265946718e-012, 9.76798988916e-011, 3.38256173071e-010, 1.39181485781e-010, 8.37977742751e-011, 6.18696899268e-011, 4.65803368099e-011, 2.50675504659e-011, 1.00049534629e-011, 1.35467661394e-011]
    },
    "mfcc": {
        "mean": [-784.644348145, 150.680709839, 80.116355896, 18.1280651093, -13.0555686951, -6.41367006302, -7.80626678467, -0.563653826714, -13.0064916611, 1.76453125477, -13.0067882538, -0.29819393158, -13.9651517868],
        "cov": [[4123.94970703, -878.128540039, 61.8520545959, -919.094604492, -522.859985352, -640.390258789, -21.2839221954, -44.5210266113, -245.812713623, 335.332855225, -385.94744873, 177.059204102, -166.647232056], [-878.128540039, 1205.4420166, -388.507049561, 8.46416759491, -77.3868255615, 30.3054656982, 173.934158325, 38.392162323, -31.6521205902, -69.3216094971, 80.7311248779, -82.6709365845, 29.0663127899], [61.8520545959, -388.507049561, 716.043212891, 39.3095703125, 34.9022521973, -64.9125595093, -207.351226807, -47.7262496948, -52.7554168701, -35.6148452759, -45.5926589966, 4.37112474442, 16.8386363983], [-919.094604492, 8.46416759491, 39.3095703125, 754.360961914, 278.971160889, 264.437683105, -93.9505615234, -53.0259056091, 168.071762085, -101.283050537, 167.539932251, 5.5892624855, 32.9617576599], [-522.859985352, -77.3868255615, 34.9022521973, 278.971160889, 346.644683838, 101.253059387, -112.511245728, -66.7107315063, 108.33555603, -18.0152206421, 23.780834198, 17.030544281, 2.02458691597], [-640.390258789, 30.3054656982, -64.9125595093, 264.437683105, 101.253059387, 471.468078613, 58.5350990295, -3.40439271927, 77.7651596069, -103.853065491, 164.154190063, -52.8149909973, 10.2768697739], [-21.2839221954, 173.934158325, -207.351226807, -93.9505615234, -112.511245728, 58.5350990295, 307.722442627, 34.6594924927, -17.8803024292, -2.32203125954, 23.5355644226, -8.13263320923, -14.881901741], [-44.5210266113, 38.392162323, -47.7262496948, -53.0259056091, -66.7107315063, -3.40439271927, 34.6594924927, 162.051498413, -15.6047973633, -31.7094249725, 1.70736706257, -28.6431331635, 18.3167476654], [-245.812713623, -31.6521205902, -52.7554168701, 168.071762085, 108.33555603, 77.7651596069, -17.8803024292, -15.6047973633, 211.390472412, -10.4123382568, 46.2728271484, 23.0301761627, 21.7667770386], [335.332855225, -69.3216094971, -35.6148452759, -101.283050537, -18.0152206421, -103.853065491, -2.32203125954, -31.7094249725, -10.4123382568, 176.622772217, -45.9053497314, 27.5326137543, -25.4796562195], [-385.94744873, 80.7311248779, -45.5926589966, 167.539932251, 23.780834198, 164.154190063, 23.5355644226, 1.70736706257, 46.2728271484, -45.9053497314, 174.965377808, -16.7515563965, 15.7729883194], [177.059204102, -82.6709365845, 4.37112474442, 5.5892624855, 17.030544281, -52.8149909973, -8.13263320923, -28.6431331635, 23.0301761627, 27.5326137543, -16.7515563965, 126.292114258, 2.61051368713], [-166.647232056, 29.0663127899, 16.8386363983, 32.9617576599, 2.02458691597, 10.2768697739, -14.881901741, 18.3167476654, 21.7667770386, -25.4796562195, 15.7729883194, 2.61051368713, 95.1566543579]],
        "icov": [[0.000687420659233, 0.000495594053064, 0.00028902629856, 0.000235662111663, 0.000963097903877, 0.00023576284002, 0.000282327528112, 0.000356854172423, 7.9089862993e-005, -0.000294923898764, 0.000538109277841, -0.000484661431983, 0.000676263065543], [0.000495594053064, 0.00156431773212, 0.000864162982907, 5.40142355021e-005, 0.000735363166314, 0.000610516697634, -0.000115990456834, 0.000556622399017, 0.000404879712733, 0.00034832910751, -9.57501979428e-005, 0.000408994557802, 1.69087616086e-005], [0.00028902629856, 0.000864162982907, 0.00237163994461, -9.73776550381e-005, 0.000679406861309, 0.00035579764517, 0.00120153592434, 0.000840825901832, 0.000778294750489, 0.000746634788811, 0.00037870919914, 0.000157938935445, -0.000215778418351], [0.000235662111663, 5.40142355021e-005, -9.73776550381e-005, 0.00286087859422, -0.00120286538731, -0.000368508946849, 0.000454871013062, 0.000310812756652, -0.000799131114036, 0.000565569614992, -0.00152119842824, -0.000491789542139, 9.90361586446e-005], [0.000963097903877, 0.000735363166314, 0.000679406861309, -0.00120286538731, 0.0067088548094, -0.00049332564231, 0.00188659119885, 0.00170112377964, -0.00121620274149, -0.0004881885543, 0.00238161790185, -0.000827927375212, 0.00141204835381], [0.00023576284002, 0.000610516697634, 0.00035579764517, -0.000368508946849, -0.00049332564231, 0.00427428027615, -0.000990801141597, 0.000470945378765, -0.000164362485521, 0.00133631622884, -0.00264237145893, 0.00135020981543, 0.00039072992513], [0.000282327528112, -0.000115990456834, 0.00120153592434, 0.000454871013062, 0.00188659119885, -0.000990801141597, 0.00516076525673, -1.19973046822e-005, -8.35157516121e-006, -3.74679366359e-005, 0.000355800031684, -0.000836228369735, 0.000991812208667], [0.000356854172423, 0.000556622399017, 0.000840825901832, 0.000310812756652, 0.00170112377964, 0.000470945378765, -1.19973046822e-005, 0.00783462822437, -3.65976957255e-005, 0.00146488088649, 0.00032210117206, 0.00131740316283, -0.00108746136539], [7.9089862993e-005, 0.000404879712733, 0.000778294750489, -0.000799131114036, -0.00121620274149, -0.000164362485521, -8.35157516121e-006, -3.65976957255e-005, 0.00673941895366, -0.000306319067022, -0.000560761429369, -0.00096067081904, -0.00130104413256], [-0.000294923898764, 0.00034832910751, 0.000746634788811, 0.000565569614992, -0.0004881885543, 0.00133631622884, -3.74679366359e-005, 0.00146488088649, -0.000306319067022, 0.00788806471974, -0.000299099745462, -0.000176206594915, 0.000863931782078], [0.000538109277841, -9.57501979428e-005, 0.00037870919914, -0.00152119842824, 0.00238161790185, -0.00264237145893, 0.000355800031684, 0.00032210117206, -0.000560761429369, -0.000299099745462, 0.0106304371729, -0.000514787156135, -3.98742085963e-005], [-0.000484661431983, 0.000408994557802, 0.000157938935445, -0.000491789542139, -0.000827927375212, 0.00135020981543, -0.000836228369735, 0.00131740316283, -0.00096067081904, -0.000176206594915, -0.000514787156135, 0.00997632462531, -0.00135967566166], [0.000676263065543, 1.69087616086e-005, -0.000215778418351, 9.90361586446e-005, 0.00141204835381, 0.00039072992513, 0.000991812208667, -0.00108746136539, -0.00130104413256, 0.000863931782078, -3.98742085963e-005, -0.00135967566166, 0.0125570828095]]
    },
    "spectral_contrast_coeffs": {
        "mean": [-0.470192164183, -0.602778792381, -0.705762147903, -0.786283135414, -0.798615455627, -0.763509392738],
        "var": [0.00938570313156, 0.0149545986205, 0.00969513319433, 0.00380292511545, 0.00180694507435, 0.0015552053228]
    },
    "spectral_contrast_valleys": {
        "mean": [-8.20317268372, -8.00662326813, -9.18564891815, -10.2950534821, -10.0072488785, -11.6812982559],
        "var": [0.746911406517, 0.851637542248, 0.819390892982, 0.578688502312, 0.800231277943, 1.38338625431]
    }
},
"metadata": {
    "audio_properties": {
        "analysis_sample_rate": 44100,
        "bit_rate": 106810,
        "equal_loudness": 0,
        "length": 45.0612258911,
        "lossless": 0,
        "replay_gain": -10.8182220459,
        "sample_rate": 44100,
        "codec": "mp3",
        "downmix": "mix",
        "md5_encoded": "eef7ac9243e2f118ba98f82691f6017a"
    },
    "tags": {
        "file_name": "82.mp3"
    },
    "version": {
        "essentia": "2.1-beta2",
        "essentia_git_sha": "v2.1_beta2",
        "extractor": "music 1.0"
    }
},
"rhythm": {
    "beats_count": 69,
    "beats_loudness": {
        "mean": 0.0326309017837,
        "var": 0.00047932509915
    },
    "bpm": 91.3938598633,
    "bpm_histogram_first_peak_bpm": {
        "mean": 94,
        "var": 0
    },
    "bpm_histogram_first_peak_spread": {
        "mean": 0.690476179123,
        "var": 0
    },
    "bpm_histogram_first_peak_weight": {
        "mean": 0.191176474094,
        "var": 0
    },
    "bpm_histogram_second_peak_bpm": {
        "mean": 99,
        "var": 0
    },
    "bpm_histogram_second_peak_spread": {
        "mean": 0.0833333283663,
        "var": 0
    },
    "bpm_histogram_second_peak_weight": {
        "mean": 0.161764711142,
        "var": 0
    },
    "danceability": 1.08342754841,
    "onset_rate": 3.32730412483,
    "beats_loudness_band_ratio": {
        "mean": [0.350768297911, 0.412128776312, 0.27645945549, 0.0190388318151, 0.00144257862121, 0.0116299837828],
        "var": [0.082139827311, 0.0628089606762, 0.0696444287896, 0.00262795295566, 8.20865534479e-006, 0.00228663510643]
    },
    "beats_position": [0.684988677502, 1.35836732388, 2.02013611794, 2.68190479279, 3.34367346764, 4.01705217361, 4.69043064117, 5.36380958557, 6.03718805313, 6.71056699753, 7.39555549622, 8.05732440948, 8.71909236908, 9.35764122009, 9.98458003998, 10.6347389221, 11.2848978043, 11.9234466553, 12.5619955063, 13.2005443573, 13.8390922546, 14.4660310745, 15.0929698944, 15.7082986832, 16.3236274719, 16.9621772766, 17.600725174, 18.2392749786, 18.877822876, 19.5047607422, 20.1200904846, 20.7470283508, 21.3855781555, 22.0241260529, 22.6742858887, 23.3244438171, 23.9862117767, 24.6479816437, 25.37940979, 26.1108379364, 26.830657959, 27.5504760742, 28.2470741272, 28.932062149, 29.6286621094, 30.2439899445, 30.8593196869, 31.4978675842, 32.1364173889, 32.7401351929, 33.3438529968, 33.9591827393, 34.5629005432, 35.1782302856, 35.7819480896, 36.3856697083, 37.000995636, 37.6163253784, 38.2200431824, 38.823764801, 39.427482605, 40.0195922852, 40.6349182129, 41.2502479553, 41.8655776978, 42.4692955017, 43.0730133057, 43.6767349243, 44.2920608521]
},
"tonal": {
    "chords_changes_rate": 0.0617283955216,
    "chords_number_rate": 0.00823045242578,
    "chords_strength": {
        "mean": 0.588710129261,
        "var": 0.0104997903109
    },
    "hpcp_entropy": {
        "mean": 1.27336347103,
        "var": 0.547078967094
    },
    "key_strength": 0.79234957695,
    "tuning_diatonic_strength": 0.695132255554,
    "tuning_equal_tempered_deviation": 0.120882034302,
    "tuning_frequency": 438.477722168,
    "tuning_nontempered_energy_ratio": 0.751739859581,
    "hpcp": {
        "mean": [0.0748221278191, 0.0611623898149, 0.0444042310119, 0.0471335612237, 0.0929217934608, 0.21827955544, 0.365492254496, 0.295011460781, 0.118181817234, 0.0581428520381, 0.0454551167786, 0.0803071036935, 0.141654118896, 0.112103700638, 0.036765050143, 0.0191714148968, 0.0243481118232, 0.0361844077706, 0.0411404930055, 0.0468009673059, 0.18784801662, 0.305229604244, 0.160257294774, 0.0224949084222, 0.0118681266904, 0.00852979719639, 0.014298425056, 0.0305296294391, 0.032866768539, 0.0302152466029, 0.0342026352882, 0.0446168072522, 0.0738243982196, 0.0879155620933, 0.0755427479744, 0.072064012289],
        "var": [0.0412442460656, 0.0321827046573, 0.0271943528205, 0.0262079779059, 0.0469381138682, 0.0881584957242, 0.149917349219, 0.118169225752, 0.0522232651711, 0.0328882448375, 0.0273360088468, 0.0419873967767, 0.0985444486141, 0.0674793720245, 0.0168470814824, 0.00866311695427, 0.0140238488093, 0.0209918897599, 0.0242376308888, 0.0214437302202, 0.0641223490238, 0.14661718905, 0.0496400259435, 0.00916723720729, 0.00689695961773, 0.00382932811044, 0.00519722746685, 0.0184035915881, 0.0187356136739, 0.0188925731927, 0.0234959404916, 0.0246730446815, 0.0496378391981, 0.0574224181473, 0.0451794490218, 0.042559992522]
    },
    "chords_histogram": [40.3292198181, 0.411522626877, 17.9012336731, 0.925925910473, 0.102880656719, 2.36625504494, 0, 0.617283940315, 0, 0, 0, 2.77777767181, 0, 0, 0.102880656719, 6.06995868683, 0.411522626877, 3.90946507454, 1.64609050751, 0.514403283596, 0, 0.617283940315, 21.2962970734, 0],
    "thpcp": [1, 0.807161986828, 0.323349714279, 0.159080937505, 0.12436684221, 0.219723135233, 0.387570768595, 0.306719779968, 0.100590504706, 0.0524536818266, 0.0666173100471, 0.0990018472075, 0.112561874092, 0.128049135208, 0.513958930969, 0.835119187832, 0.438469737768, 0.0615468807518, 0.0324716232717, 0.0233378335834, 0.0391210056841, 0.0835301652551, 0.0899246633053, 0.0826700031757, 0.0935796424747, 0.122073195875, 0.201986223459, 0.240540146828, 0.206687688828, 0.197169736028, 0.204716041684, 0.167342498899, 0.121491581202, 0.12895911932, 0.254237383604, 0.597220718861],
    "chords_key": "E",
    "chords_scale": "major",
    "key_key": "E",
    "key_scale": "major"
}
}