{
"lowlevel": {
    "average_loudness": 0.977413773537,
    "barkbands_crest": {
        "mean": 9.5365114212,
        "var": 14.7491168976
    },
    "barkbands_flatness_db": {
        "mean": 0.0982193499804,
        "var": 0.00112923956476
    },
    "barkbands_kurtosis": {
        "mean": 5.27362060547,
        "var": 37.2167701721
    },
    "barkbands_skewness": {
        "mean": 2.02537059784,
        "var": 0.815456032753
    },
    "barkbands_spread": {
        "mean": 22.8989086151,
        "var": 94.3335876465
    },
    "dissonance": {
        "mean": 0.475122988224,
        "var": 0.000237034080783
    },
    "dynamic_complexity": 1.23132264614,
    "erbbands_crest": {
        "mean": 5.50562286377,
        "var": 4.49824619293
    },
    "erbbands_flatness_db": {
        "mean": 0.100500717759,
        "var": 0.00020388388657
    },
    "erbbands_kurtosis": {
        "mean": -0.394596457481,
        "var": 0.200866311789
    },
    "erbbands_skewness": {
        "mean": 0.339233636856,
        "var": 0.174025699496
    },
    "erbbands_spread": {
        "mean": 49.2898521423,
        "var": 79.3319396973
    },
    "hfc": {
        "mean": 28.0365371704,
        "var": 198.205871582
    },
    "melbands_crest": {
        "mean": 14.0880918503,
        "var": 20.099319458
    },
    "melbands_flatness_db": {
        "mean": 0.179049029946,
        "var": 0.0022282958962
    },
    "melbands_kurtosis": {
        "mean": 16.5104866028,
        "var": 193.478164673
    },
    "melbands_skewness": {
        "mean": 3.22856903076,
        "var": 1.32090818882
    },
    "melbands_spread": {
        "mean": 18.6675415039,
        "var": 121.236747742
    },
    "pitch_salience": {
        "mean": 0.594660103321,
        "var": 0.0117770861834
    },
    "silence_rate_20dB": {
        "mean": 1,
        "var": 0
    },
    "silence_rate_30dB": {
        "mean": 1,
        "var": 0
    },
    "silence_rate_60dB": {
        "mean": 0.00102986616548,
        "var": 0.00102881784551
    },
    "spectral_centroid": {
        "mean": 1235.20202637,
        "var": 283176.625
    },
    "spectral_complexity": {
        "mean": 30.3908348083,
        "var": 141.491348267
    },
    "spectral_decrease": {
        "mean": -1.04370974086e-008,
        "var": 1.14641211025e-017
    },
    "spectral_energy": {
        "mean": 0.041935030371,
        "var": 0.000175251087057
    },
    "spectral_energyband_high": {
        "mean": 0.00141651241574,
        "var": 9.53179437602e-007
    },
    "spectral_energyband_low": {
        "mean": 0.0154588390142,
        "var": 0.000122229917906
    },
    "spectral_energyband_middle_high": {
        "mean": 0.00581767363474,
        "var": 1.34642286866e-005
    },
    "spectral_energyband_middle_low": {
        "mean": 0.0209614764899,
        "var": 0.000111846842628
    },
    "spectral_entropy": {
        "mean": 7.82424402237,
        "var": 0.0511078201234
    },
    "spectral_flux": {
        "mean": 0.109323069453,
        "var": 0.001590896165
    },
    "spectral_kurtosis": {
        "mean": 3.70878434181,
        "var": 0.486971974373
    },
    "spectral_rms": {
        "mean": 0.00630796514452,
        "var": 1.12175075628e-006
    },
    "spectral_rolloff": {
        "mean": 1088.02453613,
        "var": 888932
    },
    "spectral_skewness": {
        "mean": 1.55182313919,
        "var": 0.0235870033503
    },
    "spectral_spread": {
        "mean": 5384060,
        "var": 1.07198676992e+012
    },
    "spectral_strongpeak": {
        "mean": 0.597930669785,
        "var": 0.179710566998
    },
    "zerocrossingrate": {
        "mean": 0.05344818905,
        "var": 0.000799046421889
    },
    "barkbands": {
        "mean": [0.0005718289176, 0.0099349366501, 0.00330605311319, 0.00472331186756, 0.0076803653501, 0.00335435080342, 0.00226461421698, 0.00150721275713, 0.00130677095149, 0.0007857621531, 0.000563963491004, 0.000766175799072, 0.000669386179652, 0.000574857636821, 0.000581803673413, 0.000540660752449, 0.000404865015298, 0.000413682049839, 0.00036183182965, 0.000451349042123, 0.000339478283422, 0.000230180783547, 0.000140050498885, 0.000120411532407, 0.000164176584803, 0.000166706202435, 1.02779249573e-005],
        "var": [1.48479489326e-006, 0.000103417929495, 1.10134642455e-005, 2.37147196458e-005, 3.62010105164e-005, 1.58198436111e-005, 6.08485152043e-006, 3.62077707905e-006, 2.23169149649e-006, 1.1085855931e-006, 4.41405546781e-007, 5.47129900497e-007, 2.89121715014e-007, 2.46703564244e-007, 2.62802586803e-007, 2.02435728625e-007, 1.43367984151e-007, 1.40784038649e-007, 9.37030790737e-008, 2.11086756963e-007, 7.44791393004e-008, 3.24014450825e-008, 7.70537766925e-009, 1.3893907358e-008, 1.41529614694e-008, 1.87036288679e-008, 4.35421643186e-010]
    },
    "erbbands": {
        "mean": [0.247442662716, 2.29532217979, 4.68994569778, 9.20199775696, 25.5318431854, 21.9225292206, 25.2532463074, 28.810792923, 32.505153656, 31.6436958313, 34.4498023987, 27.4575366974, 25.3467922211, 28.3241386414, 27.4567165375, 29.2821464539, 30.4668655396, 28.4213275909, 31.6566925049, 29.2196445465, 29.6821403503, 23.6130657196, 22.3445205688, 21.1114406586, 18.2044487, 21.127407074, 15.9042167664, 12.2216539383, 8.54899501801, 6.01053953171, 3.65398240089, 2.41451334953, 2.068328619, 1.65918052197, 1.35425436497, 0.80508595705, 0.287304729223, 0.0424843356013, 0.00144189037383, 8.52712255437e-005],
        "var": [0.123881943524, 5.27298545837, 16.3660888672, 80.9118652344, 677.189208984, 520.674377441, 881.699584961, 1515.41418457, 1221.48022461, 1277.77600098, 1791.63171387, 857.81628418, 934.016906738, 1075.26672363, 650.600585938, 581.447814941, 600.950012207, 430.085479736, 747.089355469, 732.983581543, 674.796875, 508.939544678, 360.963256836, 359.31439209, 246.653823853, 479.262573242, 173.712554932, 106.51915741, 50.4986038208, 15.8872098923, 5.89788961411, 3.81982564926, 4.65505361557, 1.40761816502, 1.14508104324, 0.458456635475, 0.0667517185211, 0.00304025411606, 6.33404397377e-006, 2.30886776365e-009]
    },
    "gfcc": {
        "mean": [68.8290939331, 73.9994735718, -96.4308853149, 29.5767326355, -52.941204071, 14.017624855, -40.4659309387, 10.1893768311, -32.0804824829, 11.4711513519, -24.7397098541, 4.55169391632, -17.3219814301],
        "cov": [[2439.99853516, -191.545776367, -367.066497803, -20.3955631256, -121.96761322, -68.1613311768, -87.024307251, 32.6529846191, -120.547805786, 90.1425704956, -101.056182861, 69.8793716431, -10.629073143], [-191.545776367, 261.288452148, 106.904838562, 49.8533363342, 22.9099960327, 45.1815185547, 18.9390468597, -0.107014738023, 42.5698814392, -36.9542732239, 37.0136413574, -31.5595340729, -2.71847009659], [-367.066497803, 106.904838562, 264.687957764, 39.1553764343, 58.5990028381, 48.5646972656, 34.4025154114, 0.270024836063, 77.0820541382, -25.929233551, 62.1843452454, -15.4459733963, 17.6728439331], [-20.3955631256, 49.8533363342, 39.1553764343, 119.471443176, 87.1159133911, 42.7532157898, 42.7699279785, 36.8986129761, 16.7733840942, 33.0879249573, 8.54915809631, 7.63354921341, -1.78698861599], [-121.96761322, 22.9099960327, 58.5990028381, 87.1159133911, 104.338317871, 46.4437217712, 49.2394828796, 29.2518005371, 24.9307136536, 34.2460670471, 14.8089342117, 10.3723297119, 2.1661772728], [-68.1613311768, 45.1815185547, 48.5646972656, 42.7532157898, 46.4437217712, 62.3681869507, 36.204208374, 15.7592124939, 21.1794261932, 3.92505955696, 16.0795269012, -1.90240263939, 5.71870279312], [-87.024307251, 18.9390468597, 34.4025154114, 42.7699279785, 49.2394828796, 36.204208374, 57.5897903442, 35.9299201965, 24.8634376526, 15.9108142853, 8.369972229, 3.70127177238, -1.32573282719], [32.6529846191, -0.107014738023, 0.270024836063, 36.8986129761, 29.2518005371, 15.7592124939, 35.9299201965, 55.6371994019, 29.7630462646, 32.4256057739, 9.79914093018, 14.838300705, 4.98104381561], [-120.547805786, 42.5698814392, 77.0820541382, 16.7733840942, 24.9307136536, 21.1794261932, 24.8634376526, 29.7630462646, 73.013999939, 22.3588218689, 40.1393814087, 6.6091594696, 16.0484580994], [90.1425704956, -36.9542732239, -25.929233551, 33.0879249573, 34.2460670471, 3.92505955696, 15.9108142853, 32.4256057739, 22.3588218689, 73.1274719238, 20.7457046509, 25.1049880981, 5.06505012512], [-101.056182861, 37.0136413574, 62.1843452454, 8.54915809631, 14.8089342117, 16.0795269012, 8.369972229, 9.79914093018, 40.1393814087, 20.7457046509, 64.3001022339, 20.833530426, 16.9626541138], [69.8793716431, -31.5595340729, -15.4459733963, 7.63354921341, 10.3723297119, -1.90240263939, 3.70127177238, 14.838300705, 6.6091594696, 25.1049880981, 20.833530426, 48.4226036072, 26.9446163177], [-10.629073143, -2.71847009659, 17.6728439331, -1.78698861599, 2.1661772728, 5.71870279312, -1.32573282719, 4.98104381561, 16.0484580994, 5.06505012512, 16.9626541138, 26.9446163177, 48.9321670532]],
        "icov": [[0.000709109765012, -0.000166285186424, -0.000160695053637, -0.00045342973317, 0.00174902274739, -0.00131137901917, 0.00150580867194, -0.00101342552807, 0.000781080801971, -0.00162018067203, 0.00172674888745, -0.00172347563785, 0.000668047519866], [-0.000166285186424, 0.00804211106151, 0.00168041442521, -0.00677017075941, 0.00192340428475, -0.000985804013908, -0.000497880158946, 0.00198754668236, -0.00499009527266, 0.00781435519457, -0.00728614907712, 0.00621634349227, -0.000698752817698], [-0.000160695053637, 0.00168041442521, 0.0123425992206, -0.00305503048003, -0.00684285676107, 0.00276279821992, -0.00299890316091, 0.00597876077518, -0.0111280437559, 0.012023110874, -0.0109013579786, 0.00743488082662, -0.00313055329025], [-0.00045342973317, -0.00677017075941, -0.00305503048003, 0.0320547446609, -0.0226309597492, -0.00331404898316, 0.00702541647479, -0.0149284275249, 0.0105145731941, -0.00665091536939, 0.00513352034613, -0.00205619749613, 0.00149116758257], [0.00174902274739, 0.00192340428475, -0.00684285676107, -0.0226309597492, 0.0470242388546, -0.0110652493313, -0.0140229901299, 0.0113933458924, 0.000896195706446, -0.0166169572622, 0.0106931962073, -0.0108737070113, 0.00351039599627], [-0.00131137901917, -0.000985804013908, 0.00276279821992, -0.00331404898316, -0.0110652493313, 0.0384413823485, -0.0207011792809, 0.0068921293132, -0.00174740154762, 0.00858704559505, -0.012318732217, 0.0124453287572, -0.00962217804044], [0.00150580867194, -0.000497880158946, -0.00299890316091, 0.00702541647479, -0.0140229901299, -0.0207011792809, 0.0609517022967, -0.0341886691749, 0.00150585279334, 0.00213667214848, 0.00829319469631, -0.00705977343023, 0.0101083973423], [-0.00101342552807, 0.00198754668236, 0.00597876077518, -0.0149284275249, 0.0113933458924, 0.0068921293132, -0.0341886691749, 0.0590748079121, -0.0233806781471, -0.00498348847032, 0.00279670837335, -0.0056617949158, -0.00073162233457], [0.000781080801971, -0.00499009527266, -0.0111280437559, 0.0105145731941, 0.000896195706446, -0.00174740154762, 0.00150585279334, -0.0233806781471, 0.0462586134672, -0.0165136791766, -0.00655332254246, 0.00672958279029, -0.00801523216069], [-0.00162018067203, 0.00781435519457, 0.012023110874, -0.00665091536939, -0.0166169572622, 0.00858704559505, 0.00213667214848, -0.00498348847032, -0.0165136791766, 0.0454438589513, -0.0219472628087, 0.00493356958032, 0.00139770866372], [0.00172674888745, -0.00728614907712, -0.0109013579786, 0.00513352034613, 0.0106931962073, -0.012318732217, 0.00829319469631, 0.00279670837335, -0.00655332254246, -0.0219472628087, 0.0500087477267, -0.0297467838973, 0.00846672523767], [-0.00172347563785, 0.00621634349227, 0.00743488082662, -0.00205619749613, -0.0108737070113, 0.0124453287572, -0.00705977343023, -0.0056617949158, 0.00672958279029, 0.00493356958032, -0.0297467838973, 0.0604885667562, -0.0290914867073], [0.000668047519866, -0.000698752817698, -0.00313055329025, 0.00149116758257, 0.00351039599627, -0.00962217804044, 0.0101083973423, -0.00073162233457, -0.00801523216069, 0.00139770866372, 0.00846672523767, -0.0290914867073, 0.0386137105525]]
    },
    "melbands": {
        "mean": [0.00251052062958, 0.00275338697247, 0.00219952641055, 0.00174900819547, 0.000889001355972, 0.000629466027021, 0.000501583039295, 0.000342264043866, 0.000271035940386, 0.000169110004208, 0.000127085877466, 0.000116054725368, 8.51725999382e-005, 9.01025778148e-005, 7.43593627703e-005, 5.87044451095e-005, 5.23799280927e-005, 5.1285373047e-005, 4.20619435317e-005, 3.78794538847e-005, 3.26619119733e-005, 2.47243278864e-005, 2.07044395211e-005, 1.95544071175e-005, 1.6880545445e-005, 1.30235193865e-005, 1.39066960401e-005, 1.42411090565e-005, 1.05643393908e-005, 8.06850584922e-006, 6.65911693432e-006, 5.02925604451e-006, 3.97922303819e-006, 3.00904321193e-006, 2.14328042603e-006, 1.70374084973e-006, 1.3869431541e-006, 1.46547620261e-006, 1.3503157561e-006, 1.4063866729e-006],
        "var": [8.40233860799e-006, 5.02154443893e-006, 3.8443295125e-006, 2.23709366765e-006, 9.04388627987e-007, 6.59780710066e-007, 2.70214371767e-007, 1.40200782539e-007, 1.01641269623e-007, 3.68295189901e-008, 2.5335140208e-008, 2.1210928125e-008, 8.89569840012e-009, 8.67730598486e-009, 3.83458020892e-009, 1.82151627115e-009, 1.66180558203e-009, 2.37868968966e-009, 1.38450628739e-009, 1.07498632218e-009, 9.34277988307e-010, 5.98729399393e-010, 3.35502542415e-010, 3.62929380993e-010, 2.40718472932e-010, 1.25132446072e-010, 1.8129585333e-010, 2.50677228975e-010, 8.76180794585e-011, 4.20354619168e-011, 3.49800570454e-011, 1.9786318417e-011, 1.06780773459e-011, 3.84279717422e-012, 2.32706150356e-012, 1.51889893892e-012, 1.53781111109e-012, 2.81991942817e-012, 1.45450903925e-012, 1.14044613597e-012]
    },
    "mfcc": {
        "mean": [-582.125976563, 114.506584167, 9.13066387177, 24.1930942535, 5.89435195923, 8.45192432404, 1.99763309956, -1.85877907276, 0.67613786459, -0.47631534934, 0.149438530207, -1.10280179977, -0.0744723007083],
        "cov": [[1384.17944336, -181.022750854, -305.979187012, 6.05718994141, -133.701873779, -61.0509910583, -36.7491493225, -76.8617630005, 17.772102356, -84.6897583008, -18.0998344421, -39.6090202332, 40.6876945496], [-181.022750854, 182.793045044, 115.226966858, 3.33915162086, 40.9609565735, 16.4159679413, 6.52912092209, 27.5674991608, -11.2482814789, 29.7257709503, 4.52299928665, 8.7427406311, -16.9796485901], [-305.979187012, 115.226966858, 236.254150391, -19.7945327759, 71.9575271606, 12.7593040466, 4.91636991501, 31.5965881348, -11.1151771545, 45.6290054321, -15.9077224731, 35.1514854431, -24.2941474915], [6.05718994141, 3.33915162086, -19.7945327759, 114.343582153, 41.9598083496, 39.2784690857, 32.9137802124, 20.7284259796, 30.772518158, 12.3465538025, 40.9851074219, 7.9089550972, 29.9682655334], [-133.701873779, 40.9609565735, 71.9575271606, 41.9598083496, 75.03465271, 41.1426544189, 23.5734863281, 18.9845561981, 10.8618831635, 24.5870704651, 16.6279087067, 21.9585056305, 8.5112657547], [-61.0509910583, 16.4159679413, 12.7593040466, 39.2784690857, 41.1426544189, 64.1081542969, 34.5726394653, 17.7347621918, 15.2897043228, 13.7349271774, 17.9237937927, 7.98598670959, 8.11868286133], [-36.7491493225, 6.52912092209, 4.91636991501, 32.9137802124, 23.5734863281, 34.5726394653, 49.8759307861, 23.6020565033, 13.5143289566, 8.22007369995, 14.9824848175, 9.32222938538, 10.8824691772], [-76.8617630005, 27.5674991608, 31.5965881348, 20.7284259796, 18.9845561981, 17.7347621918, 23.6020565033, 50.0751495361, 21.1282749176, 12.9986448288, 8.06780529022, 6.93358469009, 1.03519225121], [17.772102356, -11.2482814789, -11.1151771545, 30.772518158, 10.8618831635, 15.2897043228, 13.5143289566, 21.1282749176, 47.5262413025, 18.5067176819, 16.1411495209, -0.289194762707, 11.841176033], [-84.6897583008, 29.7257709503, 45.6290054321, 12.3465538025, 24.5870704651, 13.7349271774, 8.22007369995, 12.9986448288, 18.5067176819, 53.556552887, 21.0872268677, 11.8587865829, -0.383893996477], [-18.0998344421, 4.52299928665, -15.9077224731, 40.9851074219, 16.6279087067, 17.9237937927, 14.9824848175, 8.06780529022, 16.1411495209, 21.0872268677, 61.0340576172, 21.7254600525, 14.1471385956], [-39.6090202332, 8.7427406311, 35.1514854431, 7.9089550972, 21.9585056305, 7.98598670959, 9.32222938538, 6.93358469009, -0.289194762707, 11.8587865829, 21.7254600525, 55.7340736389, 21.7770462036], [40.6876945496, -16.9796485901, -24.2941474915, 29.9682655334, 8.5112657547, 8.11868286133, 10.8824691772, 1.03519225121, 11.841176033, -0.383893996477, 14.1471385956, 21.7770462036, 56.2588577271]],
        "icov": [[0.00115895934869, -7.76096640038e-005, 0.00100248446688, -0.000575857877266, 0.00100455409847, 0.000326000124915, -4.54890323454e-005, 0.00131289521232, -0.00128219474573, 0.00056824053172, 0.000886090332642, -0.000794562685769, 2.21553455049e-005], [-7.76096640038e-005, 0.00924960616976, -0.00404477398843, -0.000585146830417, -5.68425530219e-005, -0.00146280357148, 0.00181415886618, -0.00451052188873, 0.00540321925655, -0.00203610002063, -0.00255767884664, 0.0032297000289, -0.000393550930312], [0.00100248446688, -0.00404477398843, 0.0153909986839, 0.00224874936976, -0.0121191525832, 0.00488422811031, 0.000784260453656, -0.00374118494801, 0.00182219047565, -0.00700176274404, 0.00896719563752, -0.00824021175504, 0.00505180796608], [-0.000575857877266, -0.000585146830417, 0.00224874936976, 0.0206077825278, -0.0120913423598, -0.0001225797605, -0.00348290125839, -0.002557705855, -0.00411718664691, 0.00323629868217, -0.00975518021733, 0.00662356754765, -0.00642093224451], [0.00100455409847, -5.68425530219e-005, -0.0121191525832, -0.0120913423598, 0.0437699593604, -0.0180331151932, 0.00105394795537, 0.00498090032488, -0.00156244821846, -0.00072834052844, 0.000478617264889, -0.00469989702106, -0.00182840612251], [0.000326000124915, -0.00146280357148, 0.00488422811031, -0.0001225797605, -0.0180331151932, 0.036153588444, -0.017059834674, 0.00154844543431, -0.00283913593739, -0.000774647051003, -0.000147234924952, 0.0012421302963, 0.00242804829031], [-4.54890323454e-005, 0.00181415886618, 0.000784260453656, -0.00348290125839, 0.00105394795537, -0.017059834674, 0.0402804277837, -0.0147029682994, 0.00418821396306, -0.000509494857397, -0.000508624245413, -0.00190524978098, -0.00246389210224], [0.00131289521232, -0.00451052188873, -0.00374118494801, -0.002557705855, 0.00498090032488, 0.00154844543431, -0.0147029682994, 0.0392851345241, -0.0192267745733, 0.00513536948711, 0.00181421765592, -0.00354721909389, 0.00357896019705], [-0.00128219474573, 0.00540321925655, 0.00182219047565, -0.00411718664691, -0.00156244821846, -0.00283913593739, 0.00418821396306, -0.0192267745733, 0.0426807142794, -0.0157728716731, -0.00174441130366, 0.00682192388922, -0.00556510221213], [0.00056824053172, -0.00203610002063, -0.00700176274404, 0.00323629868217, -0.00072834052844, -0.000774647051003, -0.000509494857397, 0.00513536948711, -0.0157728716731, 0.0353200063109, -0.0125344060361, 0.00159965013154, 0.000546664348803], [0.000886090332642, -0.00255767884664, 0.00896719563752, -0.00975518021733, 0.000478617264889, -0.000147234924952, -0.000508624245413, 0.00181421765592, -0.00174441130366, -0.0125344060361, 0.0349600799382, -0.0167186446488, 0.00563173694536], [-0.000794562685769, 0.0032297000289, -0.00824021175504, 0.00662356754765, -0.00469989702106, 0.0012421302963, -0.00190524978098, -0.00354721909389, 0.00682192388922, 0.00159965013154, -0.0167186446488, 0.0359047986567, -0.0156906694174], [2.21553455049e-005, -0.000393550930312, 0.00505180796608, -0.00642093224451, -0.00182840612251, 0.00242804829031, -0.00246389210224, 0.00357896019705, -0.00556510221213, 0.000546664348803, 0.00563173694536, -0.0156906694174, 0.029411515221]]
    },
    "spectral_contrast_coeffs": {
        "mean": [-0.591901779175, -0.732225596905, -0.796136915684, -0.799992859364, -0.801370918751, -0.72913724184],
        "var": [0.00647059129551, 0.00421688053757, 0.00260596163571, 0.00135646993294, 0.000800202717073, 0.00246644485742]
    },
    "spectral_contrast_valleys": {
        "mean": [-6.75748205185, -6.14278936386, -6.69206619263, -6.96417665482, -6.95146274567, -9.67904567719],
        "var": [0.737421512604, 0.602134644985, 0.607412755489, 0.563307762146, 0.625421404839, 0.386801332235]
    }
},
"metadata": {
    "audio_properties": {
        "analysis_sample_rate": 44100,
        "bit_rate": 119423,
        "equal_loudness": 0,
        "length": 45.0612258911,
        "lossless": 0,
        "replay_gain": -16.5476074219,
        "sample_rate": 44100,
        "codec": "mp3",
        "downmix": "mix",
        "md5_encoded": "375ba31f89fb0009bfa665bfec508e13"
    },
    "tags": {
        "file_name": "824.mp3"
    },
    "version": {
        "essentia": "2.1-beta2",
        "essentia_git_sha": "v2.1_beta2",
        "extractor": "music 1.0"
    }
},
"rhythm": {
    "beats_count": 99,
    "beats_loudness": {
        "mean": 0.0449805706739,
        "var": 0.00013046785898
    },
    "bpm": 130.581787109,
    "bpm_histogram_first_peak_bpm": {
        "mean": 129,
        "var": 0
    },
    "bpm_histogram_first_peak_spread": {
        "mean": 0.444444417953,
        "var": 0
    },
    "bpm_histogram_first_peak_weight": {
        "mean": 0.408163279295,
        "var": 0
    },
    "bpm_histogram_second_peak_bpm": {
        "mean": 136,
        "var": 0
    },
    "bpm_histogram_second_peak_spread": {
        "mean": 0.0384615212679,
        "var": 0
    },
    "bpm_histogram_second_peak_weight": {
        "mean": 0.255102038383,
        "var": 0
    },
    "danceability": 1.16838860512,
    "onset_rate": 4.52513360977,
    "beats_loudness_band_ratio": {
        "mean": [0.392020940781, 0.305594086647, 0.157714471221, 0.0898462235928, 0.0714795514941, 0.063972003758],
        "var": [0.0370786786079, 0.0259697344154, 0.00701489904895, 0.00190770998597, 0.00202811975032, 0.00147286406718]
    },
    "beats_position": [0.406349211931, 0.835918366909, 1.27709746361, 1.74149656296, 2.18267560005, 2.6470746994, 3.08825397491, 3.55265307426, 3.99383211136, 4.45823097229, 4.91102027893, 5.3754196167, 5.8282084465, 6.28099775314, 6.73378658295, 7.19818592072, 7.63936471939, 8.10376358032, 8.54494285583, 9.0093421936, 9.45052146912, 9.91492080688, 10.379319191, 10.8321084976, 11.2848978043, 11.749297142, 12.1904764175, 12.6548748016, 13.0960540771, 13.5604534149, 14.0132427216, 14.4660310745, 14.90721035, 15.3716096878, 15.8243989944, 16.2771873474, 16.7183666229, 17.1827659607, 17.6471652985, 18.0999546051, 18.5527439117, 19.0171432495, 19.458322525, 19.9227199554, 20.363899231, 20.8282985687, 21.2926979065, 21.7570972443, 22.1982765198, 22.6510658264, 23.1038551331, 23.5566444397, 24.009431839, 24.4738311768, 24.9266204834, 25.37940979, 25.8205890656, 26.2849884033, 26.73777771, 27.2021770477, 27.6549663544, 28.1193637848, 28.5721530914, 29.0249423981, 29.4661216736, 29.9305210114, 30.383310318, 30.8244895935, 31.2772789001, 31.7416782379, 32.2060775757, 32.6704750061, 33.111656189, 33.5760536194, 34.0172348022, 34.4700202942, 34.9228096008, 35.3872108459, 35.8400001526, 36.2927894592, 36.7571868896, 37.2215881348, 37.6627655029, 38.1039466858, 38.5683441162, 39.0327415466, 39.4739227295, 39.9383201599, 40.3795013428, 40.8438987732, 41.3083000183, 41.761089325, 42.2138786316, 42.678276062, 43.1194534302, 43.5838546753, 44.0250320435, 44.4778213501, 44.953830719]
},
"tonal": {
    "chords_changes_rate": 0.0462962947786,
    "chords_number_rate": 0.00925925932825,
    "chords_strength": {
        "mean": 0.495578318834,
        "var": 0.0064410394989
    },
    "hpcp_entropy": {
        "mean": 2.35161018372,
        "var": 0.671419978142
    },
    "key_strength": 0.513379514217,
    "tuning_diatonic_strength": 0.419846445322,
    "tuning_equal_tempered_deviation": 0.184903025627,
    "tuning_frequency": 434.193115234,
    "tuning_nontempered_energy_ratio": 0.916240692139,
    "hpcp": {
        "mean": [0.189825564623, 0.215578898787, 0.117572493851, 0.0934842824936, 0.102238997817, 0.0971780717373, 0.134168937802, 0.145496353507, 0.114996194839, 0.0951104834676, 0.0691923126578, 0.0749142095447, 0.133522748947, 0.147683978081, 0.111829414964, 0.154656112194, 0.165057092905, 0.0957218185067, 0.0716361775994, 0.0777045041323, 0.107578471303, 0.199445322156, 0.212441593409, 0.155148044229, 0.148330450058, 0.11392801255, 0.147495433688, 0.368476778269, 0.40518990159, 0.201724603772, 0.0973086133599, 0.0727903023362, 0.0752026438713, 0.111371085048, 0.115719169378, 0.0988930910826],
        "var": [0.0867468714714, 0.110091142356, 0.0307181738317, 0.0271708853543, 0.0343987718225, 0.0362089835107, 0.0523165389895, 0.062866397202, 0.0317939147353, 0.0306653957814, 0.0214647036046, 0.0188264884055, 0.0303190816194, 0.0386436283588, 0.0262902788818, 0.0656087100506, 0.0844558849931, 0.0264718458056, 0.016287041828, 0.0223694462329, 0.0312039088458, 0.0668825060129, 0.0897727832198, 0.0496554076672, 0.068611882627, 0.0367378629744, 0.0463709868491, 0.128355681896, 0.149861127138, 0.0567144863307, 0.036414410919, 0.0254863649607, 0.0222995299846, 0.0356733053923, 0.0413999073207, 0.0276254508644]
    },
    "chords_histogram": [17.9012336731, 13.8888893127, 4.42386817932, 0.925925910473, 0, 5.86419773102, 0, 27.4691352844, 0, 0, 0, 0, 0, 0, 0, 0, 1.02880656719, 0, 8.12757205963, 0, 0, 0, 4.01234579086, 16.3580245972],
    "thpcp": [1, 0.497851997614, 0.24015557766, 0.179644912481, 0.185598507524, 0.274861454964, 0.28559243679, 0.244066029787, 0.468485414982, 0.532044112682, 0.290166407824, 0.230717211962, 0.252323657274, 0.239833399653, 0.331126064062, 0.359081894159, 0.283808141947, 0.234730631113, 0.170765146613, 0.184886664152, 0.329531282187, 0.364480882883, 0.27599260211, 0.381687968969, 0.407357364893, 0.236239403486, 0.176796555519, 0.191773056984, 0.265501350164, 0.492226779461, 0.524301290512, 0.382902055979, 0.366076380014, 0.281171888113, 0.364015579224, 0.909392774105],
    "chords_key": "F#",
    "chords_scale": "major",
    "key_key": "F#",
    "key_scale": "minor"
}
}