{
"lowlevel": {
    "average_loudness": 0.9449031353,
    "barkbands_crest": {
        "mean": 14.6805801392,
        "var": 35.3307991028
    },
    "barkbands_flatness_db": {
        "mean": 0.340316921473,
        "var": 0.0379426926374
    },
    "barkbands_kurtosis": {
        "mean": 51.9805374146,
        "var": 303769.8125
    },
    "barkbands_skewness": {
        "mean": 2.35647988319,
        "var": 27.5347251892
    },
    "barkbands_spread": {
        "mean": 12.7394590378,
        "var": 268.646881104
    },
    "dissonance": {
        "mean": 0.323469042778,
        "var": 0.0137507626787
    },
    "dynamic_complexity": 2.83611631393,
    "erbbands_crest": {
        "mean": 16.587272644,
        "var": 61.3738136292
    },
    "erbbands_flatness_db": {
        "mean": 0.304202854633,
        "var": 0.0225970894098
    },
    "erbbands_kurtosis": {
        "mean": 14.922208786,
        "var": 2004.98242188
    },
    "erbbands_skewness": {
        "mean": 1.57633030415,
        "var": 4.45262145996
    },
    "erbbands_spread": {
        "mean": 21.2757339478,
        "var": 654.185791016
    },
    "hfc": {
        "mean": 21.8421611786,
        "var": 1014.63604736
    },
    "melbands_crest": {
        "mean": 18.9008331299,
        "var": 61.6901168823
    },
    "melbands_flatness_db": {
        "mean": 0.419599592686,
        "var": 0.0477094762027
    },
    "melbands_kurtosis": {
        "mean": 71.2319717407,
        "var": 652661.1875
    },
    "melbands_skewness": {
        "mean": 2.61157250404,
        "var": 34.4409217834
    },
    "melbands_spread": {
        "mean": 14.993262291,
        "var": 749.350646973
    },
    "pitch_salience": {
        "mean": 0.495128899813,
        "var": 0.0360674336553
    },
    "silence_rate_20dB": {
        "mean": 1,
        "var": 0
    },
    "silence_rate_30dB": {
        "mean": 0.98507463932,
        "var": 0.0147028435022
    },
    "silence_rate_60dB": {
        "mean": 0.103962942958,
        "var": 0.0931514725089
    },
    "spectral_centroid": {
        "mean": 810.286743164,
        "var": 950437.5625
    },
    "spectral_complexity": {
        "mean": 7.28358221054,
        "var": 64.6075744629
    },
    "spectral_decrease": {
        "mean": -8.67813465533e-009,
        "var": 5.11781541896e-017
    },
    "spectral_energy": {
        "mean": 0.0347343981266,
        "var": 0.000797168235295
    },
    "spectral_energyband_high": {
        "mean": 0.00108533992898,
        "var": 7.41255280445e-006
    },
    "spectral_energyband_low": {
        "mean": 0.00899215228856,
        "var": 0.000253652367974
    },
    "spectral_energyband_middle_high": {
        "mean": 0.00182832055725,
        "var": 2.58481031779e-005
    },
    "spectral_energyband_middle_low": {
        "mean": 0.0225571077317,
        "var": 0.000325834145769
    },
    "spectral_entropy": {
        "mean": 5.92746114731,
        "var": 2.90639948845
    },
    "spectral_flux": {
        "mean": 0.0829011276364,
        "var": 0.00486364495009
    },
    "spectral_kurtosis": {
        "mean": 78.0013580322,
        "var": 13956.8144531
    },
    "spectral_rms": {
        "mean": 0.00521454494447,
        "var": 6.69575410939e-006
    },
    "spectral_rolloff": {
        "mean": 1759.12817383,
        "var": 12295491
    },
    "spectral_skewness": {
        "mean": 5.73775434494,
        "var": 22.775308609
    },
    "spectral_spread": {
        "mean": 4553566.5,
        "var": 1.65746426511e+013
    },
    "spectral_strongpeak": {
        "mean": 1.24501788616,
        "var": 1.49049210548
    },
    "zerocrossingrate": {
        "mean": 0.0636401623487,
        "var": 0.00877668429166
    },
    "barkbands": {
        "mean": [0.00188947492279, 0.00654422864318, 0.00105628359597, 0.000776766915806, 0.00564378872514, 0.00817833002657, 0.00270120613277, 0.00195734715089, 0.00271744374186, 0.000980267650448, 0.000368559791241, 0.000176577726961, 0.00019450095715, 7.39815150155e-005, 8.22759684524e-005, 7.53295826144e-005, 6.47331180517e-005, 6.42860177322e-005, 6.69932705932e-005, 7.92513601482e-005, 9.80645781965e-005, 0.00011773067672, 0.000146545033203, 0.000191784754861, 0.000231575657381, 0.000229419383686, 2.76795071841e-005],
        "var": [2.75554957625e-005, 0.000159927702043, 1.18312655104e-005, 7.31239151719e-006, 7.24963392713e-005, 0.000123871854157, 2.18124569074e-005, 2.1850455596e-005, 3.65775522368e-005, 1.93655814655e-005, 4.4930675358e-006, 2.3256356485e-007, 5.91535183503e-007, 6.99294560036e-008, 1.11637540101e-007, 9.25972898358e-008, 4.52332606926e-008, 6.42691517783e-008, 7.94029659801e-008, 7.23502253663e-008, 9.45029441368e-008, 1.36358636382e-007, 2.41641686216e-007, 3.20220351568e-007, 3.54913083811e-007, 3.10215341415e-007, 5.73967273709e-009]
    },
    "erbbands": {
        "mean": [0.320960015059, 0.937910437584, 1.25689554214, 2.05492258072, 5.70224571228, 28.0949115753, 28.3350086212, 93.5545043945, 31.0781288147, 61.1312103271, 37.5816345215, 75.6038284302, 40.9929046631, 18.5848503113, 14.5075483322, 8.48429203033, 9.03873634338, 4.24569702148, 4.4432682991, 4.05119276047, 3.95168805122, 3.71451282501, 3.33565354347, 3.79736733437, 3.34549689293, 3.75341415405, 3.95173025131, 3.88419294357, 3.86332631111, 4.59789085388, 4.24927663803, 3.92963171005, 3.23026061058, 2.43215417862, 1.62908446789, 1.12716531754, 0.409600645304, 0.0819766446948, 0.0027899814304, 0.000102305937617],
        "var": [0.489719182253, 3.30008625984, 12.0496034622, 37.4514160156, 185.495727539, 2134.80273438, 936.393188477, 18594.0820313, 3369.17773438, 9313.36914063, 10368.3720703, 29582.7773438, 20371.0683594, 10427.3369141, 3966.59741211, 546.715087891, 1176.97937012, 150.854888916, 297.333679199, 240.240722656, 252.975463867, 161.319335938, 169.238082886, 290.360565186, 134.165008545, 169.540145874, 162.712631226, 139.253036499, 146.604003906, 250.133071899, 194.063430786, 157.734863281, 87.8392868042, 46.240901947, 15.9855613708, 8.39053726196, 1.1084266901, 0.0357916094363, 5.06218239025e-005, 2.5303355855e-008]
    },
    "gfcc": {
        "mean": [-163.989608765, 114.064285278, -69.352180481, -35.9855918884, -67.2492141724, -4.05792760849, -36.0684089661, 3.86260843277, -16.0866394043, 5.42621517181, -11.3119754791, 6.23425674438, -0.697588682175],
        "cov": [[48774.796875, -2939.82983398, -1767.69311523, 937.705932617, -3160.06518555, 551.309753418, -2287.4921875, 604.715393066, -1676.22827148, 933.904541016, -1379.69067383, 696.430297852, -1081.68847656], [-2939.82983398, 9329.58105469, 1365.44360352, -1983.90136719, 956.258789063, -1085.70410156, 657.641845703, -850.908569336, 697.281311035, -719.759033203, 748.059082031, -380.936828613, 892.09564209], [-1767.69311523, 1365.44360352, 2786.08520508, 905.173217773, 787.189880371, 381.656646729, 294.790679932, 63.320526123, 134.188400269, 135.564529419, 155.058151245, -81.4049758911, -75.9151000977], [937.705932617, -1983.90136719, 905.173217773, 2160.9152832, 485.738525391, 780.812988281, 135.155151367, 368.903686523, -109.228302002, 206.088531494, 0.0850391089916, 21.7156124115, -281.406585693], [-3160.06518555, 956.258789063, 787.189880371, 485.738525391, 1143.08947754, 376.5206604, 611.059509277, 189.053604126, 355.698181152, -20.0965194702, 34.772731781, -75.4484329224, 90.709197998], [551.309753418, -1085.70410156, 381.656646729, 780.812988281, 376.5206604, 750.601013184, 266.567138672, 480.053344727, 98.8400726318, 226.753723145, -118.13469696, -13.1155395508, -158.752685547], [-2287.4921875, 657.641845703, 294.790679932, 135.155151367, 611.059509277, 266.567138672, 540.513122559, 215.427001953, 304.927642822, -17.1411724091, 61.4371070862, -42.0491752625, 105.9427948], [604.715393066, -850.908569336, 63.320526123, 368.903686523, 189.053604126, 480.053344727, 215.427001953, 481.428466797, 162.589508057, 225.166763306, -139.712081909, 19.5784225464, -86.1112442017], [-1676.22827148, 697.281311035, 134.188400269, -109.228302002, 355.698181152, 98.8400726318, 304.927642822, 162.589508057, 381.113464355, 70.1642456055, 142.474472046, -12.0582017899, 137.203643799], [933.904541016, -719.759033203, 135.564529419, 206.088531494, -20.0965194702, 226.753723145, -17.1411724091, 225.166763306, 70.1642456055, 371.696716309, -10.0582199097, 73.5013504028, -85.1224822998], [-1379.69067383, 748.059082031, 155.058151245, 0.0850391089916, 34.772731781, -118.13469696, 61.4371070862, -139.712081909, 142.474472046, -10.0582199097, 441.310943604, 47.0794258118, 175.874893188], [696.430297852, -380.936828613, -81.4049758911, 21.7156124115, -75.4484329224, -13.1155395508, -42.0491752625, 19.5784225464, -12.0582017899, 73.5013504028, 47.0794258118, 240.189346313, 71.5432739258], [-1081.68847656, 892.09564209, -75.9151000977, -281.406585693, 90.709197998, -158.752685547, 105.9427948, -86.1112442017, 137.203643799, -85.1224822998, 175.874893188, 71.5432739258, 293.935668945]],
        "icov": [[6.67808344588e-005, -0.00016764026077, 0.000105982777313, -0.000139341820613, 0.000180429560714, -0.000187814599485, 0.00023680695449, -0.000135760710691, 0.000112988745968, -0.000120850287203, 0.00022162530513, -0.000384146202123, 0.00023942378175], [-0.00016764026077, 0.000834087259136, -0.000529481680132, 0.000661678554025, -0.000652404327411, 0.000715304457117, -0.0007043396472, 0.000486290111439, -0.000415344111389, 0.000525286188349, -0.000787444354501, 0.00158157467376, -0.00123545317911], [0.000105982777313, -0.000529481680132, 0.000873527256772, -0.000525551964529, 1.26687373267e-005, -0.000573620665818, 0.000513925857376, 2.93907432933e-005, 0.00033515386167, -0.000637319346424, 0.000311137846438, -0.000864102155901, 0.00091225648066], [-0.000139341820613, 0.000661678554025, -0.000525551964529, 0.00175467913505, -0.00144384428859, -8.21286375867e-005, 0.000143748984556, -0.000685292237904, 0.00110132538248, 0.000722993398085, -0.00185878085904, 0.00101802544668, -0.000268479197985], [0.000180429560714, -0.000652404327411, 1.26687373267e-005, -0.00144384428859, 0.00481070578098, -0.00213861558586, -0.00283980625682, 0.00350728258491, -0.00278452574275, -0.00065893784631, 0.00315983314067, -0.00144241109956, 0.000245745875873], [-0.000187814599485, 0.000715304457117, -0.000573620665818, -8.21286375867e-005, -0.00213861558586, 0.00786530598998, -0.00133095530327, -0.00647790776566, 0.00274330470711, 6.25773100182e-005, -0.00229937187396, 0.00211407383904, -1.04154139535e-007], [0.00023680695449, -0.0007043396472, 0.000513925857376, 0.000143748984556, -0.00283980625682, -0.00133095530327, 0.00926741305739, -0.0040914202109, -0.000782400544267, 0.00184596981853, -0.000757391157094, -0.00127420853823, 0.000561265973374], [-0.000135760710691, 0.000486290111439, 2.93907432933e-005, -0.000685292237904, 0.00350728258491, -0.00647790776566, -0.0040914202109, 0.015584600158, -0.00765599077567, -0.00252527790144, 0.00522853434086, -0.000222219023271, -0.00139670888893], [0.000112988745968, -0.000415344111389, 0.00033515386167, 0.00110132538248, -0.00278452574275, 0.00274330470711, -0.000782400544267, -0.00765599077567, 0.0120053552091, -0.00175567076076, -0.00418237550184, 0.000940682773944, -0.000641397142317], [-0.000120850287203, 0.000525286188349, -0.000637319346424, 0.000722993398085, -0.00065893784631, 6.25773100182e-005, 0.00184596981853, -0.00252527790144, -0.00175567076076, 0.00605333596468, -0.00167824467644, -0.000702199235093, 0.00106821756344], [0.00022162530513, -0.000787444354501, 0.000311137846438, -0.00185878085904, 0.00315983314067, -0.00229937187396, -0.000757391157094, 0.00522853434086, -0.00418237550184, -0.00167824467644, 0.0070808022283, -0.00204278761521, -0.0011792932637], [-0.000384146202123, 0.00158157467376, -0.000864102155901, 0.00101802544668, -0.00144241109956, 0.00211407383904, -0.00127420853823, -0.000222219023271, 0.000940682773944, -0.000702199235093, -0.00204278761521, 0.00904017966241, -0.00510171614587], [0.00023942378175, -0.00123545317911, 0.00091225648066, -0.000268479197985, 0.000245745875873, -1.04154139535e-007, 0.000561265973374, -0.00139670888893, -0.000641397142317, 0.00106821756344, -0.0011792932637, -0.00510171614587, 0.00988011062145]]
    },
    "melbands": {
        "mean": [0.00227428972721, 0.000835686689243, 0.000419700780185, 0.00115662103053, 0.00119715684559, 0.001863588579, 0.000480124901515, 0.000625289103482, 0.000282498658635, 0.000476918445202, 0.00018617787282, 7.28492668713e-005, 5.13987506565e-005, 2.29963898164e-005, 2.50693756243e-005, 1.51007725435e-005, 7.02551687937e-006, 7.15779833627e-006, 5.72914359509e-006, 5.51869607079e-006, 4.32747719969e-006, 3.8096368371e-006, 3.35912864102e-006, 2.93037010124e-006, 3.11854864776e-006, 2.36669075093e-006, 2.54851283898e-006, 2.45417641054e-006, 2.48627361543e-006, 2.23312463277e-006, 2.26516772273e-006, 2.10816369872e-006, 2.34310459746e-006, 2.56902126239e-006, 2.38548000198e-006, 2.51804499385e-006, 2.26028259931e-006, 2.40670851781e-006, 1.93793039216e-006, 2.11388214666e-006],
        "var": [2.15689760807e-005, 2.91125206786e-006, 1.45343597069e-006, 3.34020683113e-006, 1.50523976572e-006, 7.06397213435e-006, 7.75558532951e-007, 1.01811156128e-006, 6.40056555312e-007, 1.17248112019e-006, 4.89330545861e-007, 2.05855698709e-007, 9.05623238623e-008, 2.75145239925e-009, 9.35402955093e-009, 2.32450347859e-009, 4.76063855004e-010, 8.21404222417e-010, 5.66108881994e-010, 4.06296191136e-010, 3.02396829799e-010, 1.50387743925e-010, 1.62999599929e-010, 1.46340134455e-010, 2.14422576916e-010, 8.46423903189e-011, 7.04079294866e-011, 7.74478883803e-011, 7.09814082511e-011, 4.5930658582e-011, 5.00952265781e-011, 4.10334821677e-011, 6.09773689875e-011, 8.33133145806e-011, 6.36405719789e-011, 7.1936283319e-011, 4.97004208622e-011, 5.77160333415e-011, 3.47340455009e-011, 3.59151840212e-011]
    },
    "mfcc": {
        "mean": [-807.661987305, 151.725479126, 35.621711731, -16.1574802399, -13.0123205185, -11.667930603, -13.226521492, -8.27019786835, -1.7966799736, -2.87421131134, -2.50682830811, -0.0629204362631, 1.12337696552],
        "cov": [[22954.8027344, -2042.70324707, -210.361679077, 317.377868652, -118.275154114, -184.395446777, -186.608657837, -332.653808594, -403.318206787, -412.364196777, -147.419128418, -188.335739136, -107.468612671], [-2042.70324707, 6753.56054688, 1547.41235352, -403.322296143, -38.0647010803, -119.572784424, -232.388885498, -141.487823486, 107.273864746, -76.2677764893, -91.1932754517, 12.8407917023, 105.902824402], [-210.361679077, 1547.41235352, 1669.10827637, 645.060546875, 512.753967285, 312.14855957, 280.042572021, 67.9787902832, 77.2481384277, 82.6973419189, 140.984191895, 118.528434753, 109.796630859], [317.377868652, -403.322296143, 645.060546875, 1097.6463623, 717.528137207, 535.71697998, 449.992767334, 351.495788574, 216.516555786, 223.128143311, 177.305892944, 99.4834671021, 62.5248527527], [-118.275154114, -38.0647010803, 512.753967285, 717.528137207, 714.210449219, 496.66204834, 407.010131836, 330.517822266, 293.912109375, 261.486602783, 186.383224487, 139.496139526, 84.6479873657], [-184.395446777, -119.572784424, 312.14855957, 535.71697998, 496.66204834, 477.666900635, 374.24520874, 306.639160156, 262.199523926, 226.753829956, 183.024139404, 106.945457458, 66.1108093262], [-186.608657837, -232.388885498, 280.042572021, 449.992767334, 407.010131836, 374.24520874, 435.413543701, 316.780334473, 244.525360107, 198.947769165, 177.190338135, 86.4954681396, 41.1139373779], [-332.653808594, -141.487823486, 67.9787902832, 351.495788574, 330.517822266, 306.639160156, 316.780334473, 431.405517578, 321.845855713, 245.389160156, 105.259773254, 67.3861465454, -5.93711662292], [-403.318206787, 107.273864746, 77.2481384277, 216.516555786, 293.912109375, 262.199523926, 244.525360107, 321.845855713, 458.03024292, 302.27835083, 200.215103149, 55.4336662292, 21.8573551178], [-412.364196777, -76.2677764893, 82.6973419189, 223.128143311, 261.486602783, 226.753829956, 198.947769165, 245.389160156, 302.27835083, 358.520904541, 230.111251831, 136.727020264, 33.92552948], [-147.419128418, -91.1932754517, 140.984191895, 177.305892944, 186.383224487, 183.024139404, 177.190338135, 105.259773254, 200.215103149, 230.111251831, 276.94418335, 127.235298157, 64.6571121216], [-188.335739136, 12.8407917023, 118.528434753, 99.4834671021, 139.496139526, 106.945457458, 86.4954681396, 67.3861465454, 55.4336662292, 136.727020264, 127.235298157, 189.419418335, 127.025161743], [-107.468612671, 105.902824402, 109.796630859, 62.5248527527, 84.6479873657, 66.1108093262, 41.1139373779, -5.93711662292, 21.8573551178, 33.92552948, 64.6571121216, 127.025161743, 188.614944458]],
        "icov": [[4.7080735385e-005, 1.39998564919e-005, -5.19130367138e-007, -4.30936743214e-005, -3.07547634293e-006, 2.03987819987e-005, 3.33750831487e-005, 1.69804243342e-005, -2.27960554184e-005, 9.22293620533e-005, -4.2822703108e-005, -1.35902946568e-005, 3.09271417791e-005], [1.39998564919e-005, 0.000285377493128, -0.000422479293775, 0.000358127028449, -3.67859720427e-005, -0.000182490504812, 0.000449071405455, -0.000230361561989, -0.000208929617656, 9.10453891265e-005, 9.18267178349e-005, 0.000110862885776, -0.000148009683471], [-5.19130367138e-007, -0.000422479293775, 0.0015549166128, -0.00100431777537, -0.000380243349355, 0.000578962266445, -0.00118330202531, 0.0012781143887, -0.000135571899591, 0.000236740102991, 3.80801648134e-005, -0.000842591456603, 0.000458106514998], [-4.30936743214e-005, 0.000358127028449, -0.00100431777537, 0.00434652995318, -0.00335139711387, -0.000903862586711, 0.00128434714861, -0.00312020373531, 0.00308072101325, -0.000607714464422, -0.00205828947946, 0.00392268504947, -0.00182305194903], [-3.07547634293e-006, -3.67859720427e-005, -0.000380243349355, -0.00335139711387, 0.00934301037341, -0.00477904360741, -0.00199006148614, 0.00369692454115, -0.00418198434636, -0.000635628937744, 0.00460301106796, -0.00534404302016, 0.00200349814259], [2.03987819987e-005, -0.000182490504812, 0.000578962266445, -0.000903862586711, -0.00477904360741, 0.01222307235, -0.00382144749165, -0.00187583663501, 0.000749732076656, -2.73041987384e-005, -0.00238076108508, 0.0017274239799, -0.00171806558501], [3.33750831487e-005, 0.000449071405455, -0.00118330202531, 0.00128434714861, -0.00199006148614, -0.00382144749165, 0.0124570997432, -0.00838439259678, 0.00284158671275, 0.00305818393826, -0.00687986565754, 0.00375155126676, -0.00176426803228], [1.69804243342e-005, -0.000230361561989, 0.0012781143887, -0.00312020373531, 0.00369692454115, -0.00187583663501, -0.00838439259678, 0.0167832300067, -0.0094479592517, -0.00284687941894, 0.0112866414711, -0.00980104506016, 0.00612210575491], [-2.27960554184e-005, -0.000208929617656, -0.000135571899591, 0.00308072101325, -0.00418198434636, 0.000749732076656, 0.00284158671275, -0.0094479592517, 0.0139633631334, -0.00560519471765, -0.0076294047758, 0.0127873690799, -0.00674716662616], [9.22293620533e-005, 9.10453891265e-005, 0.000236740102991, -0.000607714464422, -0.000635628937744, -2.73041987384e-005, 0.00305818393826, -0.00284687941894, -0.00560519471765, 0.0154087617993, -0.00612838612869, -0.00862394087017, 0.00539041543379], [-4.2822703108e-005, 9.18267178349e-005, 3.80801648134e-005, -0.00205828947946, 0.00460301106796, -0.00238076108508, -0.00687986565754, 0.0112866414711, -0.0076294047758, -0.00612838612869, 0.0176374278963, -0.00946323480457, 0.00352127081715], [-1.35902946568e-005, 0.000110862885776, -0.000842591456603, 0.00392268504947, -0.00534404302016, 0.0017274239799, 0.00375155126676, -0.00980104506016, 0.0127873690799, -0.00862394087017, -0.00946323480457, 0.0277540609241, -0.0155912768096], [3.09271417791e-005, -0.000148009683471, 0.000458106514998, -0.00182305194903, 0.00200349814259, -0.00171806558501, -0.00176426803228, 0.00612210575491, -0.00674716662616, 0.00539041543379, 0.00352127081715, -0.0155912768096, 0.0151259060949]]
    },
    "spectral_contrast_coeffs": {
        "mean": [-0.611054062843, -0.611241042614, -0.679723918438, -0.784471213818, -0.835844933987, -0.832000911236],
        "var": [0.0308777615428, 0.0328706204891, 0.0271574426442, 0.00791042018682, 0.00267100986093, 0.00386721920222]
    },
    "spectral_contrast_valleys": {
        "mean": [-9.25480937958, -8.24658107758, -9.10106372833, -9.9796962738, -10.3556203842, -12.1473684311],
        "var": [6.96210765839, 7.36136341095, 6.75873565674, 6.68684005737, 7.23953819275, 7.33571958542]
    }
},
"metadata": {
    "audio_properties": {
        "analysis_sample_rate": 44100,
        "bit_rate": 106200,
        "equal_loudness": 0,
        "length": 45.0873451233,
        "lossless": 0,
        "replay_gain": -5.47317504883,
        "sample_rate": 44100,
        "codec": "mp3",
        "downmix": "mix",
        "md5_encoded": "fc740cd903c3c5633e9f8a4e609c005d"
    },
    "tags": {
        "file_name": "825.mp3"
    },
    "version": {
        "essentia": "2.1-beta2",
        "essentia_git_sha": "v2.1_beta2",
        "extractor": "music 1.0"
    }
},
"rhythm": {
    "beats_count": 97,
    "beats_loudness": {
        "mean": 0.047310013324,
        "var": 0.0004308980715
    },
    "bpm": 129.947174072,
    "bpm_histogram_first_peak_bpm": {
        "mean": 129,
        "var": 0
    },
    "bpm_histogram_first_peak_spread": {
        "mean": 0.225806444883,
        "var": 0
    },
    "bpm_histogram_first_peak_weight": {
        "mean": 0.75,
        "var": 0
    },
    "bpm_histogram_second_peak_bpm": {
        "mean": 148,
        "var": 0
    },
    "bpm_histogram_second_peak_spread": {
        "mean": 0,
        "var": 0
    },
    "bpm_histogram_second_peak_weight": {
        "mean": 0.0208333339542,
        "var": 0
    },
    "danceability": 1.22150373459,
    "onset_rate": 5.21009302139,
    "beats_loudness_band_ratio": {
        "mean": [0.289683043957, 0.323037385941, 0.250029414892, 0.0536111593246, 0.0188431404531, 0.0927811190486],
        "var": [0.0586778521538, 0.0611630529165, 0.0548850186169, 0.0110017741099, 0.0012574767461, 0.0200717616826]
    },
    "beats_position": [0.371519267559, 0.777868449688, 1.18421769142, 1.63700675964, 2.10140585899, 2.55419492722, 3.01859402657, 3.48299312592, 3.94739222527, 4.41179132462, 4.87619018555, 5.32897949219, 5.78176879883, 6.24616765976, 6.71056699753, 7.17496585846, 7.63936471939, 8.10376358032, 8.56816291809, 9.02095222473, 9.47374153137, 9.93814086914, 10.4025392532, 10.866938591, 11.3313379288, 11.7957363129, 12.2601356506, 12.7129249573, 13.177324295, 13.6301136017, 14.0945119858, 14.5589113235, 15.0233106613, 15.4877090454, 15.9521083832, 16.4165077209, 16.8692970276, 17.3220863342, 17.786485672, 18.2508831024, 18.7152824402, 19.179681778, 19.6440811157, 20.1084804535, 20.5728797913, 21.0256690979, 21.4900684357, 21.942855835, 22.4072551727, 22.8716545105, 23.3360538483, 23.800453186, 24.2532424927, 24.7060317993, 25.1704311371, 25.6348285675, 26.0992279053, 26.563627243, 27.0280265808, 27.4924259186, 27.9452152252, 28.3980045319, 28.8624038696, 29.3268013, 29.7912006378, 30.2555999756, 30.7199993134, 31.1843986511, 31.6487979889, 32.1015853882, 32.5659866333, 33.0187759399, 33.4831733704, 33.9475746155, 34.4119720459, 34.8763694763, 35.3407707214, 35.8051681519, 36.269569397, 36.7223587036, 37.1751480103, 37.6395454407, 38.1039466858, 38.5683441162, 39.0327415466, 39.4971427917, 39.9615402222, 40.402721405, 40.8671188354, 41.3315200806, 41.795917511, 42.2603149414, 42.7247161865, 43.1891136169, 43.6535148621, 44.1063041687, 44.5707015991]
},
"tonal": {
    "chords_changes_rate": 0.0987654328346,
    "chords_number_rate": 0.0123456791043,
    "chords_strength": {
        "mean": 0.446333408356,
        "var": 0.00737608736381
    },
    "hpcp_entropy": {
        "mean": 1.34668529034,
        "var": 0.774781823158
    },
    "key_strength": 0.559005081654,
    "tuning_diatonic_strength": 0.42079526186,
    "tuning_equal_tempered_deviation": 0.180703192949,
    "tuning_frequency": 434.193115234,
    "tuning_nontempered_energy_ratio": 0.927440166473,
    "hpcp": {
        "mean": [0.130322873592, 0.124620959163, 0.055737324059, 0.0317912437022, 0.0352646000683, 0.054930716753, 0.202698066831, 0.255019128323, 0.135828793049, 0.122795753181, 0.107508398592, 0.0558654554188, 0.0447710268199, 0.0400955714285, 0.0469693280756, 0.0799086242914, 0.0795676335692, 0.0480230599642, 0.0358076095581, 0.0316285006702, 0.0499045215547, 0.120897777379, 0.130568474531, 0.166638478637, 0.42016223073, 0.38504114747, 0.104836083949, 0.0379686504602, 0.0365677848458, 0.0430870912969, 0.0804533287883, 0.0825108811259, 0.0560337156057, 0.0518886186182, 0.0451253168285, 0.0654156133533],
        "var": [0.0731888115406, 0.0727738514543, 0.0184791646898, 0.0116351284087, 0.0155953876674, 0.0179463271052, 0.0974245518446, 0.153309360147, 0.0385283976793, 0.0710087716579, 0.0570637881756, 0.0175984892994, 0.0203246567398, 0.0178424157202, 0.0200065262616, 0.0436117500067, 0.0436341874301, 0.0194722954184, 0.0175482705235, 0.0122418189421, 0.0194618534297, 0.0701298043132, 0.0811183452606, 0.0396088771522, 0.184772923589, 0.16704197228, 0.0239932555705, 0.0144670186564, 0.0138426451012, 0.0127367079258, 0.0389918126166, 0.0355472639203, 0.0215120557696, 0.0240927115083, 0.0178453046829, 0.0240359064192]
    },
    "chords_histogram": [29.732509613, 1.54320991039, 2.46913576126, 10.9053497314, 1.54320991039, 18.8271598816, 0.925925910473, 0, 0.308641970158, 0, 1.64609050751, 0, 1.64609050751, 0, 0, 0.617283940315, 2.57201647758, 3.90946507454, 0, 0, 0, 0, 2.77777767181, 20.5761318207],
    "thpcp": [1, 0.916410684586, 0.249513342977, 0.0903666466475, 0.0870325341821, 0.102548703551, 0.19148157537, 0.196378618479, 0.133362099528, 0.123496629298, 0.107399746776, 0.155691325665, 0.310172736645, 0.296602010727, 0.132656678557, 0.0756642073393, 0.0839309170842, 0.130736917257, 0.482428103685, 0.606953978539, 0.323277026415, 0.292257964611, 0.255873531103, 0.132961630821, 0.106556527317, 0.0954287871718, 0.11178855598, 0.190185174346, 0.189373597503, 0.114296473563, 0.0852232947946, 0.0752768740058, 0.118774414063, 0.287740707397, 0.310757279396, 0.396605074406],
    "chords_key": "F",
    "chords_scale": "major",
    "key_key": "F",
    "key_scale": "major"
}
}