{
"lowlevel": {
    "average_loudness": 0.972488224506,
    "barkbands_crest": {
        "mean": 10.0102519989,
        "var": 7.97794055939
    },
    "barkbands_flatness_db": {
        "mean": 0.261505633593,
        "var": 0.00305926706642
    },
    "barkbands_kurtosis": {
        "mean": 7.7594742775,
        "var": 40.5982551575
    },
    "barkbands_skewness": {
        "mean": 1.71440243721,
        "var": 0.778113365173
    },
    "barkbands_spread": {
        "mean": 6.25240707397,
        "var": 37.7711524963
    },
    "dissonance": {
        "mean": 0.409641832113,
        "var": 0.00206125318073
    },
    "dynamic_complexity": 1.55183529854,
    "erbbands_crest": {
        "mean": 11.3019247055,
        "var": 21.6198406219
    },
    "erbbands_flatness_db": {
        "mean": 0.231235221028,
        "var": 0.00250280532055
    },
    "erbbands_kurtosis": {
        "mean": 3.99354028702,
        "var": 35.6382713318
    },
    "erbbands_skewness": {
        "mean": 1.27222645283,
        "var": 0.578293263912
    },
    "erbbands_spread": {
        "mean": 19.4896717072,
        "var": 269.254089355
    },
    "hfc": {
        "mean": 12.5673751831,
        "var": 45.9320449829
    },
    "melbands_crest": {
        "mean": 13.7555160522,
        "var": 15.8294591904
    },
    "melbands_flatness_db": {
        "mean": 0.351988613605,
        "var": 0.00428283959627
    },
    "melbands_kurtosis": {
        "mean": 10.7072877884,
        "var": 105.93547821
    },
    "melbands_skewness": {
        "mean": 2.07967162132,
        "var": 1.07051730156
    },
    "melbands_spread": {
        "mean": 6.85805559158,
        "var": 44.3200836182
    },
    "pitch_salience": {
        "mean": 0.568177878857,
        "var": 0.00685978354886
    },
    "silence_rate_20dB": {
        "mean": 1,
        "var": 0
    },
    "silence_rate_30dB": {
        "mean": 0.989186406136,
        "var": 0.0106967277825
    },
    "silence_rate_60dB": {
        "mean": 0.00205973233096,
        "var": 0.00205553858541
    },
    "spectral_centroid": {
        "mean": 432.304931641,
        "var": 197479.140625
    },
    "spectral_complexity": {
        "mean": 10.8851699829,
        "var": 9.02956962585
    },
    "spectral_decrease": {
        "mean": -1.07948041617e-008,
        "var": 3.18458547045e-017
    },
    "spectral_energy": {
        "mean": 0.0418819487095,
        "var": 0.000471221283078
    },
    "spectral_energyband_high": {
        "mean": 0.000136061978992,
        "var": 2.15168384443e-007
    },
    "spectral_energyband_low": {
        "mean": 0.0167914181948,
        "var": 0.000160858544405
    },
    "spectral_energyband_middle_high": {
        "mean": 0.00149202300236,
        "var": 4.06724029745e-006
    },
    "spectral_energyband_middle_low": {
        "mean": 0.0273421630263,
        "var": 0.000197668385226
    },
    "spectral_entropy": {
        "mean": 6.25513839722,
        "var": 0.274931013584
    },
    "spectral_flux": {
        "mean": 0.0612767711282,
        "var": 0.00140413374174
    },
    "spectral_kurtosis": {
        "mean": 18.9737110138,
        "var": 222.187896729
    },
    "spectral_rms": {
        "mean": 0.00618306966498,
        "var": 2.63007632384e-006
    },
    "spectral_rolloff": {
        "mean": 538.050598145,
        "var": 978830.75
    },
    "spectral_skewness": {
        "mean": 3.24121451378,
        "var": 1.35395300388
    },
    "spectral_spread": {
        "mean": 3019239.25,
        "var": 5.42802444288e+012
    },
    "spectral_strongpeak": {
        "mean": 0.896847605705,
        "var": 0.457168757915
    },
    "zerocrossingrate": {
        "mean": 0.0225572362542,
        "var": 0.00077030796092
    },
    "barkbands": {
        "mean": [0.000169392980752, 0.00523605337366, 0.00753565598279, 0.00519095594063, 0.0105894757435, 0.00601636897773, 0.00228667468764, 0.00136811065022, 0.00179455417674, 0.000457986228867, 0.000228916702326, 0.000372561567929, 0.000147795464727, 0.000101129546238, 0.000119627344247, 3.79417615477e-005, 3.1577230402e-005, 2.42925671046e-005, 3.0452354622e-005, 1.70257135323e-005, 3.21996958519e-005, 1.65187520906e-005, 1.39299554576e-005, 3.37982746714e-005, 2.29167399084e-005, 5.9777066781e-006, 8.17733578629e-008],
        "var": [3.72547020788e-007, 5.50355580344e-005, 6.61186059006e-005, 2.05280357477e-005, 9.32452676352e-005, 3.08526214212e-005, 3.78153777092e-006, 5.07001414007e-006, 9.23991501622e-006, 9.85846895674e-007, 6.4119393528e-007, 6.40927794393e-007, 2.08348936326e-007, 8.05757167655e-008, 4.46289227796e-008, 8.80624462241e-009, 6.46778808289e-009, 2.87109891417e-009, 2.07323713752e-009, 3.53326173874e-010, 2.86771095759e-009, 7.21999837694e-009, 6.29534468999e-009, 4.8612537995e-008, 1.76732584123e-008, 4.00194710704e-010, 3.28049978675e-013]
    },
    "erbbands": {
        "mean": [0.0675504803658, 1.55208384991, 7.68844175339, 16.3527584076, 18.9592151642, 41.0178565979, 58.1445617676, 36.742275238, 37.0950965881, 18.7298049927, 41.6953659058, 45.5271644592, 17.2762031555, 16.2575302124, 11.5780878067, 15.8267965317, 6.84044837952, 6.28217506409, 5.95033311844, 4.55348730087, 2.14765715599, 1.4396995306, 1.49892652035, 1.71355009079, 1.13191616535, 0.864057123661, 1.31260895729, 1.01327240467, 0.623703181744, 0.469564259052, 0.41365891695, 0.697482347488, 0.547302663326, 0.313729971647, 0.137091755867, 0.0416080318391, 0.00800191052258, 0.00057553575607, 3.60794911103e-005, 4.74423468404e-005],
        "var": [0.0119751775637, 3.92042708397, 59.8032722473, 174.38923645, 268.516357422, 1813.80004883, 4355.09619141, 1700.40112305, 990.815917969, 339.034088135, 3699.87939453, 5612.41748047, 1902.14050293, 837.020751953, 881.744140625, 986.302612305, 451.342407227, 209.229110718, 120.814949036, 111.780273438, 27.0379772186, 12.1542978287, 10.8842029572, 7.37041139603, 2.7200627327, 0.936169862747, 3.62434506416, 4.44100141525, 8.5373506546, 8.12271022797, 5.6423869133, 23.6521263123, 11.7661399841, 4.07686281204, 0.457014590502, 0.0217284131795, 0.000748602906242, 4.57340865978e-006, 4.17814094433e-009, 5.92365045904e-010]
    },
    "gfcc": {
        "mean": [-56.5115394592, 166.91809082, -83.6200942993, 15.9655666351, -61.1620826721, -6.23223543167, -34.6931533813, -1.90838384628, -32.1170501709, 1.15152776241, -19.0448246002, -14.3526134491, -3.33826756477],
        "cov": [[5046.25, -764.264770508, -343.031341553, 197.003997803, -232.619400024, 433.736938477, -218.02053833, 322.013946533, -272.667663574, 275.524780273, -251.82232666, 113.334533691, -50.204246521], [-764.264770508, 1083.25085449, -123.944488525, -89.1977767944, 242.434631348, -285.326293945, 235.345367432, -198.932067871, 88.6221008301, -79.2245025635, 166.757278442, -107.01474762, 133.778381348], [-343.031341553, -123.944488525, 660.209899902, 56.4922447205, -11.8015546799, 89.9895858765, -127.774810791, 35.3709182739, 102.924598694, -30.2626056671, 62.9749755859, 121.28515625, -90.9034957886], [197.003997803, -89.1977767944, 56.4922447205, 185.630386353, -2.21594262123, 37.188911438, -11.9969415665, 39.3054122925, 57.6272773743, -1.78107142448, 21.6547546387, 29.1224937439, 15.7717189789], [-232.619400024, 242.434631348, -11.8015546799, -2.21594262123, 228.674743652, -44.3600387573, 93.3023376465, -5.259745121, 13.8741016388, 44.5587234497, 38.1008758545, 11.9101629257, 54.0151329041], [433.736938477, -285.326293945, 89.9895858765, 37.188911438, -44.3600387573, 285.282958984, -19.2534046173, 42.2579193115, -26.8278102875, 42.4678153992, 33.313533783, 30.9192485809, -41.1430892944], [-218.02053833, 235.345367432, -127.774810791, -11.9969415665, 93.3023376465, -19.2534046173, 199.204360962, -49.1320877075, -10.0065517426, 37.4306793213, 31.8904857635, -26.3640518188, 47.3889656067], [322.013946533, -198.932067871, 35.3709182739, 39.3054122925, -5.259745121, 42.2579193115, -49.1320877075, 141.126953125, 9.77044200897, 24.628074646, -51.3477668762, 31.8925590515, -13.3695993423], [-272.667663574, 88.6221008301, 102.924598694, 57.6272773743, 13.8741016388, -26.8278102875, -10.0065517426, 9.77044200897, 123.763160706, -38.1600151062, 24.598985672, 6.36213302612, -2.7369697094], [275.524780273, -79.2245025635, -30.2626056671, -1.78107142448, 44.5587234497, 42.4678153992, 37.4306793213, 24.628074646, -38.1600151062, 135.180389404, -21.8586502075, 16.9199333191, 14.6557826996], [-251.82232666, 166.757278442, 62.9749755859, 21.6547546387, 38.1008758545, 33.313533783, 31.8904857635, -51.3477668762, 24.598985672, -21.8586502075, 157.379806519, 0.759297072887, 18.854593277], [113.334533691, -107.01474762, 121.28515625, 29.1224937439, 11.9101629257, 30.9192485809, -26.3640518188, 31.8925590515, 6.36213302612, 16.9199333191, 0.759297072887, 92.4839553833, -18.2545681], [-50.204246521, 133.778381348, -90.9034957886, 15.7717189789, 54.0151329041, -41.1430892944, 47.3889656067, -13.3695993423, -2.7369697094, 14.6557826996, 18.854593277, -18.2545681, 102.894226074]],
        "icov": [[0.000855231191963, -0.0020707573276, 0.000919497280847, -0.00198368565179, 0.00152242288459, -0.00211876351386, 0.00217440887354, -0.00177236669697, 0.00242792093195, -0.00178192590829, 0.00179202435538, -0.00194167776499, 0.000993384746835], [-0.0020707573276, 0.00969411525875, -0.00261985883117, 0.00679830648005, -0.00625375472009, 0.00804719980806, -0.00805228855461, 0.0065366034396, -0.00839150883257, 0.005993520841, -0.00726563343778, 0.007294411771, -0.00436364440247], [0.000919497280847, -0.00261985883117, 0.00410553999245, -0.0019263473805, 0.00140517449472, -0.00309340422973, 0.00411559874192, -0.0016154848272, 0.000465745048132, -0.0021656525787, 0.0011347560212, -0.00543566839769, 0.00284584052861], [-0.00198368565179, 0.00679830648005, -0.0019263473805, 0.0131584797055, -0.003688497236, 0.0050946213305, -0.00623781979084, 0.00347221991979, -0.010642089881, 0.00463301176205, -0.00626441603526, 0.0033403232228, -0.00543051492423], [0.00152242288459, -0.00625375472009, 0.00140517449472, -0.003688497236, 0.0111713241786, -0.00402729958296, 0.00259373686276, -0.00575557770208, 0.0047815721482, -0.00600385805592, 0.00313496775925, -0.00629832362756, 0.000553720106836], [-0.00211876351386, 0.00804719980806, -0.00309340422973, 0.0050946213305, -0.00402729958296, 0.0122942160815, -0.00774674164131, 0.00396038452163, -0.00558653054759, 0.00370629737154, -0.0085701579228, 0.00661004846916, -0.00183107401244], [0.00217440887354, -0.00805228855461, 0.00411559874192, -0.00623781979084, 0.00259373686276, -0.00774674164131, 0.0156708434224, -0.00318713416345, 0.00660631852224, -0.00728593720123, 0.00563027802855, -0.00614417204633, 0.00312335393392], [-0.00177236669697, 0.0065366034396, -0.0016154848272, 0.00347221991979, -0.00575557770208, 0.00396038452163, -0.00318713416345, 0.0157911684364, -0.00782655458897, 0.00332440948114, -0.00119900098071, 0.003151883604, -0.00310090533458], [0.00242792093195, -0.00839150883257, 0.000465745048132, -0.010642089881, 0.0047815721482, -0.00558653054759, 0.00660631852224, -0.00782655458897, 0.0216239541769, -0.00303959450684, 0.00586338760331, -0.00419765291736, 0.00452310126275], [-0.00178192590829, 0.005993520841, -0.0021656525787, 0.00463301176205, -0.00600385805592, 0.00370629737154, -0.00728593720123, 0.00332440948114, -0.00303959450684, 0.0150374993682, -0.00272094691172, 0.00350832147524, -0.00396575545892], [0.00179202435538, -0.00726563343778, 0.0011347560212, -0.00626441603526, 0.00313496775925, -0.0085701579228, 0.00563027802855, -0.00119900098071, 0.00586338760331, -0.00272094691172, 0.0154374409467, -0.00543166138232, 0.00121319061145], [-0.00194167776499, 0.007294411771, -0.00543566839769, 0.0033403232228, -0.00629832362756, 0.00661004846916, -0.00614417204633, 0.003151883604, -0.00419765291736, 0.00350832147524, -0.00543166138232, 0.0227414928377, -0.00213820673525], [0.000993384746835, -0.00436364440247, 0.00284584052861, -0.00543051492423, 0.000553720106836, -0.00183107401244, 0.00312335393392, -0.00310090533458, 0.00452310126275, -0.00396575545892, 0.00121319061145, -0.00213820673525, 0.016442688182]]
    },
    "melbands": {
        "mean": [0.00107921194285, 0.00341240130365, 0.00257797189988, 0.00239786226302, 0.00186975975521, 0.000865369860549, 0.000558139639907, 0.000190657854546, 0.00036173738772, 0.000258196028881, 7.96190215624e-005, 6.69026921969e-005, 3.7665857235e-005, 4.55433801108e-005, 2.22007020056e-005, 1.38331042763e-005, 1.11554591058e-005, 9.40714107855e-006, 7.2791567618e-006, 4.05390801461e-006, 2.31963622355e-006, 1.32660920826e-006, 1.58313844167e-006, 1.44294335769e-006, 1.40371025736e-006, 9.41723783399e-007, 5.93259471771e-007, 5.69615963286e-007, 7.86522434737e-007, 8.37584536839e-007, 4.78679055504e-007, 3.4245272218e-007, 3.21335193121e-007, 2.26290708838e-007, 1.71987977637e-007, 3.92328047383e-007, 4.1997674316e-007, 3.77753735847e-007, 3.26017584484e-007, 2.51261099038e-007],
        "var": [2.67853215519e-006, 9.56450458034e-006, 3.76115417566e-006, 6.38073697701e-006, 3.52104689227e-006, 7.99210795321e-007, 2.28152970294e-007, 4.04941360443e-008, 2.34007714539e-007, 1.90037980019e-007, 4.77040238422e-008, 1.62359885536e-008, 1.31994166708e-008, 1.0536152395e-008, 2.32286323509e-009, 1.27167509856e-009, 8.80745087972e-010, 4.06915834361e-010, 1.71796965542e-010, 1.01676868314e-010, 3.87520397716e-011, 9.64209701665e-012, 2.43794463783e-011, 1.00908448264e-011, 5.81950893724e-012, 1.90457350412e-012, 8.00571252086e-013, 4.55471326887e-013, 1.32573238412e-012, 2.05795666966e-012, 1.22668498623e-012, 2.18949164354e-012, 4.38504007411e-012, 1.96635871648e-012, 1.01033797214e-012, 6.0775126251e-012, 9.93314284992e-012, 5.36716070892e-012, 4.53042161078e-012, 2.87439993682e-012]
    },
    "mfcc": {
        "mean": [-713.682373047, 201.515289307, 24.4750213623, 30.0609397888, -5.37139034271, -2.72083234787, 2.63661623001, -15.8069782257, 2.07949900627, -6.16081380844, -2.70913672447, -2.50052809715, -8.56787490845],
        "cov": [[3091.92675781, -871.809387207, -197.859313965, -123.547439575, -9.03737354279, 103.434135437, 170.820724487, -10.012295723, 189.351379395, 40.3911399841, 100.036972046, -31.1034107208, -162.846511841], [-871.809387207, 1054.9876709, -232.028091431, 192.903030396, -45.1764030457, 5.74223613739, 76.9186630249, -86.2887420654, -5.67704582214, -19.9649543762, -7.69833660126, -0.891531050205, 52.3557014465], [-197.859313965, -232.028091431, 665.392456055, -98.5830078125, 160.234680176, 28.0146560669, -138.044128418, 164.639343262, -127.260536194, 31.3580188751, -14.0801296234, 58.4175720215, 100.152175903], [-123.547439575, 192.903030396, -98.5830078125, 251.072479248, 2.91532993317, -24.4293346405, -18.8413925171, -14.3862190247, 64.2712173462, -8.31900978088, 4.11080884933, 25.9962043762, 0.736533999443], [-9.03737354279, -45.1764030457, 160.234680176, 2.91532993317, 192.588134766, -10.340467453, -44.5714874268, 69.130859375, -26.1869678497, 22.4090270996, -20.0798683167, 62.8277130127, 40.7747421265], [103.434135437, 5.74223613739, 28.0146560669, -24.4293346405, -10.340467453, 182.943237305, 83.3895721436, 2.05135130882, -17.7348709106, 40.6755027771, 42.3138389587, -18.2153091431, 50.610042572], [170.820724487, 76.9186630249, -138.044128418, -18.8413925171, -44.5714874268, 83.3895721436, 197.976959229, -50.465007782, 15.0602779388, 11.639550209, 32.3853530884, -10.9751615524, 8.83264923096], [-10.012295723, -86.2887420654, 164.639343262, -14.3862190247, 69.130859375, 2.05135130882, -50.465007782, 162.919692993, -29.5188064575, 10.2388124466, 0.370639622211, 33.8213500977, 29.5438213348], [189.351379395, -5.67704582214, -127.260536194, 64.2712173462, -26.1869678497, -17.7348709106, 15.0602779388, -29.5188064575, 141.54119873, 11.8051118851, 20.3613471985, -16.5928649902, -49.6571121216], [40.3911399841, -19.9649543762, 31.3580188751, -8.31900978088, 22.4090270996, 40.6755027771, 11.639550209, 10.2388124466, 11.8051118851, 95.8534011841, 10.3002748489, -11.4522132874, 19.091753006], [100.036972046, -7.69833660126, -14.0801296234, 4.11080884933, -20.0798683167, 42.3138389587, 32.3853530884, 0.370639622211, 20.3613471985, 10.3002748489, 78.4996643066, -1.67323446274, -6.1891784668], [-31.1034107208, -0.891531050205, 58.4175720215, 25.9962043762, 62.8277130127, -18.2153091431, -10.9751615524, 33.8213500977, -16.5928649902, -11.4522132874, -1.67323446274, 104.021400452, 18.1730937958], [-162.846511841, 52.3557014465, 100.152175903, 0.736533999443, 40.7747421265, 50.610042572, 8.83264923096, 29.5438213348, -49.6571121216, 19.091753006, -6.1891784668, 18.1730937958, 104.787689209]],
        "icov": [[0.000575545302127, 0.000496126885992, 0.000179149938049, 1.33617022584e-005, -0.000321077066474, -0.00033428700408, -0.000477786496049, -7.98390101409e-005, -0.000423620309448, 4.27286504419e-005, -0.000205850432394, 1.20475142467e-005, 0.000601624546107], [0.000496126885992, 0.00176063505933, 0.000537547806744, -0.00104731565807, -0.000247100513661, -3.05403700622e-005, -0.000784274365287, 0.000273950543487, 0.000351486494765, 0.000113974158012, -0.000167044301634, 0.000234685619944, -0.000420069904067], [0.000179149938049, 0.000537547806744, 0.00340309762396, 0.000733335968107, -0.00126620789524, -0.000679483055137, 0.00181972177234, -0.00137349485885, 0.00126730755437, -0.000318747246638, -0.000719221425243, -0.000330910144839, -0.00151960295625], [1.33617022584e-005, -0.00104731565807, 0.000733335968107, 0.00624579750001, -9.89461623249e-005, -0.000174914457602, 0.00176496140193, -9.13588082767e-005, -0.00322530511767, 0.000474297616165, -0.00035929880687, -0.00193853327073, -0.00150064367335], [-0.000321077066474, -0.000247100513661, -0.00126620789524, -9.89461623249e-005, 0.00888723414391, 0.000610706454609, 0.000557439867407, -0.00129077024758, -0.000442237680545, -0.00212353444658, 0.00206349790096, -0.00413909833878, -0.0015837874962], [-0.00033428700408, -3.05403700622e-005, -0.000679483055137, -0.000174914457602, 0.000610706454609, 0.0102794487029, -0.00339343002997, -7.55753280828e-005, 0.00113084446639, -0.00234080245718, -0.00396162224934, 0.00204611406662, -0.00437509268522], [-0.000477786496049, -0.000784274365287, 0.00181972177234, 0.00176496140193, 0.000557439867407, -0.00339343002997, 0.00925037451088, 0.00116649735719, -0.000228119228268, -6.2371866079e-005, -0.00118406570982, -0.00171956478152, -0.00165730493609], [-7.98390101409e-005, 0.000273950543487, -0.00137349485885, -9.13588082767e-005, -0.00129077024758, -7.55753280828e-005, 0.00116649735719, 0.00898803863674, 0.000172424159246, -0.000118723612104, -0.00104260002263, -0.00112197489943, -0.000804880110081], [-0.000423620309448, 0.000351486494765, 0.00126730755437, -0.00322530511767, -0.000442237680545, 0.00113084446639, -0.000228119228268, 0.000172424159246, 0.0122984461486, -0.00262278015725, -0.00219849031419, 0.00137999549042, 0.00351070379838], [4.27286504419e-005, 0.000113974158012, -0.000318747246638, 0.000474297616165, -0.00212353444658, -0.00234080245718, -6.2371866079e-005, -0.000118723612104, -0.00262278015725, 0.0130949430168, -0.000507404503878, 0.00230003683828, -0.00175121973734], [-0.000205850432394, -0.000167044301634, -0.000719221425243, -0.00035929880687, 0.00206349790096, -0.00396162224934, -0.00118406570982, -0.00104260002263, -0.00219849031419, -0.000507404503878, 0.0168119333684, -0.0018366802251, 0.00231980299577], [1.20475142467e-005, 0.000234685619944, -0.000330910144839, -0.00193853327073, -0.00413909833878, 0.00204611406662, -0.00171956478152, -0.00112197489943, 0.00137999549042, 0.00230003683828, -0.0018366802251, 0.0139454640448, -0.000977104180492], [0.000601624546107, -0.000420069904067, -0.00151960295625, -0.00150064367335, -0.0015837874962, -0.00437509268522, -0.00165730493609, -0.000804880110081, 0.00351070379838, -0.00175121973734, 0.00231980299577, -0.000977104180492, 0.0175360497087]]
    },
    "spectral_contrast_coeffs": {
        "mean": [-0.539627075195, -0.630507647991, -0.679686188698, -0.760343432426, -0.788680493832, -0.725054383278],
        "var": [0.0053045777604, 0.00476475199685, 0.00397491361946, 0.00340702896938, 0.00254505709745, 0.0036761353258]
    },
    "spectral_contrast_valleys": {
        "mean": [-7.00753593445, -6.70868301392, -8.11220836639, -8.91767501831, -9.04723358154, -12.1980657578],
        "var": [1.40968334675, 1.03680384159, 0.928406655788, 0.823667943478, 0.818221986294, 1.43271183968]
    }
},
"metadata": {
    "audio_properties": {
        "analysis_sample_rate": 44100,
        "bit_rate": 101774,
        "equal_loudness": 0,
        "length": 45.0612258911,
        "lossless": 0,
        "replay_gain": -5.4160118103,
        "sample_rate": 44100,
        "codec": "mp3",
        "downmix": "mix",
        "md5_encoded": "906346f4df9f5232271047b22886727f"
    },
    "tags": {
        "file_name": "826.mp3"
    },
    "version": {
        "essentia": "2.1-beta2",
        "essentia_git_sha": "v2.1_beta2",
        "extractor": "music 1.0"
    }
},
"rhythm": {
    "beats_count": 77,
    "beats_loudness": {
        "mean": 0.0523756071925,
        "var": 0.000704735284671
    },
    "bpm": 103.553985596,
    "bpm_histogram_first_peak_bpm": {
        "mean": 103,
        "var": 0
    },
    "bpm_histogram_first_peak_spread": {
        "mean": 0.464788734913,
        "var": 0
    },
    "bpm_histogram_first_peak_weight": {
        "mean": 0.5,
        "var": 0
    },
    "bpm_histogram_second_peak_bpm": {
        "mean": 108,
        "var": 0
    },
    "bpm_histogram_second_peak_spread": {
        "mean": 0.400000035763,
        "var": 0
    },
    "bpm_histogram_second_peak_weight": {
        "mean": 0.039473682642,
        "var": 0
    },
    "danceability": 1.30296480656,
    "onset_rate": 2.50656914711,
    "beats_loudness_band_ratio": {
        "mean": [0.469350993633, 0.363077640533, 0.156884595752, 0.0371326655149, 0.00575744407251, 0.00614190567285],
        "var": [0.0247746445239, 0.026984186843, 0.0120706399903, 0.00422806991264, 4.17178671341e-005, 0.000285933900159]
    },
    "beats_position": [0.545668900013, 1.10294783115, 1.64861679077, 2.18267560005, 2.73995471001, 3.32045340538, 3.88934230804, 4.45823097229, 5.0387301445, 5.61922883987, 6.18811798096, 6.7570066452, 7.33750534058, 7.90639448166, 8.47528362274, 9.05578231812, 9.63628101349, 10.2167797089, 10.7972784042, 11.3777770996, 11.9582767487, 12.5503854752, 13.1192741394, 13.6997728348, 14.2802715302, 14.8491611481, 15.4296598434, 16.0101585388, 16.5790481567, 17.1479358673, 17.7168254852, 18.2973232269, 18.877822876, 19.4467124939, 20.0272102356, 20.5960998535, 21.1765975952, 21.7570972443, 22.3375968933, 22.918094635, 23.4985942841, 24.0674819946, 24.6479816437, 25.2400894165, 25.8205890656, 26.4010887146, 26.9815864563, 27.5620861053, 28.142583847, 28.711473465, 29.2803630829, 29.8608608246, 30.4413604736, 31.0334682465, 31.6255779266, 32.2292976379, 32.8214035034, 33.4135131836, 34.0056228638, 34.5745124817, 35.1317901611, 35.7238998413, 36.3160095215, 36.8965072632, 37.4770050049, 38.0691146851, 38.6612243652, 39.2533340454, 39.8454399109, 40.4259414673, 41.0180473328, 41.6101570129, 42.1906585693, 42.771156311, 43.3516540527, 43.9321517944, 44.5126533508]
},
"tonal": {
    "chords_changes_rate": 0.0411522649229,
    "chords_number_rate": 0.00514403311536,
    "chords_strength": {
        "mean": 0.456587433815,
        "var": 0.00708814710379
    },
    "hpcp_entropy": {
        "mean": 1.49080383778,
        "var": 0.42872223258
    },
    "key_strength": 0.817790865898,
    "tuning_diatonic_strength": 0.587035298347,
    "tuning_equal_tempered_deviation": 0.00764729827642,
    "tuning_frequency": 440.254241943,
    "tuning_nontempered_energy_ratio": 0.587137579918,
    "hpcp": {
        "mean": [0.508679509163, 0.268310070038, 0.0369166135788, 0.0217073988169, 0.0284866318107, 0.100716523826, 0.151044905186, 0.0908663719893, 0.0319308713078, 0.0131521048024, 0.00869130436331, 0.0170435495675, 0.0234772507101, 0.0343467369676, 0.285604715347, 0.607900798321, 0.391979008913, 0.0564218536019, 0.0174028165638, 0.0260170269758, 0.126165553927, 0.210720315576, 0.118060164154, 0.0247054453939, 0.0156575366855, 0.0173201039433, 0.0551028698683, 0.0783811360598, 0.0447364039719, 0.0959012433887, 0.157661050558, 0.0827872082591, 0.0157091878355, 0.011033478193, 0.0270217638463, 0.286997050047],
        "var": [0.126295596361, 0.048188470304, 0.0160524398088, 0.0138311935589, 0.0115075958893, 0.0476844571531, 0.0824650004506, 0.0422667860985, 0.0183857101947, 0.0067612095736, 0.00283169187605, 0.00750279799104, 0.011045162566, 0.011613461189, 0.0458680987358, 0.139564007521, 0.0726048275828, 0.0170101299882, 0.00953337457031, 0.0117219071835, 0.0466798432171, 0.0892157033086, 0.0324090458453, 0.00865968316793, 0.00731838075444, 0.00687170401216, 0.0227811969817, 0.0344520770013, 0.0130837643519, 0.0399902202189, 0.102255664766, 0.0325288847089, 0.0064035654068, 0.00430472567677, 0.00762202264741, 0.0531383529305]
    },
    "chords_histogram": [46.1934165955, 0, 11.3168725967, 0, 0, 0, 0, 0, 0, 0, 0, 0, 0, 0, 0, 0.720164597034, 0, 17.1810703278, 0, 6.68724298477, 0, 0.720164597034, 17.1810703278, 0],
    "thpcp": [1, 0.644807517529, 0.0928142443299, 0.0286277253181, 0.0427981466055, 0.207543000579, 0.346636027098, 0.194209590554, 0.0406405888498, 0.0257567297667, 0.0284916609526, 0.0906445086002, 0.128937378526, 0.07359161973, 0.157758042216, 0.259353250265, 0.136185392737, 0.0258416961879, 0.0181501302868, 0.0444509424269, 0.472111642361, 0.836780488491, 0.44137147069, 0.0607280246913, 0.0357087850571, 0.0468606576324, 0.165679216385, 0.248469665647, 0.1494756639, 0.0525264516473, 0.0216352809221, 0.014297241345, 0.0280367285013, 0.0386202000082, 0.0565005615354, 0.469821244478],
    "chords_key": "D",
    "chords_scale": "major",
    "key_key": "D",
    "key_scale": "major"
}
}