{
"lowlevel": {
    "average_loudness": 0.934495270252,
    "barkbands_crest": {
        "mean": 13.4365816116,
        "var": 18.0437736511
    },
    "barkbands_flatness_db": {
        "mean": 0.320719093084,
        "var": 0.00432518823072
    },
    "barkbands_kurtosis": {
        "mean": 11.0021696091,
        "var": 121.416809082
    },
    "barkbands_skewness": {
        "mean": 1.84862077236,
        "var": 1.40623164177
    },
    "barkbands_spread": {
        "mean": 3.24357771873,
        "var": 5.58249044418
    },
    "dissonance": {
        "mean": 0.381666392088,
        "var": 0.00295693427324
    },
    "dynamic_complexity": 3.7224521637,
    "erbbands_crest": {
        "mean": 11.2667102814,
        "var": 18.0961380005
    },
    "erbbands_flatness_db": {
        "mean": 0.246723458171,
        "var": 0.00320473546162
    },
    "erbbands_kurtosis": {
        "mean": 4.68578290939,
        "var": 31.4638290405
    },
    "erbbands_skewness": {
        "mean": 1.52676427364,
        "var": 0.587422430515
    },
    "erbbands_spread": {
        "mean": 15.0003900528,
        "var": 96.1143875122
    },
    "hfc": {
        "mean": 4.78736591339,
        "var": 56.8905448914
    },
    "melbands_crest": {
        "mean": 17.0834369659,
        "var": 20.8926448822
    },
    "melbands_flatness_db": {
        "mean": 0.44530826807,
        "var": 0.00663652224466
    },
    "melbands_kurtosis": {
        "mean": 15.3160362244,
        "var": 175.550262451
    },
    "melbands_skewness": {
        "mean": 2.38031387329,
        "var": 1.20897090435
    },
    "melbands_spread": {
        "mean": 3.33190083504,
        "var": 23.5204963684
    },
    "pitch_salience": {
        "mean": 0.530010223389,
        "var": 0.0136873135343
    },
    "silence_rate_20dB": {
        "mean": 0.998456001282,
        "var": 0.00154162046965
    },
    "silence_rate_30dB": {
        "mean": 0.941842496395,
        "var": 0.0547744631767
    },
    "silence_rate_60dB": {
        "mean": 0.0149253727868,
        "var": 0.0147029887885
    },
    "spectral_centroid": {
        "mean": 298.069030762,
        "var": 129147.242188
    },
    "spectral_complexity": {
        "mean": 6.67678833008,
        "var": 4.86927843094
    },
    "spectral_decrease": {
        "mean": -7.88122545003e-009,
        "var": 2.46217469402e-016
    },
    "spectral_energy": {
        "mean": 0.0301797799766,
        "var": 0.00358292227611
    },
    "spectral_energyband_high": {
        "mean": 1.60148356372e-005,
        "var": 3.81027076557e-009
    },
    "spectral_energyband_low": {
        "mean": 0.0180131923407,
        "var": 0.00275202048942
    },
    "spectral_energyband_middle_high": {
        "mean": 0.000179821567144,
        "var": 6.35477945821e-008
    },
    "spectral_energyband_middle_low": {
        "mean": 0.0133027620614,
        "var": 0.000503471004777
    },
    "spectral_entropy": {
        "mean": 5.83242797852,
        "var": 0.353518307209
    },
    "spectral_flux": {
        "mean": 0.0630079135299,
        "var": 0.00791417527944
    },
    "spectral_kurtosis": {
        "mean": 42.6651382446,
        "var": 1133.05322266
    },
    "spectral_rms": {
        "mean": 0.00454766629264,
        "var": 8.76239846548e-006
    },
    "spectral_rolloff": {
        "mean": 287.867706299,
        "var": 448186.71875
    },
    "spectral_skewness": {
        "mean": 5.03976345062,
        "var": 3.91799116135
    },
    "spectral_spread": {
        "mean": 2262178.5,
        "var": 2.86545071309e+012
    },
    "spectral_strongpeak": {
        "mean": 0.442331165075,
        "var": 0.205306410789
    },
    "zerocrossingrate": {
        "mean": 0.0118175121024,
        "var": 0.000290294905426
    },
    "barkbands": {
        "mean": [0.00055669946596, 0.0118067217991, 0.00432379171252, 0.00331754749641, 0.00760045554489, 0.00157981016673, 0.000270416843705, 0.000417824776378, 0.000101259378425, 4.72597239423e-005, 4.51060841442e-005, 2.71455228358e-005, 2.1245867174e-005, 1.38132327265e-005, 1.18095522339e-005, 9.30600253923e-006, 5.31051364305e-006, 4.61174477095e-006, 2.50461630458e-006, 2.4877128908e-006, 3.34080937137e-006, 4.91073933517e-006, 2.77240860669e-006, 2.07797097573e-006, 1.22513097267e-006, 3.32373502943e-007, 3.80804152655e-008],
        "var": [3.02088324133e-006, 0.00101139361504, 0.00036285436363, 7.55136279622e-005, 0.000215411841054, 4.04144293498e-006, 6.23634377916e-007, 3.66441724964e-007, 9.78515544148e-008, 4.82461182116e-009, 4.88203122373e-009, 1.88786208888e-009, 1.42343536957e-009, 1.52559875843e-009, 8.24019630308e-010, 4.43622361068e-010, 1.73989739283e-010, 2.19221349407e-010, 4.9524367246e-011, 6.32424876357e-011, 1.42272138515e-010, 6.12675077338e-010, 1.40615366573e-010, 5.71346268907e-011, 1.12862106813e-011, 7.17345291241e-013, 6.07653914708e-014]
    },
    "erbbands": {
        "mean": [0.378188878298, 2.46339225769, 5.18009853363, 8.30011558533, 25.2390613556, 20.5047950745, 15.5881567001, 10.8596935272, 5.21664810181, 4.59056997299, 9.9926776886, 3.15355110168, 1.45785748959, 1.64281976223, 1.83956432343, 1.2000169754, 1.03536832333, 0.857007622719, 0.657983541489, 0.49246647954, 0.535811305046, 0.305435359478, 0.248967006803, 0.175528377295, 0.124796420336, 0.123968280852, 0.116469278932, 0.150406092405, 0.173419579864, 0.136831909418, 0.0731026306748, 0.0473322607577, 0.0333546921611, 0.0165111720562, 0.00748492963612, 0.00208167498931, 0.0005094606895, 0.000127210558276, 1.74308115675e-005, 3.29825670633e-005],
        "var": [1.29760909081, 48.5649642944, 423.514190674, 547.105529785, 3775.83740234, 905.237243652, 331.679931641, 261.202362061, 95.1802902222, 140.771026611, 208.184463501, 75.0344696045, 4.51714229584, 5.65819168091, 6.18329334259, 3.47533679008, 3.07435369492, 3.74015116692, 4.19087743759, 1.1794809103, 1.48033905029, 0.611395776272, 0.593476653099, 0.240132167935, 0.157137721777, 0.153982028365, 0.154669061303, 0.367545485497, 0.734305024147, 0.483772218227, 0.0963802188635, 0.0278616528958, 0.0158969145268, 0.00266739050858, 0.000391296023736, 2.71674416581e-005, 1.62732396802e-006, 2.21468397399e-007, 1.77339964935e-009, 4.23496038238e-009]
    },
    "gfcc": {
        "mean": [-154.733413696, 184.486938477, -46.0319290161, 13.2486228943, -44.4282684326, 9.7046918869, -33.9659576416, -4.03869390488, -17.5537853241, -7.15719223022, -5.1717543602, -3.30112862587, -4.58656072617],
        "cov": [[5125.43017578, -662.863891602, -767.933288574, 781.493591309, -325.283721924, 125.125595093, -174.907775879, 102.566345215, -5.99721956253, 69.4194564819, -150.264221191, -104.092155457, 78.1222000122], [-662.863891602, 839.12298584, 212.699249268, -402.916015625, 161.414901733, -102.663879395, 98.6728591919, -105.467781067, 42.4430274963, -106.904647827, 93.9076690674, -19.9410533905, 31.5636711121], [-767.933288574, 212.699249268, 701.724853516, -226.521759033, 104.0234375, 39.6601676941, 75.7362289429, 53.9925498962, -62.4546737671, -0.601653695107, 63.4786758423, 36.8658790588, -40.5188674927], [781.493591309, -402.916015625, -226.521759033, 395.597015381, -67.90675354, 37.3296661377, -18.8646793365, 38.0189590454, 30.6566543579, 42.8143348694, -46.2697296143, -21.0991268158, 21.0107955933], [-325.283721924, 161.414901733, 104.0234375, -67.90675354, 234.419723511, -11.0611124039, 54.9562759399, 22.1919536591, 28.3534488678, -0.262260109186, 22.9458198547, 33.0603523254, 0.164892226458], [125.125595093, -102.663879395, 39.6601676941, 37.3296661377, -11.0611124039, 91.1106796265, -4.54152059555, 27.9675559998, -6.9223241806, 35.6322097778, 18.1791095734, 15.788028717, 5.0453004837], [-174.907775879, 98.6728591919, 75.7362289429, -18.8646793365, 54.9562759399, -4.54152059555, 98.2203826904, 11.8943500519, 22.3890304565, 13.0443563461, 25.4144458771, 8.60272979736, 9.98499298096], [102.566345215, -105.467781067, 53.9925498962, 38.0189590454, 22.1919536591, 27.9675559998, 11.8943500519, 96.3011322021, 11.9875116348, 35.0158958435, 2.75960874557, 30.5680103302, -0.427211910486], [-5.99721956253, 42.4430274963, -62.4546737671, 30.6566543579, 28.3534488678, -6.9223241806, 22.3890304565, 11.9875116348, 78.1184921265, 13.603644371, 9.91720962524, 3.14625954628, 18.2547187805], [69.4194564819, -106.904647827, -0.601653695107, 42.8143348694, -0.262260109186, 35.6322097778, 13.0443563461, 35.0158958435, 13.603644371, 91.7856063843, 14.9183931351, 28.0073547363, 2.77629160881], [-150.264221191, 93.9076690674, 63.4786758423, -46.2697296143, 22.9458198547, 18.1791095734, 25.4144458771, 2.75960874557, 9.91720962524, 14.9183931351, 71.1245880127, 30.1623668671, 20.7285022736], [-104.092155457, -19.9410533905, 36.8658790588, -21.0991268158, 33.0603523254, 15.788028717, 8.60272979736, 30.5680103302, 3.14625954628, 28.0073547363, 30.1623668671, 76.4189147949, 14.4339017868], [78.1222000122, 31.5636711121, -40.5188674927, 21.0107955933, 0.164892226458, 5.0453004837, 9.98499298096, -0.427211910486, 18.2547187805, 2.77629160881, 20.7285022736, 14.4339017868, 69.039100647]],
        "icov": [[0.000473638647236, -0.00114387692884, 0.000415135989897, -0.00144901301246, 0.000504235795233, -0.00088420859538, 0.000765487435274, -0.00130977435037, 0.00125223223586, -0.000601180596277, 0.00102183758281, -8.99606675375e-005, 2.13105504372e-005], [-0.00114387692884, 0.00996785052121, -0.00155449123122, 0.00900054071099, -0.00336055085063, 0.00535114202648, -0.00476062903181, 0.00703772902489, -0.00760904047638, 0.00534241972491, -0.00824044737965, 0.00456845015287, -0.00324912555516], [0.000415135989897, -0.00155449123122, 0.00308033335023, -0.000494277395774, 0.000100575918623, -0.00214758631773, -0.000871969212312, -0.00336762098595, 0.00377920106985, -0.000241157467826, -0.00013000916806, 8.48864365253e-005, 0.00149289844558], [-0.00144901301246, 0.00900054071099, -0.000494277395774, 0.012825041078, -0.00260197906755, 0.00328801968135, -0.00521720340475, 0.005119133275, -0.00781838130206, 0.00373567640781, -0.00516970921308, 0.00482403440401, -0.00365560222417], [0.000504235795233, -0.00336055085063, 0.000100575918623, -0.00260197906755, 0.00699670100585, -0.00151440803893, -0.000637940596789, -0.00300079374574, 0.000390982953832, -0.000739486189559, 0.00342142325826, -0.00381178804673, 0.00168039160781], [-0.00088420859538, 0.00535114202648, -0.00214758631773, 0.00328801968135, -0.00151440803893, 0.0190586503595, -7.33206397854e-005, 0.00173215405084, -0.00209878152236, -0.00172340043355, -0.00923536717892, 0.00296607799828, -0.00229784683324], [0.000765487435274, -0.00476062903181, -0.000871969212312, -0.00521720340475, -0.000637940596789, -7.33206397854e-005, 0.017203271389, -0.00387194752693, 0.000749041500967, -0.00491042342037, 0.000376333046006, 0.000362428865628, -0.000308211747324], [-0.00130977435037, 0.00703772902489, -0.00336762098595, 0.005119133275, -0.00300079374574, 0.00173215405084, -0.00387194752693, 0.0219124220312, -0.00919617991894, 0.00100952375215, -0.00186773645692, -0.00335621880367, -0.00104021525476], [0.00125223223586, -0.00760904047638, 0.00377920106985, -0.00781838130206, 0.000390982953832, -0.00209878152236, 0.000749041500967, -0.00919617991894, 0.0247902907431, -0.00595402391627, 0.00275891879573, -0.000246194569627, -0.00044592548511], [-0.000601180596277, 0.00534241972491, -0.000241157467826, 0.00373567640781, -0.000739486189559, -0.00172340043355, -0.00491042342037, 0.00100952375215, -0.00595402391627, 0.0192586798221, -0.00582801736891, -0.0021151821129, 0.000795415486209], [0.00102183758281, -0.00824044737965, -0.00013000916806, -0.00516970921308, 0.00342142325826, -0.00923536717892, 0.000376333046006, -0.00186773645692, 0.00275891879573, -0.00582801736891, 0.0313067920506, -0.0107706440613, -0.00293407146819], [-8.99606675375e-005, 0.00456845015287, 8.48864365253e-005, 0.00482403440401, -0.00381178804673, 0.00296607799828, 0.000362428865628, -0.00335621880367, -0.000246194569627, -0.0021151821129, -0.0107706440613, 0.0238183569163, -0.00528166303411], [2.13105504372e-005, -0.00324912555516, 0.00149289844558, -0.00365560222417, 0.00168039160781, -0.00229784683324, -0.000308211747324, -0.00104021525476, -0.00044592548511, 0.000795415486209, -0.00293407146819, -0.00528166303411, 0.0202077142894]]
    },
    "melbands": {
        "mean": [0.00329781649634, 0.00295941950753, 0.00196589180268, 0.00179635861423, 0.000585844332818, 0.00025140697835, 7.55088040023e-005, 5.28360651515e-005, 7.67088640714e-005, 1.47429154822e-005, 6.69590644975e-006, 6.4049172579e-006, 7.00453210811e-006, 3.3531068766e-006, 2.21217896978e-006, 2.32601519201e-006, 1.43544673392e-006, 1.06540665001e-006, 6.86553505602e-007, 5.92185870119e-007, 6.35939215954e-007, 3.10679610038e-007, 2.6307071721e-007, 2.12681598555e-007, 1.34783121553e-007, 9.08252744125e-008, 7.90473819734e-008, 8.25665935622e-008, 6.68634569934e-008, 8.10508140603e-008, 8.82757618115e-008, 9.97156064386e-008, 9.07479815737e-008, 6.67075639171e-008, 4.08697147236e-008, 3.44109345463e-008, 2.77994427478e-008, 2.56949697075e-008, 1.68738267803e-008, 1.29656667625e-008],
        "var": [8.33738740766e-005, 0.000108011176053, 2.18424502236e-005, 1.3680972188e-005, 4.3190553356e-007, 1.24693414705e-007, 2.43550548618e-008, 1.58038311326e-008, 1.22314753881e-008, 2.1855821597e-009, 9.28304030867e-011, 9.28650142895e-011, 1.05741894407e-010, 3.06399385031e-011, 1.1713246692e-011, 1.61773077573e-011, 1.37540959524e-011, 1.3691393505e-011, 2.40652549971e-012, 1.85831168162e-012, 2.26711423072e-012, 6.74970225111e-013, 5.24798303772e-013, 4.66878705835e-013, 1.38430553912e-013, 8.16310791207e-014, 5.80391786606e-014, 7.61147668873e-014, 5.18992130088e-014, 9.10698044212e-014, 1.39772579361e-013, 2.44655858073e-013, 2.14908968984e-013, 1.12677418394e-013, 3.17068962231e-014, 1.66089472904e-014, 9.50512421322e-015, 1.0204165258e-014, 3.51641895229e-015, 1.53928502296e-015]
    },
    "mfcc": {
        "mean": [-821.517333984, 219.891372681, 55.0140647888, 20.6753616333, 17.1002159119, 9.89225959778, 1.72066497803, 2.95393586159, -5.28589773178, -3.97876358032, -2.2609744072, 2.32226848602, -1.11682701111],
        "cov": [[4270.26953125, -1153.63818359, -611.620056152, 371.978088379, -97.620300293, 71.7183303833, -188.619857788, -69.6212234497, 135.795852661, 108.716712952, -37.1327781677, -25.3883361816, -73.2444992065], [-1153.63818359, 1141.21533203, 181.526000977, -207.276351929, 67.9732284546, -37.1278152466, 86.5114364624, 49.6794128418, -43.3959770203, -75.0713806152, 20.1995010376, 23.3928565979, 0.41657230258], [-611.620056152, 181.526000977, 446.393341064, -76.577003479, -2.96445345879, -18.5089759827, 93.5523757935, 14.9874563217, -33.5429992676, -24.2169284821, 6.3494143486, 41.5846977234, -1.9517250061], [371.978088379, -207.276351929, -76.577003479, 188.561889648, 13.5872507095, 23.8075466156, -10.8871221542, 13.9556131363, 46.4667549133, 34.0357170105, 3.84375905991, 2.03688049316, 4.52147817612], [-97.620300293, 67.9732284546, -2.96445345879, 13.5872507095, 122.918281555, 9.57105541229, 19.5235919952, 32.2860717773, 7.573969841, 11.9166965485, 0.0884576067328, 6.71536207199, 11.3171730042], [71.7183303833, -37.1278152466, -18.5089759827, 23.8075466156, 9.57105541229, 70.068359375, 10.7405338287, -10.0007371902, 4.22948980331, 15.7086114883, 10.9474449158, -7.55625915527, 9.76078891754], [-188.619857788, 86.5114364624, 93.5523757935, -10.8871221542, 19.5235919952, 10.7405338287, 89.3654022217, 19.9674015045, -6.27654457092, 0.564971148968, 6.60716104507, 17.8623027802, 4.88717889786], [-69.6212234497, 49.6794128418, 14.9874563217, 13.9556131363, 32.2860717773, -10.0007371902, 19.9674015045, 61.0787773132, 14.274392128, -2.16379499435, 1.90144336224, 13.6995573044, 11.2704515457], [135.795852661, -43.3959770203, -33.5429992676, 46.4667549133, 7.573969841, 4.22948980331, -6.27654457092, 14.274392128, 65.0171051025, 18.4293804169, -5.833568573, 15.7585849762, 16.3757209778], [108.716712952, -75.0713806152, -24.2169284821, 34.0357170105, 11.9166965485, 15.7086114883, 0.564971148968, -2.16379499435, 18.4293804169, 68.9072952271, 22.6094360352, -9.46908092499, 4.47924184799], [-37.1327781677, 20.1995010376, 6.3494143486, 3.84375905991, 0.0884576067328, 10.9474449158, 6.60716104507, 1.90144336224, -5.833568573, 22.6094360352, 67.1405639648, -1.25696730614, -7.32167387009], [-25.3883361816, 23.3928565979, 41.5846977234, 2.03688049316, 6.71536207199, -7.55625915527, 17.8623027802, 13.6995573044, 15.7585849762, -9.46908092499, -1.25696730614, 67.9305038452, 29.2118473053], [-73.2444992065, 0.41657230258, -1.9517250061, 4.52147817612, 11.3171730042, 9.76078891754, 4.88717889786, 11.2704515457, 16.3757209778, 4.47924184799, -7.32167387009, 29.2118473053, 71.9058380127]],
        "icov": [[0.000437045993749, 0.0002643999469, 0.00040396762779, -0.000277412997093, 0.000219507841393, -0.000319830025546, 0.000227793731028, 3.71717360395e-005, -0.000281080079731, -0.000249786447966, 0.000305636960547, -0.000606520683505, 0.000816711224616], [0.0002643999469, 0.00151862995699, 0.000141623066156, 0.00120389880612, -0.000631252187304, 0.000111444991489, -0.000689698383212, -0.000504112627823, -0.000703528814483, 0.00115655490663, -0.000732060696464, -6.73618269502e-005, 0.000439781259047], [0.00040396762779, 0.000141623066156, 0.00368497846648, 0.000432581757195, 0.000677713716868, 0.000404234131565, -0.00289642880671, 5.98303049628e-005, 0.000754565466195, -0.000261672481429, 0.000275515805697, -0.00219280808233, 0.0012727745343], [-0.000277412997093, 0.00120389880612, 0.000432581757195, 0.00892914459109, -0.000778514542617, -0.00176034984179, -0.000471045088489, -0.00234425556846, -0.00413036393002, -0.000795827654656, -0.000662579317577, -0.000122596873553, 0.000894214375876], [0.000219507841393, -0.000631252187304, 0.000677713716868, -0.000778514542617, 0.0106496596709, -0.00210147723556, -0.000465816672659, -0.00534353358671, 0.0012697315542, -0.00307948305272, 0.0019766818732, -0.00098487874493, 0.000276970269624], [-0.000319830025546, 0.000111444991489, 0.000404234131565, -0.00176034984179, -0.00210147723556, 0.0189741402864, -0.00495131872594, 0.00591342430562, -0.000710162566975, 0.000164942335687, -0.00350160314701, 0.00435421895236, -0.00501397997141], [0.000227793731028, -0.000689698383212, -0.00289642880671, -0.000471045088489, -0.000465816672659, -0.00495131872594, 0.0178729854524, -0.00493002636358, 0.0023857941851, -0.00258758873679, 0.0010205503786, -0.00374023709446, 0.00173166871537], [3.71717360395e-005, -0.000504112627823, 5.98303049628e-005, -0.00234425556846, -0.00534353358671, 0.00591342430562, -0.00493002636358, 0.0245228260756, -0.00497563416138, 0.0034639867954, -0.00276788230985, 0.000583183951676, -0.00288188480772], [-0.000281080079731, -0.000703528814483, 0.000754565466195, -0.00413036393002, 0.0012697315542, -0.000710162566975, 0.0023857941851, -0.00497563416138, 0.0242330692708, -0.00682960450649, 0.00434257369488, -0.00574660673738, -0.0018043773016], [-0.000249786447966, 0.00115655490663, -0.000261672481429, -0.000795827654656, -0.00307948305272, 0.000164942335687, -0.00258758873679, 0.0034639867954, -0.00682960450649, 0.0228630714118, -0.00882629584521, 0.00604380480945, -0.00334585877135], [0.000305636960547, -0.000732060696464, 0.000275515805697, -0.000662579317577, 0.0019766818732, -0.00350160314701, 0.0010205503786, -0.00276788230985, 0.00434257369488, -0.00882629584521, 0.0195508860052, -0.00364096439444, 0.00392412114888], [-0.000606520683505, -6.73618269502e-005, -0.00219280808233, -0.000122596873553, -0.00098487874493, 0.00435421895236, -0.00374023709446, 0.000583183951676, -0.00574660673738, 0.00604380480945, -0.00364096439444, 0.02372841537, -0.0100206807256], [0.000816711224616, 0.000439781259047, 0.0012727745343, 0.000894214375876, 0.000276970269624, -0.00501397997141, 0.00173166871537, -0.00288188480772, -0.0018043773016, -0.00334585877135, 0.00392412114888, -0.0100206807256, 0.0207756292075]]
    },
    "spectral_contrast_coeffs": {
        "mean": [-0.649122059345, -0.704820752144, -0.789942681789, -0.798261463642, -0.823043823242, -0.823682963848],
        "var": [0.00744779687375, 0.00283052865416, 0.00196369271725, 0.00151385029312, 0.00169544864912, 0.00152887916192]
    },
    "spectral_contrast_valleys": {
        "mean": [-6.75330495834, -7.28156805038, -8.63404655457, -9.79549980164, -10.4039487839, -12.6035280228],
        "var": [0.882068693638, 0.801209807396, 0.763829290867, 0.957445502281, 1.16003811359, 1.03864896297]
    }
},
"metadata": {
    "audio_properties": {
        "analysis_sample_rate": 44100,
        "bit_rate": 108036,
        "equal_loudness": 0,
        "length": 45.0873451233,
        "lossless": 0,
        "replay_gain": -5.47567176819,
        "sample_rate": 44100,
        "codec": "mp3",
        "downmix": "mix",
        "md5_encoded": "fe5d1736fa76b03d46863f7cadf40c32"
    },
    "tags": {
        "file_name": "829.mp3"
    },
    "version": {
        "essentia": "2.1-beta2",
        "essentia_git_sha": "v2.1_beta2",
        "extractor": "music 1.0"
    }
},
"rhythm": {
    "beats_count": 97,
    "beats_loudness": {
        "mean": 0.0624436400831,
        "var": 0.00390148721635
    },
    "bpm": 129.933135986,
    "bpm_histogram_first_peak_bpm": {
        "mean": 129,
        "var": 0
    },
    "bpm_histogram_first_peak_spread": {
        "mean": 0.242105290294,
        "var": 0
    },
    "bpm_histogram_first_peak_weight": {
        "mean": 0.75,
        "var": 0
    },
    "bpm_histogram_second_peak_bpm": {
        "mean": 136,
        "var": 0
    },
    "bpm_histogram_second_peak_spread": {
        "mean": 0,
        "var": 0
    },
    "bpm_histogram_second_peak_weight": {
        "mean": 0.0104166669771,
        "var": 0
    },
    "danceability": 1.22247552872,
    "onset_rate": 3.28125,
    "beats_loudness_band_ratio": {
        "mean": [0.724927842617, 0.289506405592, 0.0394698865712, 0.00932131521404, 0.00470608612522, 0.00362804322504],
        "var": [0.0318174287677, 0.035215575248, 0.000986577477306, 9.62223566603e-005, 4.9678979849e-005, 3.50757873093e-005]
    },
    "beats_position": [0.417959183455, 0.882358253002, 1.34675729275, 1.8111563921, 2.27555561066, 2.72834467888, 3.19274377823, 3.64553284645, 4.1099319458, 4.57433080673, 5.0387301445, 5.50312900543, 5.95591831207, 6.40870714188, 6.87310647964, 7.33750534058, 7.80190467834, 8.26630401611, 8.73070240021, 9.19510173798, 9.65950107574, 10.1122903824, 10.5650787354, 11.0294780731, 11.4938774109, 11.9582767487, 12.4226751328, 12.8754644394, 13.328253746, 13.7926530838, 14.2570514679, 14.7214508057, 15.1858501434, 15.6502494812, 16.114648819, 16.5790481567, 17.0434455872, 17.4846248627, 17.9490242004, 18.4134235382, 18.877822876, 19.3422222137, 19.8066215515, 20.2710208893, 20.7354183197, 21.1882076263, 21.640996933, 22.1053962708, 22.5697956085, 23.0341949463, 23.4985942841, 23.9629936218, 24.4157810211, 24.8685703278, 25.3329696655, 25.7973690033, 26.2617683411, 26.7261676788, 27.1905670166, 27.6549663544, 28.1193637848, 28.5721530914, 29.0249423981, 29.4893417358, 29.9537410736, 30.4181404114, 30.8825397491, 31.3469390869, 31.8113365173, 32.264125824, 32.7285270691, 33.1813163757, 33.6457138062, 34.1101112366, 34.5745124817, 35.0389099121, 35.5033111572, 35.9677085876, 36.4204978943, 36.8732872009, 37.3376846313, 37.8020858765, 38.2664833069, 38.7192726135, 39.1836738586, 39.6364631653, 40.1008605957, 40.5652618408, 41.0296592712, 41.4940567017, 41.9584579468, 42.4228553772, 42.8756446838, 43.3284339905, 43.7928352356, 44.257232666, 44.7332420349]
},
"tonal": {
    "chords_changes_rate": 0.0288065839559,
    "chords_number_rate": 0.00514403311536,
    "chords_strength": {
        "mean": 0.48583689332,
        "var": 0.0073175271973
    },
    "hpcp_entropy": {
        "mean": 1.60885691643,
        "var": 0.250829458237
    },
    "key_strength": 0.720143675804,
    "tuning_diatonic_strength": 0.611695230007,
    "tuning_equal_tempered_deviation": 0.290229409933,
    "tuning_frequency": 434.193115234,
    "tuning_nontempered_energy_ratio": 0.994581103325,
    "hpcp": {
        "mean": [0.0730723515153, 0.100655898452, 0.0548575669527, 0.0200557429343, 0.0174980312586, 0.0262116733938, 0.149078726768, 0.262318968773, 0.163040906191, 0.0941962078214, 0.0880776941776, 0.0308464784175, 0.0140296276659, 0.0169088188559, 0.0283343344927, 0.152316197753, 0.213072776794, 0.0895129367709, 0.0148079078645, 0.0125043569133, 0.0310094896704, 0.174989566207, 0.285175532103, 0.184153258801, 0.0902271717787, 0.0499533377588, 0.0211755577475, 0.0520839132369, 0.082833468914, 0.104650214314, 0.308440506458, 0.409329801798, 0.18905223906, 0.0370765663683, 0.0246685836464, 0.0306887682527],
        "var": [0.0316812619567, 0.0588348060846, 0.0217514168471, 0.00883679836988, 0.0056586433202, 0.00590531527996, 0.0328753590584, 0.109164595604, 0.0473014377058, 0.0550826191902, 0.0590963773429, 0.00830903556198, 0.00493279984221, 0.0049283541739, 0.00666626542807, 0.0366986319423, 0.0748601555824, 0.0192311108112, 0.0052978284657, 0.00509807001799, 0.0105905970559, 0.0690522119403, 0.160987734795, 0.0666730925441, 0.0622470378876, 0.0219774022698, 0.0109595684335, 0.0224409569055, 0.0406972430646, 0.0309613589197, 0.112136259675, 0.183276936412, 0.0615394748747, 0.0129932286218, 0.0141421798617, 0.0147202285007]
    },
    "chords_histogram": [9.05349826813, 0.205761313438, 70.9876556396, 11.1111106873, 2.16049385071, 0, 0, 0, 0, 0, 0, 0, 0, 0, 0, 0, 0, 0, 0, 0, 0, 0, 0, 6.48148155212],
    "thpcp": [1, 0.461857974529, 0.090578712523, 0.0602657906711, 0.0749732106924, 0.178517058492, 0.245904147625, 0.134018018842, 0.0489965379238, 0.0427480004728, 0.0640355870128, 0.36420199275, 0.640849888325, 0.398311853409, 0.230123013258, 0.215175375342, 0.0753584951162, 0.0342746302485, 0.0413085445762, 0.0692212805152, 0.372111171484, 0.520540595055, 0.218681693077, 0.036175981164, 0.0305483676493, 0.0757567360997, 0.427502632141, 0.696688890457, 0.449889689684, 0.220426589251, 0.122036896646, 0.0517322644591, 0.127241924405, 0.20236364007, 0.255662351847, 0.753525674343],
    "chords_key": "G",
    "chords_scale": "major",
    "key_key": "C",
    "key_scale": "major"
}
}