{
"lowlevel": {
    "average_loudness": 0.61850631237,
    "barkbands_crest": {
        "mean": 7.52157974243,
        "var": 11.8121004105
    },
    "barkbands_flatness_db": {
        "mean": 0.122604496777,
        "var": 0.00234075961635
    },
    "barkbands_kurtosis": {
        "mean": 0.344474047422,
        "var": 11.4237203598
    },
    "barkbands_skewness": {
        "mean": 0.552015602589,
        "var": 0.879860043526
    },
    "barkbands_spread": {
        "mean": 27.5561389923,
        "var": 109.611061096
    },
    "dissonance": {
        "mean": 0.477484494448,
        "var": 0.000396137475036
    },
    "dynamic_complexity": 2.65037918091,
    "erbbands_crest": {
        "mean": 8.2302646637,
        "var": 14.3332300186
    },
    "erbbands_flatness_db": {
        "mean": 0.183122262359,
        "var": 0.00268272543326
    },
    "erbbands_kurtosis": {
        "mean": 0.128464624286,
        "var": 2.38787102699
    },
    "erbbands_skewness": {
        "mean": -0.313983589411,
        "var": 0.483102858067
    },
    "erbbands_spread": {
        "mean": 33.15832901,
        "var": 160.557846069
    },
    "hfc": {
        "mean": 19.9457035065,
        "var": 432.441131592
    },
    "melbands_crest": {
        "mean": 10.3406791687,
        "var": 22.0455341339
    },
    "melbands_flatness_db": {
        "mean": 0.147512763739,
        "var": 0.00292607350275
    },
    "melbands_kurtosis": {
        "mean": 3.74300575256,
        "var": 77.8323364258
    },
    "melbands_skewness": {
        "mean": 1.49965167046,
        "var": 1.26619100571
    },
    "melbands_spread": {
        "mean": 40.9813613892,
        "var": 378.521850586
    },
    "pitch_salience": {
        "mean": 0.632182061672,
        "var": 0.00780284125358
    },
    "silence_rate_20dB": {
        "mean": 1,
        "var": 0
    },
    "silence_rate_30dB": {
        "mean": 0.987641632557,
        "var": 0.0122055551037
    },
    "silence_rate_60dB": {
        "mean": 0.0154479919001,
        "var": 0.0152091644704
    },
    "spectral_centroid": {
        "mean": 1953.12182617,
        "var": 450855.84375
    },
    "spectral_complexity": {
        "mean": 21.7528324127,
        "var": 57.7030677795
    },
    "spectral_decrease": {
        "mean": -3.76588538131e-009,
        "var": 2.5523705011e-017
    },
    "spectral_energy": {
        "mean": 0.0160224754363,
        "var": 0.000429490406532
    },
    "spectral_energyband_high": {
        "mean": 0.00063020264497,
        "var": 6.49957257792e-007
    },
    "spectral_energyband_low": {
        "mean": 0.00132677925285,
        "var": 4.02790465159e-006
    },
    "spectral_energyband_middle_high": {
        "mean": 0.00668696779758,
        "var": 0.000102407815575
    },
    "spectral_energyband_middle_low": {
        "mean": 0.00772177567706,
        "var": 0.00021572544938
    },
    "spectral_entropy": {
        "mean": 7.66148328781,
        "var": 0.105287365615
    },
    "spectral_flux": {
        "mean": 0.0660088658333,
        "var": 0.00202612415887
    },
    "spectral_kurtosis": {
        "mean": 4.41351795197,
        "var": 6.11245155334
    },
    "spectral_rms": {
        "mean": 0.00359383528121,
        "var": 2.71604449154e-006
    },
    "spectral_rolloff": {
        "mean": 2491.78662109,
        "var": 1626575.125
    },
    "spectral_skewness": {
        "mean": 1.22507727146,
        "var": 0.141927838326
    },
    "spectral_spread": {
        "mean": 3607573,
        "var": 2.79300643226e+012
    },
    "spectral_strongpeak": {
        "mean": 1.65336227417,
        "var": 4.16179656982
    },
    "zerocrossingrate": {
        "mean": 0.0806400775909,
        "var": 0.00130160630215
    },
    "barkbands": {
        "mean": [1.4517380805e-005, 0.000339195830747, 0.000692284258548, 0.000765802455135, 0.00234066927806, 0.000993996625766, 0.000919674115721, 0.000859374937136, 0.00175375002436, 0.000906700035557, 0.000858041632455, 0.000467985111754, 0.000600259227213, 0.000528857694007, 0.000415438698838, 0.000669566798024, 0.000774096755777, 0.00104699097574, 0.000271119759418, 0.000259068241576, 0.000181877796422, 0.000130746571813, 0.000101721896499, 4.08815467381e-005, 4.49464569101e-005, 4.45160076197e-005, 3.99850193844e-007],
        "var": [2.41412223545e-009, 4.49984639772e-007, 1.36035998821e-006, 1.1855087223e-006, 3.94653034164e-005, 4.09839822169e-006, 1.63862259797e-005, 1.57180402311e-005, 9.35579664656e-005, 2.37833719439e-005, 9.33366845857e-006, 1.50779590058e-006, 7.3812429946e-006, 3.40176529789e-006, 1.00691124771e-006, 1.27160433294e-006, 1.30603325488e-006, 1.43530030527e-006, 6.91578776468e-008, 5.81889629814e-008, 3.65695385085e-008, 2.91197324032e-008, 3.0394993189e-008, 6.29428953403e-009, 7.65166330297e-009, 8.42080005725e-009, 1.57389357623e-012]
    },
    "erbbands": {
        "mean": [0.00548058608547, 0.0971917882562, 0.656290769577, 1.74870073795, 5.21805000305, 8.70782279968, 6.82620620728, 9.59184741974, 12.3300523758, 14.4045171738, 23.0236587524, 44.5091285706, 22.9762229919, 35.617061615, 35.9506111145, 17.7046432495, 30.3225917816, 24.0677986145, 23.3904800415, 30.8875045776, 38.6168785095, 44.3757286072, 54.1447525024, 27.3996982574, 16.9291801453, 11.173330307, 6.64329051971, 7.4590139389, 5.02306318283, 4.22779750824, 2.49728083611, 1.07674562931, 0.585532128811, 0.309511214495, 0.446353524923, 0.289300233126, 0.0593673735857, 0.00433738622814, 0.000110875240352, 2.56699622696e-005],
        "var": [0.000243929185672, 0.0327916182578, 1.22554004192, 5.61103057861, 95.7091827393, 944.122924805, 154.717407227, 436.108459473, 1918.8380127, 3360.57592773, 9921.45117188, 85006.8359375, 3989.31103516, 30111.28125, 14390.6191406, 1717.14709473, 17424.890625, 5280.86132813, 5633.76806641, 3503.72729492, 3764.50439453, 2855.27563477, 3613.98657227, 814.161499023, 226.50932312, 83.4833602905, 52.6392097473, 67.8593215942, 45.8828353882, 39.3528251648, 18.5917510986, 4.06761598587, 1.35886132717, 0.395102530718, 0.788841545582, 0.347340077162, 0.0157347768545, 9.77890231297e-005, 5.25612229296e-008, 9.03874308733e-010]
    },
    "gfcc": {
        "mean": [-17.6646957397, 89.0273742676, -158.640930176, 36.5771331787, -62.3123855591, -5.9853181839, -37.9363861084, 2.02376723289, -28.4823741913, -9.348777771, -25.2311267853, 2.64422082901, -15.396897316],
        "cov": [[5604.42773438, -1534.84594727, 483.934020996, -397.765014648, -410.071289063, 382.511657715, -585.72869873, 343.215881348, -450.49887085, 327.192932129, -423.831237793, 324.24887085, -271.337463379], [-1534.84594727, 2064.05859375, -707.213806152, 335.982543945, 284.336181641, -338.130004883, 460.237945557, -399.339172363, 393.933074951, -264.072479248, 328.342651367, -323.329681396, 228.143295288], [483.934020996, -707.213806152, 1064.26599121, -116.134994507, -2.9808807373, 291.141357422, -271.662200928, 201.613052368, -220.641448975, 253.214035034, -180.998458862, 186.914138794, -145.222824097], [-397.765014648, 335.982543945, -116.134994507, 310.233673096, 116.143081665, -53.7570800781, 135.285720825, -52.6750679016, 91.4252166748, -80.3887863159, 92.0763778687, -63.0118370056, 42.4286308289], [-410.071289063, 284.336181641, -2.9808807373, 116.143081665, 199.107513428, 27.8790187836, 79.9633636475, -53.3726501465, 61.2245101929, -2.9916703701, 38.8376197815, -35.5028038025, 8.03609848022], [382.511657715, -338.130004883, 291.141357422, -53.7570800781, 27.8790187836, 218.884155273, -54.1706390381, 87.3929672241, -97.690322876, 95.6205062866, -70.2435531616, 61.1091270447, -58.7279472351], [-585.72869873, 460.237945557, -271.662200928, 135.285720825, 79.9633636475, -54.1706390381, 283.816070557, -45.5642127991, 93.226020813, -118.554992676, 114.493621826, -67.5844573975, 64.6087112427], [343.215881348, -399.339172363, 201.613052368, -52.6750679016, -53.3726501465, 87.3929672241, -45.5642127991, 200.914794922, -61.6690750122, 51.6396179199, -78.5897827148, 97.5004196167, -43.2209587097], [-450.49887085, 393.933074951, -220.641448975, 91.4252166748, 61.2245101929, -97.690322876, 93.226020813, -61.6690750122, 190.902328491, -45.7686767578, 76.3285827637, -92.0990524292, 59.6813278198], [327.192932129, -264.072479248, 253.214035034, -80.3887863159, -2.9916703701, 95.6205062866, -118.554992676, 51.6396179199, -45.7686767578, 167.249725342, -50.9710693359, 51.2038116455, -63.4936027527], [-423.831237793, 328.342651367, -180.998458862, 92.0763778687, 38.8376197815, -70.2435531616, 114.493621826, -78.5897827148, 76.3285827637, -50.9710693359, 131.001113892, -41.9107246399, 47.8053131104], [324.24887085, -323.329681396, 186.914138794, -63.0118370056, -35.5028038025, 61.1091270447, -67.5844573975, 97.5004196167, -92.0990524292, 51.2038116455, -41.9107246399, 135.024139404, -27.5321407318], [-271.337463379, 228.143295288, -145.222824097, 42.4286308289, 8.03609848022, -58.7279472351, 64.6087112427, -43.2209587097, 59.6813278198, -63.4936027527, 47.8053131104, -27.5321407318, 85.9716491699]],
        "icov": [[0.000487659533974, -0.000556577928364, 0.000730586354621, -0.000679262215272, 0.00142391340341, -0.00135782954749, 0.000829418946523, -2.04178977583e-005, 0.000175017019501, -0.000522630871274, 0.00138848647475, -0.00142955640331, 0.00115384114906], [-0.000556577928364, 0.00301664322615, -0.00160429789685, 0.00145864766091, -0.00356264016591, 0.00356616242789, -0.0028650178574, 0.00162513926625, -0.0010091769509, 0.000764423049986, -0.00282382033765, 0.00375233450904, -0.00341554172337], [0.000730586354621, -0.00160429789685, 0.00377390976064, -0.0019747025799, 0.00226451409981, -0.00394709734246, 0.0028603663668, -0.00113012327347, 0.00139956735075, -0.00251983851194, 0.0031107312534, -0.00372000038624, 0.00253320648335], [-0.000679262215272, 0.00145864766091, -0.0019747025799, 0.00706308986992, -0.00554693583399, 0.00335397291929, -0.00173906877171, -0.001208757516, -0.000519440334756, 0.00311933527701, -0.00558543950319, 0.00447580451146, -0.00212366762571], [0.00142391340341, -0.00356264016591, 0.00226451409981, -0.00554693583399, 0.015672693029, -0.00901576410979, 0.00112513790373, 0.00366766611114, -0.00329321040772, -0.00247136666439, 0.00777172064409, -0.00899807550013, 0.00714333867654], [-0.00135782954749, 0.00356616242789, -0.00394709734246, 0.00335397291929, -0.00901576410979, 0.0164020247757, -0.0058620814234, -0.00168245867826, 0.00370766408741, -0.00222806725651, -0.00376452598721, 0.00831283908337, -0.00592890847474], [0.000829418946523, -0.0028650178574, 0.0028603663668, -0.00173906877171, 0.00112513790373, -0.0058620814234, 0.0125975972041, -0.00533184362575, 0.00157560117077, 0.00336281233467, -0.00364228663966, -0.00130995723885, 0.00264889723621], [-2.04178977583e-005, 0.00162513926625, -0.00113012327347, -0.001208757516, 0.00366766611114, -0.00168245867826, -0.00533184362575, 0.0149216409773, -0.00630574533716, 0.000259438063949, 0.00698119169101, -0.00854507088661, 0.00227746367455], [0.000175017019501, -0.0010091769509, 0.00139956735075, -0.000519440334756, -0.00329321040772, 0.00370766408741, 0.00157560117077, -0.00630574533716, 0.0154515057802, -0.00469617033377, -0.00301765836775, 0.00802090018988, -0.00561076169834], [-0.000522630871274, 0.000764423049986, -0.00251983851194, 0.00311933527701, -0.00247136666439, -0.00222806725651, 0.00336281233467, 0.000259438063949, -0.00469617033377, 0.0160090122372, -0.00536244176328, -5.87240429013e-005, 0.00488465698436], [0.00138848647475, -0.00282382033765, 0.0031107312534, -0.00558543950319, 0.00777172064409, -0.00376452598721, -0.00364228663966, 0.00698119169101, -0.00301765836775, -0.00536244176328, 0.0252511575818, -0.0116615602747, 0.00319460802712], [-0.00142955640331, 0.00375233450904, -0.00372000038624, 0.00447580451146, -0.00899807550013, 0.00831283908337, -0.00130995723885, -0.00854507088661, 0.00802090018988, -5.87240429013e-005, -0.0116615602747, 0.0261826775968, -0.0104959756136], [0.00115384114906, -0.00341554172337, 0.00253320648335, -0.00212366762571, 0.00714333867654, -0.00592890847474, 0.00264889723621, 0.00227746367455, -0.00561076169834, 0.00488465698436, 0.00319460802712, -0.0104959756136, 0.0264656823128]]
    },
    "melbands": {
        "mean": [6.90610759193e-005, 0.000276961916825, 0.000410881213611, 0.000508580065798, 0.000284799170913, 0.000202646959224, 0.000197698493139, 0.000170731567778, 0.000199452872039, 0.000271120137768, 0.000107995903818, 0.000145064041135, 0.00013242480054, 6.06057365076e-005, 5.13853919983e-005, 6.01370484219e-005, 4.32005763287e-005, 3.97122603317e-005, 3.35840268235e-005, 4.08052510465e-005, 4.61231102236e-005, 4.35490692325e-005, 5.03849005327e-005, 4.99874404341e-005, 1.89563124877e-005, 1.17625640996e-005, 1.23999325297e-005, 5.99310214966e-006, 3.77120181838e-006, 4.38158895122e-006, 4.06995059166e-006, 3.02503690364e-006, 2.19369985643e-006, 2.40433814724e-006, 1.5084901861e-006, 9.25687345443e-007, 5.54043424472e-007, 4.77232617868e-007, 2.25239318752e-007, 2.52287009062e-007],
        "var": [2.3173685193e-008, 2.08116873068e-007, 2.67920057695e-007, 2.31763874581e-006, 3.96466703023e-007, 1.94300824319e-007, 5.33424838522e-007, 3.78624577024e-007, 6.97330165167e-007, 3.20958861266e-006, 9.95031257389e-008, 5.87549209285e-007, 2.22340077016e-007, 2.58336285697e-008, 6.01854281967e-008, 5.75311034368e-008, 2.45321825076e-008, 2.1903984404e-008, 4.28851487655e-009, 5.44808731462e-009, 6.49530162988e-009, 3.78569664505e-009, 5.27729016042e-009, 3.36128969103e-009, 4.22864548932e-010, 1.66266958535e-010, 1.46424330993e-010, 2.95433850994e-011, 2.32694332553e-011, 1.97541410313e-011, 2.4124155798e-011, 1.9944820101e-011, 7.25173046612e-012, 1.62896918177e-011, 6.79145238311e-012, 3.00122275122e-012, 1.23663362536e-012, 9.7554874335e-013, 2.04832272021e-013, 2.99859150097e-013]
    },
    "mfcc": {
        "mean": [-645.236083984, 114.372375488, -39.1405982971, 35.7737007141, -12.5552215576, -0.879775226116, -12.982170105, 8.79170131683, -5.7687625885, -9.91329288483, -4.63396644592, -6.57876014709, -4.2205324173],
        "cov": [[2946.25488281, -837.294006348, 303.76159668, -441.203155518, 5.44293260574, -80.1209335327, -82.8916778564, -22.2545166016, -37.8590011597, -0.979272067547, -108.59262085, 18.9806175232, -56.5330810547], [-837.294006348, 1262.69592285, -357.281860352, 309.566558838, -69.705406189, 153.284454346, 4.17982053757, -31.4194698334, 18.7992076874, 28.0499019623, 90.2852172852, -54.0940322876, 69.631149292], [303.76159668, -357.281860352, 716.51385498, -179.236755371, 189.155105591, -7.26865911484, 56.0761642456, -28.1571178436, 2.50648164749, 21.5085277557, -63.1689682007, 57.9078330994, -19.8435974121], [-441.203155518, 309.566558838, -179.236755371, 342.414398193, -19.4531040192, 40.1251220703, 22.0569591522, 60.3609428406, 13.9501199722, 1.0272564888, 53.0444641113, -3.63428640366, 32.3272132874], [5.44293260574, -69.705406189, 189.155105591, -19.4531040192, 203.401809692, 64.5989074707, -1.74997770786, -30.2209243774, 13.0926685333, 24.2436962128, 4.86338090897, 17.3775901794, -7.30521821976], [-80.1209335327, 153.284454346, -7.26865911484, 40.1251220703, 64.5989074707, 167.019073486, 54.5757102966, -26.4266967773, -10.4016437531, 34.3197517395, 27.9539165497, -4.23678207397, 13.3356952667], [-82.8916778564, 4.17982053757, 56.0761642456, 22.0569591522, -1.74997770786, 54.5757102966, 157.895278931, 65.63722229, 2.83987593651, -8.03408527374, 8.60539245605, 12.4053907394, 9.03995323181], [-22.2545166016, -31.4194698334, -28.1571178436, 60.3609428406, -30.2209243774, -26.4266967773, 65.63722229, 146.178848267, 43.4211196899, -20.220500946, 5.74870109558, 19.8556060791, 1.69968676567], [-37.8590011597, 18.7992076874, 2.50648164749, 13.9501199722, 13.0926685333, -10.4016437531, 2.83987593651, 43.4211196899, 87.338684082, 26.34416008, 8.81876182556, 0.222912743688, 3.93163228035], [-0.979272067547, 28.0499019623, 21.5085277557, 1.0272564888, 24.2436962128, 34.3197517395, -8.03408527374, -20.220500946, 26.34416008, 92.1441955566, 34.0007781982, -2.12413644791, -1.9300532341], [-108.59262085, 90.2852172852, -63.1689682007, 53.0444641113, 4.86338090897, 27.9539165497, 8.60539245605, 5.74870109558, 8.81876182556, 34.0007781982, 84.7316894531, 15.1460723877, 3.91256785393], [18.9806175232, -54.0940322876, 57.9078330994, -3.63428640366, 17.3775901794, -4.23678207397, 12.4053907394, 19.8556060791, 0.222912743688, -2.12413644791, 15.1460723877, 59.7921142578, 9.98812389374], [-56.5330810547, 69.631149292, -19.8435974121, 32.3272132874, -7.30521821976, 13.3356952667, 9.03995323181, 1.69968676567, 3.93163228035, -1.9300532341, 3.91256785393, 9.98812389374, 58.5818023682]],
        "icov": [[0.000490352686029, 0.000234907653066, -0.000108460364572, 0.000450689083664, 0.000266901886789, -0.000415286194766, 0.000539499393199, -0.000449387473054, 0.000238473017816, -0.00012694032921, 0.000125172897242, 9.56399089773e-005, -7.87007738836e-005], [0.000234907653066, 0.00150798307732, 4.47859019914e-005, -0.000719982897863, 0.000836987164803, -0.00142651598435, 0.000491642975248, 0.000565418333281, -0.000743745709769, 0.000507378950715, -0.00073832157068, 0.000919486454222, -0.000857230450492], [-0.000108460364572, 4.47859019914e-005, 0.00313353887759, 0.000558516127057, -0.00290863262489, 0.001839876757, -0.00244865822606, 0.00116067496128, 0.000159886592883, -0.00170762604102, 0.00264995777979, -0.00262036477216, 0.000360760896001], [0.000450689083664, -0.000719982897863, 0.000558516127057, 0.00526922149584, -0.000788908801042, -0.000349931971869, 0.000853650795761, -0.00322776613757, 0.00140846148133, -0.000176557121449, -0.00136893056333, 0.000688509084284, -0.00161092239432], [0.000266901886789, 0.000836987164803, -0.00290863262489, -0.000788908801042, 0.00987657625228, -0.00572177628055, 0.0032224310562, 0.000818227243144, -0.00298996805213, 0.0019342872547, -0.00172452081461, -0.000455618370324, 0.00118319608737], [-0.000415286194766, -0.00142651598435, 0.001839876757, -0.000349931971869, -0.00572177628055, 0.0132714742795, -0.00696883304045, 0.00313253304921, 0.00252316403203, -0.00429944228381, 0.000547613366507, -9.16175849852e-005, -0.000970962166321], [0.000539499393199, 0.000491642975248, -0.00244865822606, 0.000853650795761, 0.0032224310562, -0.00696883304045, 0.013021540828, -0.00746978353709, 0.00171776581556, 0.00197356799617, -0.00213686586358, 0.00188389595132, -0.00139742984902], [-0.000449387473054, 0.000565418333281, 0.00116067496128, -0.00322776613757, 0.000818227243144, 0.00313253304921, -0.00746978353709, 0.0161279048771, -0.00850317720324, 0.00322859664448, 0.000643460487481, -0.00494193984196, 0.00261896080337], [0.000238473017816, -0.000743745709769, 0.000159886592883, 0.00140846148133, -0.00298996805213, 0.00252316403203, 0.00171776581556, -0.00850317720324, 0.0186354722828, -0.00727557064965, 0.000707431230694, 0.0026175188832, -0.00255843554623], [-0.00012694032921, 0.000507378950715, -0.00170762604102, -0.000176557121449, 0.0019342872547, -0.00429944228381, 0.00197356799617, 0.00322859664448, -0.00727557064965, 0.01816139929, -0.00796609558165, 0.00234487443231, 0.000834024511278], [0.000125172897242, -0.00073832157068, 0.00264995777979, -0.00136893056333, -0.00172452081461, 0.000547613366507, -0.00213686586358, 0.000643460487481, 0.000707431230694, -0.00796609558165, 0.0201848540455, -0.00838639587164, 0.00239461869933], [9.56399089773e-005, 0.000919486454222, -0.00262036477216, 0.000688509084284, -0.000455618370324, -9.16175849852e-005, 0.00188389595132, -0.00494193984196, 0.0026175188832, 0.00234487443231, -0.00838639587164, 0.0247161760926, -0.00620383070782], [-7.87007738836e-005, -0.000857230450492, 0.000360760896001, -0.00161092239432, 0.00118319608737, -0.000970962166321, -0.00139742984902, 0.00261896080337, -0.00255843554623, 0.000834024511278, 0.00239461869933, -0.00620383070782, 0.0206295028329]]
    },
    "spectral_contrast_coeffs": {
        "mean": [-0.589675724506, -0.761099100113, -0.76506716013, -0.78245061636, -0.763578593731, -0.660809516907],
        "var": [0.00643651280552, 0.00491273775697, 0.00498978979886, 0.00286277593113, 0.00206433050334, 0.00261208764277]
    },
    "spectral_contrast_valleys": {
        "mean": [-8.19163990021, -6.80534124374, -7.23297166824, -7.53626537323, -7.19022655487, -11.1545610428],
        "var": [1.13777148724, 0.930293262005, 0.860119640827, 0.803646028042, 0.823623001575, 1.61795270443]
    }
},
"metadata": {
    "audio_properties": {
        "analysis_sample_rate": 44100,
        "bit_rate": 111784,
        "equal_loudness": 0,
        "length": 45.0612258911,
        "lossless": 0,
        "replay_gain": -4.40891265869,
        "sample_rate": 44100,
        "codec": "mp3",
        "downmix": "mix",
        "md5_encoded": "12a6fbfab54ebb18ff10841232a63614"
    },
    "tags": {
        "file_name": "83.mp3"
    },
    "version": {
        "essentia": "2.1-beta2",
        "essentia_git_sha": "v2.1_beta2",
        "extractor": "music 1.0"
    }
},
"rhythm": {
    "beats_count": 96,
    "beats_loudness": {
        "mean": 0.0293751973659,
        "var": 0.0008951536729
    },
    "bpm": 128.918045044,
    "bpm_histogram_first_peak_bpm": {
        "mean": 129,
        "var": 0
    },
    "bpm_histogram_first_peak_spread": {
        "mean": 0.351063817739,
        "var": 0
    },
    "bpm_histogram_first_peak_weight": {
        "mean": 0.642105281353,
        "var": 0
    },
    "bpm_histogram_second_peak_bpm": {
        "mean": 123,
        "var": 0
    },
    "bpm_histogram_second_peak_spread": {
        "mean": 0,
        "var": 0
    },
    "bpm_histogram_second_peak_weight": {
        "mean": 0.0105263162404,
        "var": 0
    },
    "danceability": 1.18111860752,
    "onset_rate": 3.85967278481,
    "beats_loudness_band_ratio": {
        "mean": [0.213738977909, 0.205134555697, 0.143650889397, 0.14739112556, 0.184908986092, 0.139040097594],
        "var": [0.0287285298109, 0.0173390842974, 0.0228512492031, 0.0179305821657, 0.0142880054191, 0.00613749027252]
    },
    "beats_position": [0.429569154978, 0.882358253002, 1.34675729275, 1.8111563921, 2.28716540337, 2.76317453384, 3.22757363319, 3.69197273254, 4.1679816246, 4.63238096237, 5.0967798233, 5.56117916107, 6.025578022, 6.47836732864, 6.94276618958, 7.40716552734, 7.8831744194, 8.35918331146, 8.82358264923, 9.287981987, 9.75238037109, 10.22838974, 10.7043991089, 11.1687984467, 11.6448068619, 12.1208162308, 12.5852155685, 13.0496139526, 13.5140132904, 13.966802597, 14.4428119659, 14.90721035, 15.3716096878, 15.8360090256, 16.3120174408, 16.7764167786, 17.2524261475, 17.7168254852, 18.181224823, 18.6456241608, 19.1100215912, 19.574420929, 20.0504302979, 20.5148296356, 20.9908390045, 21.4552383423, 21.942855835, 22.4072551727, 22.8716545105, 23.3360538483, 23.8120632172, 24.2764625549, 24.7524719238, 25.2052612305, 25.6580486298, 26.1224479675, 26.5868473053, 27.0512466431, 27.5156459808, 27.9800453186, 28.4444446564, 28.897233963, 29.3500213623, 29.8144207001, 30.290430069, 30.7548294067, 31.2192287445, 31.6836280823, 32.1480255127, 32.6008148193, 33.0652160645, 33.5296134949, 33.99401474, 34.4584121704, 34.9112014771, 35.3639907837, 35.8283882141, 36.2927894592, 36.7571868896, 37.2215881348, 37.6975975037, 38.1736030579, 38.6496124268, 39.1140136719, 39.5900230408, 40.0544204712, 40.5188217163, 40.9832191467, 41.4476165771, 41.9120178223, 42.3764152527, 42.8408164978, 43.2936058044, 43.7463951111, 44.2107925415, 44.6751937866]
},
"tonal": {
    "chords_changes_rate": 0.0483539104462,
    "chords_number_rate": 0.00823045242578,
    "chords_strength": {
        "mean": 0.4939930439,
        "var": 0.00787965673953
    },
    "hpcp_entropy": {
        "mean": 2.10969400406,
        "var": 0.555132329464
    },
    "key_strength": 0.753493785858,
    "tuning_diatonic_strength": 0.614584922791,
    "tuning_equal_tempered_deviation": 0.0460194312036,
    "tuning_frequency": 443.060424805,
    "tuning_nontempered_energy_ratio": 0.706213533878,
    "hpcp": {
        "mean": [0.207786664367, 0.167085573077, 0.141426101327, 0.146200805902, 0.12982685864, 0.215267896652, 0.32865151763, 0.240853369236, 0.10818130523, 0.0804068446159, 0.111096337438, 0.267474979162, 0.338086903095, 0.193380966783, 0.100519925356, 0.0903523638844, 0.079199321568, 0.128553003073, 0.160441607237, 0.127229467034, 0.164570257068, 0.234716027975, 0.202434003353, 0.171957030892, 0.154136374593, 0.177089378238, 0.400657832623, 0.517418861389, 0.310716032982, 0.111030586064, 0.0639251843095, 0.0701548606157, 0.127267614007, 0.150874868035, 0.109995789826, 0.148873642087],
        "var": [0.0886000990868, 0.0495607629418, 0.0325101166964, 0.0454758927226, 0.038099322468, 0.0533606633544, 0.119361482561, 0.0647177472711, 0.025591628626, 0.0160960927606, 0.0203364305198, 0.0685031488538, 0.0941984206438, 0.0342754945159, 0.0222626421601, 0.0175203122199, 0.0120666772127, 0.0243260543793, 0.0404763668776, 0.0187500156462, 0.0361846312881, 0.0831334069371, 0.0587682574987, 0.0586156249046, 0.0462056733668, 0.0398304127157, 0.106726929545, 0.12506005168, 0.0620934814215, 0.0263082049787, 0.0126735661179, 0.0187074635178, 0.0301129892468, 0.0362855195999, 0.0219673868269, 0.0418129563332]
    },
    "chords_histogram": [29.2181072235, 0, 15.7407407761, 0.823045253754, 0.205761313438, 0, 0, 0, 0, 0, 0, 0, 1.33744859695, 0.102880656719, 0, 0, 0, 0, 0, 36.1111106873, 4.21810722351, 3.39506173134, 6.68724298477, 2.16049385071],
    "thpcp": [1, 0.600511610508, 0.214585497975, 0.123546294868, 0.135586202145, 0.245966315269, 0.291591346264, 0.212585583329, 0.287723660469, 0.401583075523, 0.322921305895, 0.273330003023, 0.282557934523, 0.250912487507, 0.416041851044, 0.6351749897, 0.46549013257, 0.209078788757, 0.155399903655, 0.214712575078, 0.516940891743, 0.653410494328, 0.37374162674, 0.194271862507, 0.17462131381, 0.153066173196, 0.248450547457, 0.310080707073, 0.245892599225, 0.318060040474, 0.453628659248, 0.391238152981, 0.332336217165, 0.297894775867, 0.342255353928, 0.774339437485],
    "chords_key": "F#",
    "chords_scale": "minor",
    "key_key": "B",
    "key_scale": "major"
}
}