{
"lowlevel": {
    "average_loudness": 0.872487962246,
    "barkbands_crest": {
        "mean": 13.0404510498,
        "var": 33.7102012634
    },
    "barkbands_flatness_db": {
        "mean": 0.147024601698,
        "var": 0.00473404768854
    },
    "barkbands_kurtosis": {
        "mean": 7.82790327072,
        "var": 166.156845093
    },
    "barkbands_skewness": {
        "mean": 2.21034121513,
        "var": 1.97848808765
    },
    "barkbands_spread": {
        "mean": 21.4630527496,
        "var": 218.269699097
    },
    "dissonance": {
        "mean": 0.463431566954,
        "var": 0.000716286245733
    },
    "dynamic_complexity": 2.38196659088,
    "erbbands_crest": {
        "mean": 9.37178039551,
        "var": 21.0508956909
    },
    "erbbands_flatness_db": {
        "mean": 0.130729213357,
        "var": 0.00172302359715
    },
    "erbbands_kurtosis": {
        "mean": 0.815807521343,
        "var": 5.90261888504
    },
    "erbbands_skewness": {
        "mean": 0.60773307085,
        "var": 0.518809199333
    },
    "erbbands_spread": {
        "mean": 44.1441001892,
        "var": 384.672546387
    },
    "hfc": {
        "mean": 25.7964267731,
        "var": 701.171813965
    },
    "melbands_crest": {
        "mean": 16.4334259033,
        "var": 33.9912948608
    },
    "melbands_flatness_db": {
        "mean": 0.233604088426,
        "var": 0.00751298991963
    },
    "melbands_kurtosis": {
        "mean": 21.068605423,
        "var": 629.638977051
    },
    "melbands_skewness": {
        "mean": 3.39673948288,
        "var": 3.29777359962
    },
    "melbands_spread": {
        "mean": 16.2178115845,
        "var": 135.904022217
    },
    "pitch_salience": {
        "mean": 0.475990355015,
        "var": 0.0314009077847
    },
    "silence_rate_20dB": {
        "mean": 1,
        "var": 0
    },
    "silence_rate_30dB": {
        "mean": 0.969103991985,
        "var": 0.029940944165
    },
    "silence_rate_60dB": {
        "mean": 0.014933058992,
        "var": 0.0147100090981
    },
    "spectral_centroid": {
        "mean": 1182.12658691,
        "var": 342821.625
    },
    "spectral_complexity": {
        "mean": 19.2615852356,
        "var": 131.380844116
    },
    "spectral_decrease": {
        "mean": -1.0104537651e-008,
        "var": 5.58601221881e-017
    },
    "spectral_energy": {
        "mean": 0.0404766760767,
        "var": 0.000856178812683
    },
    "spectral_energyband_high": {
        "mean": 0.00149921013508,
        "var": 5.07414142703e-006
    },
    "spectral_energyband_low": {
        "mean": 0.0223467461765,
        "var": 0.000580453372095
    },
    "spectral_energyband_middle_high": {
        "mean": 0.00365263526328,
        "var": 1.25539881992e-005
    },
    "spectral_energyband_middle_low": {
        "mean": 0.0138527974486,
        "var": 0.000179905022378
    },
    "spectral_entropy": {
        "mean": 7.65943098068,
        "var": 0.242683619261
    },
    "spectral_flux": {
        "mean": 0.108096465468,
        "var": 0.00290851923637
    },
    "spectral_kurtosis": {
        "mean": 4.65835618973,
        "var": 17.4774036407
    },
    "spectral_rms": {
        "mean": 0.00585177494213,
        "var": 5.24620281794e-006
    },
    "spectral_rolloff": {
        "mean": 1127.29248047,
        "var": 2081619
    },
    "spectral_skewness": {
        "mean": 1.62196302414,
        "var": 0.316800445318
    },
    "spectral_spread": {
        "mean": 5413790,
        "var": 4.73675228774e+012
    },
    "spectral_strongpeak": {
        "mean": 0.716508924961,
        "var": 0.586456477642
    },
    "zerocrossingrate": {
        "mean": 0.0532661527395,
        "var": 0.00138120516203
    },
    "barkbands": {
        "mean": [0.000193759435206, 0.0167678426951, 0.00484811048955, 0.00101388071198, 0.00258431537077, 0.00203237542883, 0.00254891603254, 0.00335002713837, 0.00161654723343, 0.00149313849397, 0.000343025079928, 0.000406038714573, 0.000281656160951, 0.000148002800415, 0.000231757963775, 0.000241953253862, 0.000234381339396, 0.000183321128134, 0.000289356627036, 0.000324666703818, 0.000194430685951, 0.000159128816449, 0.000238998836721, 0.000293687713565, 0.00026580109261, 0.00016933758161, 2.22589060286e-005],
        "var": [1.10053861135e-007, 0.000502779090311, 5.87691174587e-005, 2.91594324153e-006, 1.19210199045e-005, 9.79869673756e-006, 2.36353589571e-005, 2.80059539364e-005, 9.59677981882e-006, 5.0522426136e-006, 2.32214986795e-007, 3.52286406269e-007, 1.87052819456e-007, 5.87975925725e-008, 2.28255686352e-007, 1.22302679983e-007, 9.95569848783e-008, 6.06126562275e-008, 1.37945377787e-007, 1.86197354424e-007, 8.31941093793e-008, 7.28225302282e-008, 1.6620684562e-007, 2.61112859334e-007, 2.03161008017e-007, 8.74381598237e-008, 2.42539455186e-009]
    },
    "erbbands": {
        "mean": [0.347089886665, 4.19601202011, 6.82669687271, 4.26396131516, 4.93943881989, 9.78327655792, 12.3783397675, 18.7886600494, 38.5990409851, 59.7229919434, 49.093170166, 44.0803947449, 41.8064460754, 30.6538639069, 17.241853714, 18.6881732941, 15.6607570648, 8.47619819641, 11.880903244, 12.4463415146, 12.8716230392, 12.9514598846, 10.3409509659, 10.689655304, 17.7186374664, 14.7634000778, 9.61860370636, 6.87409114838, 6.02477407455, 6.29115915298, 6.72292566299, 6.28249549866, 4.82688474655, 3.46759867668, 1.60398042202, 0.758148729801, 0.299354285002, 0.071788482368, 0.00231579458341, 9.96556409518e-005],
        "var": [0.214196845889, 32.5249214172, 75.9387588501, 34.3301887512, 54.9359550476, 208.98878479, 362.392120361, 820.670959473, 5503.85986328, 7922.55908203, 6123.36376953, 6990.72607422, 4346.05615234, 2351.46948242, 557.776184082, 744.0859375, 582.757141113, 175.313720703, 766.209350586, 301.792510986, 311.945617676, 306.091918945, 170.908966064, 210.549865723, 492.670959473, 372.502044678, 206.691574097, 107.443855286, 101.595169067, 112.533081055, 136.511489868, 122.712860107, 68.9443359375, 37.2633552551, 7.18663787842, 1.63369381428, 0.289823234081, 0.0213080868125, 2.35756870097e-005, 1.34191209256e-008]
    },
    "gfcc": {
        "mean": [16.4795379639, 86.731803894, -88.3392181396, 26.9725437164, -55.5017089844, 11.9647245407, -26.2666683197, 23.7033519745, -21.9274349213, 11.9209413528, -15.6294307709, 4.51343297958, -11.1579999924],
        "cov": [[7183.00634766, -1869.89318848, -40.3013420105, -55.2439537048, -894.224365234, 232.119338989, -568.784362793, 189.916366577, -194.671707153, -48.895652771, -116.643424988, -3.91141176224, -231.022842407], [-1869.89318848, 1746.7019043, -90.0083236694, -80.2197723389, 469.98828125, -198.797607422, 390.039581299, -114.056236267, 113.64276123, 27.0947437286, 58.448261261, -23.1732540131, 125.694824219], [-40.3013420105, -90.0083236694, 396.357543945, -43.2405319214, -68.6717147827, 1.0330183506, 15.4122476578, 58.704864502, 36.3017044067, -8.2251701355, -17.3303108215, 6.60853767395, -14.6167144775], [-55.2439537048, -80.2197723389, -43.2405319214, 344.928161621, 51.7155647278, 57.4065742493, 16.7274131775, -2.21980857849, 4.60625648499, 16.2918338776, 23.2352428436, -19.2604503632, 0.695622444153], [-894.224365234, 469.98828125, -68.6717147827, 51.7155647278, 474.355377197, 97.5323638916, 141.107849121, 0.889435112476, 52.0918960571, 11.9334764481, 40.4850769043, 1.32673442364, 23.2886676788], [232.119338989, -198.797607422, 1.0330183506, 57.4065742493, 97.5323638916, 211.866744995, 6.68602705002, 53.508392334, -4.24328565598, -6.09614706039, 20.1519947052, 11.0731105804, -7.87971591949], [-568.784362793, 390.039581299, 15.4122476578, 16.7274131775, 141.107849121, 6.68602705002, 264.215423584, 0.836823821068, 27.0230922699, 20.0447063446, 12.5035858154, 13.9462127686, 67.2839126587], [189.916366577, -114.056236267, 58.704864502, -2.21980857849, 0.889435112476, 53.508392334, 0.836823821068, 118.151176453, 41.1608200073, -16.1684513092, 2.42514586449, 15.4950237274, -4.49712276459], [-194.671707153, 113.64276123, 36.3017044067, 4.60625648499, 52.0918960571, -4.24328565598, 27.0230922699, 41.1608200073, 106.775444031, 47.1675834656, 26.5693206787, -4.58900117874, 7.37140369415], [-48.895652771, 27.0947437286, -8.2251701355, 16.2918338776, 11.9334764481, -6.09614706039, 20.0447063446, -16.1684513092, 47.1675834656, 104.121315002, 47.6340560913, -0.709720611572, 1.78750693798], [-116.643424988, 58.448261261, -17.3303108215, 23.2352428436, 40.4850769043, 20.1519947052, 12.5035858154, 2.42514586449, 26.5693206787, 47.6340560913, 81.0551605225, 32.7519226074, 16.6830539703], [-3.91141176224, -23.1732540131, 6.60853767395, -19.2604503632, 1.32673442364, 11.0731105804, 13.9462127686, 15.4950237274, -4.58900117874, -0.709720611572, 32.7519226074, 71.8143768311, 40.7763175964], [-231.022842407, 125.694824219, -14.6167144775, 0.695622444153, 23.2886676788, -7.87971591949, 67.2839126587, -4.49712276459, 7.37140369415, 1.78750693798, 16.6830539703, 40.7763175964, 85.0898284912]],
        "icov": [[0.000271563942079, -8.15678140498e-005, 0.000170761079062, -9.45480496739e-006, 0.000537137384526, -0.000515770108905, 0.00028792527155, -0.000520429632161, 0.000404669903219, -0.000513802922796, 0.000556503597181, -0.00042501030839, 0.000507555087097], [-8.15678140498e-005, 0.00233578518964, 7.10454114596e-005, 0.000784420815762, -0.0019109378336, 0.00268945284188, -0.00233381614089, 0.0018654653104, -0.00196255231276, 0.00278260535561, -0.00326562323608, 0.00292400852777, -0.0015993854031], [0.000170761079062, 7.10454114596e-005, 0.003166383598, 0.000249097007327, 0.000949582958128, -0.000383372622309, -0.000716834969353, -0.000886781315785, -0.00134389300365, 0.000227438518777, 0.00106119422708, -0.00133525510319, 0.00166858115699], [-9.45480496739e-006, 0.000784420815762, 0.000249097007327, 0.00355767901056, -0.00060356076574, -7.87341923569e-006, -0.000848709256388, 0.000584947643802, -0.000370166322682, 0.000965363578871, -0.0025726405438, 0.00312354904599, -0.00128488754854], [0.000537137384526, -0.0019109378336, 0.000949582958128, -0.00060356076574, 0.00588731886819, -0.00478003360331, 0.000313885626383, -0.000458268885268, -0.00073305942351, -0.000827640120406, 0.00200354726985, -0.00297765526921, 0.00323784630746], [-0.000515770108905, 0.00268945284188, -0.000383372622309, -7.87341923569e-006, -0.00478003360331, 0.0108679886907, -0.00244104885496, -0.00173296860885, 0.000959686294664, 0.00266683264636, -0.00572789879516, 0.00412797695026, -0.00227996706963], [0.00028792527155, -0.00233381614089, -0.000716834969353, -0.000848709256388, 0.000313885626383, -0.00244104885496, 0.00868105981499, -0.00329778762534, 0.00344275217503, -0.0051502501592, 0.00459333928302, -0.00133384042419, -0.0036891142372], [-0.000520429632161, 0.0018654653104, -0.000886781315785, 0.000584947643802, -0.000458268885268, -0.00173296860885, -0.00329778762534, 0.0185785368085, -0.0126417782158, 0.00932301487774, -0.00234659481794, -0.00310461898334, 0.00207594712265], [0.000404669903219, -0.00196255231276, -0.00134389300365, -0.000370166322682, -0.00073305942351, 0.000959686294664, 0.00344275217503, -0.0126417782158, 0.0227728001773, -0.012285224162, 0.0004797745205, 0.00425877002999, -0.00318067660555], [-0.000513802922796, 0.00278260535561, 0.000227438518777, 0.000965363578871, -0.000827640120406, 0.00266683264636, -0.0051502501592, 0.00932301487774, -0.012285224162, 0.0236572511494, -0.0149973137304, 0.00583139294758, 0.000277681974694], [0.000556503597181, -0.00326562323608, 0.00106119422708, -0.0025726405438, 0.00200354726985, -0.00572789879516, 0.00459333928302, -0.00234659481794, 0.0004797745205, -0.0149973137304, 0.0313853695989, -0.0184232741594, 0.0046519478783], [-0.00042501030839, 0.00292400852777, -0.00133525510319, 0.00312354904599, -0.00297765526921, 0.00412797695026, -0.00133384042419, -0.00310461898334, 0.00425877002999, 0.00583139294758, -0.0184232741594, 0.0345928445458, -0.0170970112085], [0.000507555087097, -0.0015993854031, 0.00166858115699, -0.00128488754854, 0.00323784630746, -0.00227996706963, -0.0036891142372, 0.00207594712265, -0.00318067660555, 0.000277681974694, 0.0046519478783, -0.0170970112085, 0.0252703726292]]
    },
    "melbands": {
        "mean": [0.00409735552967, 0.00447870884091, 0.000765978882555, 0.000537403393537, 0.000453500222648, 0.00040467560757, 0.000573698198423, 0.000709665881004, 0.000374692433979, 0.0002547094482, 0.000203287694603, 0.000128040250274, 4.87929792143e-005, 4.681311475e-005, 4.41454831162e-005, 2.61981476797e-005, 1.44016139529e-005, 1.84029431693e-005, 1.4738482605e-005, 1.73606204044e-005, 1.50534178829e-005, 1.45010408232e-005, 9.97065308184e-006, 8.54015252116e-006, 8.28503470984e-006, 1.16081155284e-005, 1.32967006721e-005, 9.27950077312e-006, 6.5189083216e-006, 4.74120906802e-006, 3.59084629054e-006, 3.51607422999e-006, 2.94833580483e-006, 3.72074509869e-006, 3.61273282579e-006, 4.0165646169e-006, 3.85672001357e-006, 3.23571225636e-006, 3.42340035786e-006, 2.76459195447e-006],
        "var": [2.99052899209e-005, 2.55351496889e-005, 9.83296331469e-007, 5.58314468435e-007, 4.36024322426e-007, 3.97161556975e-007, 1.27931195948e-006, 1.21366190342e-006, 3.71612230765e-007, 2.20466091605e-007, 1.06703666347e-007, 4.39153140519e-008, 4.44521219833e-009, 3.39082295575e-009, 4.87976903329e-009, 1.69009395368e-009, 6.94123758471e-010, 1.75156855686e-009, 5.44289835425e-010, 6.14321704617e-010, 4.63646149251e-010, 4.17536671904e-010, 1.77111436628e-010, 1.30735963721e-010, 1.41346059856e-010, 2.26421187355e-010, 2.96523611221e-010, 1.5734055725e-010, 1.06290240498e-010, 4.83688193664e-011, 3.27570366665e-011, 3.49090131802e-011, 2.69084581006e-011, 4.1325019795e-011, 4.19272186414e-011, 5.05347187707e-011, 4.71565390903e-011, 3.33973682043e-011, 3.41293278361e-011, 2.52705668891e-011]
    },
    "mfcc": {
        "mean": [-637.590515137, 126.084739685, 18.0841369629, 25.9365406036, -0.0500144138932, -1.98515868187, 7.73752641678, 6.26953554153, 7.89905166626, 8.42375469208, 1.40936934948, 4.77254581451, 7.03826761246],
        "cov": [[5999.85839844, -1938.46337891, 424.177062988, -573.660766602, -116.755821228, -334.943786621, -226.242614746, -68.205116272, -242.603042603, 11.9738464355, -115.064376831, -38.5624656677, -67.743927002], [-1938.46337891, 1784.74328613, -328.575378418, 243.554000854, -37.300365448, 139.785476685, 113.827430725, 30.7621593475, 145.885681152, -12.1967754364, 77.7107315063, 11.4512786865, 43.2007446289], [424.177062988, -328.575378418, 456.176757813, -65.2554244995, -83.5823745728, -116.33152771, -66.1259841919, -6.52159261703, -7.59558963776, 17.0048217773, -8.86278247833, -3.56359410286, -21.9356956482], [-573.660766602, 243.554000854, -65.2554244995, 318.715484619, -6.54122638702, 93.7151641846, 40.1821136475, -5.89203214645, 40.3702316284, 10.4197034836, 18.2346305847, 8.91866779327, 29.0412464142], [-116.755821228, -37.300365448, -83.5823745728, -6.54122638702, 294.066619873, 64.6003723145, 30.6042232513, 66.0714874268, -3.18470644951, 28.9120502472, 28.7067890167, 35.8602790833, 10.5858058929], [-334.943786621, 139.785476685, -116.33152771, 93.7151641846, 64.6003723145, 192.545471191, 106.811828613, 13.5893106461, 28.6637573242, 20.2020454407, 21.6178302765, 11.261713028, 26.1948814392], [-226.242614746, 113.827430725, -66.1259841919, 40.1821136475, 30.6042232513, 106.811828613, 151.948196411, 67.3687286377, 38.5739593506, 5.53977775574, -3.42220664024, 3.89843797684, 27.1983947754], [-68.205116272, 30.7621593475, -6.52159261703, -5.89203214645, 66.0714874268, 13.5893106461, 67.3687286377, 135.776382446, 54.7200012207, 2.27515077591, -10.1164503098, 7.6073923111, 9.01200389862], [-242.603042603, 145.885681152, -7.59558963776, 40.3702316284, -3.18470644951, 28.6637573242, 38.5739593506, 54.7200012207, 99.2031860352, 30.3745193481, 13.106924057, -3.36846923828, 6.15939378738], [11.9738464355, -12.1967754364, 17.0048217773, 10.4197034836, 28.9120502472, 20.2020454407, 5.53977775574, 2.27515077591, 30.3745193481, 83.2737350464, 42.0650100708, 10.160115242, 5.38542318344], [-115.064376831, 77.7107315063, -8.86278247833, 18.2346305847, 28.7067890167, 21.6178302765, -3.42220664024, -10.1164503098, 13.106924057, 42.0650100708, 71.6848602295, 38.7795410156, 12.4378948212], [-38.5624656677, 11.4512786865, -3.56359410286, 8.91866779327, 35.8602790833, 11.261713028, 3.89843797684, 7.6073923111, -3.36846923828, 10.160115242, 38.7795410156, 72.0679473877, 35.0983772278], [-67.743927002, 43.2007446289, -21.9356956482, 29.0412464142, 10.5858058929, 26.1948814392, 27.1983947754, 9.01200389862, 6.15939378738, 5.38542318344, 12.4378948212, 35.0983772278, 63.4080429077]],
        "icov": [[0.000301706284517, 0.000247506482992, 2.9171242204e-005, 0.000284053443465, 0.00020897880313, 6.49019057164e-005, 0.00013887687237, -0.000206552649615, 0.000407024199376, -0.000371847621864, 0.000173207634361, 2.13314051507e-005, -0.00011195193656], [0.000247506482992, 0.00111052766442, 0.000549436081201, -0.000135771697387, 0.00031495836447, 0.000300624495139, -0.000283380126348, 0.000104735212517, -0.00100169645157, 0.000983890960924, -0.00160233478528, 0.000641324208118, -0.000336979486747], [2.9171242204e-005, 0.000549436081201, 0.00312604103237, -8.38146515889e-005, 0.000908576650545, 0.00138372380752, 9.40316022024e-005, -0.000428301573265, -0.000382264581276, -0.000971680274233, -8.73996832524e-005, -0.000645382853691, 0.000567914219573], [0.000284053443465, -0.000135771697387, -8.38146515889e-005, 0.00443826476112, 0.000480224378407, -0.00211004307494, 0.00104462984018, 0.000250392040471, -0.000747602898628, -0.000210469108424, 0.000469473510748, 4.41060183221e-005, -0.0013839257881], [0.00020897880313, 0.00031495836447, 0.000908576650545, 0.000480224378407, 0.00571658462286, -0.00260235741735, 0.00230989884585, -0.00489799724892, 0.00336985406466, -0.00238363281824, -0.00061178568285, -0.00155915808864, 0.000787241209764], [6.49019057164e-005, 0.000300624495139, 0.00138372380752, -0.00211004307494, -0.00260235741735, 0.0133818723261, -0.00974683463573, 0.00538669945672, -0.00213855900802, -7.0011272328e-005, -0.00204940582626, 0.000508546247147, -3.47600071109e-005], [0.00013887687237, -0.000283380126348, 9.40316022024e-005, 0.00104462984018, 0.00230989884585, -0.00974683463573, 0.0174351353198, -0.00895612314343, 0.0017640737351, -0.00123731512576, 0.00221587554552, 0.00134055584203, -0.0039122607559], [-0.000206552649615, 0.000104735212517, -0.000428301573265, 0.000250392040471, -0.00489799724892, 0.00538669945672, -0.00895612314343, 0.0181762762368, -0.0106567572802, 0.00284211779945, 0.00396775174886, -0.00371907954104, 0.00136993674096], [0.000407024199376, -0.00100169645157, -0.000382264581276, -0.000747602898628, 0.00336985406466, -0.00213855900802, 0.0017640737351, -0.0106567572802, 0.021516924724, -0.00825047120452, -0.000882444554009, 0.0030141279567, -0.00047841243213], [-0.000371847621864, 0.000983890960924, -0.000971680274233, -0.000210469108424, -0.00238363281824, -7.0011272328e-005, -0.00123731512576, 0.00284211779945, -0.00825047120452, 0.0237253457308, -0.0160160716623, 0.0067118704319, -0.00254090293311], [0.000173207634361, -0.00160233478528, -8.73996832524e-005, 0.000469473510748, -0.00061178568285, -0.00204940582626, 0.00221587554552, 0.00396775174886, -0.000882444554009, -0.0160160716623, 0.036736369133, -0.019990991801, 0.00577144464478], [2.13314051507e-005, 0.000641324208118, -0.000645382853691, 4.41060183221e-005, -0.00155915808864, 0.000508546247147, 0.00134055584203, -0.00371907954104, 0.0030141279567, 0.0067118704319, -0.019990991801, 0.0322348363698, -0.0154383499175], [-0.00011195193656, -0.000336979486747, 0.000567914219573, -0.0013839257881, 0.000787241209764, -3.47600071109e-005, -0.0039122607559, 0.00136993674096, -0.00047841243213, -0.00254090293311, 0.00577144464478, -0.0154383499175, 0.0257533174008]]
    },
    "spectral_contrast_coeffs": {
        "mean": [-0.65779876709, -0.722340047359, -0.764823794365, -0.805669903755, -0.80373775959, -0.772362589836],
        "var": [0.00476164184511, 0.00426694005728, 0.00364398513921, 0.00158816692419, 0.000939142657444, 0.00260818027891]
    },
    "spectral_contrast_valleys": {
        "mean": [-6.95271062851, -6.45050144196, -7.12668323517, -7.78658056259, -7.47586584091, -10.0469532013],
        "var": [0.902326345444, 1.02069425583, 0.919166684151, 0.979784429073, 1.0641490221, 2.22818541527]
    }
},
"metadata": {
    "audio_properties": {
        "analysis_sample_rate": 44100,
        "bit_rate": 118325,
        "equal_loudness": 0,
        "length": 45.0612258911,
        "lossless": 0,
        "replay_gain": -10.9363574982,
        "sample_rate": 44100,
        "codec": "mp3",
        "downmix": "mix",
        "md5_encoded": "0125cc8e3b3cf6bc90bc138a6ab748ea"
    },
    "tags": {
        "file_name": "831.mp3"
    },
    "version": {
        "essentia": "2.1-beta2",
        "essentia_git_sha": "v2.1_beta2",
        "extractor": "music 1.0"
    }
},
"rhythm": {
    "beats_count": 118,
    "beats_loudness": {
        "mean": 0.0434002615511,
        "var": 0.00094421725953
    },
    "bpm": 161.498962402,
    "bpm_histogram_first_peak_bpm": {
        "mean": 161,
        "var": 0
    },
    "bpm_histogram_first_peak_spread": {
        "mean": 0.34259262681,
        "var": 0
    },
    "bpm_histogram_first_peak_weight": {
        "mean": 0.606837630272,
        "var": 0
    },
    "bpm_histogram_second_peak_bpm": {
        "mean": 148,
        "var": 0
    },
    "bpm_histogram_second_peak_spread": {
        "mean": 0.5,
        "var": 0
    },
    "bpm_histogram_second_peak_weight": {
        "mean": 0.0341880358756,
        "var": 0
    },
    "danceability": 1.11452186108,
    "onset_rate": 7.67498159409,
    "beats_loudness_band_ratio": {
        "mean": [0.56429541111, 0.100429080427, 0.189170405269, 0.0742861106992, 0.0396883413196, 0.0600585266948],
        "var": [0.056628447026, 0.00660160090774, 0.023908726871, 0.00362575100735, 0.000885824149009, 0.0043955668807]
    },
    "beats_position": [0.371519267559, 0.777868449688, 1.20743763447, 1.60217678547, 1.97369611263, 2.34521532059, 2.71673464775, 3.09986400604, 3.48299312592, 3.85451245308, 4.22603178024, 4.59755086899, 4.98067998886, 5.36380958557, 5.7701587677, 6.18811798096, 6.59446716309, 6.96598625183, 7.33750534058, 7.70902490616, 8.09215450287, 8.47528362274, 8.84680271149, 9.21832180023, 9.6014509201, 9.98458003998, 10.3560991287, 10.7276191711, 11.0991382599, 11.4706573486, 11.8421764374, 12.2253055573, 12.6084346771, 12.9799547195, 13.3514738083, 13.722992897, 14.0945119858, 14.4660310745, 14.8491611481, 15.2322902679, 15.6038093567, 15.9753284454, 16.3468475342, 16.7183666229, 17.0898857117, 17.4730148315, 17.8561439514, 18.2276649475, 18.5991840363, 18.970703125, 19.3422222137, 19.7253513336, 20.1084804535, 20.4799995422, 20.851518631, 21.2230377197, 21.5945568085, 21.9660758972, 22.3492050171, 22.7207260132, 23.1038551331, 23.4753742218, 23.8468933105, 24.2184123993, 24.589931488, 24.9730606079, 25.3561897278, 25.7277088165, 26.0992279053, 26.470746994, 26.8538761139, 27.2370071411, 27.6085262299, 27.9800453186, 28.3515644073, 28.7230834961, 29.0946025848, 29.4661216736, 29.8376407623, 30.2207698822, 30.6038990021, 30.9754180908, 31.3469390869, 31.7184581757, 32.0899772644, 32.4614944458, 32.8446235657, 33.2277526855, 33.5992736816, 33.9707946777, 34.3423118591, 34.7138328552, 35.0969619751, 35.480091095, 35.8516082764, 36.2231292725, 36.5946464539, 36.96616745, 37.3376846313, 37.7092056274, 38.0923347473, 38.4754638672, 38.8469848633, 39.2185020447, 39.5900230408, 39.9615402222, 40.3330612183, 40.7045783997, 41.0877075195, 41.4708366394, 41.8539657593, 42.2487068176, 42.6666641235, 43.0730133057, 43.4561424255, 43.8392753601, 44.22240448, 44.6055335999]
},
"tonal": {
    "chords_changes_rate": 0.0627572014928,
    "chords_number_rate": 0.00514403311536,
    "chords_strength": {
        "mean": 0.468044430017,
        "var": 0.00973045546561
    },
    "hpcp_entropy": {
        "mean": 1.87993633747,
        "var": 0.479769349098
    },
    "key_strength": 0.639653325081,
    "tuning_diatonic_strength": 0.540211141109,
    "tuning_equal_tempered_deviation": 0.0570015832782,
    "tuning_frequency": 440.254241943,
    "tuning_nontempered_energy_ratio": 0.626180291176,
    "hpcp": {
        "mean": [0.360409498215, 0.211400836706, 0.0751773715019, 0.06550142169, 0.0603760518134, 0.0561420060694, 0.0583486221731, 0.0707988217473, 0.189557939768, 0.300283461809, 0.194244399667, 0.0864568203688, 0.0855328515172, 0.0947815701365, 0.184582367539, 0.283453583717, 0.217034175992, 0.10460998863, 0.0622143223882, 0.0444951988757, 0.0939399376512, 0.146354734898, 0.115155667067, 0.123630359769, 0.143471956253, 0.0815986767411, 0.0318440906703, 0.025520157069, 0.0338601619005, 0.101172089577, 0.156327992678, 0.0926034227014, 0.0355358831584, 0.0459671504796, 0.0752719417214, 0.238114893436],
        "var": [0.152907922864, 0.0633005797863, 0.0296221543103, 0.0258256401867, 0.0228451546282, 0.0202000904828, 0.021119998768, 0.0251579582691, 0.054997086525, 0.120295591652, 0.0602473504841, 0.0358761958778, 0.0382664017379, 0.0419979318976, 0.0646859407425, 0.123070046306, 0.0866139009595, 0.0414908267558, 0.028586326167, 0.0182765405625, 0.0275590494275, 0.055939078331, 0.0356856584549, 0.0467011369765, 0.0604241862893, 0.0228577200323, 0.0074724657461, 0.00589399412274, 0.0103541109711, 0.029665030539, 0.0664721056819, 0.0258456859738, 0.0125528769568, 0.0186871178448, 0.0318315066397, 0.0753995329142]
    },
    "chords_histogram": [6.06995868683, 48.148147583, 37.9629631042, 3.39506173134, 0, 0.102880656719, 0, 0, 0, 0, 0, 0, 0, 0, 0, 0, 0, 0, 0, 0, 4.32098770142, 0, 0, 0],
    "thpcp": [1, 0.586557328701, 0.208588764071, 0.181741669774, 0.167520701885, 0.155772820115, 0.161895349622, 0.196439951658, 0.525951564312, 0.833172976971, 0.538954734802, 0.239884972572, 0.237321302295, 0.262982994318, 0.512146234512, 0.786476433277, 0.602187752724, 0.290253132582, 0.172621205449, 0.123457342386, 0.260647773743, 0.406079024076, 0.31951341033, 0.343027472496, 0.398080408573, 0.226405456662, 0.0883553028107, 0.0708087831736, 0.0939491391182, 0.280714273453, 0.433751046658, 0.256939470768, 0.0985986292362, 0.127541452646, 0.208851158619, 0.660678744316],
    "chords_key": "F",
    "chords_scale": "major",
    "key_key": "D",
    "key_scale": "minor"
}
}