{
"lowlevel": {
    "average_loudness": 0.981797993183,
    "barkbands_crest": {
        "mean": 9.12081241608,
        "var": 10.4934549332
    },
    "barkbands_flatness_db": {
        "mean": 0.101164244115,
        "var": 0.00096380780451
    },
    "barkbands_kurtosis": {
        "mean": 1.08833122253,
        "var": 13.6943292618
    },
    "barkbands_skewness": {
        "mean": 1.24437606335,
        "var": 0.833736658096
    },
    "barkbands_spread": {
        "mean": 42.2119483948,
        "var": 257.200164795
    },
    "dissonance": {
        "mean": 0.485871851444,
        "var": 6.50821239105e-005
    },
    "dynamic_complexity": 1.2162258625,
    "erbbands_crest": {
        "mean": 6.46136140823,
        "var": 7.79582834244
    },
    "erbbands_flatness_db": {
        "mean": 0.11659000814,
        "var": 0.000667244952638
    },
    "erbbands_kurtosis": {
        "mean": -0.454936861992,
        "var": 1.22010326385
    },
    "erbbands_skewness": {
        "mean": -0.588634192944,
        "var": 0.272260636091
    },
    "erbbands_spread": {
        "mean": 60.5577659607,
        "var": 306.099731445
    },
    "hfc": {
        "mean": 42.5411949158,
        "var": 2638.1105957
    },
    "melbands_crest": {
        "mean": 12.7738780975,
        "var": 13.5244436264
    },
    "melbands_flatness_db": {
        "mean": 0.158697575331,
        "var": 0.00234490144067
    },
    "melbands_kurtosis": {
        "mean": 14.1563091278,
        "var": 213.764923096
    },
    "melbands_skewness": {
        "mean": 3.30266094208,
        "var": 1.81461417675
    },
    "melbands_spread": {
        "mean": 37.5353317261,
        "var": 847.32208252
    },
    "pitch_salience": {
        "mean": 0.595446407795,
        "var": 0.00926524121314
    },
    "silence_rate_20dB": {
        "mean": 1,
        "var": 0
    },
    "silence_rate_30dB": {
        "mean": 0.99794024229,
        "var": 0.00205552438274
    },
    "silence_rate_60dB": {
        "mean": 0.00205973233096,
        "var": 0.00205553858541
    },
    "spectral_centroid": {
        "mean": 2158.78857422,
        "var": 484282.34375
    },
    "spectral_complexity": {
        "mean": 27.6421222687,
        "var": 43.7714309692
    },
    "spectral_decrease": {
        "mean": -7.4271468975e-009,
        "var": 2.10228018855e-017
    },
    "spectral_energy": {
        "mean": 0.0318904109299,
        "var": 0.000345679145539
    },
    "spectral_energyband_high": {
        "mean": 0.00367751717567,
        "var": 3.57813441951e-005
    },
    "spectral_energyband_low": {
        "mean": 0.0130000123754,
        "var": 0.00019781748415
    },
    "spectral_energyband_middle_high": {
        "mean": 0.00454596476629,
        "var": 5.16050431543e-006
    },
    "spectral_energyband_middle_low": {
        "mean": 0.0126790655777,
        "var": 0.000104756094515
    },
    "spectral_entropy": {
        "mean": 7.85205173492,
        "var": 0.10296343267
    },
    "spectral_flux": {
        "mean": 0.108830042183,
        "var": 0.00249198079109
    },
    "spectral_kurtosis": {
        "mean": 2.17691707611,
        "var": 1.94296610355
    },
    "spectral_rms": {
        "mean": 0.00539231626317,
        "var": 2.0354480057e-006
    },
    "spectral_rolloff": {
        "mean": 3008.14428711,
        "var": 5941101.5
    },
    "spectral_skewness": {
        "mean": 0.978776037693,
        "var": 0.0610954985023
    },
    "spectral_spread": {
        "mean": 5455484,
        "var": 5.09649774182e+012
    },
    "spectral_strongpeak": {
        "mean": 0.43333876133,
        "var": 0.515208661556
    },
    "zerocrossingrate": {
        "mean": 0.0954587310553,
        "var": 0.00198868731968
    },
    "barkbands": {
        "mean": [5.35386789124e-005, 0.0075596710667, 0.0035951831378, 0.00285777496174, 0.00526047684252, 0.00244863587432, 0.000580654595979, 0.000776060216594, 0.000375546427676, 0.000607757945545, 0.00021096902492, 0.000108685882878, 0.000274760590401, 0.000267712341156, 0.000171507548657, 0.000271451746812, 0.000712952401955, 0.000646659987979, 0.000965476734564, 0.000863555644173, 0.000462708791019, 0.000608699279837, 0.000972368463408, 0.000372955866624, 0.000706572842319, 0.000148591920151, 9.49018885876e-006],
        "var": [3.37725247768e-009, 5.66242961213e-005, 3.89451488445e-005, 3.87961190427e-005, 2.00492740987e-005, 4.68365851702e-006, 1.4350383708e-006, 6.28003135716e-007, 2.34776010188e-007, 2.54965698332e-007, 3.82780669383e-008, 2.40637945126e-008, 6.12754860185e-008, 5.59155921565e-008, 4.35091607187e-008, 5.6531352044e-008, 6.24754477485e-007, 3.07751918172e-007, 7.99838232979e-007, 9.62634885582e-007, 2.31032885267e-007, 5.09419805894e-007, 4.39482164438e-006, 7.64218668792e-007, 3.2850525713e-006, 9.89526682815e-008, 6.21643791998e-010]
    },
    "erbbands": {
        "mean": [0.181870669127, 1.82958078384, 3.46705150604, 8.90453529358, 13.2736825943, 16.6022014618, 22.9012680054, 17.5416812897, 8.47344970703, 12.089302063, 16.4107570648, 9.89457798004, 20.1952171326, 10.6813850403, 8.56142616272, 5.82422113419, 12.2641134262, 15.2456064224, 8.8854675293, 12.9778718948, 21.6036338806, 29.6570224762, 38.1829299927, 37.6578445435, 49.6668663025, 48.1638259888, 19.1146507263, 20.598274231, 21.0401287079, 32.6573677063, 23.60064888, 12.3506278992, 4.8821978569, 10.5211896896, 3.24324941635, 0.72317057848, 0.310517430305, 0.0367913395166, 0.00119729223661, 8.1994352513e-005],
        "var": [0.0324000045657, 3.43962025642, 22.7192153931, 374.30480957, 119.80381012, 413.560302734, 429.204772949, 266.706817627, 279.990844727, 256.072601318, 361.832672119, 140.811904907, 404.95614624, 63.7289810181, 61.109172821, 43.6779708862, 124.82572937, 172.442489624, 90.5437393188, 143.104232788, 554.582336426, 858.093383789, 915.365783691, 1562.0793457, 2312.97045898, 3178.88037109, 319.63659668, 463.359222412, 615.16619873, 4546.63232422, 2207.76586914, 737.411254883, 153.295501709, 846.445983887, 55.6989784241, 2.08446788788, 0.54257184267, 0.00590602587909, 8.3293125499e-006, 1.12210818415e-008]
    },
    "gfcc": {
        "mean": [51.0005760193, 63.731048584, -103.159225464, 60.0662498474, -60.710735321, 8.85203456879, -38.2619171143, 12.3645963669, -30.1187648773, 2.4271607399, -19.5330944061, 6.44106531143, -13.260597229],
        "cov": [[3920.40625, -621.916015625, 164.382553101, 77.4716567993, -386.625457764, 181.016433716, -303.983337402, 69.242149353, -112.373832703, 7.98650789261, -93.3707580566, 37.5379371643, -125.332809448], [-621.916015625, 1289.29943848, -521.898620605, 99.5252609253, 316.978973389, -200.173950195, 310.652069092, -46.548789978, 103.803314209, -13.0885925293, 52.615852356, -68.6817626953, 82.8783416748], [164.382553101, -521.898620605, 553.497375488, 7.67828035355, -41.9155426025, 166.952850342, -100.789916992, 60.7254180908, -4.55908632278, 21.6968536377, -32.8715705872, 15.7829360962, -74.5531311035], [77.4716567993, 99.5252609253, 7.67828035355, 190.236923218, 56.7989807129, 17.1539649963, 59.149723053, -10.1922206879, 5.92841768265, 6.32568407059, 12.2167854309, 0.842618107796, 10.2329101563], [-386.625457764, 316.978973389, -41.9155426025, 56.7989807129, 237.184173584, 7.39711141586, 112.71434021, 20.5289382935, 44.8416404724, 1.74974477291, 19.5032691956, -5.01916980743, 17.1975135803], [181.016433716, -200.173950195, 166.952850342, 17.1539649963, 7.39711141586, 145.591445923, -28.7094078064, 35.2744178772, 5.80236339569, -0.584962546825, -13.8398170471, 9.62365913391, -26.0780487061], [-303.983337402, 310.652069092, -100.789916992, 59.149723053, 112.71434021, -28.7094078064, 159.660171509, 0.54443770647, 31.2783336639, 7.42008066177, 9.58237743378, -22.432144165, 16.4719257355], [69.242149353, -46.548789978, 60.7254180908, -10.1922206879, 20.5289382935, 35.2744178772, 0.54443770647, 95.6940383911, 22.8096027374, 7.43327951431, 2.61280369759, -0.0225233621895, -11.9136581421], [-112.373832703, 103.803314209, -4.55908632278, 5.92841768265, 44.8416404724, 5.80236339569, 31.2783336639, 22.8096027374, 70.5228347778, 2.6454770565, 3.73809289932, 5.9334821701, -1.26845765114], [7.98650789261, -13.0885925293, 21.6968536377, 6.32568407059, 1.74974477291, -0.584962546825, 7.42008066177, 7.43327951431, 2.6454770565, 58.3745765686, 14.175567627, 5.02878808975, 3.66287660599], [-93.3707580566, 52.615852356, -32.8715705872, 12.2167854309, 19.5032691956, -13.8398170471, 9.58237743378, 2.61280369759, 3.73809289932, 14.175567627, 60.6170158386, 10.9963598251, 6.44447898865], [37.5379371643, -68.6817626953, 15.7829360962, 0.842618107796, -5.01916980743, 9.62365913391, -22.432144165, -0.0225233621895, 5.9334821701, 5.02878808975, 10.9963598251, 57.4355773926, 8.7300157547], [-125.332809448, 82.8783416748, -74.5531311035, 10.2329101563, 17.1975135803, -26.0780487061, 16.4719257355, -11.9136581421, -1.26845765114, 3.66287660599, 6.44447898865, 8.7300157547, 56.7299613953]],
        "icov": [[0.000497910950799, -0.000427698192652, 0.000314535223879, -0.000671904883347, 0.000850408687256, -0.000824950984679, 0.00106445816346, -0.000758014968596, 0.000851513119414, -0.000559742853511, 0.000920543214306, -0.00068458833266, 0.00121009442955], [-0.000427698192652, 0.0039580850862, 0.00144872593228, 0.00017845450202, -0.00338898738846, 0.00288038048893, -0.00330722332001, 0.00168828864116, -0.00386358215474, 0.00110115809366, -0.00160477205645, 0.00340883131139, -0.00168919097632], [0.000314535223879, 0.00144872593228, 0.00469102803618, -0.0012292395113, -0.00102672970388, -0.00233883270994, 0.00133850169368, -0.000846554408781, -0.000690543616656, -0.00202442449518, 0.00169946160167, 0.000474059343105, 0.0034839338623], [-0.000671904883347, 0.00017845450202, -0.0012292395113, 0.0075225783512, -0.00123395246919, -0.000379865989089, -0.00395662011579, 0.00229566311464, -0.000174661690835, 0.000776752713136, -0.00244270125404, 0.000116671581054, -0.00268163275905], [0.000850408687256, -0.00338898738846, -0.00102672970388, -0.00123395246919, 0.0107092931867, -0.00414699036628, -0.00118858227506, -0.00279015977867, 0.00163856393192, -0.00012410103227, 0.000330171373207, -0.0034942002967, 0.000854346028063], [-0.000824950984679, 0.00288038048893, -0.00233883270994, -0.000379865989089, -0.00414699036628, 0.014281321317, -0.00213144836016, -0.000440442148829, -0.00332920695655, 0.00248829647899, -0.000533899175934, 0.00143671536352, -0.00108276423998], [0.00106445816346, -0.00330722332001, 0.00133850169368, -0.00395662011579, -0.00118858227506, -0.00213144836016, 0.0170634947717, -0.0023261141032, 0.00103094358929, -0.00404887087643, 0.00368316448294, 0.000996751827188, 0.00330622331239], [-0.000758014968596, 0.00168828864116, -0.000846554408781, 0.00229566311464, -0.00279015977867, -0.000440442148829, -0.0023261141032, 0.0147031648085, -0.00597566924989, -0.000113614834845, -0.00302557693794, 0.00307765277103, -0.00151741201989], [0.000851513119414, -0.00386358215474, -0.000690543616656, -0.000174661690835, 0.00163856393192, -0.00332920695655, 0.00103094358929, -0.00597566924989, 0.0224980115891, -0.00154799676966, 0.00296087935567, -0.00731653952971, 0.00446083210409], [-0.000559742853511, 0.00110115809366, -0.00202442449518, 0.000776752713136, -0.00012410103227, 0.00248829647899, -0.00404887087643, -0.000113614834845, -0.00154799676966, 0.0204641148448, -0.00614954298362, 0.000376119744033, -0.00402790121734], [0.000920543214306, -0.00160477205645, 0.00169946160167, -0.00244270125404, 0.000330171373207, -0.000533899175934, 0.00368316448294, -0.00302557693794, 0.00296087935567, -0.00614954298362, 0.0219652689993, -0.00595980929211, 0.00388702633791], [-0.00068458833266, 0.00340883131139, 0.000474059343105, 0.000116671581054, -0.0034942002967, 0.00143671536352, 0.000996751827188, 0.00307765277103, -0.00731653952971, 0.000376119744033, -0.00595980929211, 0.0245914887637, -0.00710911070928], [0.00121009442955, -0.00168919097632, 0.0034839338623, -0.00268163275905, 0.000854346028063, -0.00108276423998, 0.00330622331239, -0.00151741201989, 0.00446083210409, -0.00402790121734, 0.00388702633791, -0.00710911070928, 0.026807686314]]
    },
    "melbands": {
        "mean": [0.00197024527006, 0.00214199139737, 0.00162371224724, 0.00107992661651, 0.000814534723759, 0.000405355269322, 0.000121724508062, 0.000135925147333, 0.000124367332319, 5.83764667681e-005, 9.97920651571e-005, 4.19002863055e-005, 3.05436005874e-005, 1.37026190714e-005, 2.17115066334e-005, 2.65478993242e-005, 2.91908600047e-005, 1.44471523527e-005, 1.17568806672e-005, 2.13435214391e-005, 2.95331446978e-005, 2.96002526738e-005, 3.72896465706e-005, 3.62592909369e-005, 2.73649493465e-005, 4.19535535912e-005, 2.82115997834e-005, 3.23550666508e-005, 1.06920206235e-005, 1.20386312119e-005, 1.205594981e-005, 1.22836854644e-005, 1.19029464258e-005, 2.05403721338e-005, 1.33938001454e-005, 1.07725263661e-005, 6.32901901554e-006, 1.67971722931e-006, 6.96987626725e-006, 9.70317069005e-006],
        "var": [3.81349423151e-006, 5.21896481587e-006, 7.9813244156e-006, 1.039230483e-006, 5.47330785139e-007, 1.40447269814e-007, 6.25661229492e-008, 2.6805107467e-008, 2.12165396363e-008, 5.38632294322e-009, 1.00215542531e-008, 1.11569020689e-009, 7.75547348564e-010, 3.16786263888e-010, 4.96872154532e-010, 5.4079085654e-010, 6.85286383195e-010, 2.35068020604e-010, 2.37560221494e-010, 3.29870353255e-010, 1.58332635891e-009, 1.13029174909e-009, 2.27070739989e-009, 1.06664610477e-009, 1.22067556063e-009, 2.02920014125e-009, 1.04143360602e-009, 1.32546817966e-009, 1.18974635699e-010, 1.61968716217e-010, 2.13224271572e-010, 1.98360106118e-010, 2.91562302079e-010, 2.19671236756e-009, 6.42070174806e-010, 5.08535935584e-010, 2.24047891351e-010, 1.88195639628e-011, 3.37305988696e-010, 7.45239092659e-010]
    },
    "mfcc": {
        "mean": [-591.657165527, 87.7044219971, 12.6636161804, 47.9960403442, 3.43495392799, 5.15086269379, 0.0318517126143, 7.98079776764, -4.12806510925, -1.05173707008, 1.98833119869, -8.3629989624, -0.121827609837],
        "cov": [[1468.10498047, -472.665649414, 368.458435059, -173.202728271, 22.3009147644, -48.8593444824, -72.9499588013, -20.5807418823, -57.8501281738, -34.4361953735, -11.5780620575, -21.5630378723, 0.447291821241], [-472.665649414, 1018.13677979, -538.229370117, 281.741210938, -77.7243881226, 60.0613975525, 58.7783699036, 43.5782203674, 75.170715332, 66.4996643066, 40.5851821899, 3.89853596687, 7.356965065], [368.458435059, -538.229370117, 549.494506836, -163.77684021, 110.77016449, -9.7575006485, -24.3337936401, 1.09107089043, -17.5560760498, -4.91425323486, 5.78704786301, 15.7958431244, 4.33034229279], [-173.202728271, 281.741210938, -163.77684021, 266.284667969, -35.0439224243, 68.7643127441, 50.7359771729, 13.4378652573, 31.0559329987, 14.0523071289, 5.95536136627, 17.0625762939, 21.4358711243], [22.3009147644, -77.7243881226, 110.77016449, -35.0439224243, 156.416931152, 15.7415065765, 20.3241176605, 39.2605819702, 15.3756732941, 8.39237880707, 15.2662591934, 15.721364975, 11.5498819351], [-48.8593444824, 60.0613975525, -9.7575006485, 68.7643127441, 15.7415065765, 123.916488647, 29.8424129486, 20.7247695923, 20.7234230042, -2.12370419502, 7.90733528137, 6.95969057083, 0.944127380848], [-72.9499588013, 58.7783699036, -24.3337936401, 50.7359771729, 20.3241176605, 29.8424129486, 93.5047836304, 12.5984420776, 14.1080436707, 23.240896225, 10.8619709015, 2.57849550247, 9.95888137817], [-20.5807418823, 43.5782203674, 1.09107089043, 13.4378652573, 39.2605819702, 20.7247695923, 12.5984420776, 87.9844436646, 24.6849441528, 15.2949619293, 15.6485996246, 8.18337917328, 7.34666776657], [-57.8501281738, 75.170715332, -17.5560760498, 31.0559329987, 15.3756732941, 20.7234230042, 14.1080436707, 24.6849441528, 80.321472168, 19.2017288208, 8.41368293762, 8.31262683868, -0.684715688229], [-34.4361953735, 66.4996643066, -4.91425323486, 14.0523071289, 8.39237880707, -2.12370419502, 23.240896225, 15.2949619293, 19.2017288208, 64.4269561768, 20.666437149, -1.24502968788, 4.83424472809], [-11.5780620575, 40.5851821899, 5.78704786301, 5.95536136627, 15.2662591934, 7.90733528137, 10.8619709015, 15.6485996246, 8.41368293762, 20.666437149, 52.7140350342, 14.9470262527, 6.7515335083], [-21.5630378723, 3.89853596687, 15.7958431244, 17.0625762939, 15.721364975, 6.95969057083, 2.57849550247, 8.18337917328, 8.31262683868, -1.24502968788, 14.9470262527, 48.4679336548, 13.3908462524], [0.447291821241, 7.356965065, 4.33034229279, 21.4358711243, 11.5498819351, 0.944127380848, 9.95888137817, 7.34666776657, -0.684715688229, 4.83424472809, 6.7515335083, 13.3908462524, 47.1476554871]],
        "icov": [[0.000883018947206, 9.82798737823e-005, -0.000508215744048, 5.50876284251e-005, 0.000217053020606, 8.45716785989e-005, 0.000352014438249, -0.000108361040475, 0.000229433411732, 0.000215834297705, -0.000190488790395, 0.000545188435353, -0.000260781060206], [9.82798737823e-005, 0.00289127207361, 0.00238883378915, -0.00137755833566, -0.000243269154453, -0.000249965203693, 0.000525899406057, -0.000356083910447, -0.000874438148458, -0.00183547288179, -0.00142017693724, 0.000120070093544, 0.000308584858431], [-0.000508215744048, 0.00238883378915, 0.00500862579793, 0.000351203954779, -0.00191266415641, -0.000952291011345, 0.000625202723313, 0.000346918794094, -0.000527774100192, -0.00212764414027, -0.000809462275356, -0.00121973222122, -1.32991908686e-005], [5.50876284251e-005, -0.00137755833566, 0.000351203954779, 0.00715630035847, 0.00148155074567, -0.00281345518306, -0.00213261204772, 0.000180524293683, -0.000609407667071, 0.000189573998796, 0.00156950217206, -0.00214875000529, -0.00259848218411], [0.000217053020606, -0.000243269154453, -0.00191266415641, 0.00148155074567, 0.00944831501693, -0.000609262089711, -0.00219568866305, -0.00334674911574, -0.00083405082114, 0.000722281285562, -0.000502316746861, -0.00137321138754, -0.00140333070885], [8.45716785989e-005, -0.000249965203693, -0.000952291011345, -0.00281345518306, -0.000609262089711, 0.0109042003751, -0.0022745418828, -0.00153135124128, -0.00131873274222, 0.00316835567355, -0.00132840627339, 0.0006098098238, 0.00172779080458], [0.000352014438249, 0.000525899406057, 0.000625202723313, -0.00213261204772, -0.00219568866305, -0.0022745418828, 0.0144375832751, 0.000496752618346, 6.32059454801e-005, -0.00461341626942, -0.000690157292411, 0.00135399133433, -0.00152859091759], [-0.000108361040475, -0.000356083910447, 0.000346918794094, 0.000180524293683, -0.00334674911574, -0.00153135124128, 0.000496752618346, 0.0147462403402, -0.00277709402144, -0.00147024448961, -0.00190067838412, -4.69363221782e-005, -0.00121361867059], [0.000229433411732, -0.000874438148458, -0.000527774100192, -0.000609407667071, -0.00083405082114, -0.00131873274222, 6.32059454801e-005, -0.00277709402144, 0.0158648043871, -0.0035493853502, 0.00134642992634, -0.00234452798031, 0.00217734277248], [0.000215834297705, -0.00183547288179, -0.00212764414027, 0.000189573998796, 0.000722281285562, 0.00316835567355, -0.00461341626942, -0.00147024448961, -0.0035493853502, 0.0228723585606, -0.00711438572034, 0.00441754749045, -0.00127585581504], [-0.000190488790395, -0.00142017693724, -0.000809462275356, 0.00156950217206, -0.000502316746861, -0.00132840627339, -0.000690157292411, -0.00190067838412, 0.00134642992634, -0.00711438572034, 0.0258353315294, -0.00777220260352, -0.000567353854422], [0.000545188435353, 0.000120070093544, -0.00121973222122, -0.00214875000529, -0.00137321138754, 0.0006098098238, 0.00135399133433, -4.69363221782e-005, -0.00234452798031, 0.00441754749045, -0.00777220260352, 0.0268525853753, -0.00589011562988], [-0.000260781060206, 0.000308584858431, -1.32991908686e-005, -0.00259848218411, -0.00140333070885, 0.00172779080458, -0.00152859091759, -0.00121361867059, 0.00217734277248, -0.00127585581504, -0.000567353854422, -0.00589011562988, 0.025084676221]]
    },
    "spectral_contrast_coeffs": {
        "mean": [-0.64683508873, -0.731288015842, -0.76023966074, -0.788580298424, -0.72809022665, -0.693419754505],
        "var": [0.00590852275491, 0.00330052990466, 0.00256043323316, 0.0013667101739, 0.00209840922616, 0.00357657065615]
    },
    "spectral_contrast_valleys": {
        "mean": [-6.63059091568, -6.59455490112, -7.50037240982, -7.60339307785, -7.08388471603, -9.7502374649],
        "var": [1.06927704811, 1.01456058025, 0.91599881649, 0.842508375645, 0.881887435913, 1.78914010525]
    }
},
"metadata": {
    "audio_properties": {
        "analysis_sample_rate": 44100,
        "bit_rate": 112166,
        "equal_loudness": 0,
        "length": 45.0612258911,
        "lossless": 0,
        "replay_gain": -8.57367515564,
        "sample_rate": 44100,
        "codec": "mp3",
        "downmix": "mix",
        "md5_encoded": "dd4effeabd3dbc47ec5b779cfdded2c7"
    },
    "tags": {
        "file_name": "833.mp3"
    },
    "version": {
        "essentia": "2.1-beta2",
        "essentia_git_sha": "v2.1_beta2",
        "extractor": "music 1.0"
    }
},
"rhythm": {
    "beats_count": 90,
    "beats_loudness": {
        "mean": 0.0208472069353,
        "var": 2.04463613045e-005
    },
    "bpm": 119.971977234,
    "bpm_histogram_first_peak_bpm": {
        "mean": 120,
        "var": 0
    },
    "bpm_histogram_first_peak_spread": {
        "mean": 0.101123571396,
        "var": 0
    },
    "bpm_histogram_first_peak_weight": {
        "mean": 0.898876428604,
        "var": 0
    },
    "bpm_histogram_second_peak_bpm": {
        "mean": 0,
        "var": 0
    },
    "bpm_histogram_second_peak_spread": {
        "mean": 0,
        "var": 0
    },
    "bpm_histogram_second_peak_weight": {
        "mean": 0,
        "var": 0
    },
    "danceability": 1.60865223408,
    "onset_rate": 4.03712892532,
    "beats_loudness_band_ratio": {
        "mean": [0.466299474239, 0.169567704201, 0.0550908222795, 0.0325395688415, 0.0661820098758, 0.267293781042],
        "var": [0.0136357173324, 0.00470961583778, 0.000793647544924, 0.000248873606324, 0.00134203734342, 0.00641508260742]
    },
    "beats_position": [0.510838985443, 1.02167797089, 1.52090704441, 2.02013611794, 2.51936507225, 3.01859402657, 3.51782298088, 4.01705217361, 4.51628112793, 5.01551008224, 5.52634906769, 6.025578022, 6.52480697632, 7.02403593063, 7.52326536179, 8.0224943161, 8.52172279358, 9.02095222473, 9.52018165588, 10.0194101334, 10.5186395645, 11.017868042, 11.5170974731, 12.0163259506, 12.5155553818, 13.0147848129, 13.5140132904, 14.0248527527, 14.5240812302, 15.0233106613, 15.5225391388, 16.0217685699, 16.5209980011, 17.0202255249, 17.5194549561, 18.0186843872, 18.5179138184, 19.0171432495, 19.5163707733, 20.0156002045, 20.5032196045, 21.0140590668, 21.5132884979, 22.0125160217, 22.523355484, 23.0225849152, 23.5218143463, 24.0210418701, 24.5202713013, 25.0195007324, 25.5187301636, 26.0179595947, 26.5171871185, 27.0164165497, 27.5156459808, 28.014875412, 28.5141029358, 29.0133323669, 29.5125617981, 30.0117912292, 30.5110206604, 31.0102481842, 31.5094776154, 32.0203170776, 32.5195465088, 33.0187759399, 33.5180053711, 34.0172348022, 34.5164604187, 35.0156898499, 35.514919281, 36.0141487122, 36.5133781433, 37.0126075745, 37.5118370056, 38.0110664368, 38.5102958679, 39.0095214844, 39.520362854, 40.0195922852, 40.5188217163, 41.0180473328, 41.5172767639, 42.0165061951, 42.5157356262, 43.0149650574, 43.5141944885, 44.0134239197, 44.5126533508, 45.0234909058]
},
"tonal": {
    "chords_changes_rate": 0.0452674888074,
    "chords_number_rate": 0.00823045242578,
    "chords_strength": {
        "mean": 0.516888380051,
        "var": 0.00629028165713
    },
    "hpcp_entropy": {
        "mean": 2.58861064911,
        "var": 0.438604027033
    },
    "key_strength": 0.792114973068,
    "tuning_diatonic_strength": 0.678947269917,
    "tuning_equal_tempered_deviation": 0.135396823287,
    "tuning_frequency": 436.960693359,
    "tuning_nontempered_energy_ratio": 0.825212419033,
    "hpcp": {
        "mean": [0.0977223068476, 0.0914907827973, 0.0599453411996, 0.0487987585366, 0.0456766672432, 0.0696313232183, 0.135822564363, 0.224846243858, 0.457398056984, 0.588532686234, 0.358704119921, 0.17140455544, 0.14637118578, 0.105231292546, 0.11646360904, 0.245891183615, 0.2152300179, 0.07015016675, 0.0407772772014, 0.0385694205761, 0.0794481113553, 0.193112626672, 0.204657167196, 0.161568343639, 0.166542306542, 0.112379468977, 0.0686165764928, 0.080490142107, 0.0737022906542, 0.121611878276, 0.314338743687, 0.295582354069, 0.0987908393145, 0.0414154492319, 0.0465295389295, 0.0660297572613],
        "var": [0.0166787579656, 0.0140075245872, 0.0120859099552, 0.0110925994813, 0.0107120294124, 0.0129730198532, 0.0332900434732, 0.0603264868259, 0.118197970092, 0.152095735073, 0.0619241259992, 0.0643971785903, 0.0760477259755, 0.0558913163841, 0.0264658853412, 0.0531312040985, 0.0416891053319, 0.0127084618434, 0.0106831900775, 0.0108863860369, 0.0181964766234, 0.0514200329781, 0.0620982162654, 0.0617186576128, 0.091350235045, 0.034201849252, 0.00938912387937, 0.0100363614038, 0.0147605864331, 0.0299216732383, 0.0910520628095, 0.0792351961136, 0.0171523094177, 0.00347556360066, 0.00565592758358, 0.0126083213836]
    },
    "chords_histogram": [47.7366256714, 17.5925922394, 19.6502056122, 1.02880656719, 0, 0, 0, 0, 0, 0, 0, 0, 0, 0, 0, 0, 0, 5.76131677628, 0, 0, 0, 3.08641982079, 1.02880656719, 4.11522626877],
    "thpcp": [1, 0.609488844872, 0.291240513325, 0.248705282807, 0.178802803159, 0.197888091207, 0.417803794146, 0.365706145763, 0.119195021689, 0.069286338985, 0.0655348822474, 0.13499353826, 0.328125566244, 0.347741365433, 0.274527400732, 0.282978862524, 0.190948560834, 0.116589233279, 0.136764094234, 0.125230580568, 0.206635728478, 0.534105837345, 0.502236068249, 0.167859569192, 0.0703706890345, 0.0790602490306, 0.112193867564, 0.16604398191, 0.155455738306, 0.101855583489, 0.082915969193, 0.0776110962033, 0.11831343174, 0.230781689286, 0.382045477629, 0.777183771133],
    "chords_key": "C",
    "chords_scale": "major",
    "key_key": "C",
    "key_scale": "major"
}
}