{
"lowlevel": {
    "average_loudness": 0.858881175518,
    "barkbands_crest": {
        "mean": 9.67877101898,
        "var": 14.9654769897
    },
    "barkbands_flatness_db": {
        "mean": 0.18397718668,
        "var": 0.0107344910502
    },
    "barkbands_kurtosis": {
        "mean": 4.02270126343,
        "var": 39.8968582153
    },
    "barkbands_skewness": {
        "mean": 1.40275788307,
        "var": 0.912343680859
    },
    "barkbands_spread": {
        "mean": 19.408159256,
        "var": 314.397338867
    },
    "dissonance": {
        "mean": 0.439689934254,
        "var": 0.00253069610335
    },
    "dynamic_complexity": 4.29156541824,
    "erbbands_crest": {
        "mean": 10.9586801529,
        "var": 36.7081794739
    },
    "erbbands_flatness_db": {
        "mean": 0.190910160542,
        "var": 0.00646839523688
    },
    "erbbands_kurtosis": {
        "mean": 1.69801807404,
        "var": 13.6060781479
    },
    "erbbands_skewness": {
        "mean": 0.646320462227,
        "var": 0.75897538662
    },
    "erbbands_spread": {
        "mean": 31.7094173431,
        "var": 484.306365967
    },
    "hfc": {
        "mean": 24.1829299927,
        "var": 1755.19091797
    },
    "melbands_crest": {
        "mean": 13.0640974045,
        "var": 22.4594783783
    },
    "melbands_flatness_db": {
        "mean": 0.264119982719,
        "var": 0.0154953887686
    },
    "melbands_kurtosis": {
        "mean": 9.19092845917,
        "var": 131.543579102
    },
    "melbands_skewness": {
        "mean": 2.10347247124,
        "var": 1.36973679066
    },
    "melbands_spread": {
        "mean": 19.0389728546,
        "var": 290.147125244
    },
    "pitch_salience": {
        "mean": 0.5567497015,
        "var": 0.0148030351847
    },
    "silence_rate_20dB": {
        "mean": 1,
        "var": 0
    },
    "silence_rate_30dB": {
        "mean": 1,
        "var": 0
    },
    "silence_rate_60dB": {
        "mean": 0.118888318539,
        "var": 0.10475204885
    },
    "spectral_centroid": {
        "mean": 976.010803223,
        "var": 518492.1875
    },
    "spectral_complexity": {
        "mean": 16.3468856812,
        "var": 135.209243774
    },
    "spectral_decrease": {
        "mean": -5.21756549077e-009,
        "var": 1.54796726949e-017
    },
    "spectral_energy": {
        "mean": 0.0218857694417,
        "var": 0.000289188319584
    },
    "spectral_energyband_high": {
        "mean": 0.00134366855491,
        "var": 1.25612068587e-005
    },
    "spectral_energyband_low": {
        "mean": 0.00587102165446,
        "var": 3.83618971682e-005
    },
    "spectral_energyband_middle_high": {
        "mean": 0.00431892229244,
        "var": 3.89599699702e-005
    },
    "spectral_energyband_middle_low": {
        "mean": 0.0115423137322,
        "var": 9.92696368485e-005
    },
    "spectral_entropy": {
        "mean": 6.94177722931,
        "var": 0.83511453867
    },
    "spectral_flux": {
        "mean": 0.0623178891838,
        "var": 0.00228500179946
    },
    "spectral_kurtosis": {
        "mean": 18.5471286774,
        "var": 937.413513184
    },
    "spectral_rms": {
        "mean": 0.00421569542959,
        "var": 3.57985891242e-006
    },
    "spectral_rolloff": {
        "mean": 1553.05786133,
        "var": 5507409
    },
    "spectral_skewness": {
        "mean": 2.7908885479,
        "var": 3.46447920799
    },
    "spectral_spread": {
        "mean": 4177725.25,
        "var": 8.27139188326e+012
    },
    "spectral_strongpeak": {
        "mean": 0.897028207779,
        "var": 1.1701939106
    },
    "zerocrossingrate": {
        "mean": 0.0587578490376,
        "var": 0.00298505090177
    },
    "barkbands": {
        "mean": [3.6772878957e-005, 0.00244320067577, 0.00226486194879, 0.00212759152055, 0.00309117953293, 0.00178553455044, 0.00179422879592, 0.00116455741227, 0.00145385344513, 0.0006264258991, 0.000311466457788, 0.00070640159538, 0.000390838511521, 0.000654990551993, 0.000373194081476, 0.000362878403394, 0.000337449455401, 0.000287250091787, 0.0002275329025, 0.000213363702642, 0.000152955850353, 0.000154642213602, 0.000142368939123, 0.000160812822287, 0.000268324074568, 0.000337616540492, 1.55055913638e-005],
        "var": [2.61992494366e-009, 7.98565270088e-006, 1.31378974402e-005, 6.55239227854e-006, 1.61144871527e-005, 9.02069496078e-006, 8.94640561455e-006, 6.99259089743e-006, 8.49240313983e-006, 1.79781488896e-006, 2.87322620807e-007, 2.87325315185e-006, 1.24328767015e-006, 2.00510430659e-006, 7.36599531592e-007, 5.47291222119e-007, 4.61810600427e-007, 3.7262586261e-007, 2.97099404634e-007, 2.49016352427e-007, 1.05611626111e-007, 1.30133116727e-007, 1.50143122823e-007, 2.65604853666e-007, 7.29584826331e-007, 1.9777316993e-006, 3.59414253914e-009]
    },
    "erbbands": {
        "mean": [0.0341918766499, 0.678333342075, 2.5348110199, 5.28505325317, 7.08961343765, 12.7448949814, 13.124537468, 14.9520616531, 20.2100868225, 29.0971050262, 33.1372642517, 30.6528759003, 19.408121109, 17.1275024414, 15.4184894562, 25.6392116547, 21.4831199646, 25.834028244, 27.5988998413, 20.6920795441, 20.8493366241, 20.637096405, 14.8091154099, 14.4581747055, 10.8548440933, 9.39029788971, 7.53572654724, 5.68497991562, 5.57565879822, 4.57961559296, 4.01944541931, 3.79857587814, 2.49154257774, 2.5601234436, 2.16438436508, 1.94912004471, 0.492401570082, 0.0632674992085, 0.0017975292867, 8.12910802779e-005],
        "var": [0.00119615707081, 0.647081077099, 13.5808534622, 38.8822898865, 68.2822647095, 398.570922852, 314.563262939, 829.41229248, 1118.640625, 2762.37841797, 5319.84667969, 4203.55957031, 1035.65063477, 1241.54150391, 790.280090332, 3480.47729492, 3149.0144043, 2768.33227539, 3348.33862305, 2296.88061523, 1627.7265625, 1779.44750977, 936.545288086, 1197.98718262, 559.696777344, 463.550445557, 314.415222168, 125.762626648, 154.864761353, 147.91368103, 134.722671509, 208.209701538, 51.9452095032, 64.4086151123, 56.4407463074, 77.0167236328, 3.65292143822, 0.0481172166765, 4.4173655624e-005, 4.23354933332e-008]
    },
    "gfcc": {
        "mean": [-52.939956665, 124.238197327, -96.2304611206, 16.0971889496, -57.6385726929, 9.27942657471, -39.7399749756, 7.21008062363, -19.8010940552, 0.664034068584, -17.0145225525, -5.45593214035, -13.2221975327],
        "cov": [[17333.8789063, -6425.35498047, -900.586547852, 905.751831055, -404.971496582, 1004.73736572, -901.361694336, 374.738555908, -1029.99731445, 1125.4152832, -834.608581543, 930.463623047, -460.409576416], [-6425.35498047, 4270.984375, 28.5531234741, -738.489440918, 431.367706299, -415.151123047, 479.689239502, -357.6300354, 458.373168945, -714.600341797, 455.136627197, -537.127990723, 332.233093262], [-900.586547852, 28.5531234741, 1181.28027344, -276.826965332, -58.7801742554, 116.110389709, -85.3166656494, -117.546073914, -85.7379150391, 26.4834804535, -122.503417969, 50.7459564209, 5.63271713257], [905.751831055, -738.489440918, -276.826965332, 554.745300293, -116.3540802, 22.8183174133, -2.00238895416, 146.409194946, 34.5863685608, 132.761520386, -11.0007390976, 40.4938201904, -45.1641387939], [-404.971496582, 431.367706299, -58.7801742554, -116.3540802, 414.152618408, -64.5656967163, 24.6823329926, -41.9557876587, 44.6141090393, 7.24075078964, -3.54997181892, -9.00158977509, 24.1010894775], [1004.73736572, -415.151123047, 116.110389709, 22.8183174133, -64.5656967163, 239.304336548, -48.0749588013, 1.64424812794, -81.5613021851, 65.4123535156, -67.2316513062, 61.744556427, -15.3805580139], [-901.361694336, 479.689239502, -85.3166656494, -2.00238895416, 24.6823329926, -48.0749588013, 205.768188477, 8.31655311584, 83.3268127441, -65.3174362183, 78.8478775024, -90.1535720825, 23.9226989746], [374.738555908, -357.6300354, -117.546073914, 146.409194946, -41.9557876587, 1.64424812794, 8.31655311584, 187.248504639, 36.3937683105, 49.4597740173, -9.64998149872, 40.2891654968, -39.8515090942], [-1029.99731445, 458.373168945, -85.7379150391, 34.5863685608, 44.6141090393, -81.5613021851, 83.3268127441, 36.3937683105, 202.371627808, -55.1123008728, 73.3163070679, -69.9344863892, 40.033493042], [1125.4152832, -714.600341797, 26.4834804535, 132.761520386, 7.24075078964, 65.4123535156, -65.3174362183, 49.4597740173, -55.1123008728, 259.545013428, -104.526374817, 115.795387268, -59.5578460693], [-834.608581543, 455.136627197, -122.503417969, -11.0007390976, -3.54997181892, -67.2316513062, 78.8478775024, -9.64998149872, 73.3163070679, -104.526374817, 159.778564453, -73.0352783203, 44.1969146729], [930.463623047, -537.127990723, 50.7459564209, 40.4938201904, -9.00158977509, 61.744556427, -90.1535720825, 40.2891654968, -69.9344863892, 115.795387268, -73.0352783203, 156.3412323, -29.8182868958], [-460.409576416, 332.233093262, 5.63271713257, -45.1641387939, 24.1010894775, -15.3805580139, 23.9226989746, -39.8515090942, 40.033493042, -59.5578460693, 44.1969146729, -29.8182868958, 86.2799682617]],
        "icov": [[0.000228831224376, 0.000129090549308, 0.000319660437526, 1.42028957271e-005, -5.63943831366e-006, -0.000493571918923, 0.000273108686088, -3.19131504511e-005, 0.000482671137433, -0.000174515080289, 0.000323113752529, -0.000176495261258, -3.7228983274e-005], [0.000129090549308, 0.00185378245078, -6.23978667136e-006, 0.00109877006616, -0.000949681794737, 0.000390913395677, -0.00137474096846, 0.00139726395719, -0.00150203460362, 0.00165768002626, -0.000724092242308, 0.00136981462128, -0.00182677467819], [0.000319660437526, -6.23978667136e-006, 0.00163336587138, 0.000522422837093, 0.000471834238851, -0.00107279128861, 0.0006019648863, 0.000278177321889, 0.000569858239032, -0.000563733337913, 0.00137666647788, -0.000550143595319, -1.36916660267e-005], [1.42028957271e-005, 0.00109877006616, 0.000522422837093, 0.00374536775053, 0.000292099663056, 0.000153076587594, -0.000741579278838, -0.000529694836587, -0.00163982878439, -0.00067776144715, -0.00070437049726, 0.00143160158768, -0.00117348309141], [-5.63943831366e-006, -0.000949681794737, 0.000471834238851, 0.000292099663056, 0.00354531570338, 0.000332971190801, 0.000448203762062, -0.000139448689879, 7.63578500482e-005, -0.00171822647098, 0.00127468537539, -0.00111848884262, 0.000368225679267], [-0.000493571918923, 0.000390913395677, -0.00107279128861, 0.000153076587594, 0.000332971190801, 0.00691352784634, -0.00153666222468, 0.000501044676639, -0.000144479447044, 0.000614281045273, 0.000205797230592, 0.000101329649624, -0.00177133490797], [0.000273108686088, -0.00137474096846, 0.0006019648863, -0.000741579278838, 0.000448203762062, -0.00153666222468, 0.00919342786074, -0.00227012624964, 0.000946538464632, -0.00232705264352, -0.000944392522797, 0.00216142181307, 0.00151203060523], [-3.19131504511e-005, 0.00139726395719, 0.000278177321889, -0.000529694836587, -0.000139448689879, 0.000501044676639, -0.00227012624964, 0.00997120141983, -0.00428171502426, 0.00212965765968, -0.000374667462893, -0.00226008705795, 0.00238477927633], [0.000482671137433, -0.00150203460362, 0.000569858239032, -0.00163982878439, 7.63578500482e-005, -0.000144479447044, 0.000946538464632, -0.00428171502426, 0.0114399511367, -0.00255606370047, 0.000225274707191, 0.000695373921189, -0.00177091825753], [-0.000174515080289, 0.00165768002626, -0.000563733337913, -0.00067776144715, -0.00171822647098, 0.000614281045273, -0.00232705264352, 0.00212965765968, -0.00255606370047, 0.0100367134437, 0.00159022782464, -0.00279906997457, 0.000918236037251], [0.000323113752529, -0.000724092242308, 0.00137666647788, -0.00070437049726, 0.00127468537539, 0.000205797230592, -0.000944392522797, -0.000374667462893, 0.000225274707191, 0.00159022782464, 0.0127662457526, -0.000613345182501, -0.00193503557239], [-0.000176495261258, 0.00136981462128, -0.000550143595319, 0.00143160158768, -0.00111848884262, 0.000101329649624, 0.00216142181307, -0.00226008705795, 0.000695373921189, -0.00279906997457, -0.000613345182501, 0.0151231428608, -0.00345795508474], [-3.7228983274e-005, -0.00182677467819, -1.36916660267e-005, -0.00117348309141, 0.000368225679267, -0.00177133490797, 0.00151203060523, 0.00238477927633, -0.00177091825753, 0.000918236037251, -0.00193503557239, -0.00345795508474, 0.0193277206272]]
    },
    "melbands": {
        "mean": [0.000499043380842, 0.0012238281779, 0.000977582065389, 0.000687701802235, 0.000507748161908, 0.000346998247551, 0.000315135228448, 0.000299748993712, 0.000292698241537, 0.000176300876774, 9.67163869063e-005, 7.40991526982e-005, 4.42423515779e-005, 6.46616244921e-005, 7.37896189094e-005, 3.77007127099e-005, 5.10969730385e-005, 5.06764517922e-005, 2.68423609668e-005, 2.64017126028e-005, 2.28881235671e-005, 2.35729057749e-005, 1.21013345051e-005, 1.39589528771e-005, 1.14209351523e-005, 8.86003635969e-006, 7.02508896211e-006, 6.07196216151e-006, 5.20504499946e-006, 3.42222756444e-006, 3.24877396451e-006, 3.31390310748e-006, 2.73089631264e-006, 2.41896304942e-006, 2.18264403884e-006, 2.78219999927e-006, 2.04155708161e-006, 1.57683086854e-006, 2.04641560231e-006, 2.13645034819e-006],
        "var": [2.9617208952e-007, 2.46361014433e-006, 1.16846581477e-006, 8.29298471672e-007, 4.20234329113e-007, 3.84362294881e-007, 2.57897937672e-007, 2.75185101373e-007, 4.28821323339e-007, 1.3715549585e-007, 2.94456334871e-008, 2.6467835923e-008, 5.75255754143e-009, 3.30410721006e-008, 4.2603250705e-008, 9.70148761326e-009, 1.24452137484e-008, 1.38481821566e-008, 3.73120334629e-009, 3.51898377104e-009, 2.15268425308e-009, 2.42827113972e-009, 6.29883756265e-010, 9.81788983445e-010, 8.7846568908e-010, 4.35154329237e-010, 2.79384515522e-010, 2.14575551771e-010, 1.61568258772e-010, 6.75112188375e-011, 3.95726923452e-011, 5.36141270269e-011, 5.36414732077e-011, 4.17504329719e-011, 3.62648383545e-011, 1.27577781672e-010, 5.17040958659e-011, 2.05751908566e-011, 5.03726747814e-011, 4.41390222983e-011]
    },
    "mfcc": {
        "mean": [-703.14666748, 156.603240967, 20.527135849, 11.7591342926, 4.12056922913, 1.74837470055, -4.91067552567, 0.136184543371, -0.421282529831, 0.615489006042, 1.86479175091, -0.15192759037, -3.0936255455],
        "cov": [[15635.5634766, -5161.05371094, -1832.45568848, 235.14175415, 126.237434387, 469.680999756, 59.1227760315, -311.943084717, -65.6596450806, 31.248588562, -195.501647949, -137.711853027, 196.329574585], [-5161.05371094, 3232.28979492, 410.943786621, -397.766967773, 57.3448410034, -31.7410545349, 58.68983078, 120.193084717, 19.326631546, -51.4623947144, -2.24924755096, -13.7693481445, -171.13420105], [-1832.45568848, 410.943786621, 943.729980469, -140.5962677, -46.2625732422, 27.068069458, -12.9294185638, -12.891825676, -31.379907608, -29.6795043945, -51.2595024109, -24.7322425842, -78.3388214111], [235.14175415, -397.766967773, -140.5962677, 361.829498291, -17.1755180359, -34.5972938538, -14.0514259338, 2.44416022301, 47.3127059937, 58.5061950684, 55.9478149414, 58.1585769653, 48.5713882446], [126.237434387, 57.3448410034, -46.2625732422, -17.1755180359, 240.350418091, 49.2261924744, -29.2443904877, -23.6014575958, 28.2624721527, 23.7444000244, -36.3929595947, -24.1825675964, 41.2045669556], [469.680999756, -31.7410545349, 27.068069458, -34.5972938538, 49.2261924744, 201.215164185, 9.52101135254, -47.0985145569, 1.75859963894, 31.2034549713, -38.9539833069, -30.1696147919, -21.7071056366], [59.1227760315, 58.68983078, -12.9294185638, -14.0514259338, -29.2443904877, 9.52101135254, 127.461174011, 24.2918319702, -13.8736333847, -8.84206485748, 17.4414482117, 2.5023162365, -21.9652061462], [-311.943084717, 120.193084717, -12.891825676, 2.44416022301, -23.6014575958, -47.0985145569, 24.2918319702, 118.201942444, 25.7246551514, -13.4662017822, 38.0815353394, 30.7923965454, -10.8779296875], [-65.6596450806, 19.326631546, -31.379907608, 47.3127059937, 28.2624721527, 1.75859963894, -13.8736333847, 25.7246551514, 108.353820801, 40.9188117981, 22.6612739563, 34.8715553284, 21.3019886017], [31.248588562, -51.4623947144, -29.6795043945, 58.5061950684, 23.7444000244, 31.2034549713, -8.84206485748, -13.4662017822, 40.9188117981, 98.0280151367, 21.9665374756, 0.216137260199, 33.0795707703], [-195.501647949, -2.24924755096, -51.2595024109, 55.9478149414, -36.3929595947, -38.9539833069, 17.4414482117, 38.0815353394, 22.6612739563, 21.9665374756, 103.745079041, 49.7892799377, 5.92381238937], [-137.711853027, -13.7693481445, -24.7322425842, 58.1585769653, -24.1825675964, -30.1696147919, 2.5023162365, 30.7923965454, 34.8715553284, 0.216137260199, 49.7892799377, 93.4967193604, 18.5378475189], [196.329574585, -171.13420105, -78.3388214111, 48.5713882446, 41.2045669556, -21.7071056366, -21.9652061462, -10.8779296875, 21.3019886017, 33.0795707703, 5.92381238937, 18.5378475189, 124.798576355]],
        "icov": [[0.00026376612368, 0.000414226262365, 0.000419753458118, 0.00030953384703, -3.57271892426e-005, -0.000433979643276, -0.000262811983703, 0.000133421839564, -0.00014045817079, 0.000141305979923, 0.000350668356987, 1.43162487802e-005, 0.000165522826137], [0.000414226262365, 0.00107294355985, 0.00054285582155, 0.000934185169172, -0.000307313428493, -0.00045736998436, -0.000523076800164, -7.47785888962e-005, -0.00035195655073, -3.47278364643e-005, 0.000519985740539, -0.000159704970429, 0.000788490986452], [0.000419753458118, 0.00054285582155, 0.00190727494191, 0.000777291599661, 0.000260815839283, -0.000727358041331, -0.00014312544954, 0.000324060558341, -6.99202282703e-005, -3.10106079269e-005, 0.00117251742631, -0.000303580454784, 0.000778804009315], [0.00030953384703, 0.000934185169172, 0.000777291599661, 0.00457508862019, 4.53204302175e-005, 0.000296757003525, -0.000174026456079, 0.000471347564599, -0.000582808104809, -0.00207260902971, -2.01496877708e-005, -0.00195384491235, 0.000488536083139], [-3.57271892426e-005, -0.000307313428493, 0.000260815839283, 4.53204302175e-005, 0.00548736844212, -0.00115017220378, 0.000799702189397, 0.0001775672863, -0.00156055635307, 0.000137364288094, 0.00112778856419, 0.00130721204914, -0.0020924587734], [-0.000433979643276, -0.00045736998436, -0.000727358041331, 0.000296757003525, -0.00115017220378, 0.00782204139978, -0.00090668577468, 0.0017476832727, -5.73932302359e-005, -0.00365938292816, 0.00170733884443, -0.000728534418158, 0.00222345395014], [-0.000262811983703, -0.000523076800164, -0.00014312544954, -0.000174026456079, 0.000799702189397, -0.00090668577468, 0.00933576282114, -0.00205391971394, 0.00164206209593, 0.000105298517155, -0.00188461388461, 0.000246616167715, 0.000461050542071], [0.000133421839564, -7.47785888962e-005, 0.000324060558341, 0.000471347564599, 0.0001775672863, 0.0017476832727, -0.00205391971394, 0.0122691644356, -0.00352150714025, 0.00241132848896, -0.00267199031077, -0.00084051041631, 0.000874437915627], [-0.00014045817079, -0.00035195655073, -6.99202282703e-005, -0.000582808104809, -0.00156055635307, -5.73932302359e-005, 0.00164206209593, -0.00352150714025, 0.0146639030427, -0.0062065590173, 0.00110303098336, -0.00532049266621, 0.000288694893243], [0.000141305979923, -3.47278364643e-005, -3.10106079269e-005, -0.00207260902971, 0.000137364288094, -0.00365938292816, 0.000105298517155, 0.00241132848896, -0.0062065590173, 0.018179981038, -0.005894462578, 0.00580166140571, -0.00427732057869], [0.000350668356987, 0.000519985740539, 0.00117251742631, -2.01496877708e-005, 0.00112778856419, 0.00170733884443, -0.00188461388461, -0.00267199031077, 0.00110303098336, -0.005894462578, 0.0177534017712, -0.0075431750156, 0.00191715918481], [1.43162487802e-005, -0.000159704970429, -0.000303580454784, -0.00195384491235, 0.00130721204914, -0.000728534418158, 0.000246616167715, -0.00084051041631, -0.00532049266621, 0.00580166140571, -0.0075431750156, 0.0188498608768, -0.00333142629825], [0.000165522826137, 0.000788490986452, 0.000778804009315, 0.000488536083139, -0.0020924587734, 0.00222345395014, 0.000461050542071, 0.000874437915627, 0.000288694893243, -0.00427732057869, 0.00191715918481, -0.00333142629825, 0.0118558080867]]
    },
    "spectral_contrast_coeffs": {
        "mean": [-0.634108662605, -0.722558438778, -0.777092814445, -0.773939549923, -0.767983794212, -0.757807433605],
        "var": [0.00611325353384, 0.00360401789658, 0.00285391532816, 0.00307186110877, 0.00389016163535, 0.0030658247415]
    },
    "spectral_contrast_valleys": {
        "mean": [-7.32983493805, -6.64866447449, -7.60631084442, -8.3706703186, -8.98510169983, -11.5235109329],
        "var": [1.3829523325, 1.17168807983, 1.57539820671, 2.61551332474, 3.71062636375, 4.60011148453]
    }
},
"metadata": {
    "audio_properties": {
        "analysis_sample_rate": 44100,
        "bit_rate": 109338,
        "equal_loudness": 0,
        "length": 45.0873451233,
        "lossless": 0,
        "replay_gain": -12.2683353424,
        "sample_rate": 44100,
        "codec": "mp3",
        "downmix": "mix",
        "md5_encoded": "c839976ce37f1398919d1d875363d5fd"
    },
    "tags": {
        "file_name": "836.mp3"
    },
    "version": {
        "essentia": "2.1-beta2",
        "essentia_git_sha": "v2.1_beta2",
        "extractor": "music 1.0"
    }
},
"rhythm": {
    "beats_count": 120,
    "beats_loudness": {
        "mean": 0.0300508141518,
        "var": 0.000405342696467
    },
    "bpm": 162.025817871,
    "bpm_histogram_first_peak_bpm": {
        "mean": 161,
        "var": 0
    },
    "bpm_histogram_first_peak_spread": {
        "mean": 0.26605501771,
        "var": 0
    },
    "bpm_histogram_first_peak_weight": {
        "mean": 0.672268927097,
        "var": 0
    },
    "bpm_histogram_second_peak_bpm": {
        "mean": 167,
        "var": 0
    },
    "bpm_histogram_second_peak_spread": {
        "mean": 0,
        "var": 0
    },
    "bpm_histogram_second_peak_weight": {
        "mean": 0.0756302550435,
        "var": 0
    },
    "danceability": 0.944733083248,
    "onset_rate": 3.1925675869,
    "beats_loudness_band_ratio": {
        "mean": [0.355302006006, 0.219426631927, 0.248502627015, 0.0721854194999, 0.0536092333496, 0.0942856371403],
        "var": [0.0428826846182, 0.0252225007862, 0.0385463014245, 0.00525555247441, 0.00403795717284, 0.0142184346914]
    },
    "beats_position": [0.394739210606, 0.789478421211, 1.17260766029, 1.54412698746, 1.91564619541, 2.29877543449, 2.67029476166, 3.05342388153, 3.43655323982, 3.80807256699, 4.17959165573, 4.55111122131, 4.92263031006, 5.30575942993, 5.6888885498, 6.06040811539, 6.44353723526, 6.82666635513, 7.19818592072, 7.56970500946, 7.94122457504, 8.32435321808, 8.70748329163, 9.07900238037, 9.45052146912, 9.82204055786, 10.1935596466, 10.5766887665, 10.95981884, 11.3197278976, 11.6912469864, 12.051156044, 12.4226751328, 12.7941951752, 13.1657142639, 13.5256233215, 13.8971424103, 14.268661499, 14.6401815414, 15.0233106613, 15.3948297501, 15.7663488388, 16.1378688812, 16.50938797, 16.8809070587, 17.2524261475, 17.6355552673, 18.0186843872, 18.390203476, 18.7617225647, 19.1216316223, 19.4931507111, 19.8762817383, 20.247800827, 20.6077098846, 20.9908390045, 21.3507480621, 21.7222671509, 22.0937862396, 22.4653053284, 22.825214386, 23.1967334747, 23.5682544708, 23.9397735596, 24.3229026794, 24.7060317993, 25.0891609192, 25.4606800079, 25.8321990967, 26.2037181854, 26.5868473053, 26.958366394, 27.3298854828, 27.7014045715, 28.0729255676, 28.4444446564, 28.8159637451, 29.1874828339, 29.5706119537, 29.9537410736, 30.3252601624, 30.6967792511, 31.079908371, 31.4514274597, 31.8229465485, 32.2060775757, 32.5775947571, 32.9491157532, 33.3206329346, 33.6921539307, 34.0752830505, 34.4468002319, 34.818321228, 35.1898422241, 35.572971344, 35.9444885254, 36.3160095215, 36.6875267029, 37.059047699, 37.4305648804, 37.8020858765, 38.1736030579, 38.5335159302, 38.8934249878, 39.2649421692, 39.6364631653, 40.0079803467, 40.3795013428, 40.7510185242, 41.134147644, 41.5172767639, 41.88879776, 42.2603149414, 42.6318359375, 43.0033569336, 43.374874115, 43.7463951111, 44.1179122925, 44.4894332886, 44.86095047]
},
"tonal": {
    "chords_changes_rate": 0.0576131679118,
    "chords_number_rate": 0.00925925932825,
    "chords_strength": {
        "mean": 0.475450515747,
        "var": 0.00835576094687
    },
    "hpcp_entropy": {
        "mean": 1.6777305603,
        "var": 0.736145913601
    },
    "key_strength": 0.839544355869,
    "tuning_diatonic_strength": 0.576369583607,
    "tuning_equal_tempered_deviation": 0.0330419018865,
    "tuning_frequency": 440.508636475,
    "tuning_nontempered_energy_ratio": 0.662193655968,
    "hpcp": {
        "mean": [0.0675000920892, 0.0531382448971, 0.0811877995729, 0.108502134681, 0.0900540351868, 0.211430475116, 0.343522429466, 0.204652771354, 0.0687613338232, 0.0567976757884, 0.0476583205163, 0.0856375619769, 0.134359300137, 0.108235612512, 0.0707763284445, 0.0635219812393, 0.0761287137866, 0.194833859801, 0.27917894721, 0.193522810936, 0.252537965775, 0.376379311085, 0.256170272827, 0.125192523003, 0.0829974338412, 0.0531282760203, 0.0812956988811, 0.118207007647, 0.0935581550002, 0.0844749733806, 0.0894315317273, 0.0735780447721, 0.15180259943, 0.210839703679, 0.149509519339, 0.0943576097488],
        "var": [0.0269662905484, 0.017557900399, 0.0235038865358, 0.0368880406022, 0.0236485674977, 0.052139673382, 0.14946013689, 0.0526076927781, 0.0207843463868, 0.0149595048279, 0.0121947200969, 0.0285905618221, 0.068434856832, 0.0418888144195, 0.022288993001, 0.0207811295986, 0.0278856810182, 0.0687666162848, 0.120065189898, 0.0515776015818, 0.0717090219259, 0.160479635, 0.0833315551281, 0.0442823208869, 0.0222355034202, 0.0152536276728, 0.0237436555326, 0.046583276242, 0.0234878174961, 0.0257768090814, 0.0291299372911, 0.017152428627, 0.055247168988, 0.0892091542482, 0.0576732307673, 0.0404349453747]
    },
    "chords_histogram": [32.2016448975, 26.5432090759, 12.3456792831, 3.90946507454, 3.70370364189, 0, 0, 0, 0.205761313438, 0, 5.76131677628, 0, 0, 0, 0, 0.925925910473, 0.102880656719, 2.36625504494, 0, 0, 0, 0, 2.05761313438, 9.87654304504],
    "thpcp": [1, 0.680617332458, 0.332623273134, 0.220515400171, 0.141156211495, 0.215994074941, 0.314063519239, 0.248574122787, 0.224441066384, 0.237610116601, 0.19548907876, 0.403323441744, 0.560178756714, 0.39723098278, 0.250698179007, 0.179340600967, 0.141182690859, 0.2157073915, 0.288278698921, 0.239264041185, 0.561748385429, 0.912702739239, 0.543740749359, 0.182691588998, 0.150905415416, 0.126623108983, 0.227529942989, 0.356978446245, 0.287570565939, 0.188045218587, 0.16877117753, 0.202265933156, 0.517652928829, 0.741748929024, 0.514169633389, 0.670966625214],
    "chords_key": "E",
    "chords_scale": "major",
    "key_key": "E",
    "key_scale": "major"
}
}