{
"lowlevel": {
    "average_loudness": 0.790147304535,
    "barkbands_crest": {
        "mean": 10.426243782,
        "var": 21.7286128998
    },
    "barkbands_flatness_db": {
        "mean": 0.271350651979,
        "var": 0.00235633854754
    },
    "barkbands_kurtosis": {
        "mean": 7.02384281158,
        "var": 208.731643677
    },
    "barkbands_skewness": {
        "mean": 1.51334869862,
        "var": 2.86634135246
    },
    "barkbands_spread": {
        "mean": 7.25464439392,
        "var": 16.1683158875
    },
    "dissonance": {
        "mean": 0.445485115051,
        "var": 0.00180891773198
    },
    "dynamic_complexity": 5.42216539383,
    "erbbands_crest": {
        "mean": 11.315738678,
        "var": 26.3070259094
    },
    "erbbands_flatness_db": {
        "mean": 0.30531257391,
        "var": 0.00170689914376
    },
    "erbbands_kurtosis": {
        "mean": 1.12821269035,
        "var": 14.8298978806
    },
    "erbbands_skewness": {
        "mean": 0.360402792692,
        "var": 0.881753265858
    },
    "erbbands_spread": {
        "mean": 17.4601364136,
        "var": 89.779006958
    },
    "hfc": {
        "mean": 8.97283840179,
        "var": 101.929290771
    },
    "melbands_crest": {
        "mean": 13.7140922546,
        "var": 40.6227760315
    },
    "melbands_flatness_db": {
        "mean": 0.348314911127,
        "var": 0.0041819778271
    },
    "melbands_kurtosis": {
        "mean": 13.0491075516,
        "var": 750.997070313
    },
    "melbands_skewness": {
        "mean": 2.06946182251,
        "var": 4.48854255676
    },
    "melbands_spread": {
        "mean": 11.4795503616,
        "var": 75.6570281982
    },
    "pitch_salience": {
        "mean": 0.584710896015,
        "var": 0.026844708249
    },
    "silence_rate_20dB": {
        "mean": 1,
        "var": 0
    },
    "silence_rate_30dB": {
        "mean": 0.996912002563,
        "var": 0.00307847326621
    },
    "silence_rate_60dB": {
        "mean": 0.291302114725,
        "var": 0.206449568272
    },
    "spectral_centroid": {
        "mean": 611.20135498,
        "var": 204675.109375
    },
    "spectral_complexity": {
        "mean": 11.5615024567,
        "var": 42.0660133362
    },
    "spectral_decrease": {
        "mean": -5.78458614342e-009,
        "var": 4.40355091572e-017
    },
    "spectral_energy": {
        "mean": 0.0226462073624,
        "var": 0.000664486491587
    },
    "spectral_energyband_high": {
        "mean": 8.66347545525e-006,
        "var": 2.94024804504e-010
    },
    "spectral_energyband_low": {
        "mean": 0.00286076939665,
        "var": 8.84527835296e-005
    },
    "spectral_energyband_middle_high": {
        "mean": 0.0028762544971,
        "var": 2.43775102717e-005
    },
    "spectral_energyband_middle_low": {
        "mean": 0.0180880203843,
        "var": 0.000440366624389
    },
    "spectral_entropy": {
        "mean": 6.62309026718,
        "var": 0.153195276856
    },
    "spectral_flux": {
        "mean": 0.0795304700732,
        "var": 0.00327697442845
    },
    "spectral_kurtosis": {
        "mean": 28.6474132538,
        "var": 782.405517578
    },
    "spectral_rms": {
        "mean": 0.0038800011389,
        "var": 7.03944806446e-006
    },
    "spectral_rolloff": {
        "mean": 829.167297363,
        "var": 678516.625
    },
    "spectral_skewness": {
        "mean": 3.28903317451,
        "var": 2.24627804756
    },
    "spectral_spread": {
        "mean": 1592202,
        "var": 1.76335591834e+012
    },
    "spectral_strongpeak": {
        "mean": 0.750101327896,
        "var": 0.451600313187
    },
    "zerocrossingrate": {
        "mean": 0.0283404160291,
        "var": 0.000510655634571
    },
    "barkbands": {
        "mean": [4.93615625601e-005, 0.00104835210368, 0.000826039060485, 0.00470238365233, 0.00606363173574, 0.00241509778425, 0.00249590305611, 0.000842157693114, 0.00109964574222, 0.00122570234817, 0.000537092622835, 0.000335600838298, 0.000490846752655, 0.000261393724941, 0.000107108819066, 5.9162688558e-005, 4.35887995991e-005, 1.8780310711e-005, 1.2390943084e-005, 6.60944351694e-006, 3.70402972294e-006, 1.11644055778e-006, 3.48345366774e-007, 1.37398856737e-007, 7.23135684666e-008, 9.10721098535e-009, 7.73336672477e-010],
        "var": [1.01824717547e-007, 3.81293793907e-005, 1.02623398561e-005, 7.05175189069e-005, 0.000109586697363, 2.16138123506e-005, 5.19347267982e-005, 2.40783970185e-006, 2.98910481433e-006, 5.20597041032e-006, 1.6975429844e-006, 3.27432900349e-007, 1.9140409222e-006, 2.61893006837e-007, 3.71721036174e-008, 1.38057760779e-008, 7.38395522504e-009, 1.22578791562e-009, 5.50071765915e-010, 3.05222042085e-010, 5.95766977418e-011, 8.20817372404e-012, 5.37344582892e-013, 8.52649995422e-014, 3.49551489913e-014, 6.4718505247e-016, 2.40036253914e-018]
    },
    "erbbands": {
        "mean": [0.0215552356094, 0.267925351858, 1.07873213291, 6.90475654602, 30.9552326202, 10.0588359833, 9.70856285095, 24.329284668, 44.5600013733, 18.0776309967, 19.5639781952, 23.4988365173, 41.3867034912, 24.3897819519, 22.3384437561, 14.4445562363, 21.8971939087, 15.7660236359, 8.77595615387, 4.52166748047, 2.94062423706, 2.38420796394, 1.13598322868, 0.779501199722, 0.531911373138, 0.316919118166, 0.208183586597, 0.106584519148, 0.0441047921777, 0.0217414498329, 0.0085135390982, 0.00353747303598, 0.00202070665546, 0.00119306438137, 0.000353509967681, 9.33372502914e-005, 1.44408559208e-005, 2.00430963559e-006, 1.08048216134e-005, 2.53094785876e-005],
        "var": [0.0525625012815, 1.63654994965, 15.7393922806, 139.934402466, 2605.66943359, 261.376708984, 230.072402954, 2804.81738281, 17145.34375, 980.146057129, 1002.90710449, 1168.58435059, 5031.31933594, 1318.15734863, 3231.46704102, 744.853881836, 4019.30151367, 1243.62939453, 242.626861572, 66.5555038452, 22.0753688812, 21.0108165741, 4.41331100464, 1.51055836678, 1.60532534122, 0.675475001335, 0.185629338026, 0.047025308013, 0.0120889702812, 0.00295381667092, 0.000300895044347, 5.65705449844e-005, 2.09233894566e-005, 7.95426785771e-006, 9.61616137829e-007, 6.29850234191e-008, 6.72889355346e-010, 8.7383459843e-012, 1.4488682476e-010, 8.15273570876e-010]
    },
    "gfcc": {
        "mean": [-164.691986084, 211.716079712, -157.517959595, -9.00184059143, -40.3260421753, -22.5245895386, -18.0524635315, -26.0509395599, -16.4362468719, -20.4523773193, -10.9853410721, -17.5594158173, -3.55582809448],
        "cov": [[11112.7294922, -444.497528076, 305.082641602, 612.511047363, -1128.01867676, 429.736297607, -427.307800293, -9.91343402863, 71.125038147, 1.70931124687, 184.457565308, -340.100830078, 261.800079346], [-444.497528076, 734.852294922, 220.505020142, -274.623687744, 224.14012146, -127.704483032, 132.270706177, 12.8232431412, -4.93331956863, -36.195400238, -45.0267601013, -23.2688941956, -21.1622219086], [305.082641602, 220.505020142, 974.969177246, 135.787628174, 4.63204479218, 187.633331299, -53.5734825134, 180.563842773, 20.0249977112, -45.4243011475, 4.50892543793, -94.6538467407, 66.8763809204], [612.511047363, -274.623687744, 135.787628174, 695.788391113, 132.071212769, 110.446708679, 35.4686584473, -55.0600852966, 59.5137367249, -68.5966644287, -24.8100566864, -75.0390319824, -38.2908592224], [-1128.01867676, 224.14012146, 4.63204479218, 132.071212769, 493.695709229, -56.3516082764, 143.636444092, -43.990020752, 1.71297633648, -29.0200119019, -74.4453811646, -24.2821788788, -94.2421798706], [429.736297607, -127.704483032, 187.633331299, 110.446708679, -56.3516082764, 204.445785522, -31.4243164063, 55.3517417908, -7.13029956818, -21.0009841919, 8.60648155212, -18.4167575836, 39.2864837646], [-427.307800293, 132.270706177, -53.5734825134, 35.4686584473, 143.636444092, -31.4243164063, 158.13218689, -19.5109958649, 22.2684383392, -3.51747989655, -15.1146430969, 24.8852481842, -34.1937561035], [-9.91343402863, 12.8232431412, 180.563842773, -55.0600852966, -43.990020752, 55.3517417908, -19.5109958649, 140.438201904, 22.0237388611, 41.4207038879, 27.9730567932, 12.7523756027, 27.6395988464], [71.125038147, -4.93331956863, 20.0249977112, 59.5137367249, 1.71297633648, -7.13029956818, 22.2684383392, 22.0237388611, 66.9921951294, 32.7895736694, 23.732831955, 3.71218800545, -11.122877121], [1.70931124687, -36.195400238, -45.4243011475, -68.5966644287, -29.0200119019, -21.0009841919, -3.51747989655, 41.4207038879, 32.7895736694, 98.6426239014, 43.2644119263, 32.7986755371, -2.00066995621], [184.457565308, -45.0267601013, 4.50892543793, -24.8100566864, -74.4453811646, 8.60648155212, -15.1146430969, 27.9730567932, 23.732831955, 43.2644119263, 89.0815429688, 31.7573699951, 15.3301143646], [-340.100830078, -23.2688941956, -94.6538467407, -75.0390319824, -24.2821788788, -18.4167575836, 24.8852481842, 12.7523756027, 3.71218800545, 32.7986755371, 31.7573699951, 80.430267334, 11.9458465576], [261.800079346, -21.1622219086, 66.8763809204, -38.2908592224, -94.2421798706, 39.2864837646, -34.1937561035, 27.6395988464, -11.122877121, -2.00066995621, 15.3301143646, 11.9458465576, 58.3179206848]],
        "icov": [[0.000244509341428, -0.000484432879603, 0.000323378859321, -0.000512356637046, 0.000639604404569, -0.000446493009804, 0.00017767897225, 0.000130564978463, 0.000178662216058, -0.000693250272889, -0.000407678395277, 0.00136058218777, -0.000765234755818], [-0.000484432879603, 0.00557547993958, -0.00233915983699, 0.00388636859134, -0.00288493512198, 0.00341280549765, -0.00393331097439, 0.000438016460976, -0.00229230802506, 0.00386918103322, 0.000290217838483, -2.89348063234e-005, -0.000417701085098], [0.000323378859321, -0.00233915983699, 0.00320862024091, -0.00185124704149, 0.000784523668699, -0.00201449589804, 0.00156971334945, -0.00284099136479, 0.000348700850736, -0.000434179382864, -0.00119672599249, 0.00350790191442, -0.00265616900288], [-0.000512356637046, 0.00388636859134, -0.00185124704149, 0.00544559396803, -0.00294506549835, 0.000601656793151, -0.00227204756811, 0.00188683310989, -0.00528540182859, 0.00454472657293, 0.000272628152743, -0.000378759490559, 0.00117153755855], [0.000639604404569, -0.00288493512198, 0.000784523668699, -0.00294506549835, 0.00655649416149, -0.00144687935244, -0.00114076805767, -0.000127153398353, 0.00341547024436, -0.00340280635282, 0.00106377061456, 0.00228307070211, 0.0039972984232], [-0.000446493009804, 0.00341280549765, -0.00201449589804, 0.000601656793151, -0.00144687935244, 0.0104545196518, -0.0026577715762, -0.00305990502238, 0.00184074847493, 0.00329239829443, -0.000253601727309, -0.000336115044774, -0.002941532759], [0.00017767897225, -0.00393331097439, 0.00156971334945, -0.00227204756811, -0.00114076805767, -0.0026577715762, 0.014024367556, 0.000464254786493, -0.00366893573664, 3.9153968828e-005, 0.00138561811764, -0.00682985410094, 0.00276941526681], [0.000130564978463, 0.000438016460976, -0.00284099136479, 0.00188683310989, -0.000127153398353, -0.00305990502238, 0.000464254786493, 0.015336654149, -0.00437503540888, -0.00524869561195, 0.000794843886979, -0.00190734444186, -0.00190383312292], [0.000178662216058, -0.00229230802506, 0.000348700850736, -0.00528540182859, 0.00341547024436, 0.00184074847493, -0.00366893573664, -0.00437503540888, 0.0287644546479, -0.00971763487905, -0.00418280018494, 0.0024799911771, 0.0044419746846], [-0.000693250272889, 0.00386918103322, -0.000434179382864, 0.00454472657293, -0.00340280635282, 0.00329239829443, 3.9153968828e-005, -0.00524869561195, -0.00971763487905, 0.0235093720257, -0.00437328452244, -0.0055465279147, 0.00403057318181], [-0.000407678395277, 0.000290217838483, -0.00119672599249, 0.000272628152743, 0.00106377061456, -0.000253601727309, 0.00138561811764, 0.000794843886979, -0.00418280018494, -0.00437328452244, 0.0194295179099, -0.00901907868683, 0.00160463165957], [0.00136058218777, -2.89348063234e-005, 0.00350790191442, -0.000378759490559, 0.00228307070211, -0.000336115044774, -0.00682985410094, -0.00190734444186, 0.0024799911771, -0.0055465279147, -0.00901907868683, 0.0327124111354, -0.0136217400432], [-0.000765234755818, -0.000417701085098, -0.00265616900288, 0.00117153755855, 0.0039972984232, -0.002941532759, 0.00276941526681, -0.00190383312292, 0.0044419746846, 0.00403057318181, 0.00160463165957, -0.0136217400432, 0.0385676138103]]
    },
    "melbands": {
        "mean": [0.000237553715124, 0.000469977443572, 0.00218549463898, 0.00154433911666, 0.000309951865347, 0.000571635027882, 0.000610893766861, 0.000179397451575, 0.000159971736139, 0.000152953492943, 0.00021097411809, 0.00010372846009, 7.72892526584e-005, 4.15776885347e-005, 4.53453139926e-005, 4.41562624474e-005, 2.75784277619e-005, 1.5552579498e-005, 6.93318224876e-006, 4.83401345264e-006, 3.13142709274e-006, 2.74879448625e-006, 1.33131572966e-006, 8.7190164777e-007, 5.94916173213e-007, 4.82989833017e-007, 2.60519243511e-007, 1.94452326241e-007, 1.44685927239e-007, 9.49878256051e-008, 4.72334811263e-008, 2.61305928007e-008, 1.72296701351e-008, 9.68852109651e-009, 5.16209919255e-009, 2.81993206563e-009, 1.8811054936e-009, 1.50357071238e-009, 9.7175001379e-010, 1.07659137161e-009],
        "var": [3.25854284711e-006, 3.53197174263e-006, 1.2250186046e-005, 6.68992424835e-006, 2.30347964703e-007, 1.44029456806e-006, 2.98414420286e-006, 1.08223652262e-007, 7.15912022997e-008, 5.52956436195e-008, 1.37384887466e-007, 2.72080882269e-008, 3.83728782083e-008, 6.62492949388e-009, 1.20383356617e-008, 1.55600705654e-008, 3.44382855566e-009, 7.57504947657e-010, 1.62363456013e-010, 1.00767040545e-010, 2.57332922332e-011, 3.27907458131e-011, 5.6488507448e-012, 2.8037229656e-012, 8.14712392602e-013, 9.6940532858e-013, 7.55806766999e-013, 2.15378848653e-013, 7.95010758614e-014, 4.51707695228e-014, 1.07242045241e-014, 4.54891971598e-015, 2.23549528362e-015, 5.22999434491e-016, 1.17747691124e-016, 4.45382099765e-017, 1.81014696228e-017, 1.26659640745e-017, 6.44093531105e-018, 7.9656847788e-018]
    },
    "mfcc": {
        "mean": [-778.335266113, 217.082077026, -29.16497612, 0.541139543056, -5.54275369644, -3.13028097153, -2.64532756805, -7.57208490372, -6.35532236099, -7.86501502991, -7.25318431854, -9.16499423981, -10.3655948639],
        "cov": [[6304.51171875, 1317.56237793, -933.533203125, 842.086975098, -640.889160156, 136.233139038, -167.641082764, -255.826644897, 1.29383444786, -12.9934301376, 72.9377593994, -21.7470779419, -51.4990119934], [1317.56237793, 944.880065918, 134.653121948, 55.258354187, -129.121353149, -18.1184387207, 7.88963603973, -5.78442192078, 45.6160316467, 20.6984195709, 22.5998706818, -34.1015815735, -66.6996765137], [-933.533203125, 134.653121948, 756.952758789, -54.9217720032, 110.515892029, -3.01469421387, 9.22543239594, 135.151794434, 63.6068153381, 60.8370857239, -11.6609258652, -14.6186408997, 15.2290792465], [842.086975098, 55.258354187, -54.9217720032, 583.163574219, 141.752166748, 144.959655762, 59.7315330505, 7.71003484726, 58.91040802, 35.4403991699, 42.1065635681, -5.47118759155, -30.1636238098], [-640.889160156, -129.121353149, 110.515892029, 141.752166748, 294.871948242, 85.6741485596, 85.4218978882, 68.9452209473, 35.5272369385, 37.0882720947, 22.4878311157, -8.31861686707, -25.5513076782], [136.233139038, -18.1184387207, -3.01469421387, 144.959655762, 85.6741485596, 149.751052856, 56.2442703247, 27.3785610199, 36.3464546204, 7.62010097504, 7.43932390213, -8.55772590637, -27.8270931244], [-167.641082764, 7.88963603973, 9.22543239594, 59.7315330505, 85.4218978882, 56.2442703247, 112.730697632, 47.1620483398, 23.0540809631, 7.22621917725, 3.63694953918, 3.89920949936, -13.7011909485], [-255.826644897, -5.78442192078, 135.151794434, 7.71003484726, 68.9452209473, 27.3785610199, 47.1620483398, 100.412254333, 38.1958198547, 16.8227462769, 0.588967680931, -5.66057157516, 3.029088974], [1.29383444786, 45.6160316467, 63.6068153381, 58.91040802, 35.5272369385, 36.3464546204, 23.0540809631, 38.1958198547, 66.9635009766, 24.4246559143, -0.057271245867, -0.0899934768677, -10.8442258835], [-12.9934301376, 20.6984195709, 60.8370857239, 35.4403991699, 37.0882720947, 7.62010097504, 7.22621917725, 16.8227462769, 24.4246559143, 57.9617156982, 29.8562812805, 15.4745855331, 9.96119308472], [72.9377593994, 22.5998706818, -11.6609258652, 42.1065635681, 22.4878311157, 7.43932390213, 3.63694953918, 0.588967680931, -0.057271245867, 29.8562812805, 64.5741348267, 31.8050251007, 10.8674125671], [-21.7470779419, -34.1015815735, -14.6186408997, -5.47118759155, -8.31861686707, -8.55772590637, 3.89920949936, -5.66057157516, -0.0899934768677, 15.4745855331, 31.8050251007, 65.1259231567, 34.1180305481], [-51.4990119934, -66.6996765137, 15.2290792465, -30.1636238098, -25.5513076782, -27.8270931244, -13.7011909485, 3.029088974, -10.8442258835, 9.96119308472, 10.8674125671, 34.1180305481, 71.6959228516]],
        "icov": [[0.00165307102725, -0.00227981968783, 0.00213327072561, -0.00266299908981, 0.0032005449757, -0.00248240516521, 0.0030039565172, -0.00196684640832, 0.0022837058641, -0.00243440037593, 0.00149658834562, -0.000222591726924, -0.00111003150232], [-0.00227981968783, 0.00481324829161, -0.00353908841498, 0.00339697627351, -0.00285327481106, 0.00410677306354, -0.00544655602425, 0.00350617920049, -0.00440363911912, 0.00331563525833, -0.00400941632688, 0.00157474575099, 0.00314088515006], [0.00213327072561, -0.00353908841498, 0.00503765139729, -0.0031217217911, 0.00307097053155, -0.00321818003431, 0.00557424267754, -0.00552824838087, 0.00319514819421, -0.00505435140803, 0.00384971848689, -0.000713832618203, -0.00205768411979], [-0.00266299908981, 0.00339697627351, -0.0031217217911, 0.00702792266384, -0.00618949299678, 0.00208195019513, -0.00486517697573, 0.00457352027297, -0.00555621180683, 0.00393061200157, -0.00385712808929, 0.00144371471833, 0.000857656938024], [0.0032005449757, -0.00285327481106, 0.00307097053155, -0.00618949299678, 0.0134559478611, -0.00544608943164, 0.00209401501343, -0.00512879993767, 0.00522252684459, -0.00728266965598, 0.000456968962681, 0.00126147153787, 0.000818937260192], [-0.00248240516521, 0.00410677306354, -0.00321818003431, 0.00208195019513, -0.00544608943164, 0.0154586555436, -0.0080256331712, 0.00328108971007, -0.0076279239729, 0.0058556846343, -0.00410503195599, 0.00139624322765, 0.00397412898019], [0.0030039565172, -0.00544655602425, 0.00557424267754, -0.00486517697573, 0.00209401501343, -0.0080256331712, 0.0219705998898, -0.0114366132766, 0.00646072346717, -0.00457235565409, 0.00701773166656, -0.00628388766199, -0.000287980947178], [-0.00196684640832, 0.00350617920049, -0.00552824838087, 0.00457352027297, -0.00512879993767, 0.00328108971007, -0.0114366132766, 0.0247881524265, -0.0133527647704, 0.00639412645251, -0.00681005604565, 0.00679441029206, -0.00394873786718], [0.0022837058641, -0.00440363911912, 0.00319514819421, -0.00555621180683, 0.00522252684459, -0.0076279239729, 0.00646072346717, -0.0133527647704, 0.0331177711487, -0.0162618421018, 0.0125668477267, -0.00760921183974, 0.00421146070585], [-0.00243440037593, 0.00331563525833, -0.00505435140803, 0.00393061200157, -0.00728266965598, 0.0058556846343, -0.00457235565409, 0.00639412645251, -0.0162618421018, 0.0368347875774, -0.0174419116229, 0.00233796495013, -0.00344952358864], [0.00149658834562, -0.00400941632688, 0.00384971848689, -0.00385712808929, 0.000456968962681, -0.00410503195599, 0.00701773166656, -0.00681005604565, 0.0125668477267, -0.0174419116229, 0.0340259931982, -0.0159928537905, 0.00187999731861], [-0.000222591726924, 0.00157474575099, -0.000713832618203, 0.00144371471833, 0.00126147153787, 0.00139624322765, -0.00628388766199, 0.00679441029206, -0.00760921183974, 0.00233796495013, -0.0159928537905, 0.0310425367206, -0.0122561464086], [-0.00111003150232, 0.00314088515006, -0.00205768411979, 0.000857656938024, 0.000818937260192, 0.00397412898019, -0.000287980947178, -0.00394873786718, 0.00421146070585, -0.00344952358864, 0.00187999731861, -0.0122561464086, 0.0254801418632]]
    },
    "spectral_contrast_coeffs": {
        "mean": [-0.548877596855, -0.775696218014, -0.796778023243, -0.80374622345, -0.803124666214, -0.73308634758],
        "var": [0.00933152716607, 0.00506308721378, 0.00292688794434, 0.00136318709701, 0.000787384342402, 0.00330577255227]
    },
    "spectral_contrast_valleys": {
        "mean": [-8.48879909515, -6.70383119583, -7.17546129227, -8.11462974548, -9.35399246216, -13.9259386063],
        "var": [1.80181026459, 1.60269653797, 1.34637999535, 1.36755657196, 1.68347764015, 2.03862571716]
    }
},
"metadata": {
    "audio_properties": {
        "analysis_sample_rate": 44100,
        "bit_rate": 92673,
        "equal_loudness": 0,
        "length": 45.0873451233,
        "lossless": 0,
        "replay_gain": -4.25193405151,
        "sample_rate": 44100,
        "codec": "mp3",
        "downmix": "mix",
        "md5_encoded": "7a6fe21ada1dcad51405277bd9cefe40"
    },
    "tags": {
        "file_name": "839.mp3"
    },
    "version": {
        "essentia": "2.1-beta2",
        "essentia_git_sha": "v2.1_beta2",
        "extractor": "music 1.0"
    }
},
"rhythm": {
    "beats_count": 75,
    "beats_loudness": {
        "mean": 0.039006434381,
        "var": 0.000699306547176
    },
    "bpm": 119.488502502,
    "bpm_histogram_first_peak_bpm": {
        "mean": 120,
        "var": 0
    },
    "bpm_histogram_first_peak_spread": {
        "mean": 0.547619044781,
        "var": 0
    },
    "bpm_histogram_first_peak_weight": {
        "mean": 0.256756752729,
        "var": 0
    },
    "bpm_histogram_second_peak_bpm": {
        "mean": 81,
        "var": 0
    },
    "bpm_histogram_second_peak_spread": {
        "mean": 0.374999970198,
        "var": 0
    },
    "bpm_histogram_second_peak_weight": {
        "mean": 0.202702701092,
        "var": 0
    },
    "danceability": 1.23226058483,
    "onset_rate": 4.98838663101,
    "beats_loudness_band_ratio": {
        "mean": [0.459428608418, 0.335585325956, 0.179554626346, 0.177703678608, 0.0293129980564, 0.0013192165643],
        "var": [0.107309579849, 0.0397918298841, 0.0238802880049, 0.0424336753786, 0.00340609857813, 3.43617671206e-006]
    },
    "beats_position": [0.49922901392, 0.99845802784, 1.50929701328, 2.04335594177, 2.55419492722, 3.06503391266, 3.5758728981, 4.08671188354, 4.59755086899, 5.10838985443, 5.61922883987, 6.11845779419, 6.6176867485, 7.11691617966, 7.61614513397, 8.10376358032, 8.60299301147, 9.11383247375, 9.61306095123, 10.1239004135, 10.6115188599, 11.1223583221, 11.6215867996, 12.1208162308, 12.6084346771, 13.1192741394, 13.6068935394, 14.117732048, 14.6169614792, 15.1045799255, 15.6038093567, 16.114648819, 16.6254863739, 17.1247158051, 17.6239452362, 18.1115646362, 18.6107940674, 19.1100215912, 19.6208610535, 20.1200904846, 20.6193199158, 21.1185474396, 21.6177768707, 22.128616333, 22.6510658264, 23.1735134125, 23.6959629059, 24.3577327728, 25.0078907013, 25.7625389099, 26.5404071808, 27.2834453583, 28.0264854431, 28.7695236206, 29.5357818604, 30.2788200378, 31.0218582153, 31.7648983002, 32.5311546326, 33.2625846863, 34.0172348022, 34.7602729797, 35.5265312195, 36.269569397, 37.0126075745, 37.7788658142, 38.5683441162, 39.3578224182, 40.124080658, 40.8903388977, 41.6565971375, 42.3996353149, 43.1426734924, 43.8857116699, 44.6519737244]
},
"tonal": {
    "chords_changes_rate": 0.0884773656726,
    "chords_number_rate": 0.00823045242578,
    "chords_strength": {
        "mean": 0.419905811548,
        "var": 0.00601493101567
    },
    "hpcp_entropy": {
        "mean": 2.39376688004,
        "var": 0.506398200989
    },
    "key_strength": 0.415825128555,
    "tuning_diatonic_strength": 0.413139641285,
    "tuning_equal_tempered_deviation": 0.132271453738,
    "tuning_frequency": 434.946166992,
    "tuning_nontempered_energy_ratio": 0.826088428497,
    "hpcp": {
        "mean": [0.164789751172, 0.128865510225, 0.0653199329972, 0.0542213320732, 0.0658537149429, 0.105955883861, 0.142972409725, 0.13153269887, 0.119685471058, 0.102898925543, 0.0771272405982, 0.091656267643, 0.110082499683, 0.0929226502776, 0.112724095583, 0.167611032724, 0.149808213115, 0.119679279625, 0.124834626913, 0.120492465794, 0.137580394745, 0.176875844598, 0.214939415455, 0.25444573164, 0.271179109812, 0.229798808694, 0.222544521093, 0.266628563404, 0.247660025954, 0.300338804722, 0.424099892378, 0.353421539068, 0.232259348035, 0.201211228967, 0.143180578947, 0.128084897995],
        "var": [0.0543096773326, 0.0315422937274, 0.00914023630321, 0.00808347761631, 0.0113317752257, 0.0218737963587, 0.0401826538146, 0.0365388579667, 0.0411609746516, 0.0285100657493, 0.0151988575235, 0.0237083379179, 0.0343265011907, 0.0205062441528, 0.0237416755408, 0.0602321587503, 0.0400210805237, 0.0336930528283, 0.0379971638322, 0.0274114031345, 0.038110781461, 0.0708191692829, 0.0830712541938, 0.0881563946605, 0.100872457027, 0.082115970552, 0.0683849081397, 0.107670910656, 0.0841755792499, 0.0830492526293, 0.147589355707, 0.114151626825, 0.0723685324192, 0.0800088271499, 0.0427879989147, 0.0290207024664]
    },
    "chords_histogram": [15.7407407761, 36.5226325989, 22.1193408966, 0.308641970158, 0, 0, 0, 0, 0, 0, 5.55555534363, 0.205761313438, 0, 0, 0, 7.92181062698, 0, 5.96707820892, 0, 0, 0, 3.39506173134, 2.26337456703, 0],
    "thpcp": [1, 0.83334505558, 0.547652482986, 0.474443018436, 0.337610512972, 0.30201587081, 0.388563543558, 0.303856492043, 0.154020160437, 0.12785038352, 0.155278787017, 0.249837085605, 0.337119668722, 0.310145556927, 0.282210558653, 0.242628976703, 0.181861028075, 0.216119527817, 0.259567379951, 0.219105571508, 0.265796095133, 0.395215928555, 0.353238046169, 0.282195955515, 0.294351935387, 0.284113407135, 0.324405640364, 0.41706174612, 0.506813168526, 0.599966526031, 0.63942271471, 0.541850686073, 0.52474552393, 0.628692805767, 0.583966255188, 0.708179414272],
    "chords_key": "E",
    "chords_scale": "minor",
    "key_key": "C",
    "key_scale": "major"
}
}