{
"lowlevel": {
    "average_loudness": 0.918458223343,
    "barkbands_crest": {
        "mean": 8.46482181549,
        "var": 14.2089290619
    },
    "barkbands_flatness_db": {
        "mean": 0.131129950285,
        "var": 0.00110456277616
    },
    "barkbands_kurtosis": {
        "mean": 1.07477617264,
        "var": 13.9280080795
    },
    "barkbands_skewness": {
        "mean": 1.01070582867,
        "var": 0.745326697826
    },
    "barkbands_spread": {
        "mean": 29.3908920288,
        "var": 150.967300415
    },
    "dissonance": {
        "mean": 0.471104234457,
        "var": 0.000449019862572
    },
    "dynamic_complexity": 2.44474339485,
    "erbbands_crest": {
        "mean": 9.26862335205,
        "var": 18.128156662
    },
    "erbbands_flatness_db": {
        "mean": 0.170601978898,
        "var": 0.000955280382186
    },
    "erbbands_kurtosis": {
        "mean": 0.289928019047,
        "var": 4.03985548019
    },
    "erbbands_skewness": {
        "mean": -0.25410091877,
        "var": 0.880800902843
    },
    "erbbands_spread": {
        "mean": 37.3511352539,
        "var": 148.59979248
    },
    "hfc": {
        "mean": 16.117433548,
        "var": 97.8384933472
    },
    "melbands_crest": {
        "mean": 12.7006483078,
        "var": 18.680934906
    },
    "melbands_flatness_db": {
        "mean": 0.164281800389,
        "var": 0.00179770682007
    },
    "melbands_kurtosis": {
        "mean": 6.70924282074,
        "var": 74.6901779175
    },
    "melbands_skewness": {
        "mean": 2.14096403122,
        "var": 1.0228112936
    },
    "melbands_spread": {
        "mean": 33.9585571289,
        "var": 356.881225586
    },
    "pitch_salience": {
        "mean": 0.605501592159,
        "var": 0.0100078424439
    },
    "silence_rate_20dB": {
        "mean": 1,
        "var": 0
    },
    "silence_rate_30dB": {
        "mean": 0.999485313892,
        "var": 0.00051439931849
    },
    "silence_rate_60dB": {
        "mean": 0.0190427172929,
        "var": 0.0186799038202
    },
    "spectral_centroid": {
        "mean": 1732.77893066,
        "var": 489526.15625
    },
    "spectral_complexity": {
        "mean": 21.7946472168,
        "var": 66.3290786743
    },
    "spectral_decrease": {
        "mean": -4.70384264872e-009,
        "var": 2.02148962356e-017
    },
    "spectral_energy": {
        "mean": 0.0192152839154,
        "var": 0.000312853895593
    },
    "spectral_energyband_high": {
        "mean": 0.000425738544436,
        "var": 1.73311306639e-007
    },
    "spectral_energyband_low": {
        "mean": 0.00325954845175,
        "var": 3.83572614737e-006
    },
    "spectral_energyband_middle_high": {
        "mean": 0.0040392074734,
        "var": 5.59923000765e-006
    },
    "spectral_energyband_middle_low": {
        "mean": 0.0117657147348,
        "var": 0.000278223626083
    },
    "spectral_entropy": {
        "mean": 7.61598110199,
        "var": 0.0650985762477
    },
    "spectral_flux": {
        "mean": 0.0746235400438,
        "var": 0.00205619889311
    },
    "spectral_kurtosis": {
        "mean": 3.97691512108,
        "var": 4.30521917343
    },
    "spectral_rms": {
        "mean": 0.00403317017481,
        "var": 2.48017090598e-006
    },
    "spectral_rolloff": {
        "mean": 1970.54724121,
        "var": 1494272.625
    },
    "spectral_skewness": {
        "mean": 1.24528539181,
        "var": 0.0845563933253
    },
    "spectral_spread": {
        "mean": 3659743.75,
        "var": 2.81177017549e+012
    },
    "spectral_strongpeak": {
        "mean": 0.844474136829,
        "var": 1.14054596424
    },
    "zerocrossingrate": {
        "mean": 0.0680080503225,
        "var": 0.000835816143081
    },
    "barkbands": {
        "mean": [6.03475637035e-005, 0.00140976521652, 0.001567783067, 0.000621042156126, 0.0045650950633, 0.00186767929699, 0.00123519520275, 0.00194449280389, 0.00139821146149, 0.000328283000272, 0.0002129553759, 0.00024517570273, 0.000260452827206, 0.000278915744275, 0.000338212528732, 0.000486694858409, 0.000765926437452, 0.00067711021984, 0.000388945249142, 0.000210419704672, 0.000144458274008, 6.36176555417e-005, 7.60366601753e-005, 4.56393536297e-005, 1.82046442205e-005, 4.58734666609e-006, 4.33296207802e-008],
        "var": [1.9916710059e-008, 1.55624479703e-006, 1.75755553755e-006, 8.56365772961e-007, 0.000112976682431, 1.04158052636e-005, 5.74997829972e-006, 3.90153509215e-005, 1.3191922335e-005, 3.01315935758e-007, 3.20054027725e-007, 1.73336829334e-007, 9.4321038091e-008, 3.52201425358e-007, 1.58537545758e-007, 2.79566705785e-007, 5.10489371663e-007, 5.36944526175e-007, 1.35452680183e-007, 4.01221100788e-008, 3.51863107539e-008, 3.80774078934e-009, 7.28199101019e-009, 3.90300458619e-009, 1.61789437403e-009, 1.67846833654e-010, 1.11602411611e-013]
    },
    "erbbands": {
        "mean": [0.024538340047, 0.389177531004, 1.79401898384, 1.88067495823, 9.88511180878, 16.1019458771, 12.6460418701, 15.4095249176, 16.1483726501, 34.3703765869, 33.6230010986, 36.1210517883, 15.1033582687, 8.6555480957, 10.4112615585, 10.0819883347, 12.2778406143, 15.5921421051, 12.5130968094, 24.6030521393, 28.4397544861, 42.2811126709, 43.8142623901, 19.0144100189, 21.5756206512, 9.38469791412, 7.25593233109, 4.16759586334, 2.38979673386, 2.24826979637, 2.12826490402, 1.18471240997, 0.63038957119, 0.300138115883, 0.0802676528692, 0.028440201655, 0.00700051756576, 0.000366330466932, 2.17724445974e-005, 2.40275112446e-005],
        "var": [0.000646112952381, 0.106810189784, 2.05187106133, 2.9162478447, 568.201904297, 1495.93371582, 567.038635254, 700.069152832, 801.014770508, 8937.625, 9419.74511719, 10105.2294922, 973.042114258, 124.587844849, 588.779296875, 244.70526123, 203.231430054, 1013.45910645, 197.929260254, 719.974853516, 851.188781738, 1536.31481934, 2046.49853516, 272.310455322, 464.505401611, 75.5187835693, 85.2784805298, 24.0967063904, 5.41554689407, 5.71774053574, 6.29150915146, 2.59457755089, 0.786206007004, 0.29472258687, 0.0876533761621, 0.00521219614893, 0.000525282404851, 1.93103824131e-006, 1.75714898187e-009, 4.23101664815e-010]
    },
    "gfcc": {
        "mean": [-9.59182739258, 104.85836792, -141.8019104, 55.0327262878, -61.5350418091, 5.19205141068, -46.8982391357, 13.2302942276, -16.9590492249, -6.79965257645, -10.9009103775, -7.8752746582, -9.88916683197],
        "cov": [[4309.67822266, -104.961547852, -271.711883545, -16.1823234558, -310.342590332, 47.9577903748, -151.942977905, 19.9866352081, -156.131973267, 62.5263290405, -127.918960571, 26.8018569946, -56.7999305725], [-104.961547852, 630.647277832, -91.777923584, -81.9491043091, 57.765789032, -158.291854858, 27.2961063385, -48.4820747375, 97.8765563965, -60.4272956848, 91.8833999634, -69.0329055786, 96.582572937], [-271.711883545, -91.777923584, 332.94519043, -35.8814544678, -44.1664924622, 15.3814153671, -34.8192977905, -8.45423698425, -36.6550178528, 38.3602256775, -35.1642303467, 46.6577415466, -15.8468332291], [-16.1823234558, -81.9491043091, -35.8814544678, 220.183334351, 82.4193649292, 35.5910377502, -12.7607116699, 15.9848899841, 16.1987266541, -18.8040485382, 2.27308225632, -14.2036514282, -31.649143219], [-310.342590332, 57.765789032, -44.1664924622, 82.4193649292, 212.616134644, -18.4970397949, -6.86169147491, 21.5551548004, 14.0861597061, -37.2298698425, 15.0274953842, -6.29517173767, -21.1281661987], [47.9577903748, -158.291854858, 15.3814153671, 35.5910377502, -18.4970397949, 155.40788269, 55.4181556702, 17.3747406006, -31.9614391327, 10.4427013397, -26.2138690948, 12.9403247833, -12.8941230774], [-151.942977905, 27.2961063385, -34.8192977905, -12.7607116699, -6.86169147491, 55.4181556702, 117.339950562, 35.1459388733, 20.6288547516, -7.62394618988, 4.92200660706, -11.0376281738, 21.4378070831], [19.9866352081, -48.4820747375, -8.45423698425, 15.9848899841, 21.5551548004, 17.3747406006, 35.1459388733, 114.728340149, 44.7933998108, 19.2808914185, -6.55404520035, 3.45289325714, -7.38212871552], [-156.131973267, 97.8765563965, -36.6550178528, 16.1987266541, 14.0861597061, -31.9614391327, 20.6288547516, 44.7933998108, 120.383964539, 40.8658752441, 30.3181247711, -26.2937068939, 21.7822933197], [62.5263290405, -60.4272956848, 38.3602256775, -18.8040485382, -37.2298698425, 10.4427013397, -7.62394618988, 19.2808914185, 40.8658752441, 108.865791321, 20.7115688324, 10.6398954391, -9.12602901459], [-127.918960571, 91.8833999634, -35.1642303467, 2.27308225632, 15.0274953842, -26.2138690948, 4.92200660706, -6.55404520035, 30.3181247711, 20.7115688324, 75.4213790894, 4.25497579575, 7.91363143921], [26.8018569946, -69.0329055786, 46.6577415466, -14.2036514282, -6.29517173767, 12.9403247833, -11.0376281738, 3.45289325714, -26.2937068939, 10.6398954391, 4.25497579575, 71.5754394531, 6.7225894928], [-56.7999305725, 96.582572937, -15.8468332291, -31.649143219, -21.1281661987, -12.8941230774, 21.4378070831, -7.38212871552, 21.7822933197, -9.12602901459, 7.91363143921, 6.7225894928, 92.3962249756]],
        "icov": [[0.000593611097429, -0.00120598240755, 0.00118098966777, -0.000724500918295, 0.00131482060533, -0.000521519512404, 0.00124728295486, -0.00118980440311, 0.00178679008968, -0.00166011648253, 0.0021446601022, -0.00113291235175, 0.000736884772778], [-0.00120598240755, 0.00769222108647, -0.00312022469006, 0.00358319352381, -0.0040473183617, 0.00369415269233, -0.0037245277781, 0.00444032764062, -0.00666145374998, 0.00718380091712, -0.00942155532539, 0.00628511654213, -0.00465129269287], [0.00118098966777, -0.00312022469006, 0.0063563589938, -0.00146399345249, 0.0030236102175, -0.00124669878278, 0.00308939116076, -0.00223174551502, 0.00430898042396, -0.00542234256864, 0.00717174913734, -0.00507321441546, 0.00240208464675], [-0.000724500918295, 0.00358319352381, -0.00146399345249, 0.00846667494625, -0.00411222828552, -0.00185599736869, 0.000849829579238, 0.00205858331174, -0.00600383756682, 0.00574907101691, -0.00554641429335, 0.00369173311628, -0.000584239780437], [0.00131482060533, -0.0040473183617, 0.0030236102175, -0.00411222828552, 0.00974219106138, -0.00101226521656, 0.003335010726, -0.00444564688951, 0.00402543134987, -0.00196075695567, 0.00455153966323, -0.00427958229557, 0.00388533831574], [-0.000521519512404, 0.00369415269233, -0.00124669878278, -0.00185599736869, -0.00101226521656, 0.0141252111644, -0.00947446096689, 0.00208089966327, 0.00187738880049, -0.00113191292621, -0.000341237697285, 0.00102000311017, -0.00152681872714], [0.00124728295486, -0.0037245277781, 0.00308939116076, 0.000849829579238, 0.003335010726, -0.00947446096689, 0.018521245569, -0.00714109651744, 0.00174021429848, -0.000119068849017, 0.00167233659886, -9.26350621739e-005, -0.00050493463641], [-0.00118980440311, 0.00444032764062, -0.00223174551502, 0.00205858331174, -0.00444564688951, 0.00208089966327, -0.00714109651744, 0.0167312212288, -0.0111036375165, 0.0036642269697, -0.00154656905215, -0.000651232956443, 0.000376326875994], [0.00178679008968, -0.00666145374998, 0.00430898042396, -0.00600383756682, 0.00402543134987, 0.00187738880049, 0.00174021429848, -0.0111036375165, 0.0263906624168, -0.0152927134186, 0.005792345386, 0.00150804873556, -0.00170210120268], [-0.00166011648253, 0.00718380091712, -0.00542234256864, 0.00574907101691, -0.00196075695567, -0.00113191292621, -0.000119068849017, 0.0036642269697, -0.0152927134186, 0.0238588899374, -0.0144768357277, 0.00383909069933, -0.000854094512761], [0.0021446601022, -0.00942155532539, 0.00717174913734, -0.00554641429335, 0.00455153966323, -0.000341237697285, 0.00167233659886, -0.00154656905215, 0.005792345386, -0.0144768357277, 0.0323348008096, -0.0131115512922, 0.00636772392318], [-0.00113291235175, 0.00628511654213, -0.00507321441546, 0.00369173311628, -0.00427958229557, 0.00102000311017, -9.26350621739e-005, -0.000651232956443, 0.00150804873556, 0.00383909069933, -0.0131115512922, 0.0255095604807, -0.00844806153327], [0.000736884772778, -0.00465129269287, 0.00240208464675, -0.000584239780437, 0.00388533831574, -0.00152681872714, -0.00050493463641, 0.000376326875994, -0.00170210120268, -0.000854094512761, 0.00636772392318, -0.00844806153327, 0.0175586361438]]
    },
    "melbands": {
        "mean": [0.000308170856442, 0.000801174843218, 0.00049226131523, 0.00108992250171, 0.000469899969175, 0.000350244372385, 0.000244414841291, 0.000416263763327, 0.00026210033684, 0.000213520237594, 6.81145684212e-005, 3.39915131917e-005, 3.37430428772e-005, 2.9559536415e-005, 2.55131435551e-005, 2.52719746641e-005, 2.98852755805e-005, 1.72490254045e-005, 2.76782884612e-005, 3.50775262632e-005, 3.28350579366e-005, 4.27213308285e-005, 4.56722809759e-005, 3.22368396155e-005, 1.27953662741e-005, 1.52880002133e-005, 1.29122354338e-005, 4.64609274786e-006, 4.64023742097e-006, 3.70189513887e-006, 1.96056544155e-006, 1.37232734687e-006, 1.10328585379e-006, 1.34402705498e-006, 1.33694015858e-006, 8.97459017324e-007, 6.55078906675e-007, 4.68059482728e-007, 3.24286617115e-007, 2.27525873697e-007],
        "var": [8.11045026694e-008, 3.20413619193e-007, 4.35421043221e-007, 7.35193316359e-006, 7.5678713074e-007, 3.55771703653e-007, 1.71263508264e-007, 1.45877413615e-006, 4.71687542358e-007, 3.68757525848e-007, 2.24795346782e-008, 2.13442907793e-009, 7.57043405741e-009, 2.70525823964e-009, 1.04767539089e-009, 8.6792933951e-010, 4.6980406232e-009, 5.95689331195e-010, 1.19190646242e-009, 1.60543989214e-009, 1.28250188247e-009, 1.76025582999e-009, 2.46399323167e-009, 1.55315638128e-009, 1.42072797971e-010, 2.54289977963e-010, 1.68826758129e-010, 2.3060213461e-011, 3.29691586531e-011, 3.06391613469e-011, 5.29002449484e-012, 1.85625733534e-012, 1.44735417228e-012, 2.31324291319e-012, 2.42602205686e-012, 1.60959667903e-012, 8.40926829039e-013, 4.1380592529e-013, 3.07674811193e-013, 1.97560243447e-013]
    },
    "mfcc": {
        "mean": [-634.667297363, 114.555419922, -13.402346611, 37.7097396851, 10.2330236435, -5.97776794434, -9.24566078186, 6.40535211563, -4.64572954178, 4.09104204178, -1.59860694408, 2.80456447601, -3.0781955719],
        "cov": [[2162.4309082, -162.289810181, 3.956189394, -97.6807632446, -118.446624756, -1.78909218311, -2.55119228363, -66.4198913574, 4.16491413116, -31.7039089203, -21.0215549469, -7.40478849411, -34.2433319092], [-162.289810181, 644.625549316, -81.5410003662, 9.39841175079, 1.05720114708, -97.1158370972, -50.4011497498, -43.0972976685, -10.1456842422, -8.0862569809, -29.8130073547, -17.4308986664, 63.1229400635], [3.956189394, -81.5410003662, 301.747406006, -52.6751785278, -62.4501609802, 25.7598686218, -9.73737335205, -38.7734642029, 3.46776151657, -19.3855400085, -8.57499599457, 3.26552438736, -29.9501533508], [-97.6807632446, 9.39841175079, -52.6751785278, 161.76461792, 99.773475647, -10.4469966888, -17.7357082367, 23.6331825256, -12.1622915268, 18.5214099884, 12.4076070786, 3.37509679794, 5.68122386932], [-118.446624756, 1.05720114708, -62.4501609802, 99.773475647, 167.868469238, -0.925041496754, -7.11486244202, 24.5313186646, -18.2906093597, 6.24966096878, 6.66474914551, -4.66688919067, 9.03949832916], [-1.78909218311, -97.1158370972, 25.7598686218, -10.4469966888, -0.925041496754, 110.898262024, 39.5961952209, 7.36818122864, -6.83610534668, -3.2292432785, -3.08961009979, 1.88462293148, -25.5153579712], [-2.55119228363, -50.4011497498, -9.73737335205, -17.7357082367, -7.11486244202, 39.5961952209, 94.0910186768, 48.8260650635, 2.67660665512, -6.2904086113, -2.89008045197, -11.8826942444, -12.1823196411], [-66.4198913574, -43.0972976685, -38.7734642029, 23.6331825256, 24.5313186646, 7.36818122864, 48.8260650635, 112.424552917, 23.468629837, 6.94483089447, -6.1090798378, -15.6034049988, -6.27006578445], [4.16491413116, -10.1456842422, 3.46776151657, -12.1622915268, -18.2906093597, -6.83610534668, 2.67660665512, 23.468629837, 103.831253052, 38.6194381714, -3.94798374176, 4.43212747574, 22.0078048706], [-31.7039089203, -8.0862569809, -19.3855400085, 18.5214099884, 6.24966096878, -3.2292432785, -6.2904086113, 6.94483089447, 38.6194381714, 72.7995910645, 31.7944660187, 15.9443378448, 6.17687034607], [-21.0215549469, -29.8130073547, -8.57499599457, 12.4076070786, 6.66474914551, -3.08961009979, -2.89008045197, -6.1090798378, -3.94798374176, 31.7944660187, 103.345436096, 50.524471283, -13.4944391251], [-7.40478849411, -17.4308986664, 3.26552438736, 3.37509679794, -4.66688919067, 1.88462293148, -11.8826942444, -15.6034049988, 4.43212747574, 15.9443378448, 50.524471283, 72.8327407837, 15.176697731], [-34.2433319092, 63.1229400635, -29.9501533508, 5.68122386932, 9.03949832916, -25.5153579712, -12.1823196411, -6.27006578445, 22.0078048706, 6.17687034607, -13.4944391251, 15.176697731, 80.087097168]],
        "icov": [[0.000517013424542, 0.000187416633707, 0.000195945365704, 7.59143076721e-005, 0.000281536486, 0.000193278989173, -7.96294043539e-005, 0.000429356412496, -0.000161312957061, 0.000221322130528, 0.000139432158903, -9.27713972487e-006, 0.000245050207013], [0.000187416633707, 0.00207693362609, 0.000513254839461, -4.85031996504e-005, 0.00031477783341, 0.00138325896114, 0.000106477789814, 0.000872992095537, 0.000289201649139, 8.56642436702e-005, 0.000285264628474, 0.000665756990202, -0.00103593873791], [0.000195945365704, 0.000513254839461, 0.0042307889089, 0.000344261614373, 0.00104460678995, -0.000434499990661, 0.000568948104046, 0.00142899609637, -0.000992626068182, 0.00125544564798, 0.000534747319762, -0.000491684069857, 0.00153831928037], [7.59143076721e-005, -4.85031996504e-005, 0.000344261614373, 0.0107904244214, -0.00557194044814, 0.000252326164627, 0.00240226881579, -0.002232295461, 0.00167446420528, -0.00259467121214, 0.000315788114676, -0.000779435737059, 0.000274822261417], [0.000281536486, 0.00031477783341, 0.00104460678995, -0.00557194044814, 0.010336605832, -0.00103001971729, 0.000945033854805, -0.000986695406027, 0.00129059702158, 0.000630625290796, -0.00109632196836, 0.00184699660167, -0.00170819566119], [0.000193278989173, 0.00138325896114, -0.000434499990661, 0.000252326164627, -0.00103001971729, 0.0133463349193, -0.00611785752699, 0.0023429649882, 0.000487349752802, -0.00129827857018, 0.0033335769549, -0.00335656828247, 0.00359714217484], [-7.96294043539e-005, 0.000106477789814, 0.000568948104046, 0.00240226881579, 0.000945033854805, -0.00611785752699, 0.0182708892971, -0.0081370966509, 0.000861079723109, 0.0016348293284, -0.00253528077155, 0.00296493503265, -0.00134097388946], [0.000429356412496, 0.000872992095537, 0.00142899609637, -0.002232295461, -0.000986695406027, 0.0023429649882, -0.0081370966509, 0.0151969594881, -0.00418933760375, 0.000694071291946, 0.000829188618809, 0.0012058384018, 0.00200700690039], [-0.000161312957061, 0.000289201649139, -0.000992626068182, 0.00167446420528, 0.00129059702158, 0.000487349752802, 0.000861079723109, -0.00418933760375, 0.0154952621087, -0.00927769951522, 0.00272509129718, -0.000649643654469, -0.00393455289304], [0.000221322130528, 8.56642436702e-005, 0.00125544564798, -0.00259467121214, 0.000630625290796, -0.00129827857018, 0.0016348293284, 0.000694071291946, -0.00927769951522, 0.0227510556579, -0.0076590324752, 0.00155418680515, -0.000291380973067], [0.000139432158903, 0.000285264628474, 0.000534747319762, 0.000315788114676, -0.00109632196836, 0.0033335769549, -0.00253528077155, 0.000829188618809, 0.00272509129718, -0.0076590324752, 0.0203223209828, -0.0143662188202, 0.00686597870663], [-9.27713972487e-006, 0.000665756990202, -0.000491684069857, -0.000779435737059, 0.00184699660167, -0.00335656828247, 0.00296493503265, 0.0012058384018, -0.000649643654469, 0.00155418680515, -0.0143662188202, 0.0263827126473, -0.00875133275986], [0.000245050207013, -0.00103593873791, 0.00153831928037, 0.000274822261417, -0.00170819566119, 0.00359714217484, -0.00134097388946, 0.00200700690039, -0.00393455289304, -0.000291380973067, 0.00686597870663, -0.00875133275986, 0.0191744435579]]
    },
    "spectral_contrast_coeffs": {
        "mean": [-0.627023041248, -0.728361845016, -0.76863360405, -0.783841848373, -0.765424489975, -0.745623826981],
        "var": [0.00858563557267, 0.0055998400785, 0.00456811441109, 0.00219846190885, 0.00173009629361, 0.00103935296647]
    },
    "spectral_contrast_valleys": {
        "mean": [-7.46239185333, -6.71342039108, -7.54407739639, -7.54649353027, -7.18652105331, -10.3702116013],
        "var": [1.05268585682, 1.09523963928, 1.01603984833, 0.938142538071, 0.906043469906, 0.883241534233]
    }
},
"metadata": {
    "audio_properties": {
        "analysis_sample_rate": 44100,
        "bit_rate": 106892,
        "equal_loudness": 0,
        "length": 45.0873451233,
        "lossless": 0,
        "replay_gain": -12.0806007385,
        "sample_rate": 44100,
        "codec": "mp3",
        "downmix": "mix",
        "md5_encoded": "5762b85a12452de78a6f383d86e1fa17"
    },
    "tags": {
        "file_name": "84.mp3"
    },
    "version": {
        "essentia": "2.1-beta2",
        "essentia_git_sha": "v2.1_beta2",
        "extractor": "music 1.0"
    }
},
"rhythm": {
    "beats_count": 124,
    "beats_loudness": {
        "mean": 0.0227896068245,
        "var": 0.000223029841436
    },
    "bpm": 164.972244263,
    "bpm_histogram_first_peak_bpm": {
        "mean": 167,
        "var": 0
    },
    "bpm_histogram_first_peak_spread": {
        "mean": 0,
        "var": 0
    },
    "bpm_histogram_first_peak_weight": {
        "mean": 0.487804889679,
        "var": 0
    },
    "bpm_histogram_second_peak_bpm": {
        "mean": 161,
        "var": 0
    },
    "bpm_histogram_second_peak_spread": {
        "mean": 0.0624999441206,
        "var": 0
    },
    "bpm_histogram_second_peak_weight": {
        "mean": 0.243902444839,
        "var": 0
    },
    "danceability": 1.35551726818,
    "onset_rate": 3.59163856506,
    "beats_loudness_band_ratio": {
        "mean": [0.272472113371, 0.291959494352, 0.219998061657, 0.0730515047908, 0.154114603996, 0.0707223117352],
        "var": [0.016100179404, 0.0294865686446, 0.0318513810635, 0.0040135672316, 0.0102272629738, 0.00201387424022]
    },
    "beats_position": [0.383129239082, 0.777868449688, 1.16099774837, 1.54412698746, 1.91564619541, 2.27555561066, 2.6470746994, 3.01859402657, 3.39011335373, 3.75002264977, 4.1099319458, 4.48145103455, 4.85297060013, 5.22448968887, 5.5727891922, 5.94430828094, 6.31582736969, 6.67573690414, 7.03564596176, 7.40716552734, 7.76707458496, 8.12698364258, 8.498503685, 8.87002277374, 9.24154186249, 9.6014509201, 9.96135997772, 10.3096599579, 10.6579589844, 11.0062580109, 11.3777770996, 11.749297142, 12.1208162308, 12.4807252884, 12.840634346, 13.2005443573, 13.5604534149, 13.9087524414, 14.268661499, 14.6285715103, 14.9884805679, 15.3483896255, 15.7082986832, 16.0682086945, 16.4397277832, 16.7880268097, 17.1479358673, 17.4962348938, 17.8561439514, 18.2160549164, 18.575963974, 18.9242630005, 19.272562027, 19.6324710846, 19.9923801422, 20.3522891998, 20.7121982574, 21.0721092224, 21.43201828, 21.7803173065, 22.1402263641, 22.5001354218, 22.8484344482, 23.1967334747, 23.5566444397, 23.9281635284, 24.2880725861, 24.6479816437, 25.0078907013, 25.3561897278, 25.7044887543, 26.0527877808, 26.4010887146, 26.7493877411, 27.0976867676, 27.4459857941, 27.8058948517, 28.1658039093, 28.5141029358, 28.8624038696, 29.2223129272, 29.5822219849, 29.9421310425, 30.3020401001, 30.6503391266, 30.9986381531, 31.3469390869, 31.6952381134, 32.0551452637, 32.4150543213, 32.7865753174, 33.1348762512, 33.5063934326, 33.8779144287, 34.2494316101, 34.6209526062, 34.9924697876, 35.3523788452, 35.6890678406, 36.0489807129, 36.4088897705, 36.7687988281, 37.1287078857, 37.4770050049, 37.8369140625, 38.2084350586, 38.5683441162, 38.91664505, 39.2881622314, 39.6480712891, 40.0079803467, 40.3678894043, 40.7277984619, 41.0877075195, 41.4476165771, 41.8075294495, 42.1790466309, 42.5389556885, 42.8988647461, 43.2587738037, 43.6070747375, 43.9785919189, 44.350112915, 44.7216300964]
},
"tonal": {
    "chords_changes_rate": 0.091563783586,
    "chords_number_rate": 0.0113168722019,
    "chords_strength": {
        "mean": 0.526007711887,
        "var": 0.00949999969453
    },
    "hpcp_entropy": {
        "mean": 2.17403841019,
        "var": 0.851707398891
    },
    "key_strength": 0.71298456192,
    "tuning_diatonic_strength": 0.618284761906,
    "tuning_equal_tempered_deviation": 0.0944088026881,
    "tuning_frequency": 439.238189697,
    "tuning_nontempered_energy_ratio": 0.796378731728,
    "hpcp": {
        "mean": [0.359602451324, 0.253191202879, 0.127409532666, 0.0983127877116, 0.0902144759893, 0.12080899626, 0.159544631839, 0.135158643126, 0.0995342358947, 0.103608235717, 0.109653949738, 0.120114400983, 0.131723582745, 0.115127436817, 0.117955453694, 0.146703198552, 0.13862092793, 0.104887567461, 0.0913142263889, 0.112936645746, 0.189994320273, 0.260846972466, 0.217639878392, 0.148956954479, 0.127622142434, 0.11165548116, 0.121158406138, 0.130368873477, 0.121459290385, 0.15609228611, 0.195791527629, 0.17297706008, 0.147238269448, 0.14110378921, 0.150128766894, 0.263755619526],
        "var": [0.155767396092, 0.0848889052868, 0.0383012183011, 0.0323651619256, 0.0265036001801, 0.0370978116989, 0.0587781593204, 0.045110668987, 0.0337557941675, 0.0350805297494, 0.0419987477362, 0.0399695038795, 0.0394694469869, 0.0324619077146, 0.0318607315421, 0.0456067323685, 0.0376981832087, 0.0204700175673, 0.0157121121883, 0.0283449757844, 0.0577644258738, 0.078451000154, 0.0609269626439, 0.0382472351193, 0.0339448824525, 0.0244716443121, 0.027607768774, 0.0450729504228, 0.0398303046823, 0.0524851754308, 0.0842972248793, 0.0685465559363, 0.0596216507256, 0.0548757947981, 0.0580843426287, 0.0822525620461]
    },
    "chords_histogram": [29.5267486572, 3.60082316399, 2.67489719391, 0, 1.74897122383, 0, 0, 0, 0, 0, 0, 0.205761313438, 0.205761313438, 0, 0, 13.271604538, 0, 11.9341564178, 12.2427988052, 6.99588489532, 7.30452680588, 3.39506173134, 6.89300394058, 0],
    "thpcp": [1, 0.70408642292, 0.354306638241, 0.27339297533, 0.250872820616, 0.335951536894, 0.443669468164, 0.375855743885, 0.27678963542, 0.288118839264, 0.304931044579, 0.334019958973, 0.366303354502, 0.320151984692, 0.328016281128, 0.407959401608, 0.385483831167, 0.291676461697, 0.253931045532, 0.314059734344, 0.52834546566, 0.725375950336, 0.605223596096, 0.414226740599, 0.354897856712, 0.310496985912, 0.336923182011, 0.362536102533, 0.337759912014, 0.434069037437, 0.544466614723, 0.481023013592, 0.409447342157, 0.392388284206, 0.417485386133, 0.733464479446],
    "chords_key": "A",
    "chords_scale": "major",
    "key_key": "A",
    "key_scale": "major"
}
}