{
"lowlevel": {
    "average_loudness": 0.862691104412,
    "barkbands_crest": {
        "mean": 11.3002595901,
        "var": 15.8972606659
    },
    "barkbands_flatness_db": {
        "mean": 0.225423187017,
        "var": 0.00223332829773
    },
    "barkbands_kurtosis": {
        "mean": 4.23908948898,
        "var": 26.627904892
    },
    "barkbands_skewness": {
        "mean": 1.34645390511,
        "var": 1.11524057388
    },
    "barkbands_spread": {
        "mean": 8.23623275757,
        "var": 55.5726127625
    },
    "dissonance": {
        "mean": 0.400500684977,
        "var": 0.00269803614356
    },
    "dynamic_complexity": 3.07951664925,
    "erbbands_crest": {
        "mean": 10.9287996292,
        "var": 16.0513134003
    },
    "erbbands_flatness_db": {
        "mean": 0.265858203173,
        "var": 0.00289047812112
    },
    "erbbands_kurtosis": {
        "mean": 1.25827908516,
        "var": 4.52075719833
    },
    "erbbands_skewness": {
        "mean": 0.60750490427,
        "var": 0.423522144556
    },
    "erbbands_spread": {
        "mean": 19.1966285706,
        "var": 182.437133789
    },
    "hfc": {
        "mean": 11.1940336227,
        "var": 209.370803833
    },
    "melbands_crest": {
        "mean": 14.1971664429,
        "var": 21.378364563
    },
    "melbands_flatness_db": {
        "mean": 0.29158526659,
        "var": 0.00287515623495
    },
    "melbands_kurtosis": {
        "mean": 6.90808153152,
        "var": 81.2833480835
    },
    "melbands_skewness": {
        "mean": 1.7572722435,
        "var": 1.49490666389
    },
    "melbands_spread": {
        "mean": 11.5482587814,
        "var": 138.263900757
    },
    "pitch_salience": {
        "mean": 0.568811714649,
        "var": 0.0131435608491
    },
    "silence_rate_20dB": {
        "mean": 1,
        "var": 0
    },
    "silence_rate_30dB": {
        "mean": 0.989706635475,
        "var": 0.0101874191314
    },
    "silence_rate_60dB": {
        "mean": 0.0530108064413,
        "var": 0.0502004772425
    },
    "spectral_centroid": {
        "mean": 688.774230957,
        "var": 294072.28125
    },
    "spectral_complexity": {
        "mean": 10.6716413498,
        "var": 11.4186258316
    },
    "spectral_decrease": {
        "mean": -4.71714312056e-009,
        "var": 3.02977431747e-017
    },
    "spectral_energy": {
        "mean": 0.0188188888133,
        "var": 0.000482272414956
    },
    "spectral_energyband_high": {
        "mean": 0.000130166314193,
        "var": 3.71973044366e-007
    },
    "spectral_energyband_low": {
        "mean": 0.000618348829448,
        "var": 1.16573551168e-006
    },
    "spectral_energyband_middle_high": {
        "mean": 0.00391799584031,
        "var": 4.01699835493e-005
    },
    "spectral_energyband_middle_low": {
        "mean": 0.0144382063299,
        "var": 0.000347822962794
    },
    "spectral_entropy": {
        "mean": 6.48313808441,
        "var": 0.201979160309
    },
    "spectral_flux": {
        "mean": 0.0572814419866,
        "var": 0.00260359793901
    },
    "spectral_kurtosis": {
        "mean": 17.2775230408,
        "var": 152.417663574
    },
    "spectral_rms": {
        "mean": 0.00384815270081,
        "var": 3.55162160304e-006
    },
    "spectral_rolloff": {
        "mean": 979.189331055,
        "var": 1388304.875
    },
    "spectral_skewness": {
        "mean": 2.92340183258,
        "var": 1.04773795605
    },
    "spectral_spread": {
        "mean": 2535532.5,
        "var": 3.44147833651e+012
    },
    "spectral_strongpeak": {
        "mean": 1.17370772362,
        "var": 1.12504553795
    },
    "zerocrossingrate": {
        "mean": 0.0349215343595,
        "var": 0.000908670888748
    },
    "barkbands": {
        "mean": [4.35682304669e-005, 2.79392606899e-005, 0.000419592252001, 0.000395321199903, 0.00318427430466, 0.00424063252285, 0.00222654384561, 0.00206223712303, 0.00195187237114, 0.00124155427329, 0.0014081755653, 0.000667596817948, 0.000253390375292, 0.000212726867176, 0.000181096271263, 8.61368680489e-005, 2.45571391133e-005, 2.7044381568e-005, 1.56341848196e-005, 4.51643500128e-005, 2.19145986193e-005, 2.05686210393e-005, 3.54930489266e-005, 2.05492051464e-005, 3.94213066102e-006, 1.2929898503e-006, 9.94066340354e-008],
        "var": [2.24353158274e-009, 1.3068675031e-009, 8.31680267765e-007, 7.79943491125e-007, 2.26934880629e-005, 4.92342878715e-005, 2.52397348959e-005, 3.0998402508e-005, 3.27984016621e-005, 1.17062327263e-005, 6.24186486675e-006, 1.36216794999e-006, 5.11911650847e-007, 6.37060963982e-007, 2.41925079081e-007, 1.41077251214e-007, 2.19908780075e-009, 2.60430188526e-009, 1.83998194458e-009, 2.88509465207e-008, 5.18019493967e-009, 1.227848756e-008, 8.50560084587e-008, 2.36073027793e-008, 5.64278845872e-010, 4.19678979069e-011, 5.60311237512e-013]
    },
    "erbbands": {
        "mean": [0.00130023539532, 0.0126199200749, 0.332618713379, 1.01861250401, 4.26854276657, 13.0736646652, 31.5216655731, 27.5616855621, 30.2306938171, 42.3618202209, 45.9909324646, 40.8428611755, 34.7803115845, 53.6717224121, 39.2826461792, 25.7542438507, 17.0896244049, 13.1362695694, 9.05134010315, 6.63313865662, 3.63551354408, 1.42516827583, 1.39270138741, 1.15123307705, 1.11037302017, 2.23246645927, 1.30501902103, 0.645512998104, 0.715404093266, 1.1804087162, 0.82587146759, 0.650174736977, 0.191802427173, 0.0477431416512, 0.0255778096616, 0.00867148954421, 0.00186373363249, 0.000376876851078, 1.94483163796e-005, 2.19811645366e-005],
        "var": [1.10916232643e-006, 0.000623707601335, 0.505625009537, 2.68561387062, 54.7134208679, 488.59664917, 2108.86108398, 3235.92114258, 5065.21875, 11831.2822266, 18588.0117188, 15383.3701172, 7814.24658203, 13082.09375, 7921.86474609, 2006.62072754, 1220.40942383, 2133.32836914, 601.532897949, 270.674743652, 166.635650635, 7.5948381424, 7.73212718964, 5.14359617233, 13.8807840347, 76.1587295532, 18.5405273438, 5.14194917679, 13.5348749161, 93.6140365601, 39.5781517029, 23.6549320221, 2.43352985382, 0.0996951535344, 0.0264688488096, 0.00226729223505, 9.71693661995e-005, 5.24202687302e-006, 4.37509228846e-009, 6.44820585816e-010]
    },
    "gfcc": {
        "mean": [-100.69405365, 148.070648193, -146.929748535, -13.1043252945, -79.1196975708, -8.91672420502, -38.4063148499, -19.4190139771, -25.4863929749, -6.75427865982, -8.55805683136, -4.61985063553, 2.71648716927],
        "cov": [[4706.04785156, -601.252502441, -263.778991699, 60.406124115, -540.450866699, -74.1263046265, -217.226303101, -60.8046913147, -201.7394104, -4.88193178177, -159.921966553, 45.7100410461, -187.177474976], [-601.252502441, 1179.33154297, -155.561584473, -283.848266602, 189.307922363, -189.466674805, 165.907012939, -121.865020752, 124.306549072, -84.6586380005, 45.6173439026, -101.289245605, 142.325592041], [-263.778991699, -155.561584473, 651.975646973, 313.718170166, 103.155830383, 99.0192718506, -110.478866577, 135.10786438, -120.034675598, -104.41594696, -33.7845916748, -67.9767990112, -201.308853149], [60.406124115, -283.848266602, 313.718170166, 623.586303711, 141.314956665, 103.446640015, -146.046295166, 86.559387207, -91.4142456055, -85.5196304321, 28.6554546356, -67.6234664917, -108.866676331], [-540.450866699, 189.307922363, 103.155830383, 141.314956665, 291.945739746, 55.1118240356, -10.5428943634, 30.8154983521, -24.1692657471, -54.6298789978, 30.0930900574, -40.9605369568, -15.936205864], [-74.1263046265, -189.466674805, 99.0192718506, 103.446640015, 55.1118240356, 224.148788452, -16.529548645, 50.7730636597, -37.1176452637, -1.11267399788, 7.30535793304, -1.79278063774, -51.9227790833], [-217.226303101, 165.907012939, -110.478866577, -146.046295166, -10.5428943634, -16.529548645, 166.417800903, -8.24529075623, 35.5490226746, 17.5003814697, -7.56101989746, 0.397577464581, 38.1637496948], [-60.8046913147, -121.865020752, 135.10786438, 86.559387207, 30.8154983521, 50.7730636597, -8.24529075623, 163.018569946, -30.0826377869, -22.0235710144, -3.32572126389, -26.6419067383, -64.1741485596], [-201.7394104, 124.306549072, -120.034675598, -91.4142456055, -24.1692657471, -37.1176452637, 35.5490226746, -30.0826377869, 139.603805542, 60.7531166077, 1.52857780457, 8.04524517059, 61.3447799683], [-4.88193178177, -84.6586380005, -104.41594696, -85.5196304321, -54.6298789978, -1.11267399788, 17.5003814697, -22.0235710144, 60.7531166077, 174.429046631, 0.41786172986, 34.6334228516, 52.6969871521], [-159.921966553, 45.6173439026, -33.7845916748, 28.6554546356, 30.0930900574, 7.30535793304, -7.56101989746, -3.32572126389, 1.52857780457, 0.41786172986, 102.142692566, 11.3793430328, 29.7146434784], [45.7100410461, -101.289245605, -67.9767990112, -67.6234664917, -40.9605369568, -1.79278063774, 0.397577464581, -26.6419067383, 8.04524517059, 34.6334228516, 11.3793430328, 104.407104492, 34.2393074036], [-187.177474976, 142.325592041, -201.308853149, -108.866676331, -15.936205864, -51.9227790833, 38.1637496948, -64.1741485596, 61.3447799683, 52.6969871521, 29.7146434784, 34.2393074036, 188.177703857]],
        "icov": [[0.000476533576148, -0.000368488690583, 0.000727426086087, -0.000399508862756, 0.00108967837878, -0.0001322147873, 0.000826254836284, -0.000177237641765, 0.00105266738683, -0.00023139253608, 0.000800949812401, -0.000322298525134, 0.000781349372119], [-0.000368488690583, 0.0031658092048, -0.00125969201326, 0.00176033808384, -0.00302284630015, 0.00172320380807, -0.00220033363439, 0.00183610769454, -0.00264083058573, 0.0019654694479, -0.00205563055351, 0.00322246993892, -0.00174948968925], [0.000727426086087, -0.00125969201326, 0.00441405829042, -0.00158578460105, 0.00174622947816, -0.000737097929232, 0.00249552633613, -0.00180283933878, 0.00278075132519, -0.000459827599116, 0.00236613140441, -0.000898153928574, 0.00331657892093], [-0.000399508862756, 0.00176033808384, -0.00158578460105, 0.0039576808922, -0.00266669061966, 0.000349052250385, 0.000376171752578, 0.000658528180793, -0.00144229154103, 0.00135302287526, -0.00218828697689, 0.00283283507451, -0.00119544041809], [0.00108967837878, -0.00302284630015, 0.00174622947816, -0.00266669061966, 0.00855741091073, -0.00233630323783, 0.00247492990457, -0.00165250268765, 0.00356655521318, -0.000927195942495, 0.00177372409962, -0.00188789854292, 0.0018704647664], [-0.0001322147873, 0.00172320380807, -0.000737097929232, 0.000349052250385, -0.00233630323783, 0.00647821649909, -0.00156177079771, 7.94959487393e-005, -0.000491488026455, 8.93490596354e-006, -0.00132919475436, 0.000834563048556, 0.000127820967464], [0.000826254836284, -0.00220033363439, 0.00249552633613, 0.000376171752578, 0.00247492990457, -0.00156177079771, 0.0105713093653, -0.00227710767649, 0.00214759656228, -0.00098425289616, 0.0027134467382, -0.000948545522988, 0.00155115732923], [-0.000177237641765, 0.00183610769454, -0.00180283933878, 0.000658528180793, -0.00165250268765, 7.94959487393e-005, -0.00227710767649, 0.00915841013193, -0.00137235107832, 0.000841065251734, -0.00164947065059, 0.00270728231408, 0.000334132753778], [0.00105266738683, -0.00264083058573, 0.00278075132519, -0.00144229154103, 0.00356655521318, -0.000491488026455, 0.00214759656228, -0.00137235107832, 0.0136234723032, -0.00435605179518, 0.00292211095802, -0.00136999844108, 0.0010142227402], [-0.00023139253608, 0.0019654694479, -0.000459827599116, 0.00135302287526, -0.000927195942495, 8.93490596354e-006, -0.00098425289616, 0.000841065251734, -0.00435605179518, 0.00901459343731, -0.000977957271971, 0.000570356205571, -0.00206921878271], [0.000800949812401, -0.00205563055351, 0.00236613140441, -0.00218828697689, 0.00177372409962, -0.00132919475436, 0.0027134467382, -0.00164947065059, 0.00292211095802, -0.000977957271971, 0.013382925652, -0.0033751714509, 0.000109451633762], [-0.000322298525134, 0.00322246993892, -0.000898153928574, 0.00283283507451, -0.00188789854292, 0.000834563048556, -0.000948545522988, 0.00270728231408, -0.00136999844108, 0.000570356205571, -0.0033751714509, 0.0152838351205, -0.00285483966582], [0.000781349372119, -0.00174948968925, 0.00331657892093, -0.00119544041809, 0.0018704647664, 0.000127820967464, 0.00155115732923, 0.000334132753778, 0.0010142227402, -0.00206921878271, 0.000109451633762, -0.00285483966582, 0.0110149644315]]
    },
    "melbands": {
        "mean": [1.18384787129e-005, 0.000121249868243, 0.000250058365054, 0.000596710829996, 0.000993148074485, 0.0006805647281, 0.00045733852312, 0.000452988926554, 0.000411239539972, 0.000244365364779, 0.000168263475643, 0.000212083308725, 0.000138947725645, 6.40399739495e-005, 7.91565835243e-005, 2.40456156462e-005, 2.51560450124e-005, 1.18977322927e-005, 1.50250461957e-005, 7.09102323526e-006, 3.04259242512e-006, 1.4965585251e-006, 1.17714455428e-006, 1.21379059692e-006, 9.07794799332e-007, 5.40749340416e-007, 1.22769097288e-006, 1.54777990247e-006, 8.79878086835e-007, 5.28885152562e-007, 2.92815826697e-007, 3.67508647514e-007, 4.86630312935e-007, 7.62560262046e-007, 4.70719697887e-007, 4.66103102781e-007, 3.6775864487e-007, 1.65406049746e-007, 4.55593820448e-008, 3.47557751468e-008],
        "var": [8.93158255688e-011, 7.00098325979e-008, 1.48344355466e-007, 7.65883726217e-007, 1.84329587682e-006, 1.71464409959e-006, 1.13671399049e-006, 1.52555264776e-006, 1.76530215867e-006, 5.9848963474e-007, 2.06538786074e-007, 2.2341370709e-007, 6.83748666575e-008, 1.77932637513e-008, 2.5646968993e-008, 8.69302407835e-009, 1.05111244153e-008, 1.18306642261e-009, 1.71799152682e-009, 1.12526366003e-009, 8.62099835963e-011, 7.96723364366e-012, 9.51269965577e-012, 4.76287282183e-012, 3.71906498653e-012, 2.51405363541e-012, 2.91064429503e-011, 3.71781251618e-011, 9.15786370348e-012, 3.96912494191e-012, 1.23807171112e-012, 2.86320468203e-012, 1.0971568272e-011, 4.66892496886e-011, 1.37057795668e-011, 1.25052841346e-011, 8.69272969578e-012, 2.35005591376e-012, 1.02899242946e-013, 5.87357243463e-014]
    },
    "mfcc": {
        "mean": [-737.807128906, 183.203552246, -20.5902328491, -5.51879835129, -27.2532691956, -3.35664987564, -13.4555187225, -13.9411258698, -13.3545131683, -10.0746574402, -15.5594158173, -7.02250099182, -2.40103816986],
        "cov": [[2728.41137695, -635.901733398, -18.4093666077, 38.3327560425, -336.830963135, -49.2319984436, -203.772109985, -46.2114257813, -143.06842041, -34.2681884766, -72.7035369873, -75.4374542236, -20.2495689392], [-635.901733398, 1247.01782227, -256.305908203, -170.975494385, -122.071060181, -56.6826477051, -8.2196931839, -89.4880371094, 144.336135864, -116.293518066, 83.6874313354, -21.7268657684, -21.9055423737], [-18.4093666077, -256.305908203, 491.536071777, 166.039398193, 189.034378052, -17.5173683167, 56.1739311218, 103.775817871, -107.464164734, 82.83959198, -51.9999465942, 18.6225261688, -14.6699209213], [38.3327560425, -170.975494385, 166.039398193, 385.114715576, 222.206481934, -14.8326396942, 47.7272605896, 50.5025978088, -74.6322479248, 40.8163833618, -71.7781448364, 24.00050354, -18.1344566345], [-336.830963135, -122.071060181, 189.034378052, 222.206481934, 441.670410156, 18.4548797607, 113.513694763, 100.870681763, -90.4243545532, 69.8005142212, -85.6498947144, 41.5370864868, 6.40154838562], [-49.2319984436, -56.6826477051, -17.5173683167, -14.8326396942, 18.4548797607, 171.262741089, 7.78213119507, -19.4314842224, 14.3719644547, 4.24373292923, -0.560631215572, -3.7139954567, 16.7301101685], [-203.772109985, -8.2196931839, 56.1739311218, 47.7272605896, 113.513694763, 7.78213119507, 191.078887939, 68.7334518433, -28.216709137, 33.439037323, -34.4170799255, 8.78556346893, -8.74899101257], [-46.2114257813, -89.4880371094, 103.775817871, 50.5025978088, 100.870681763, -19.4314842224, 68.7334518433, 181.614730835, -58.5179595947, 30.5879077911, -19.8421573639, -17.8632011414, -11.2193517685], [-143.06842041, 144.336135864, -107.464164734, -74.6322479248, -90.4243545532, 14.3719644547, -28.216709137, -58.5179595947, 172.173522949, -12.6533966064, 33.7075576782, 9.41379737854, -8.45778942108], [-34.2681884766, -116.293518066, 82.83959198, 40.8163833618, 69.8005142212, 4.24373292923, 33.439037323, 30.5879077911, -12.6533966064, 140.557815552, -13.2428016663, 23.4146976471, 14.3581104279], [-72.7035369873, 83.6874313354, -51.9999465942, -71.7781448364, -85.6498947144, -0.560631215572, -34.4170799255, -19.8421573639, 33.7075576782, -13.2428016663, 137.131240845, -11.7905597687, -2.87293791771], [-75.4374542236, -21.7268657684, 18.6225261688, 24.00050354, 41.5370864868, -3.7139954567, 8.78556346893, -17.8632011414, 9.41379737854, 23.4146976471, -11.7905597687, 98.2844924927, 20.640411377], [-20.2495689392, -21.9055423737, -14.6699209213, -18.1344566345, 6.40154838562, 16.7301101685, -8.74899101257, -11.2193517685, -8.45778942108, 14.3581104279, -2.87293791771, 20.640411377, 95.2287139893]],
        "icov": [[0.000603842781857, 0.000282908818917, 0.000109837375931, -0.000227352022193, 0.000669465400279, 0.000115166170872, 0.000435887748608, 3.91382563976e-005, 0.000560062995646, -2.38491320488e-005, 0.000486735021695, 0.000225949464948, 0.000165575547726], [0.000282908818917, 0.00121120922267, 0.000327782880049, 0.00016780338774, 2.08148067031e-005, 0.000579970132094, -0.000145766563946, 0.000327976449626, -0.000382154423278, 0.000650297908578, -0.000165338438819, 0.000299756648019, 0.000141232318128], [0.000109837375931, 0.000327782880049, 0.00312068196945, -0.000531622965354, -0.000373138347641, 0.000217278662603, 0.000234519262449, -0.00076701695798, 0.00105186714791, -0.00101534707937, 0.000112012145109, -0.000293675344437, 0.000709892483428], [-0.000227352022193, 0.00016780338774, -0.000531622965354, 0.0042323875241, -0.00200918014161, 0.000454429828096, 5.60260195925e-005, 0.000435197463958, 0.000191454077139, 6.93092006259e-005, 0.000568781804759, -0.000287986331386, 0.000912115559913], [0.000669465400279, 2.08148067031e-005, -0.000373138347641, -0.00200918014161, 0.00522868614644, -0.000775812892243, -0.000682433426846, -0.00113845779561, 0.0014370996505, -0.000708603707608, 0.00155995471869, -0.00104557326995, -0.000196799446712], [0.000115166170872, 0.000579970132094, 0.000217278662603, 0.000454429828096, -0.000775812892243, 0.00655509205535, -0.000511709367856, 0.00114575040061, -0.000790835823864, 0.000145028388943, -0.000108465006633, 0.00114858045708, -0.00107791321352], [0.000435887748608, -0.000145766563946, 0.000234519262449, 5.60260195925e-005, -0.000682433426846, -0.000511709367856, 0.00732427509502, -0.00203811912797, 0.000590914569329, -0.000974604277872, 0.00130134634674, -0.000389658176573, 0.000997658702545], [3.91382563976e-005, 0.000327976449626, -0.00076701695798, 0.000435197463958, -0.00113845779561, 0.00114575040061, -0.00203811912797, 0.00817557703704, 0.00116079929285, -0.000499145186041, -0.000412721943576, 0.00221122079529, 0.00038631123607], [0.000560062995646, -0.000382154423278, 0.00105186714791, 0.000191454077139, 0.0014370996505, -0.000790835823864, 0.000590914569329, 0.00116079929285, 0.0087369363755, -0.00111354887486, -9.31298636715e-005, -0.0013172988547, 0.00168964313343], [-2.38491320488e-005, 0.000650297908578, -0.00101534707937, 6.93092006259e-005, -0.000708603707608, 0.000145028388943, -0.000974604277872, -0.000499145186041, -0.00111354887486, 0.00910945702344, -0.000498310604598, -0.00123883923516, -0.00134378869552], [0.000486735021695, -0.000165338438819, 0.000112012145109, 0.000568781804759, 0.00155995471869, -0.000108465006633, 0.00130134634674, -0.000412721943576, -9.31298636715e-005, -0.000498310604598, 0.00925635918975, 0.000472083513159, 0.00041995398351], [0.000225949464948, 0.000299756648019, -0.000293675344437, -0.000287986331386, -0.00104557326995, 0.00114858045708, -0.000389658176573, 0.00221122079529, -0.0013172988547, -0.00123883923516, 0.000472083513159, 0.012466837652, -0.00250796880573], [0.000165575547726, 0.000141232318128, 0.000709892483428, 0.000912115559913, -0.000196799446712, -0.00107791321352, 0.000997658702545, 0.00038631123607, 0.00168964313343, -0.00134378869552, 0.00041995398351, -0.00250796880573, 0.0121004935354]]
    },
    "spectral_contrast_coeffs": {
        "mean": [-0.499503225088, -0.653126955032, -0.679014146328, -0.704757153988, -0.774180233479, -0.725139439106],
        "var": [0.00898753665388, 0.0062709832564, 0.00616138149053, 0.0030776062049, 0.00183685007505, 0.0031452535186]
    },
    "spectral_contrast_valleys": {
        "mean": [-9.26409721375, -6.91963720322, -8.00986480713, -8.77015590668, -9.34291553497, -12.6746473312],
        "var": [0.856502115726, 1.38463139534, 1.14940166473, 0.882946908474, 1.08192527294, 1.10464298725]
    }
},
"metadata": {
    "audio_properties": {
        "analysis_sample_rate": 44100,
        "bit_rate": 102615,
        "equal_loudness": 0,
        "length": 45.0873451233,
        "lossless": 0,
        "replay_gain": -7.95576477051,
        "sample_rate": 44100,
        "codec": "mp3",
        "downmix": "mix",
        "md5_encoded": "7e81cd85eb9eed4a90500a363367144a"
    },
    "tags": {
        "file_name": "841.mp3"
    },
    "version": {
        "essentia": "2.1-beta2",
        "essentia_git_sha": "v2.1_beta2",
        "extractor": "music 1.0"
    }
},
"rhythm": {
    "beats_count": 75,
    "beats_loudness": {
        "mean": 0.0345831699669,
        "var": 0.000597181206103
    },
    "bpm": 100.941513062,
    "bpm_histogram_first_peak_bpm": {
        "mean": 101,
        "var": 0
    },
    "bpm_histogram_first_peak_spread": {
        "mean": 0.642857134342,
        "var": 0
    },
    "bpm_histogram_first_peak_weight": {
        "mean": 0.337837845087,
        "var": 0
    },
    "bpm_histogram_second_peak_bpm": {
        "mean": 96,
        "var": 0
    },
    "bpm_histogram_second_peak_spread": {
        "mean": 0,
        "var": 0
    },
    "bpm_histogram_second_peak_weight": {
        "mean": 0.0540540553629,
        "var": 0
    },
    "danceability": 1.31438863277,
    "onset_rate": 4.89970445633,
    "beats_loudness_band_ratio": {
        "mean": [0.121832109988, 0.534493863583, 0.278759151697, 0.133102282882, 0.0128670735285, 0.00662902928889],
        "var": [0.0268018878996, 0.0271670985967, 0.0185360461473, 0.00866622757167, 0.0001602537086, 0.000472292595077]
    },
    "beats_position": [0.615328788757, 1.23065757751, 1.83437633514, 2.43809509277, 3.05342388153, 3.68036270142, 4.28408145905, 4.8994102478, 5.52634906769, 6.15328788757, 6.78022670746, 7.38394546509, 7.97605419159, 8.56816291809, 9.14866161346, 9.72916126251, 10.321269989, 10.9133787155, 11.5170974731, 12.0975961685, 12.6780948639, 13.2585935593, 13.8623123169, 14.4544210434, 15.0465307236, 15.6270294189, 16.2075271606, 16.7880268097, 17.3801364899, 17.9722442627, 18.5527439117, 19.1332416534, 19.7253513336, 20.3174591064, 20.8979587555, 21.4900684357, 22.0705661774, 22.6626758575, 23.2431735992, 23.8236732483, 24.4157810211, 25.0078907013, 25.6000003815, 26.1921081543, 26.7726078033, 27.353105545, 27.9452152252, 28.537322998, 29.1294326782, 29.7215423584, 30.3136501312, 30.9057598114, 31.4862575531, 32.0667572021, 32.6588668823, 33.2625846863, 33.8663024902, 34.4584121704, 35.0621299744, 35.6658477783, 36.269569397, 36.8732872009, 37.4770050049, 38.0807266235, 38.6844444275, 39.2881622314, 39.8802719116, 40.4956016541, 41.099319458, 41.703037262, 42.3067550659, 42.9104766846, 43.5258026123, 44.1411323547, 44.7448501587]
},
"tonal": {
    "chords_changes_rate": 0.0267489720136,
    "chords_number_rate": 0.00720164598897,
    "chords_strength": {
        "mean": 0.537886142731,
        "var": 0.00645205751061
    },
    "hpcp_entropy": {
        "mean": 1.56504774094,
        "var": 0.405460983515
    },
    "key_strength": 0.744142830372,
    "tuning_diatonic_strength": 0.621202409267,
    "tuning_equal_tempered_deviation": 0.0663418918848,
    "tuning_frequency": 440.763122559,
    "tuning_nontempered_energy_ratio": 0.709068953991,
    "hpcp": {
        "mean": [0.0526441372931, 0.0450748465955, 0.182347327471, 0.293470740318, 0.173880785704, 0.0649039149284, 0.0529265515506, 0.0815611556172, 0.2460565418, 0.302321761847, 0.128346309066, 0.0276603568345, 0.0188974291086, 0.0163996201009, 0.0254114530981, 0.036314625293, 0.14128176868, 0.420088380575, 0.418814867735, 0.130148351192, 0.0268563944846, 0.0525333583355, 0.0818381309509, 0.1247735098, 0.145398363471, 0.0832643583417, 0.0301918257028, 0.0224466305226, 0.0340134762228, 0.0852034464478, 0.102557905018, 0.0956423431635, 0.146988019347, 0.144877746701, 0.0697055160999, 0.0514715835452],
        "var": [0.0171429440379, 0.0129257244989, 0.0570317208767, 0.116979703307, 0.056103117764, 0.0349073894322, 0.0285414122045, 0.0309505350888, 0.0949482470751, 0.13625241816, 0.0317439883947, 0.00942430552095, 0.00566964875907, 0.00437023863196, 0.00877776090056, 0.0118403071538, 0.0415667816997, 0.14515247941, 0.135526046157, 0.0216851849109, 0.00833561085165, 0.0223926045001, 0.0390237346292, 0.0482586547732, 0.066368997097, 0.0302199311554, 0.0133763300255, 0.0103253526613, 0.0100097851828, 0.0283745210618, 0.036168307066, 0.0349793955684, 0.0700142234564, 0.0676663517952, 0.020278993994, 0.0126820607111]
    },
    "chords_histogram": [40.0205764771, 0.720164597034, 0, 0, 10.9053497314, 0, 0, 0, 1.74897122383, 0, 0, 0, 0, 0, 0, 0, 0, 1.54320991039, 0, 0, 0, 3.29218101501, 33.436214447, 8.33333301544],
    "thpcp": [1, 0.996968448162, 0.309811830521, 0.0639303401113, 0.125053107738, 0.194811701775, 0.297017276287, 0.346113741398, 0.19820676744, 0.0718701779842, 0.0534331128001, 0.0809674263, 0.202822670341, 0.244134113193, 0.227671951056, 0.349897831678, 0.344874441624, 0.165930598974, 0.12252561003, 0.125316813588, 0.107298485935, 0.43406894803, 0.698592841625, 0.413914769888, 0.154500618577, 0.125989094377, 0.194152370095, 0.585725665092, 0.719662308693, 0.305522173643, 0.0658441334963, 0.0449844114482, 0.0390384979546, 0.0604907311499, 0.0864452049136, 0.336314380169],
    "chords_key": "D#",
    "chords_scale": "major",
    "key_key": "D#",
    "key_scale": "major"
}
}