{
"lowlevel": {
    "average_loudness": 0.488301187754,
    "barkbands_crest": {
        "mean": 15.6014699936,
        "var": 49.3812103271
    },
    "barkbands_flatness_db": {
        "mean": 0.352733999491,
        "var": 0.00521772261709
    },
    "barkbands_kurtosis": {
        "mean": 14.9900522232,
        "var": 895.422424316
    },
    "barkbands_skewness": {
        "mean": 2.17476654053,
        "var": 8.92929267883
    },
    "barkbands_spread": {
        "mean": 14.1256961823,
        "var": 115.786529541
    },
    "dissonance": {
        "mean": 0.412277489901,
        "var": 0.00526106869802
    },
    "dynamic_complexity": 2.47113800049,
    "erbbands_crest": {
        "mean": 18.6712169647,
        "var": 42.9236907959
    },
    "erbbands_flatness_db": {
        "mean": 0.317729264498,
        "var": 0.00893269758672
    },
    "erbbands_kurtosis": {
        "mean": 7.86534643173,
        "var": 270.800354004
    },
    "erbbands_skewness": {
        "mean": -0.499775797129,
        "var": 3.99912190437
    },
    "erbbands_spread": {
        "mean": 16.0979442596,
        "var": 135.724960327
    },
    "hfc": {
        "mean": 20.8058795929,
        "var": 390.169036865
    },
    "melbands_crest": {
        "mean": 19.4088916779,
        "var": 72.9221878052
    },
    "melbands_flatness_db": {
        "mean": 0.402303308249,
        "var": 0.00615536887199
    },
    "melbands_kurtosis": {
        "mean": 5.91149187088,
        "var": 107.64894104
    },
    "melbands_skewness": {
        "mean": 1.65746676922,
        "var": 2.60241866112
    },
    "melbands_spread": {
        "mean": 21.4294052124,
        "var": 199.515655518
    },
    "pitch_salience": {
        "mean": 0.345588922501,
        "var": 0.0236529652029
    },
    "silence_rate_20dB": {
        "mean": 1,
        "var": 0
    },
    "silence_rate_30dB": {
        "mean": 0.697734296322,
        "var": 0.21090297401
    },
    "silence_rate_60dB": {
        "mean": 0.00205973233096,
        "var": 0.00205553858541
    },
    "spectral_centroid": {
        "mean": 1080.3425293,
        "var": 377787.5
    },
    "spectral_complexity": {
        "mean": 10.2873325348,
        "var": 21.7525291443
    },
    "spectral_decrease": {
        "mean": -2.93721065248e-008,
        "var": 9.27932111134e-016
    },
    "spectral_energy": {
        "mean": 0.11274433881,
        "var": 0.0131708867848
    },
    "spectral_energyband_high": {
        "mean": 0.000175229259185,
        "var": 1.96190796942e-007
    },
    "spectral_energyband_low": {
        "mean": 0.0275748334825,
        "var": 0.000796545704361
    },
    "spectral_energyband_middle_high": {
        "mean": 0.0130821857601,
        "var": 0.000281527318293
    },
    "spectral_energyband_middle_low": {
        "mean": 0.00844990182668,
        "var": 0.000114928247058
    },
    "spectral_entropy": {
        "mean": 6.58874750137,
        "var": 0.409981250763
    },
    "spectral_flux": {
        "mean": 0.086625598371,
        "var": 0.00158452405594
    },
    "spectral_kurtosis": {
        "mean": 26.6929798126,
        "var": 2019.57495117
    },
    "spectral_rms": {
        "mean": 0.00925050489604,
        "var": 2.4422604838e-005
    },
    "spectral_rolloff": {
        "mean": 758.677368164,
        "var": 1094290.625
    },
    "spectral_skewness": {
        "mean": 2.56592845917,
        "var": 5.57846736908
    },
    "spectral_spread": {
        "mean": 2460023.25,
        "var": 3.0540234752e+012
    },
    "spectral_strongpeak": {
        "mean": 1.21737539768,
        "var": 4.99041891098
    },
    "zerocrossingrate": {
        "mean": 0.0279645361006,
        "var": 0.000896502460819
    },
    "barkbands": {
        "mean": [0.0834416300058, 0.00663496972993, 0.00103911338374, 7.24156852812e-005, 0.00406125094742, 0.00127295777202, 0.00165475090034, 0.000974575115833, 0.000247271062108, 0.000320234044921, 0.00711582275108, 0.00190017512068, 0.00244168611243, 0.000255188409938, 0.000364609295502, 0.000257847859757, 0.000217800945393, 0.000118406234833, 0.000133727255161, 0.000105410843389, 5.79797269893e-005, 4.0622016968e-005, 1.04939845187e-005, 1.05356548374e-006, 2.2118636025e-006, 2.19826301873e-006, 1.12593667723e-009],
        "var": [0.0137918712571, 1.12629295472e-005, 1.07543837657e-006, 5.03354913306e-009, 2.32009588217e-005, 3.73851389668e-006, 5.27714837517e-005, 1.10922674139e-005, 1.28238332309e-006, 9.62750846156e-007, 0.0001258172706, 1.53188539116e-005, 4.00201824959e-005, 1.8635022343e-006, 5.52228448214e-006, 1.28275792122e-006, 8.2213512087e-007, 1.80763422009e-007, 1.49739108224e-007, 1.16917384219e-007, 1.65593991852e-008, 3.26235181092e-008, 2.52218068653e-009, 1.14843051735e-010, 6.45613493222e-011, 1.10228090544e-010, 1.25782862383e-017]
    },
    "erbbands": {
        "mean": [0.443225473166, 1.1556429863, 1.5805529356, 0.450124740601, 1.87168884277, 19.8263759613, 12.9713468552, 11.7306938171, 27.1118049622, 27.9042663574, 9.24467182159, 6.15627145767, 10.8429012299, 28.9677581787, 376.552093506, 86.9432601929, 107.361839294, 17.3677825928, 14.6588258743, 18.7042713165, 14.0983743668, 9.94084072113, 6.61623334885, 6.85328817368, 6.28304386139, 5.05138158798, 3.64212703705, 1.56320035458, 1.79158043861, 0.623352766037, 0.193914741278, 0.0387822389603, 0.0118364691734, 0.00986740924418, 0.0252913460135, 0.0170608088374, 0.0019024569774, 6.36514741927e-005, 5.33976781298e-005, 0.000123689591419],
        "var": [0.0979891493917, 0.413829892874, 1.85213959217, 0.101996846497, 3.12396359444, 585.415466309, 380.081878662, 375.591491699, 11425.2265625, 6863.63574219, 788.194274902, 852.260864258, 795.975585938, 2180.07446289, 336119.59375, 21311.7460938, 73597.4921875, 5504.80712891, 5059.57861328, 11169.7441406, 3226.62060547, 1420.3638916, 443.130187988, 622.37878418, 268.77557373, 273.399932861, 71.1315383911, 12.6730709076, 74.6652450562, 7.1484079361, 0.72451376915, 0.0657307058573, 0.0240035820752, 0.00153772730846, 0.00988662522286, 0.00601664325222, 7.34857967473e-005, 6.05489347549e-008, 2.73846278986e-009, 1.51148853433e-008]
    },
    "gfcc": {
        "mean": [-99.7212524414, 179.482192993, -126.992721558, 22.5246772766, -18.4034576416, -3.47479152679, 11.7876911163, -21.1391868591, -29.1990203857, -1.69466638565, 9.25251293182, 25.4449501038, 17.3572120667],
        "cov": [[5183.33935547, -1525.91650391, -215.817642212, 825.545410156, -1011.61914063, -108.884132385, -270.221618652, 385.361541748, 53.4219703674, 497.864715576, -168.575515747, 263.309082031, -303.458862305], [-1525.91650391, 2042.58557129, -497.597381592, -796.864074707, 776.758361816, -131.479919434, 137.423034668, -436.760009766, 90.8472747803, -338.320709229, 134.816864014, -304.508972168, 170.73979187], [-215.817642212, -497.597381592, 1617.86914063, -211.161575317, -895.654846191, 248.007827759, -65.6070632935, 194.823944092, -115.155044556, 232.50062561, -83.9382781982, -46.2649536133, -76.1359024048], [825.545410156, -796.864074707, -211.161575317, 1354.28808594, -471.551330566, -536.225891113, 111.916259766, 120.369873047, 41.3770751953, 17.8210506439, -42.1491661072, 133.703781128, -20.0488758087], [-1011.61914063, 776.758361816, -895.654846191, -471.551330566, 1279.16662598, 198.089233398, 54.4889030457, -219.688674927, -151.250717163, -344.790527344, 72.5248565674, 48.6414108276, 228.832641602], [-108.884132385, -131.479919434, 248.007827759, -536.225891113, 198.089233398, 748.287597656, -118.624351501, -158.564544678, -170.826324463, -69.5881729126, 101.45072937, 55.1075325012, -13.8184785843], [-270.221618652, 137.423034668, -65.6070632935, 111.916259766, 54.4889030457, -118.624351501, 240.757919312, 4.02067804337, -73.0470428467, -68.0552825928, -25.248752594, 10.035697937, 37.0593490601], [385.361541748, -436.760009766, 194.823944092, 120.369873047, -219.688674927, -158.564544678, 4.02067804337, 372.756378174, 34.2122993469, 126.662094116, -137.477874756, 15.0603599548, -11.4592075348], [53.4219703674, 90.8472747803, -115.155044556, 41.3770751953, -151.250717163, -170.826324463, -73.0470428467, 34.2122993469, 266.486206055, 103.406524658, -21.2247772217, -83.6395721436, -68.2760238647], [497.864715576, -338.320709229, 232.50062561, 17.8210506439, -344.790527344, -69.5881729126, -68.0552825928, 126.662094116, 103.406524658, 273.013427734, -57.8353691101, -8.55584526062, -121.15447998], [-168.575515747, 134.816864014, -83.9382781982, -42.1491661072, 72.5248565674, 101.45072937, -25.248752594, -137.477874756, -21.2247772217, -57.8353691101, 212.452819824, 43.9326057434, -33.7206916809], [263.309082031, -304.508972168, -46.2649536133, 133.703781128, 48.6414108276, 55.1075325012, 10.035697937, 15.0603599548, -83.6395721436, -8.55584526062, 43.9326057434, 197.574417114, 4.00560665131], [-303.458862305, 170.73979187, -76.1359024048, -20.0488758087, 228.832641602, -13.8184785843, 37.0593490601, -11.4592075348, -68.2760238647, -121.15447998, -33.7206916809, 4.00560665131, 175.545944214]],
        "icov": [[0.000810648372862, -0.00126761873253, 0.00152253836859, -0.000776630768087, 0.00182306405623, -0.00143265526276, 0.00163476541638, -0.00145961972885, 0.00211907038465, -0.00178266712464, 0.00129812397063, -0.00164493289776, 0.000157017246238], [-0.00126761873253, 0.00662542833015, -0.00296168914065, 0.00449255667627, -0.00389183405787, 0.00620683468878, -0.00461600162089, 0.00620203651488, -0.00542918778956, 0.00631871586666, -0.00390201061964, 0.00602090219036, -0.00110323808622], [0.00152253836859, -0.00296168914065, 0.0051095392555, -0.00100261217449, 0.00576540594921, -0.0036337217316, 0.00345508567989, -0.00363013916649, 0.00591972656548, -0.0040698167868, 0.00272904802114, -0.00327901425771, -0.00106117257383], [-0.000776630768087, 0.00449255667627, -0.00100261217449, 0.0050356942229, -0.000816318090074, 0.00523665966466, -0.00286224740557, 0.00425820564851, -0.00277670565993, 0.00529190478846, -0.00218970444985, 0.00244096270762, -0.00111729849596], [0.00182306405623, -0.00389183405787, 0.00576540594921, -0.000816318090074, 0.00830220244825, -0.00420587742701, 0.00431293621659, -0.00410601636395, 0.00674790097401, -0.0034141598735, 0.00361256673932, -0.00535824103281, -0.00190352252685], [-0.00143265526276, 0.00620683468878, -0.0036337217316, 0.00523665966466, -0.00420587742701, 0.00919457525015, -0.00300411111675, 0.00678719533607, -0.00393021618947, 0.00723447371274, -0.00370774697512, 0.0046520405449, 0.000438162387582], [0.00163476541638, -0.00461600162089, 0.00345508567989, -0.00286224740557, 0.00431293621659, -0.00300411111675, 0.0102581027895, -0.00446258671582, 0.00772816175595, -0.003551292466, 0.00439097965136, -0.00484445272014, 0.00168050767388], [-0.00145961972885, 0.00620203651488, -0.00363013916649, 0.00425820564851, -0.00410601636395, 0.00678719533607, -0.00446258671582, 0.0104623483494, -0.00559142976999, 0.00515888817608, -0.0015594427241, 0.00454574916512, -0.00114934390876], [0.00211907038465, -0.00542918778956, 0.00591972656548, -0.00277670565993, 0.00674790097401, -0.00393021618947, 0.00772816175595, -0.00559142976999, 0.0149116525427, -0.00761651666835, 0.00415336061269, -0.00342933391221, 0.00151107634883], [-0.00178266712464, 0.00631871586666, -0.0040698167868, 0.00529190478846, -0.0034141598735, 0.00723447371274, -0.003551292466, 0.00515888817608, -0.00761651666835, 0.0162759721279, -0.00196098117158, 0.00403525773436, 0.00352029455826], [0.00129812397063, -0.00390201061964, 0.00272904802114, -0.00218970444985, 0.00361256673932, -0.00370774697512, 0.00439097965136, -0.0015594427241, 0.00415336061269, -0.00196098117158, 0.0106383254752, -0.00634345319122, 0.00339319743216], [-0.00164493289776, 0.00602090219036, -0.00327901425771, 0.00244096270762, -0.00535824103281, 0.0046520405449, -0.00484445272014, 0.00454574916512, -0.00342933391221, 0.00403525773436, -0.00634345319122, 0.0141938701272, -0.0012637951877], [0.000157017246238, -0.00110323808622, -0.00106117257383, -0.00111729849596, -0.00190352252685, 0.000438162387582, 0.00168050767388, -0.00114934390876, 0.00151107634883, 0.00352029455826, 0.00339319743216, -0.0012637951877, 0.0122370682657]]
    },
    "melbands": {
        "mean": [0.00573231512681, 0.00105067109689, 9.04196567717e-005, 0.000706430815626, 0.000655216048472, 0.000285209651338, 0.000397118914407, 0.00030136006535, 6.00932289672e-005, 3.61443417205e-005, 5.14742932864e-005, 3.70794150513e-005, 0.00108784006443, 0.000471272360301, 0.000292602111585, 0.000123579418869, 2.60340930254e-005, 1.95652846742e-005, 3.25559012708e-005, 2.01443635888e-005, 1.69727409229e-005, 1.20859185699e-005, 5.94625635131e-006, 5.70307111047e-006, 5.52141682419e-006, 4.98071585753e-006, 3.68219116353e-006, 3.41505733559e-006, 2.78840252577e-006, 1.08330664261e-006, 8.57460747739e-007, 1.23338077174e-006, 4.22137446776e-007, 3.33631930971e-007, 1.36747800639e-007, 3.01734246477e-008, 1.77577028637e-008, 7.73625874473e-009, 5.22010523696e-009, 8.26103185858e-009],
        "var": [3.03651813738e-005, 3.98628117182e-007, 4.01728916799e-009, 6.77914329117e-007, 7.77285720233e-007, 2.45356744699e-007, 2.49149275078e-006, 8.24313644898e-007, 3.9507494165e-008, 2.57795402803e-008, 2.06005399406e-008, 1.55495563092e-008, 2.79568416772e-006, 5.69337714751e-007, 5.58645240289e-007, 1.09161611306e-007, 1.94243678919e-008, 8.51303294525e-009, 5.28687849055e-008, 1.02374464461e-008, 5.46533840406e-009, 2.70040678707e-009, 3.83219955769e-010, 4.10505823778e-010, 4.59083882021e-010, 2.07169448263e-010, 7.5929929011e-011, 2.13235804014e-010, 5.03305973287e-011, 8.2124116535e-012, 4.56415807926e-012, 3.64303170963e-011, 3.65260339336e-012, 2.65212699892e-012, 4.41312188616e-013, 2.2309467167e-014, 2.75769194264e-014, 1.32416152424e-014, 4.56538349537e-015, 1.23057624203e-015]
    },
    "mfcc": {
        "mean": [-742.803894043, 196.945419312, -19.3166866302, 45.2445983887, -3.1828558445, 25.8980236053, 27.4265422821, 7.86418485641, -4.89780092239, -26.0849933624, -13.6607866287, 6.81232070923, 29.822511673],
        "cov": [[3091.40649414, -1131.92456055, -675.616760254, 1026.64660645, -539.597717285, -67.3955307007, -514.227050781, -35.2472953796, 9.81735420227, 79.4473495483, 274.412261963, 144.244354248, 261.194458008], [-1131.92456055, 1585.69470215, -65.0963363647, -1182.20788574, 476.576416016, 21.0970516205, 217.501937866, -155.282485962, -24.9631614685, 83.57447052, -116.997459412, -42.299079895, -271.715301514], [-675.616760254, -65.0963363647, 1780.85571289, 69.2038955688, -760.943725586, -11.2954778671, -239.150360107, -60.4581680298, -4.31696128845, 57.0107192993, 166.68888855, 81.485206604, 186.347610474], [1026.64660645, -1182.20788574, 69.2038955688, 1738.72045898, -585.39630127, -485.058868408, -269.823455811, -34.0542030334, 231.238922119, -7.30036115646, 49.0462837219, -87.9279632568, 237.845153809], [-539.597717285, 476.576416016, -760.943725586, -585.39630127, 834.852783203, 159.968399048, 311.579315186, 82.8385620117, -98.9568710327, -115.981681824, -223.117828369, -52.8961257935, -189.202346802], [-67.3955307007, 21.0970516205, -11.2954778671, -485.058868408, 159.968399048, 545.156616211, 154.443069458, 105.084869385, -246.312332153, -149.251251221, -25.3736457825, 75.6089248657, 3.64735865593], [-514.227050781, 217.501937866, -239.150360107, -269.823455811, 311.579315186, 154.443069458, 426.713867188, 131.482208252, -75.3071899414, -119.50579071, -160.0521698, -111.610649109, -118.903869629], [-35.2472953796, -155.282485962, -60.4581680298, -34.0542030334, 82.8385620117, 105.084869385, 131.482208252, 234.520111084, -13.3166561127, -83.1617050171, -55.8751716614, -44.1387023926, 8.11540794373], [9.81735420227, -24.9631614685, -4.31696128845, 231.238922119, -98.9568710327, -246.312332153, -75.3071899414, -13.3166561127, 341.499938965, 153.654327393, -17.1170158386, -198.191253662, -86.395652771], [79.4473495483, 83.57447052, 57.0107192993, -7.30036115646, -115.981681824, -149.251251221, -119.50579071, -83.1617050171, 153.654327393, 219.427734375, 63.6561965942, -82.3886795044, -77.3530273438], [274.412261963, -116.997459412, 166.68888855, 49.0462837219, -223.117828369, -25.3736457825, -160.0521698, -55.8751716614, -17.1170158386, 63.6561965942, 220.544494629, 144.542449951, 88.3017272949], [144.244354248, -42.299079895, 81.485206604, -87.9279632568, -52.8961257935, 75.6089248657, -111.610649109, -44.1387023926, -198.191253662, -82.3886795044, 144.542449951, 370.460449219, 178.822021484], [261.194458008, -271.715301514, 186.347610474, 237.845153809, -189.202346802, 3.64735865593, -118.903869629, 8.11540794373, -86.395652771, -77.3530273438, 88.3017272949, 178.822021484, 260.579711914]],
        "icov": [[0.00105013861321, 7.25786376279e-005, 0.00103210553061, -0.000268097501248, 0.00103887915611, -0.00050688412739, 0.00113322585821, -0.000423138029873, 0.000587891379837, -0.000321855361108, -0.000252923928201, 0.000284175155684, -0.000188566904399], [7.25786376279e-005, 0.00256120413542, -5.91799907852e-005, 0.00214092363603, 5.30764154973e-005, 0.00167828227859, -0.000672912807204, 0.00206719106063, -0.000282016902929, 0.000764313037507, 0.000715961738024, 0.000190340855625, 8.98493308341e-005], [0.00103210553061, -5.91799907852e-005, 0.00221124198288, 0.00023219230934, 0.00259299529716, -0.000341533974279, 0.00128349603619, -0.000488552846946, 0.000697580631822, 0.000172733445652, 0.000243033922743, 0.000511850521434, -0.000552165089175], [-0.000268097501248, 0.00214092363603, 0.00023219230934, 0.00357938068919, 0.00118474953342, 0.00282717682421, -0.000458538386738, 0.00189706601668, -0.000578141480219, 0.00257590506226, 0.00100081588607, 0.0011526516173, -0.000936832046136], [0.00103887915611, 5.30764154973e-005, 0.00259299529716, 0.00118474953342, 0.00582177657634, 0.000270748394541, 0.000801414484158, -0.000587798538618, 0.00073545507621, 0.00132125266828, 0.00249729026109, -0.000383890932426, 0.000738855509553], [-0.00050688412739, 0.00167828227859, -0.000341533974279, 0.00282717682421, 0.000270748394541, 0.00563370063901, -0.000760231981985, 0.000504337192979, 0.00177531898953, 0.00277472427115, 5.34531864105e-005, 0.00132189702708, 0.00016395568673], [0.00113322585821, -0.000672912807204, 0.00128349603619, -0.000458538386738, 0.000801414484158, -0.000760231981985, 0.00671970145777, -0.0026304514613, 0.0018446194008, 0.00178964878432, 0.000281449494651, 0.00173946016002, 0.00125756266061], [-0.000423138029873, 0.00206719106063, -0.000488552846946, 0.00189706601668, -0.000587798538618, 0.000504337192979, -0.0026304514613, 0.00825924519449, -0.00212750234641, 0.00260332529433, 0.000203485848033, 0.000987331033684, -0.00137295969762], [0.000587891379837, -0.000282016902929, 0.000697580631822, -0.000578141480219, 0.00073545507621, 0.00177531898953, 0.0018446194008, -0.00212750234641, 0.00843343976885, -0.00296878791414, -0.000320049002767, 0.00332166394219, 0.000306424277369], [-0.000321855361108, 0.000764313037507, 0.000172733445652, 0.00257590506226, 0.00132125266828, 0.00277472427115, 0.00178964878432, 0.00260332529433, -0.00296878791414, 0.0141452867538, -0.00359081267379, 0.0028888634406, 0.00274999556132], [-0.000252923928201, 0.000715961738024, 0.000243033922743, 0.00100081588607, 0.00249729026109, 5.34531864105e-005, 0.000281449494651, 0.000203485848033, -0.000320049002767, -0.00359081267379, 0.0117269419134, -0.00468647154048, -8.24761591502e-005], [0.000284175155684, 0.000190340855625, 0.000511850521434, 0.0011526516173, -0.000383890932426, 0.00132189702708, 0.00173946016002, 0.000987331033684, 0.00332166394219, 0.0028888634406, -0.00468647154048, 0.00916016567498, -0.00377794541419], [-0.000188566904399, 8.98493308341e-005, -0.000552165089175, -0.000936832046136, 0.000738855509553, 0.00016395568673, 0.00125756266061, -0.00137295969762, 0.000306424277369, 0.00274999556132, -8.24761591502e-005, -0.00377794541419, 0.0100595122203]]
    },
    "spectral_contrast_coeffs": {
        "mean": [-0.665700078011, -0.654920816422, -0.604767680168, -0.727085649967, -0.791290342808, -0.647627651691],
        "var": [0.00501651270315, 0.00546021526679, 0.00768821546808, 0.00609215395525, 0.00289569981396, 0.0112349484116]
    },
    "spectral_contrast_valleys": {
        "mean": [-7.03714513779, -7.88459777832, -8.05013370514, -8.70062446594, -8.50483036041, -13.6835565567],
        "var": [0.816496789455, 1.40489900112, 1.13877797127, 1.24529540539, 1.49206638336, 1.19291734695]
    }
},
"metadata": {
    "audio_properties": {
        "analysis_sample_rate": 44100,
        "bit_rate": 96088,
        "equal_loudness": 0,
        "length": 45.0612258911,
        "lossless": 0,
        "replay_gain": -4.27328491211,
        "sample_rate": 44100,
        "codec": "mp3",
        "downmix": "mix",
        "md5_encoded": "c496702e46bf70effe2c31fdc6485abd"
    },
    "tags": {
        "file_name": "844.mp3"
    },
    "version": {
        "essentia": "2.1-beta2",
        "essentia_git_sha": "v2.1_beta2",
        "extractor": "music 1.0"
    }
},
"rhythm": {
    "beats_count": 99,
    "beats_loudness": {
        "mean": 0.112928926945,
        "var": 0.0132334530354
    },
    "bpm": 123.349327087,
    "bpm_histogram_first_peak_bpm": {
        "mean": 123,
        "var": 0
    },
    "bpm_histogram_first_peak_spread": {
        "mean": 0.333333343267,
        "var": 0
    },
    "bpm_histogram_first_peak_weight": {
        "mean": 0.285714298487,
        "var": 0
    },
    "bpm_histogram_second_peak_bpm": {
        "mean": 140,
        "var": 0
    },
    "bpm_histogram_second_peak_spread": {
        "mean": 0.468749970198,
        "var": 0
    },
    "bpm_histogram_second_peak_weight": {
        "mean": 0.173469394445,
        "var": 0
    },
    "danceability": 0.854116797447,
    "onset_rate": 2.21820282936,
    "beats_loudness_band_ratio": {
        "mean": [0.600515246391, 0.114914275706, 0.0478767566383, 0.219525590539, 0.0246702414006, 0.00912981200963],
        "var": [0.085475884378, 0.0165302846581, 0.00723431771621, 0.0637275129557, 0.00299421139061, 0.000541318906471]
    },
    "beats_position": [0.394739210606, 0.777868449688, 1.18421769142, 1.59056687355, 1.99691605568, 2.41487526894, 2.82122445107, 3.22757363319, 3.64553284645, 4.05188179016, 4.45823097229, 4.86458063126, 5.27092981339, 5.67727899551, 6.08362817764, 6.48997735977, 6.8963265419, 7.30267572403, 7.77868461609, 8.25469398499, 8.73070240021, 9.2067117691, 9.69433116913, 10.1935596466, 10.6347389221, 11.0759181976, 11.5170974731, 11.9466667175, 12.387845993, 12.8290243149, 13.2818136215, 13.7346029282, 14.1757822037, 14.6285715103, 15.0581407547, 15.4877090454, 15.9172782898, 16.3584575653, 16.7996368408, 17.2408161163, 17.693605423, 18.1231746674, 18.5527439117, 18.9823131561, 19.4234924316, 19.8646717072, 20.3058490753, 20.758638382, 21.246257782, 21.733877182, 22.2098865509, 22.6975059509, 23.1851234436, 23.6727428436, 24.1603622437, 24.6479816437, 25.1472110748, 25.6348285675, 26.1224479675, 26.5984573364, 27.0744667053, 27.5620861053, 28.0497055054, 28.537322998, 29.0249423981, 29.5125617981, 30.0001811981, 30.4878005981, 30.9754180908, 31.4514274597, 31.9274368286, 32.4150543213, 32.9026756287, 33.3902931213, 33.8895225525, 34.3887519836, 34.8763694763, 35.3639907837, 35.8516082764, 36.3392295837, 36.8268470764, 37.3144645691, 37.8020858765, 38.3013153076, 38.7076644897, 39.1140136719, 39.520362854, 39.9151000977, 40.344669342, 40.7742385864, 41.2038078308, 41.6333770752, 42.0629463196, 42.492515564, 42.9220848083, 43.3516540527, 43.7812232971, 44.22240448, 44.6519737244]
},
"tonal": {
    "chords_changes_rate": 0.031893003732,
    "chords_number_rate": 0.00514403311536,
    "chords_strength": {
        "mean": 0.57793456316,
        "var": 0.00537755107507
    },
    "hpcp_entropy": {
        "mean": 1.50649797916,
        "var": 0.419093221426
    },
    "key_strength": 0.781506538391,
    "tuning_diatonic_strength": 0.649601638317,
    "tuning_equal_tempered_deviation": 0.112503819168,
    "tuning_frequency": 434.193115234,
    "tuning_nontempered_energy_ratio": 0.795747280121,
    "hpcp": {
        "mean": [0.019367299974, 0.0215113684535, 0.0389433950186, 0.0623651780188, 0.0700455009937, 0.0786479488015, 0.0915056094527, 0.0859271138906, 0.273764193058, 0.651284635067, 0.627860605717, 0.255387216806, 0.0541747137904, 0.0173401143402, 0.0181232169271, 0.0296940412372, 0.0296210572124, 0.0165620390326, 0.0117469904944, 0.0178962647915, 0.0796725600958, 0.134341284633, 0.0840567946434, 0.0576832741499, 0.0845190137625, 0.0512554235756, 0.0110930968076, 0.00791807286441, 0.0104870609939, 0.0904965400696, 0.360238790512, 0.468499004841, 0.232584744692, 0.0540162548423, 0.0260497070849, 0.0230287332088],
        "var": [0.00696699647233, 0.00564694358036, 0.00827781483531, 0.0176334381104, 0.0165425390005, 0.0239623580128, 0.0343301445246, 0.0267339944839, 0.0403679870069, 0.0977430939674, 0.0941841453314, 0.0500936433673, 0.0077230851166, 0.000881266023498, 0.000845141883474, 0.00224867765792, 0.00212250626646, 0.000899129721802, 0.00100098713301, 0.0020064804703, 0.0273953154683, 0.0670868456364, 0.0298502277583, 0.0133179463446, 0.0392048470676, 0.0105645703152, 0.000456495326944, 0.000304489687551, 0.000583339948207, 0.0129070756957, 0.113776028156, 0.154452592134, 0.0788731351495, 0.0163662694395, 0.010101929307, 0.00833135098219]
    },
    "chords_histogram": [65.1234588623, 0, 0, 0, 0, 0, 0, 0, 0, 0, 0, 0, 0, 0, 0, 13.0658435822, 0.102880656719, 9.97942352295, 0, 0, 0, 0, 6.68724298477, 5.04115247726],
    "thpcp": [1, 0.96403414011, 0.392128437757, 0.0831813141704, 0.0266244802624, 0.0278268754482, 0.0455930307508, 0.0454809702933, 0.0254298020154, 0.0180366467685, 0.0274784080684, 0.122331395745, 0.206271231174, 0.12906306982, 0.088568456471, 0.129772767425, 0.0786989629269, 0.0170326400548, 0.0121576227248, 0.016102116555, 0.138950824738, 0.55312037468, 0.719345986843, 0.357116878033, 0.082938015461, 0.039997421205, 0.0353589393198, 0.0297370757908, 0.0330291353166, 0.0597947388887, 0.0957571789622, 0.107549749315, 0.1207581833, 0.140500187874, 0.131934806705, 0.420344918966],
    "chords_key": "C",
    "chords_scale": "major",
    "key_key": "C",
    "key_scale": "major"
}
}