{
"lowlevel": {
    "average_loudness": 0.773670911789,
    "barkbands_crest": {
        "mean": 9.55085945129,
        "var": 10.3399047852
    },
    "barkbands_flatness_db": {
        "mean": 0.27860981226,
        "var": 0.00174237100873
    },
    "barkbands_kurtosis": {
        "mean": 1.04404973984,
        "var": 3.02102541924
    },
    "barkbands_skewness": {
        "mean": 0.675413489342,
        "var": 0.456381767988
    },
    "barkbands_spread": {
        "mean": 10.8815355301,
        "var": 15.4423074722
    },
    "dissonance": {
        "mean": 0.435368865728,
        "var": 0.0017360720085
    },
    "dynamic_complexity": 2.38373708725,
    "erbbands_crest": {
        "mean": 12.7429656982,
        "var": 27.3996162415
    },
    "erbbands_flatness_db": {
        "mean": 0.313336968422,
        "var": 0.00158500182442
    },
    "erbbands_kurtosis": {
        "mean": 1.28729975224,
        "var": 5.22100067139
    },
    "erbbands_skewness": {
        "mean": 0.350176692009,
        "var": 0.306937634945
    },
    "erbbands_spread": {
        "mean": 15.6271896362,
        "var": 38.9798545837
    },
    "hfc": {
        "mean": 14.9116220474,
        "var": 191.746643066
    },
    "melbands_crest": {
        "mean": 12.5512924194,
        "var": 19.0791416168
    },
    "melbands_flatness_db": {
        "mean": 0.354572594166,
        "var": 0.0038384583313
    },
    "melbands_kurtosis": {
        "mean": 2.25550723076,
        "var": 9.40873813629
    },
    "melbands_skewness": {
        "mean": 1.07400000095,
        "var": 0.737669527531
    },
    "melbands_spread": {
        "mean": 15.4680089951,
        "var": 52.8065757751
    },
    "pitch_salience": {
        "mean": 0.507966697216,
        "var": 0.00743478164077
    },
    "silence_rate_20dB": {
        "mean": 1,
        "var": 0
    },
    "silence_rate_30dB": {
        "mean": 0.982492268085,
        "var": 0.0172013491392
    },
    "silence_rate_60dB": {
        "mean": 0.0128733264282,
        "var": 0.0127077391371
    },
    "spectral_centroid": {
        "mean": 775.033752441,
        "var": 233286.921875
    },
    "spectral_complexity": {
        "mean": 15.805355072,
        "var": 27.2225914001
    },
    "spectral_decrease": {
        "mean": -7.21839921169e-009,
        "var": 3.65929383609e-017
    },
    "spectral_energy": {
        "mean": 0.0285963770002,
        "var": 0.000568679650314
    },
    "spectral_energyband_high": {
        "mean": 5.20669527759e-005,
        "var": 2.64831179209e-008
    },
    "spectral_energyband_low": {
        "mean": 0.0102488156408,
        "var": 0.000230065386859
    },
    "spectral_energyband_middle_high": {
        "mean": 0.00583269493654,
        "var": 5.45665534446e-005
    },
    "spectral_energyband_middle_low": {
        "mean": 0.0144683560356,
        "var": 8.78741921042e-005
    },
    "spectral_entropy": {
        "mean": 6.47341775894,
        "var": 0.121828526258
    },
    "spectral_flux": {
        "mean": 0.0511322282255,
        "var": 0.0012720922241
    },
    "spectral_kurtosis": {
        "mean": 28.9712505341,
        "var": 460.456329346
    },
    "spectral_rms": {
        "mean": 0.00491262273863,
        "var": 3.76503021471e-006
    },
    "spectral_rolloff": {
        "mean": 871.780334473,
        "var": 572901.4375
    },
    "spectral_skewness": {
        "mean": 3.14913868904,
        "var": 1.87154841423
    },
    "spectral_spread": {
        "mean": 1531579.375,
        "var": 2.48832511181e+012
    },
    "spectral_strongpeak": {
        "mean": 1.32203030586,
        "var": 1.50368452072
    },
    "zerocrossingrate": {
        "mean": 0.0319582857192,
        "var": 0.000423761084676
    },
    "barkbands": {
        "mean": [4.95753556606e-006, 0.0040064197965, 0.0048305792734, 0.00230208481662, 0.00150708493311, 0.00158446503337, 0.00232267589308, 0.00245667947456, 0.00309960031882, 0.002777102869, 0.000661388097797, 0.000829535652883, 0.000781501410529, 0.000435898371506, 0.000280645763269, 0.000203232732019, 0.000123036370496, 0.000157030895934, 0.000167108722962, 4.30377003795e-005, 1.25724372992e-005, 6.81649953549e-006, 2.37947483583e-006, 5.6090061662e-007, 1.95987333029e-008, 3.09983438918e-009, 1.35465738627e-009],
        "var": [8.19837531196e-011, 7.2065005952e-005, 5.37916566827e-005, 8.85602821654e-006, 2.1957273475e-006, 4.61743047708e-006, 7.93814433564e-006, 1.3091828805e-005, 1.44138411997e-005, 2.23620518227e-005, 1.54215717885e-006, 4.52348558611e-006, 5.00286660099e-006, 8.91229717581e-007, 2.97923975268e-007, 2.52138050882e-007, 4.49821406789e-008, 2.08468492247e-007, 4.26283889965e-007, 1.46561642822e-008, 2.01714067671e-009, 6.98474889038e-010, 1.68730543426e-010, 1.32584212706e-011, 1.32023425599e-014, 6.40979265582e-016, 1.26372802633e-016]
    },
    "erbbands": {
        "mean": [0.0459645278752, 1.17691648006, 5.23213100433, 7.25468587875, 5.84905004501, 5.24019193649, 7.81158161163, 12.9063119888, 24.8557357788, 48.259147644, 57.6817436218, 71.5094909668, 82.2623672485, 68.753074646, 30.2464885712, 38.6691665649, 41.9758300781, 25.2211608887, 13.9868803024, 14.7630186081, 8.97679424286, 5.87855529785, 8.54388427734, 13.7318811417, 3.02727508545, 1.93660545349, 1.03627324104, 0.420726984739, 0.258508861065, 0.142344072461, 0.0462941527367, 0.0228114426136, 0.00239174230956, 0.000412843801314, 0.000103480226244, 4.12908775616e-005, 1.30686703415e-005, 3.27589555127e-006, 1.42502231029e-005, 3.24998691212e-005],
        "var": [0.0101618506014, 5.68317604065, 70.2505950928, 82.2201080322, 45.2064819336, 29.5774345398, 104.160362244, 315.725219727, 723.176391602, 4419.09863281, 5221.11035156, 6726.22753906, 17614.8378906, 20632.7324219, 3485.78417969, 11062.6464844, 13353.2304688, 2774.87719727, 894.189208984, 803.994934082, 321.006256104, 95.5417633057, 473.030914307, 2188.57714844, 67.7141342163, 25.1239013672, 14.2097978592, 1.58199524879, 0.980755209923, 0.41622698307, 0.0556977912784, 0.0190503336489, 0.000158900409588, 5.0104699767e-006, 2.65523084408e-007, 3.40280372768e-008, 1.05926734051e-009, 1.12941316022e-010, 1.44759704224e-010, 7.32075899901e-010]
    },
    "gfcc": {
        "mean": [-107.16267395, 229.664489746, -165.419906616, 0.496119141579, -23.1718730927, -26.2705364227, 4.70513963699, -13.3539400101, -3.35478401184, -14.2837276459, -8.07628536224, -14.8417272568, -11.6473875046],
        "cov": [[5416.08349609, -621.648376465, -705.955871582, 1085.8782959, -648.181152344, 321.183532715, 103.299964905, -39.9789962769, 312.338287354, -177.734207153, 122.387290955, -120.185791016, -134.004623413], [-621.648376465, 823.305786133, 297.038574219, -399.644195557, 383.534729004, -217.804214478, 1.19066929817, 27.1444225311, -49.2522888184, 129.492279053, -51.2292938232, 47.718082428, 42.2614707947], [-705.955871582, 297.038574219, 353.063568115, -155.100708008, 200.895553589, -23.7858715057, -12.3575878143, 53.4864730835, -14.5734214783, 81.2563018799, -21.7801742554, 9.42904090881, 27.7888031006], [1085.8782959, -399.644195557, -155.100708008, 468.97958374, -217.858337402, 151.906219482, 39.3914604187, -24.3501338959, 124.525276184, -53.4553833008, 67.8416442871, -28.5514717102, -53.2122497559], [-648.181152344, 383.534729004, 200.895553589, -217.858337402, 306.879821777, -69.6175460815, 22.5173854828, 32.9740638733, -50.3118591309, 81.3956985474, -33.2021484375, 33.0347213745, 29.9688987732], [321.183532715, -217.804214478, -23.7858715057, 151.906219482, -69.6175460815, 180.681594849, 30.4187049866, -0.89475184679, 18.8366641998, -50.6585845947, 6.01642656326, -31.011051178, -9.38215827942], [103.299964905, 1.19066929817, -12.3575878143, 39.3914604187, 22.5173854828, 30.4187049866, 98.6434860229, 18.7870349884, 19.4276294708, 1.70798170567, -24.109670639, 0.859908998013, -0.208162769675], [-39.9789962769, 27.1444225311, 53.4864730835, -24.3501338959, 32.9740638733, -0.89475184679, 18.7870349884, 82.7601394653, 13.9558429718, 19.5503292084, -0.954324960709, -13.659283638, 2.51337885857], [312.338287354, -49.2522888184, -14.5734214783, 124.525276184, -50.3118591309, 18.8366641998, 19.4276294708, 13.9558429718, 105.024368286, 11.4696445465, 14.8826742172, -5.72278833389, -32.9741249084], [-177.734207153, 129.492279053, 81.2563018799, -53.4553833008, 81.3956985474, -50.6585845947, 1.70798170567, 19.5503292084, 11.4696445465, 100.277206421, 26.2006378174, 19.265001297, 18.4518318176], [122.387290955, -51.2292938232, -21.7801742554, 67.8416442871, -33.2021484375, 6.01642656326, -24.109670639, -0.954324960709, 14.8826742172, 26.2006378174, 92.0752105713, 11.5040845871, -16.0858039856], [-120.185791016, 47.718082428, 9.42904090881, -28.5514717102, 33.0347213745, -31.011051178, 0.859908998013, -13.659283638, -5.72278833389, 19.265001297, 11.5040845871, 63.7902374268, 26.9804363251], [-134.004623413, 42.2614707947, 27.7888031006, -53.2122497559, 29.9688987732, -9.38215827942, -0.208162769675, 2.51337885857, -32.9741249084, 18.4518318176, -16.0858039856, 26.9804363251, 94.8933181763]],
        "icov": [[0.000922946725041, -0.00245039514266, 0.00214642216451, -0.00271408050321, 0.00192893925123, -0.00193266221322, 0.00106749334373, -0.00194026634563, 0.000974242109805, -0.00100023509003, 0.00121861230582, -0.00029449647991, 0.000320935767377], [-0.00245039514266, 0.0120444046333, -0.00751679949462, 0.00948479026556, -0.00983052328229, 0.00942562334239, -0.00465432554483, 0.00816909689456, -0.0062727262266, 0.00433861417696, -0.00513265701011, 0.00324466638267, -0.00231044064276], [0.00214642216451, -0.00751679949462, 0.0115222623572, -0.00657279323786, 0.00283952895552, -0.00810911785811, 0.00619705254212, -0.00774362590164, 0.00234579527751, -0.00589402532205, 0.00532823335379, -0.00159176206216, 0.00115597224794], [-0.00271408050321, 0.00948479026556, -0.00657279323786, 0.0160453300923, -0.00573993846774, 0.00413458421826, -0.0064359633252, 0.00939962640405, -0.0108472658321, 0.00527269998565, -0.0089650452137, 0.00307831238024, -0.00236550043337], [0.00192893925123, -0.00983052328229, 0.00283952895552, -0.00573993846774, 0.016768777743, -0.00761636858806, 0.000575058336835, -0.00683128973469, 0.00799978896976, -0.00744655868039, 0.00571176828817, -0.00560228666291, 0.00397399719805], [-0.00193266221322, 0.00942562334239, -0.00810911785811, 0.00413458421826, -0.00761636858806, 0.017971707508, -0.00696482881904, 0.00686149485409, -0.0033244274091, 0.0087330583483, -0.00628562318161, 0.00649720616639, -0.00401470484212], [0.00106749334373, -0.00465432554483, 0.00619705254212, -0.0064359633252, 0.000575058336835, -0.00696482881904, 0.018101349473, -0.0080686127767, 0.00208912231028, -0.00557352602482, 0.00979251600802, -0.00486669316888, 0.00239311042242], [-0.00194026634563, 0.00816909689456, -0.00774362590164, 0.00939962640405, -0.00683128973469, 0.00686149485409, -0.0080686127767, 0.0228302162141, -0.00888656079769, 0.00425034482032, -0.00804123468697, 0.00867345370352, -0.00436971290037], [0.000974242109805, -0.0062727262266, 0.00234579527751, -0.0108472658321, 0.00799978896976, -0.0033244274091, 0.00208912231028, -0.00888656079769, 0.0242091659456, -0.00960019417107, 0.00837075896561, -0.00630207639188, 0.00827443599701], [-0.00100023509003, 0.00433861417696, -0.00589402532205, 0.00527269998565, -0.00744655868039, 0.0087330583483, -0.00557352602482, 0.00425034482032, -0.00960019417107, 0.0250789280981, -0.013606457971, 0.00429997779429, -0.00731317372993], [0.00121861230582, -0.00513265701011, 0.00532823335379, -0.0089650452137, 0.00571176828817, -0.00628562318161, 0.00979251600802, -0.00804123468697, 0.00837075896561, -0.013606457971, 0.0241811573505, -0.0092046726495, 0.00749895628542], [-0.00029449647991, 0.00324466638267, -0.00159176206216, 0.00307831238024, -0.00560228666291, 0.00649720616639, -0.00486669316888, 0.00867345370352, -0.00630207639188, 0.00429997779429, -0.0092046726495, 0.0261068791151, -0.00950645655394], [0.000320935767377, -0.00231044064276, 0.00115597224794, -0.00236550043337, 0.00397399719805, -0.00401470484212, 0.00239311042242, -0.00436971290037, 0.00827443599701, -0.00731317372993, 0.00749895628542, -0.00950645655394, 0.0170957203954]]
    },
    "melbands": {
        "mean": [0.000775011780206, 0.00241140602157, 0.00124129268806, 0.000387665815651, 0.000262669142103, 0.000296276470181, 0.000419026531745, 0.000525618670508, 0.00050099537475, 0.000430926738773, 0.000401979224989, 0.000283326400677, 9.44945277297e-005, 9.48391389102e-005, 0.000104369006294, 6.63408500259e-005, 4.60568808194e-005, 2.05865526368e-005, 2.01507245947e-005, 1.91510007426e-005, 8.56198494148e-006, 5.80040250497e-006, 6.64043636789e-006, 9.15299187909e-006, 1.27676239572e-005, 1.7544163029e-006, 1.42085980315e-006, 1.31986132601e-006, 8.0813367731e-007, 3.24362673609e-007, 2.05064580427e-007, 1.71483662825e-007, 8.2293318826e-008, 7.89669272194e-008, 2.55231551449e-008, 1.93818543437e-008, 9.66710533845e-009, 1.43960632304e-009, 4.30826818665e-010, 2.72522976408e-010],
        "var": [2.84148177343e-006, 1.4932369595e-005, 2.08567144e-006, 1.54266984964e-007, 9.90383739463e-008, 1.70614114836e-007, 2.22389999749e-007, 5.60013688755e-007, 3.39622431511e-007, 2.54079537854e-007, 4.45940514737e-007, 3.97178581579e-007, 3.37435146491e-008, 5.60898776314e-008, 5.30497104023e-008, 2.77932219461e-008, 9.61629265106e-009, 2.20922946603e-009, 1.44352607645e-009, 2.22702589703e-009, 2.16967235844e-010, 1.15414601487e-010, 2.40941516738e-010, 7.61656571147e-010, 2.28140151215e-009, 2.26385386132e-011, 1.28979752226e-011, 1.46792890343e-011, 1.12072720895e-011, 1.13035926105e-012, 4.09955028908e-013, 4.54399945405e-013, 1.41212359189e-013, 1.69958109543e-013, 1.8663605275e-014, 1.02701143962e-014, 4.11474968546e-015, 5.38452855782e-017, 5.48333437209e-018, 3.90699075441e-018]
    },
    "mfcc": {
        "mean": [-725.225341797, 235.487625122, -42.1153526306, 16.1519966125, -3.45886135101, -3.41665530205, 5.12056446075, 4.45902347565, 2.08697271347, 3.71626114845, 6.4579410553, 0.634271264076, -4.75201892853],
        "cov": [[3592.94458008, -510.653198242, -623.424194336, 922.378967285, -588.600158691, 410.309143066, -168.711975098, 149.558700562, 24.1374320984, 158.147216797, 71.9990310669, 10.0256967545, 62.7919044495], [-510.653198242, 719.236938477, 156.397735596, -163.692062378, 272.93258667, -149.389190674, 62.3482780457, -74.4312057495, 72.8837585449, -32.6771125793, 33.3478889465, 23.9532699585, -9.99114704132], [-623.424194336, 156.397735596, 247.718032837, -164.00151062, 147.196975708, -48.7407455444, 14.7943305969, -13.6800889969, -6.08904981613, 7.75430393219, -6.34303236008, 8.23149681091, -5.54049491882], [922.378967285, -163.692062378, -164.00151062, 357.276885986, -141.777633667, 108.347831726, -36.0304908752, 25.1696376801, 20.157409668, 43.9398536682, 55.6193161011, 24.8520431519, 34.9512405396], [-588.600158691, 272.93258667, 147.196975708, -141.777633667, 245.328109741, -68.7750854492, 45.3638076782, -27.0776405334, -3.03452038765, -19.1777820587, 5.39931249619, 27.5623073578, 8.0860004425], [410.309143066, -149.389190674, -48.7407455444, 108.347831726, -68.7750854492, 169.887435913, 10.009929657, 44.3106956482, 17.8025836945, 26.6089019775, -3.46569752693, -18.3282699585, 16.3510341644], [-168.711975098, 62.3482780457, 14.7943305969, -36.0304908752, 45.3638076782, 10.009929657, 93.7007827759, 10.8584461212, 13.9245510101, -1.01153695583, -2.67769575119, 6.89828014374, 0.0140869542956], [149.558700562, -74.4312057495, -13.6800889969, 25.1696376801, -27.0776405334, 44.3106956482, 10.8584461212, 88.0555953979, 16.1579914093, 6.88123321533, 0.338309109211, -7.03919553757, 7.38357400894], [24.1374320984, 72.8837585449, -6.08904981613, 20.157409668, -3.03452038765, 17.8025836945, 13.9245510101, 16.1579914093, 123.63861084, 15.8477134705, -8.09620571136, -11.3721446991, -2.38109183311], [158.147216797, -32.6771125793, 7.75430393219, 43.9398536682, -19.1777820587, 26.6089019775, -1.01153695583, 6.88123321533, 15.8477134705, 90.7942428589, 17.8010196686, -6.39686822891, -5.71148252487], [71.9990310669, 33.3478889465, -6.34303236008, 55.6193161011, 5.39931249619, -3.46569752693, -2.67769575119, 0.338309109211, -8.09620571136, 17.8010196686, 95.6347351074, 36.3565406799, -0.339528530836], [10.0256967545, 23.9532699585, 8.23149681091, 24.8520431519, 27.5623073578, -18.3282699585, 6.89828014374, -7.03919553757, -11.3721446991, -6.39686822891, 36.3565406799, 106.558799744, 42.9342422485], [62.7919044495, -9.99114704132, -5.54049491882, 34.9512405396, 8.0860004425, 16.3510341644, 0.0140869542956, 7.38357400894, -2.38109183311, -5.71148252487, -0.339528530836, 42.9342422485, 93.6064529419]],
        "icov": [[0.00376004632562, -0.00405057100579, 0.0045647691004, -0.00549894943833, 0.00456481333822, -0.00511357095093, 0.00521009089425, -0.00502168759704, 0.0042918776162, -0.00452838279307, 0.00419599562883, -0.00310706254095, 0.00153623125516], [-0.00405057100579, 0.00793758686632, -0.0051356065087, 0.00571502465755, -0.00801926385611, 0.00726997060701, -0.00665223179385, 0.00726825324818, -0.00730846496299, 0.00582353305072, -0.00624111993238, 0.00434897746891, -0.00187094241846], [0.0045647691004, -0.0051356065087, 0.0137906754389, -0.00350805232301, 0.00182421400677, -0.00720031140372, 0.00835727341473, -0.00668324436992, 0.005404248368, -0.00830404367298, 0.00495886942372, -0.00459320563823, 0.00189747964032], [-0.00549894943833, 0.00571502465755, -0.00350805232301, 0.014668783173, -0.00558624882251, 0.0045519284904, -0.00559085281566, 0.00764280930161, -0.00698053790256, 0.00467093707994, -0.00905174016953, 0.00330953206867, -0.00374396285042], [0.00456481333822, -0.00801926385611, 0.00182421400677, -0.00558624882251, 0.0165663827211, -0.00635920697823, 0.00391977513209, -0.00622876361012, 0.00705100456253, -0.00496763223782, 0.00515211932361, -0.00508362520486, 0.000672869966365], [-0.00511357095093, 0.00726997060701, -0.00720031140372, 0.0045519284904, -0.00635920697823, 0.0173003785312, -0.0100279506296, 0.00472458871081, -0.007027966436, 0.0055794743821, -0.00537684047595, 0.00686102639884, -0.00376822263934], [0.00521009089425, -0.00665223179385, 0.00835727341473, -0.00559085281566, 0.00391977513209, -0.0100279506296, 0.0210134908557, -0.00914310570806, 0.00542400032282, -0.00725250551477, 0.00648435065523, -0.00637886673212, 0.00315305683762], [-0.00502168759704, 0.00726825324818, -0.00668324436992, 0.00764280930161, -0.00622876361012, 0.00472458871081, -0.00914310570806, 0.0213962625712, -0.00842445529997, 0.00693124160171, -0.00754320435226, 0.00546332309023, -0.0034030706156], [0.0042918776162, -0.00730846496299, 0.005404248368, -0.00698053790256, 0.00705100456253, -0.007027966436, 0.00542400032282, -0.00842445529997, 0.0157552901655, -0.00724744377658, 0.00733675248921, -0.00363459810615, 0.00220169359818], [-0.00452838279307, 0.00582353305072, -0.00830404367298, 0.00467093707994, -0.00496763223782, 0.0055794743821, -0.00725250551477, 0.00693124160171, -0.00724744377658, 0.0192728023976, -0.00788777973503, 0.00538987061009, -0.00117662572302], [0.00419599562883, -0.00624111993238, 0.00495886942372, -0.00905174016953, 0.00515211932361, -0.00537684047595, 0.00648435065523, -0.00754320435226, 0.00733675248921, -0.00788777973503, 0.0204037725925, -0.00922292843461, 0.00529024004936], [-0.00310706254095, 0.00434897746891, -0.00459320563823, 0.00330953206867, -0.00508362520486, 0.00686102639884, -0.00637886673212, 0.00546332309023, -0.00363459810615, 0.00538987061009, -0.00922292843461, 0.0179239474237, -0.00816665589809], [0.00153623125516, -0.00187094241846, 0.00189747964032, -0.00374396285042, 0.000672869966365, -0.00376822263934, 0.00315305683762, -0.0034030706156, 0.00220169359818, -0.00117662572302, 0.00529024004936, -0.00816665589809, 0.0155803021044]]
    },
    "spectral_contrast_coeffs": {
        "mean": [-0.632371485233, -0.689943492413, -0.69876074791, -0.733268499374, -0.694891452789, -0.70207709074],
        "var": [0.00427471287549, 0.00401151226833, 0.00399886630476, 0.00276435166597, 0.0025914106518, 0.006877574604]
    },
    "spectral_contrast_valleys": {
        "mean": [-7.29851341248, -6.5506401062, -7.1757068634, -8.0894613266, -9.60345458984, -14.2317581177],
        "var": [1.07820355892, 1.1057574749, 0.914548516273, 1.03372180462, 1.44402110577, 1.14575409889]
    }
},
"metadata": {
    "audio_properties": {
        "analysis_sample_rate": 44100,
        "bit_rate": 85558,
        "equal_loudness": 0,
        "length": 45.0612258911,
        "lossless": 0,
        "replay_gain": -4.45250320435,
        "sample_rate": 44100,
        "codec": "mp3",
        "downmix": "mix",
        "md5_encoded": "30282d4cae990d57b5819ff13a0d845a"
    },
    "tags": {
        "file_name": "845.mp3"
    },
    "version": {
        "essentia": "2.1-beta2",
        "essentia_git_sha": "v2.1_beta2",
        "extractor": "music 1.0"
    }
},
"rhythm": {
    "beats_count": 100,
    "beats_loudness": {
        "mean": 0.0481354445219,
        "var": 0.000971200410277
    },
    "bpm": 134.841064453,
    "bpm_histogram_first_peak_bpm": {
        "mean": 136,
        "var": 0
    },
    "bpm_histogram_first_peak_spread": {
        "mean": 0.537500023842,
        "var": 0
    },
    "bpm_histogram_first_peak_weight": {
        "mean": 0.373737365007,
        "var": 0
    },
    "bpm_histogram_second_peak_bpm": {
        "mean": 129,
        "var": 0
    },
    "bpm_histogram_second_peak_spread": {
        "mean": 0.0555555336177,
        "var": 0
    },
    "bpm_histogram_second_peak_weight": {
        "mean": 0.171717166901,
        "var": 0
    },
    "danceability": 0.981487512589,
    "onset_rate": 3.10548377037,
    "beats_loudness_band_ratio": {
        "mean": [0.266052246094, 0.101624205709, 0.390279233456, 0.21616409719, 0.0606051161885, 0.00944103300571],
        "var": [0.032821867615, 0.0079752728343, 0.0311877280474, 0.0267276074737, 0.00303850392811, 0.000163759948919]
    },
    "beats_position": [0.46439909935, 0.917188167572, 1.369977355, 1.82276642323, 2.27555561066, 2.72834467888, 3.1811337471, 3.63392281532, 4.08671188354, 4.52789115906, 4.98067998886, 5.4334692955, 5.88625860214, 6.33904743195, 6.78022670746, 7.23301553726, 7.6858048439, 8.12698364258, 8.56816291809, 9.0093421936, 9.45052146912, 9.91492080688, 10.379319191, 10.8204984665, 11.2732877731, 11.7260770798, 12.1672563553, 12.6316547394, 13.0728340149, 13.5372333527, 13.9900226593, 14.4544210434, 14.90721035, 15.3483896255, 15.7895689011, 16.2539672852, 16.7183666229, 17.1827659607, 17.6355552673, 18.088344574, 18.5411338806, 18.9939231873, 19.4351024628, 19.8994998932, 20.3522891998, 20.8282985687, 21.2926979065, 21.7454872131, 22.1982765198, 22.6510658264, 23.1038551331, 23.5450344086, 23.9862117767, 24.4390010834, 24.89179039, 25.3329696655, 25.7857589722, 26.2385482788, 26.6797275543, 27.1209068298, 27.5620861053, 28.0032653809, 28.4444446564, 28.8856239319, 29.3268013, 29.7563705444, 30.1859397888, 30.6271190643, 31.0682983398, 31.5094776154, 31.9506568909, 32.391834259, 32.8330154419, 33.2741928101, 33.7153739929, 34.1333312988, 34.5629005432, 34.9924697876, 35.4336509705, 35.8864402771, 36.3508377075, 36.8036270142, 37.2680282593, 37.6975975037, 38.1271629333, 38.5683441162, 39.0095214844, 39.4390907288, 39.8686599731, 40.309841156, 40.7510185242, 41.192199707, 41.6333770752, 42.0861663818, 42.5389556885, 43.0033569336, 43.467754364, 43.9321517944, 44.3965530396, 44.86095047]
},
"tonal": {
    "chords_changes_rate": 0.0380658432841,
    "chords_number_rate": 0.0144032919779,
    "chords_strength": {
        "mean": 0.531425774097,
        "var": 0.00595591403544
    },
    "hpcp_entropy": {
        "mean": 1.54150760174,
        "var": 0.390424638987
    },
    "key_strength": 0.626332938671,
    "tuning_diatonic_strength": 0.400480240583,
    "tuning_equal_tempered_deviation": 0.0617578215897,
    "tuning_frequency": 441.527557373,
    "tuning_nontempered_energy_ratio": 0.627008974552,
    "hpcp": {
        "mean": [0.29913982749, 0.132651910186, 0.0937301963568, 0.125593394041, 0.0694166123867, 0.117094442248, 0.161060675979, 0.0953600183129, 0.143632486463, 0.178239032626, 0.0759242251515, 0.0269802268595, 0.0271709375083, 0.0322542078793, 0.166788741946, 0.27069914341, 0.149721264839, 0.0833736434579, 0.0994085073471, 0.0665017440915, 0.234657093883, 0.357294112444, 0.170374542475, 0.0597248338163, 0.0617412626743, 0.0339785702527, 0.106557518244, 0.176552593708, 0.106488034129, 0.179147198796, 0.260210543871, 0.115828432143, 0.0200207214803, 0.0230097845197, 0.0471076369286, 0.218867719173],
        "var": [0.125660374761, 0.0277971122414, 0.0371047370136, 0.0754560083151, 0.0149016743526, 0.0329531431198, 0.0605531521142, 0.0161978043616, 0.0632958263159, 0.094316676259, 0.0192671548575, 0.00395318958908, 0.00515613192692, 0.00536756683141, 0.0503394789994, 0.135738343, 0.045762732625, 0.0320156291127, 0.0609659329057, 0.0174653194845, 0.0703373476863, 0.156945168972, 0.0396655648947, 0.0203052293509, 0.02510346286, 0.00573087530211, 0.0370094925165, 0.0996632426977, 0.0274041090161, 0.057139325887, 0.112097784877, 0.0269464980811, 0.00297032808885, 0.00728661334142, 0.0128725729883, 0.0778595805168]
    },
    "chords_histogram": [4.52674913406, 1.33744859695, 12.3456792831, 2.46913576126, 0.411522626877, 0, 4.01234579086, 0, 2.16049385071, 0.925925910473, 0, 0, 0, 0, 0, 1.23456788063, 7.92181062698, 6.68724298477, 0, 1.64609050751, 7.20164632797, 22.4279842377, 9.15637874603, 15.5349798203],
    "thpcp": [1, 0.476846754551, 0.167158737779, 0.172802343965, 0.0950997173786, 0.298234730959, 0.494138002396, 0.298040270805, 0.501399815083, 0.728281080723, 0.32418230176, 0.0560342893004, 0.0644001215696, 0.131845548749, 0.612570166588, 0.837236940861, 0.371268123388, 0.262333452702, 0.351512640715, 0.194284230471, 0.32772564888, 0.450778990984, 0.266895025969, 0.402000695467, 0.498858004808, 0.212497830391, 0.0755126550794, 0.0760464146733, 0.0902735516429, 0.466810762882, 0.757636725903, 0.419042080641, 0.233347371221, 0.27822598815, 0.186126053333, 0.656761705875],
    "chords_key": "A",
    "chords_scale": "minor",
    "key_key": "G",
    "key_scale": "major"
}
}