{
"lowlevel": {
    "average_loudness": 0.112356573343,
    "barkbands_crest": {
        "mean": 10.2123479843,
        "var": 11.7775192261
    },
    "barkbands_flatness_db": {
        "mean": 0.159353777766,
        "var": 0.00125710782595
    },
    "barkbands_kurtosis": {
        "mean": 3.0930492878,
        "var": 32.9840049744
    },
    "barkbands_skewness": {
        "mean": 1.50281751156,
        "var": 0.826225459576
    },
    "barkbands_spread": {
        "mean": 33.3982162476,
        "var": 304.259002686
    },
    "dissonance": {
        "mean": 0.465446531773,
        "var": 0.000710512627847
    },
    "dynamic_complexity": 4.07654476166,
    "erbbands_crest": {
        "mean": 13.2279090881,
        "var": 20.7322616577
    },
    "erbbands_flatness_db": {
        "mean": 0.179356202483,
        "var": 0.000881882733665
    },
    "erbbands_kurtosis": {
        "mean": 0.282334655523,
        "var": 6.99052095413
    },
    "erbbands_skewness": {
        "mean": 0.0707254484296,
        "var": 1.30392563343
    },
    "erbbands_spread": {
        "mean": 47.0750312805,
        "var": 270.021179199
    },
    "hfc": {
        "mean": 8.78566932678,
        "var": 43.862739563
    },
    "melbands_crest": {
        "mean": 16.588300705,
        "var": 33.4753761292
    },
    "melbands_flatness_db": {
        "mean": 0.24238730967,
        "var": 0.00209808372892
    },
    "melbands_kurtosis": {
        "mean": 13.265212059,
        "var": 173.734573364
    },
    "melbands_skewness": {
        "mean": 2.89438509941,
        "var": 1.79741990566
    },
    "melbands_spread": {
        "mean": 29.2061271667,
        "var": 373.049285889
    },
    "pitch_salience": {
        "mean": 0.518466234207,
        "var": 0.0137455975637
    },
    "silence_rate_20dB": {
        "mean": 1,
        "var": 0
    },
    "silence_rate_30dB": {
        "mean": 0.987133324146,
        "var": 0.0127014936879
    },
    "silence_rate_60dB": {
        "mean": 0.0252187345177,
        "var": 0.0245824865997
    },
    "spectral_centroid": {
        "mean": 2273.80419922,
        "var": 1108776.875
    },
    "spectral_complexity": {
        "mean": 11.3299026489,
        "var": 23.0253047943
    },
    "spectral_decrease": {
        "mean": -4.26666080244e-009,
        "var": 3.50543427168e-017
    },
    "spectral_energy": {
        "mean": 0.0169002730399,
        "var": 0.000522713409737
    },
    "spectral_energyband_high": {
        "mean": 0.000752836291213,
        "var": 2.51304413723e-007
    },
    "spectral_energyband_low": {
        "mean": 0.00679124798626,
        "var": 7.64883880038e-005
    },
    "spectral_energyband_middle_high": {
        "mean": 0.00143761304207,
        "var": 3.54311509909e-006
    },
    "spectral_energyband_middle_low": {
        "mean": 0.00829910766333,
        "var": 0.000277265236946
    },
    "spectral_entropy": {
        "mean": 7.33938264847,
        "var": 0.0769863724709
    },
    "spectral_flux": {
        "mean": 0.0685398280621,
        "var": 0.00133933324832
    },
    "spectral_kurtosis": {
        "mean": 2.43437600136,
        "var": 3.10807585716
    },
    "spectral_rms": {
        "mean": 0.00353137683123,
        "var": 4.01743909606e-006
    },
    "spectral_rolloff": {
        "mean": 1812.16894531,
        "var": 3368580
    },
    "spectral_skewness": {
        "mean": 0.842194378376,
        "var": 0.226562216878
    },
    "spectral_spread": {
        "mean": 4437986,
        "var": 2.43786737254e+012
    },
    "spectral_strongpeak": {
        "mean": 0.500074803829,
        "var": 0.606981992722
    },
    "zerocrossingrate": {
        "mean": 0.0674257874489,
        "var": 0.00111970899161
    },
    "barkbands": {
        "mean": [0.00116081361193, 0.00317345373333, 0.00214324775152, 0.00110996956937, 0.00326814106666, 0.00133995118085, 0.00133885862306, 0.00056488707196, 0.000559561303817, 0.000516599684488, 0.000223605253268, 0.000244855531491, 0.000124042504467, 8.05170275271e-005, 8.12858997961e-005, 5.64850051887e-005, 6.2792445533e-005, 4.46487829322e-005, 3.88282169297e-005, 7.49521132093e-005, 0.0006365798763, 3.63787621609e-005, 5.42660700376e-006, 7.0937039709e-006, 3.90750165025e-006, 3.06736751554e-006, 3.19898362022e-007],
        "var": [2.66022379947e-006, 1.38653913382e-005, 2.56783969235e-005, 1.00512479548e-005, 7.66132070567e-005, 1.52934262587e-005, 2.20072506636e-005, 2.43470435635e-006, 2.47337811743e-006, 1.62143885518e-006, 1.82525752734e-007, 4.97099108543e-007, 5.32905026773e-008, 1.25665124528e-007, 4.523679209e-008, 1.57593884609e-008, 5.31336858955e-008, 1.68032805448e-008, 1.2411654815e-008, 4.06158129351e-009, 1.94260309172e-007, 2.89503496731e-008, 1.87030654852e-010, 6.59960142091e-011, 1.64290178684e-011, 1.32827108687e-011, 9.61971320201e-014]
    },
    "erbbands": {
        "mean": [0.126647263765, 0.598521709442, 2.15695881844, 3.42020153999, 7.14677524567, 12.8007488251, 8.92877483368, 11.4932518005, 19.2491645813, 16.1914291382, 14.0661411285, 11.862405777, 13.4318466187, 14.3217105865, 10.9689207077, 7.64964294434, 6.0068693161, 4.66814184189, 3.90429592133, 3.62508797646, 3.4609310627, 3.320094347, 2.72534012794, 2.13993811607, 1.81799423695, 4.00409460068, 28.1002216339, 14.7699346542, 1.98150515556, 0.279526799917, 0.150472536683, 0.112796351314, 0.134005919099, 0.0599477402866, 0.0223383642733, 0.0103357098997, 0.00645596999675, 0.00138784409501, 4.07975458074e-005, 2.04727712116e-005],
        "var": [0.0252951104194, 0.683442115784, 20.8164863586, 82.8449630737, 417.675201416, 1393.84777832, 602.398132324, 1167.7557373, 5144.47998047, 2578.66333008, 933.070007324, 1139.74438477, 985.172546387, 733.763427734, 559.69921875, 324.319976807, 111.767402649, 360.31628418, 86.9189834595, 86.5590133667, 67.6863479614, 123.371574402, 64.1688232422, 43.227016449, 15.2601804733, 8.13903903961, 342.130157471, 247.113891602, 47.1137313843, 0.551779925823, 0.118997074664, 0.0397625193, 0.015390465036, 0.00233341194689, 0.00101497489959, 0.000232438746025, 5.48234311282e-005, 1.69501277014e-006, 1.06736197658e-009, 6.32866314909e-010]
    },
    "gfcc": {
        "mean": [-59.4941520691, 96.0230331421, -98.7399978638, 42.3547019958, -59.0466003418, 13.2711648941, -3.20290493965, 4.14167118073, -31.5155181885, 20.6672668457, -24.8487854004, -1.4659627676, 5.54193305969],
        "cov": [[3621.55029297, 884.559082031, -354.225494385, 60.7026519775, 19.9124774933, -306.413146973, -480.864257813, -179.92906189, 39.1768531799, -96.9325408936, 87.529586792, -26.1680049896, -143.370025635], [884.559082031, 609.395202637, -18.5215644836, -59.6669273376, 90.6960830688, -244.806900024, -308.303009033, -134.436431885, 88.2850189209, -58.2976341248, 80.9724960327, -60.9731025696, -98.9051208496], [-354.225494385, -18.5215644836, 295.813903809, 55.0195846558, -86.8497314453, -33.0372009277, 40.5534133911, -4.96142053604, -4.32726860046, 29.6224193573, -29.0963611603, -31.0098419189, 34.9636459351], [60.7026519775, -59.6669273376, 55.0195846558, 173.147796631, 20.9855194092, -39.6614227295, -54.3217315674, -51.7077713013, -14.3457527161, 7.15710353851, 29.7060985565, 33.4289855957, 0.420713961124], [19.9124774933, 90.6960830688, -86.8497314453, 20.9855194092, 209.845046997, 19.4979763031, -92.9398574829, -61.6774101257, -9.8478012085, -35.853225708, 53.8054885864, 38.6091499329, -26.3277187347], [-306.413146973, -244.806900024, -33.0372009277, -39.6614227295, 19.4979763031, 294.881347656, 269.306854248, 72.1821517944, -77.5188064575, 10.24629879, -70.35206604, 32.7981071472, 69.1772003174], [-480.864257813, -308.303009033, 40.5534133911, -54.3217315674, -92.9398574829, 269.306854248, 453.670227051, 194.254119873, -63.1191444397, 26.2451896667, -114.482513428, -18.9484558105, 77.1084671021], [-179.92906189, -134.436431885, -4.96142053604, -51.7077713013, -61.6774101257, 72.1821517944, 194.254119873, 203.621749878, 29.3910388947, 1.27051174641, -54.0280227661, -45.3794555664, 8.10418605804], [39.1768531799, 88.2850189209, -4.32726860046, -14.3457527161, -9.8478012085, -77.5188064575, -63.1191444397, 29.3910388947, 151.672851563, 40.7822380066, 6.29471874237, -50.0456008911, -59.6603431702], [-96.9325408936, -58.2976341248, 29.6224193573, 7.15710353851, -35.853225708, 10.24629879, 26.2451896667, 1.27051174641, 40.7822380066, 109.103477478, 16.3246765137, -21.9907512665, -14.4288740158], [87.529586792, 80.9724960327, -29.0963611603, 29.7060985565, 53.8054885864, -70.35206604, -114.482513428, -54.0280227661, 6.29471874237, 16.3246765137, 132.384674072, 40.4159660339, -45.7960166931], [-26.1680049896, -60.9731025696, -31.0098419189, 33.4289855957, 38.6091499329, 32.7981071472, -18.9484558105, -45.3794555664, -50.0456008911, -21.9907512665, 40.4159660339, 119.743843079, 52.9772224426], [-143.370025635, -98.9051208496, 34.9636459351, 0.420713961124, -26.3277187347, 69.1772003174, 77.1084671021, 8.10418605804, -59.6603431702, -14.4288740158, -45.7960166931, 52.9772224426, 138.937042236]],
        "icov": [[0.00134328205604, -0.00391561491415, 0.00250638555735, -0.00340110226534, 0.00283140898682, -0.00207370170392, 0.00163748348132, -0.00232746056281, 0.0021537700668, -0.0018737395294, 0.00181445211638, -0.00140905741137, 0.000639913021587], [-0.00391561491415, 0.0164572540671, -0.00782177783549, 0.0129510741681, -0.00997663661838, 0.00881893467158, -0.00539015699178, 0.010430958122, -0.00859699584544, 0.00920856464654, -0.00762172369286, 0.00752122374251, -0.00240982254036], [0.00250638555735, -0.00782177783549, 0.00964342616498, -0.00844273716211, 0.00668667210266, -0.00279887556098, 0.00164269725792, -0.00324218254536, 0.00415947753936, -0.00422757584602, 0.00337283057161, -0.000816833577119, -0.000674590701237], [-0.00340110226534, 0.0129510741681, -0.00844273716211, 0.017970893532, -0.00949087366462, 0.00849501881748, -0.00481192115694, 0.00862034689635, -0.00586847215891, 0.00555399153382, -0.00527596939355, 0.00256202346645, -0.000739475421142], [0.00283140898682, -0.00997663661838, 0.00668667210266, -0.00949087366462, 0.015111646615, -0.0100053930655, 0.00621782941744, -0.00513231940567, 0.0039444421418, -0.00158052984625, 0.00132942595519, -0.00316325505264, 0.00203352444805], [-0.00207370170392, 0.00881893467158, -0.00279887556098, 0.00849501881748, -0.0100053930655, 0.0179107896984, -0.0110930679366, 0.00771332159638, -0.00224440940656, 0.00141167186666, 2.91094274871e-005, 0.000272114411928, -0.00120182719547], [0.00163748348132, -0.00539015699178, 0.00164269725792, -0.00481192115694, 0.00621782941744, -0.0110930679366, 0.0140118943527, -0.0110404677689, 0.00597109505907, -0.00477350875735, 0.00409538112581, -0.00181608682033, 0.00113355845679], [-0.00232746056281, 0.010430958122, -0.00324218254536, 0.00862034689635, -0.00513231940567, 0.00771332159638, -0.0110404677689, 0.0195371955633, -0.0104087525979, 0.00996998790652, -0.00690427934751, 0.00775126367807, -0.0026772688143], [0.0021537700668, -0.00859699584544, 0.00415947753936, -0.00586847215891, 0.0039444421418, -0.00224440940656, 0.00597109505907, -0.0104087525979, 0.017297944054, -0.0110965380445, 0.00766707025468, -0.00431475508958, 0.00467964401469], [-0.0018737395294, 0.00920856464654, -0.00422757584602, 0.00555399153382, -0.00158052984625, 0.00141167186666, -0.00477350875735, 0.00996998790652, -0.0110965380445, 0.0208061672747, -0.0110297501087, 0.00898284371942, -0.00293079088442], [0.00181445211638, -0.00762172369286, 0.00337283057161, -0.00527596939355, 0.00132942595519, 2.91094274871e-005, 0.00409538112581, -0.00690427934751, 0.00766707025468, -0.0110297501087, 0.0207964908332, -0.0128753241152, 0.00789223890752], [-0.00140905741137, 0.00752122374251, -0.000816833577119, 0.00256202346645, -0.00316325505264, 0.000272114411928, -0.00181608682033, 0.00775126367807, -0.00431475508958, 0.00898284371942, -0.0128753241152, 0.0231980979443, -0.0100905541331], [0.000639913021587, -0.00240982254036, -0.000674590701237, -0.000739475421142, 0.00203352444805, -0.00120182719547, 0.00113355845679, -0.0026772688143, 0.00467964401469, -0.00293079088442, 0.00789223890752, -0.0100905541331, 0.0149792218581]]
    },
    "melbands": {
        "mean": [0.00106475222856, 0.00103193731047, 0.000685634091496, 0.000762878276873, 0.000362483755453, 0.000261833367404, 0.000294856290566, 0.000160857991432, 0.000117095150927, 7.0445574238e-005, 6.93709444022e-005, 6.19084967184e-005, 3.43449901266e-005, 3.03953183902e-005, 1.42487524499e-005, 1.15861075756e-005, 8.47789488034e-006, 5.79680636292e-006, 6.39173549644e-006, 3.74114324586e-006, 4.14152418671e-006, 3.48166986441e-006, 2.938415264e-006, 2.15849991037e-006, 1.68793008015e-006, 1.36421181196e-006, 1.1345251778e-006, 2.24774407798e-006, 1.50725227286e-005, 1.88835456356e-005, 5.12517317475e-006, 1.14485749236e-006, 1.82129426207e-007, 1.10327889047e-007, 8.63813127694e-008, 7.19525345971e-008, 6.49023519372e-008, 9.04890740117e-008, 8.65274571993e-008, 4.05040481155e-008],
        "var": [1.45708099808e-006, 3.51768790097e-006, 3.30033071805e-006, 4.3866211854e-006, 9.74020508693e-007, 6.34673540389e-007, 1.14090335046e-006, 2.40780707372e-007, 6.98577622416e-008, 3.64385748242e-008, 2.83884649122e-008, 1.68793565791e-008, 4.57577353785e-009, 8.59771631667e-009, 8.61154203502e-010, 4.8657589069e-010, 1.70740299676e-009, 2.07765776805e-010, 3.1505362208e-010, 7.78440298332e-011, 1.2580608777e-010, 1.53737259034e-010, 1.30186153524e-010, 5.6848342006e-011, 3.30597632603e-011, 1.30464614806e-011, 5.92900685145e-012, 3.51010193134e-012, 1.08063120952e-010, 1.82195120102e-010, 9.14529355023e-011, 3.40691051759e-011, 4.23045875674e-013, 1.24981351223e-013, 4.92660145806e-014, 2.06595418534e-014, 1.49352034104e-014, 8.47435626717e-015, 6.17973850735e-015, 1.29814893068e-015]
    },
    "mfcc": {
        "mean": [-711.600646973, 129.648803711, 13.6147985458, 36.6875839233, -17.8267593384, 18.0354633331, 24.1144542694, -12.492058754, 26.2165660858, -1.75400590897, -11.3989048004, 20.8360443115, -11.0363054276],
        "cov": [[1860.63171387, 662.843933105, -276.8543396, 206.629623413, 314.773590088, -131.891189575, -418.247955322, -94.5123443604, -415.251525879, -82.4940414429, 111.906349182, -173.864120483, 62.7828025818], [662.843933105, 557.927001953, -60.5986671448, 49.5644836426, 147.343811035, -88.3642578125, -207.41557312, -88.6554260254, -157.667907715, -6.63062000275, 39.0126457214, -53.7470436096, 1.59000968933], [-276.8543396, -60.5986671448, 335.051757813, 44.6005249023, -122.986373901, -14.7071361542, 25.8362636566, -36.1345329285, 87.8751144409, 28.6498394012, -31.8457069397, 27.5426425934, -53.863822937], [206.629623413, 49.5644836426, 44.6005249023, 219.742950439, 103.659156799, -54.2867279053, -120.61844635, -79.5339660645, -136.552108765, -30.2712593079, 29.1301422119, -20.0333824158, 13.5988321304], [314.773590088, 147.343811035, -122.986373901, 103.659156799, 262.128967285, 3.51465797424, -165.614944458, -66.2610855103, -184.552886963, -73.5714111328, 0.534988462925, -26.0149669647, 48.2689170837], [-131.891189575, -88.3642578125, -14.7071361542, -54.2867279053, 3.51465797424, 193.664123535, 93.6812057495, 12.0157623291, 52.6217155457, -63.8636322021, -33.9379081726, 15.5164041519, 23.0657501221], [-418.247955322, -207.41557312, 25.8362636566, -120.61844635, -165.614944458, 93.6812057495, 367.583251953, 129.132659912, 179.473342896, 20.3478622437, -70.9908447266, 40.9845962524, -26.8528995514], [-94.5123443604, -88.6554260254, -36.1345329285, -79.5339660645, -66.2610855103, 12.0157623291, 129.132659912, 175.007781982, 106.085159302, 9.42723083496, -14.827507019, -0.652581393719, -20.0262870789], [-415.251525879, -157.667907715, 87.8751144409, -136.552108765, -184.552886963, 52.6217155457, 179.473342896, 106.085159302, 312.591308594, 74.5676040649, -43.3218345642, 49.0070228577, -75.5510177612], [-82.4940414429, -6.63062000275, 28.6498394012, -30.2712593079, -73.5714111328, -63.8636322021, 20.3478622437, 9.42723083496, 74.5676040649, 179.064163208, 60.9825553894, -0.541599273682, -23.126449585], [111.906349182, 39.0126457214, -31.8457069397, 29.1301422119, 0.534988462925, -33.9379081726, -70.9908447266, -14.827507019, -43.3218345642, 60.9825553894, 157.138717651, 15.9288368225, 5.09752130508], [-173.864120483, -53.7470436096, 27.5426425934, -20.0333824158, -26.0149669647, 15.5164041519, 40.9845962524, -0.652581393719, 49.0070228577, -0.541599273682, 15.9288368225, 114.254432678, 9.54948043823], [62.7828025818, 1.59000968933, -53.863822937, 13.5988321304, 48.2689170837, 23.0657501221, -26.8528995514, -20.0262870789, -75.5510177612, -23.126449585, 5.09752130508, 9.54948043823, 114.585914612]],
        "icov": [[0.00158357131295, -0.00149032229092, 0.00101591413841, -0.00115749263205, 0.000869374605827, -0.000479583337437, 0.000851538265124, -0.000993401627056, 0.000832981197163, 0.000140329109854, -6.61755984765e-005, 0.000862647488248, 3.27949419443e-005], [-0.00149032229092, 0.00408349046484, -0.00115431880113, 0.00227112439461, -0.00214066472836, 0.00147814245429, -0.000319236132782, 0.001663004281, -0.000426017330028, 9.7099418781e-006, -0.000402065110393, -3.83762635465e-005, 0.000509941892233], [0.00101591413841, -0.00115431880113, 0.00631753914058, -0.00394723424688, 0.00477245124057, -0.00148913962767, 0.00183752167504, 0.000262295943685, 0.000371223781258, -0.000867972965352, 0.00260231248103, -0.00125088763889, 0.00172144942917], [-0.00115749263205, 0.00227112439461, -0.00394723424688, 0.010424580425, -0.00510296085849, 0.00336169847287, -0.00151897280011, 0.00267378962599, 0.000654782401398, 0.00174112559762, -0.00277114054188, 0.00114975729957, -9.51449401327e-005], [0.000869374605827, -0.00214066472836, 0.00477245124057, -0.00510296085849, 0.0133858351037, -0.00500852614641, 0.00496790371835, -0.00270517263561, 0.00527589069679, -0.00173399189953, 0.0050574876368, -0.0029095322825, 0.00160939607304], [-0.000479583337437, 0.00147814245429, -0.00148913962767, 0.00336169847287, -0.00500852614641, 0.01091860421, -0.00419890927151, 0.00414136005566, -0.00491705583408, 0.00565144093707, -0.00380153651349, 0.00276795146056, -0.00336793554015], [0.000851538265124, -0.000319236132782, 0.00183752167504, -0.00151897280011, 0.00496790371835, -0.00419890927151, 0.007967219688, -0.00445275893435, 0.00226383493282, -0.0024828503374, 0.00416973419487, -0.00242943898775, 0.00143180170562], [-0.000993401627056, 0.001663004281, 0.000262295943685, 0.00267378962599, -0.00270517263561, 0.00414136005566, -0.00445275893435, 0.0117697464302, -0.00504194805399, 0.00327109708451, -0.0030584409833, 0.00286046462134, -0.00111987348646], [0.000832981197163, -0.000426017330028, 0.000371223781258, 0.000654782401398, 0.00527589069679, -0.00491705583408, 0.00226383493282, -0.00504194805399, 0.0125448610634, -0.00530323805287, 0.00471988879144, -0.00439638830721, 0.00542038911954], [0.000140329109854, 9.7099418781e-006, -0.000867972965352, 0.00174112559762, -0.00173399189953, 0.00565144093707, -0.0024828503374, 0.00327109708451, -0.00530323805287, 0.0116276489571, -0.00648348918185, 0.00390525814146, -0.00229590362869], [-6.61755984765e-005, -0.000402065110393, 0.00260231248103, -0.00277114054188, 0.0050574876368, -0.00380153651349, 0.00416973419487, -0.0030584409833, 0.00471988879144, -0.00648348918185, 0.012582430616, -0.00525452243164, 0.00235304585658], [0.000862647488248, -3.83762635465e-005, -0.00125088763889, 0.00114975729957, -0.0029095322825, 0.00276795146056, -0.00242943898775, 0.00286046462134, -0.00439638830721, 0.00390525814146, -0.00525452243164, 0.0133361360058, -0.00358573067933], [3.27949419443e-005, 0.000509941892233, 0.00172144942917, -9.51449401327e-005, 0.00160939607304, -0.00336793554015, 0.00143180170562, -0.00111987348646, 0.00542038911954, -0.00229590362869, 0.00235304585658, -0.00358573067933, 0.012967005372]]
    },
    "spectral_contrast_coeffs": {
        "mean": [-0.714038729668, -0.753633379936, -0.773677349091, -0.825296103954, -0.747209966183, -0.647956550121],
        "var": [0.00681893154979, 0.00589301157743, 0.00485654408112, 0.00122423702851, 0.00270254677162, 0.001721543842]
    },
    "spectral_contrast_valleys": {
        "mean": [-7.22299909592, -7.30411100388, -7.73719215393, -8.34523200989, -8.40784072876, -11.1752843857],
        "var": [1.0387929678, 1.21818470955, 0.876821398735, 0.97464209795, 0.953073143959, 0.517115473747]
    }
},
"metadata": {
    "audio_properties": {
        "analysis_sample_rate": 44100,
        "bit_rate": 107205,
        "equal_loudness": 0,
        "length": 45.0873451233,
        "lossless": 0,
        "replay_gain": -0.423198699951,
        "sample_rate": 44100,
        "codec": "mp3",
        "downmix": "mix",
        "md5_encoded": "d4a9101f6cd65f957f32379748165ece"
    },
    "tags": {
        "file_name": "848.mp3"
    },
    "version": {
        "essentia": "2.1-beta2",
        "essentia_git_sha": "v2.1_beta2",
        "extractor": "music 1.0"
    }
},
"rhythm": {
    "beats_count": 80,
    "beats_loudness": {
        "mean": 0.0156207131222,
        "var": 0.000398909265641
    },
    "bpm": 85.9509048462,
    "bpm_histogram_first_peak_bpm": {
        "mean": 86,
        "var": 0
    },
    "bpm_histogram_first_peak_spread": {
        "mean": 0.133333355188,
        "var": 0
    },
    "bpm_histogram_first_peak_weight": {
        "mean": 0.164556965232,
        "var": 0
    },
    "bpm_histogram_second_peak_bpm": {
        "mean": 115,
        "var": 0
    },
    "bpm_histogram_second_peak_spread": {
        "mean": 0.470588237047,
        "var": 0
    },
    "bpm_histogram_second_peak_weight": {
        "mean": 0.113924048841,
        "var": 0
    },
    "danceability": 0.805816829205,
    "onset_rate": 1.28589522839,
    "beats_loudness_band_ratio": {
        "mean": [0.467863082886, 0.15033981204, 0.155998259783, 0.127412125468, 0.0287101753056, 0.106725491583],
        "var": [0.0281873010099, 0.0286652706563, 0.0299598872662, 0.0181012954563, 0.00481000589207, 0.0102544426918]
    },
    "beats_position": [0.638548731804, 1.28870749474, 1.92725622654, 2.56580495834, 3.20435357094, 3.85451245308, 4.46984100342, 5.08516979218, 5.70049858093, 6.31582736969, 6.91954612732, 7.56970500946, 8.2198638916, 8.87002277374, 9.47374153137, 10.077460289, 10.5766887665, 11.0759181976, 11.5751476288, 11.9931058884, 12.3994560242, 12.8058052063, 13.2121543884, 13.6185035706, 14.0248527527, 14.4195919037, 14.8143310547, 15.2439002991, 15.6850786209, 16.114648819, 16.602268219, 17.0782756805, 17.5542850494, 18.0419044495, 18.5295238495, 19.0171432495, 19.5047607422, 19.9923801422, 20.4799995422, 21.0024490356, 21.5132884979, 22.035736084, 22.5581855774, 23.0806350708, 23.6030826569, 24.1139221191, 24.6131515503, 25.1239910126, 25.6232185364, 26.1340579987, 26.6332874298, 27.1441268921, 27.6549663544, 28.1658039093, 28.6882534027, 29.2107028961, 29.7215423584, 30.2439899445, 30.7664394379, 31.3121089935, 31.8577766418, 32.4034461975, 32.9491157532, 33.4947853088, 34.0404510498, 34.725440979, 35.4104309082, 36.118637085, 36.8268470764, 37.5234451294, 38.2200431824, 38.91664505, 39.613243103, 40.309841156, 41.006439209, 41.703037262, 42.3996353149, 43.0962333679, 43.8044433594, 44.5126533508]
},
"tonal": {
    "chords_changes_rate": 0.0720164626837,
    "chords_number_rate": 0.0144032919779,
    "chords_strength": {
        "mean": 0.499122858047,
        "var": 0.012164584361
    },
    "hpcp_entropy": {
        "mean": 2.31912112236,
        "var": 0.505268454552
    },
    "key_strength": 0.603926062584,
    "tuning_diatonic_strength": 0.375461965799,
    "tuning_equal_tempered_deviation": 0.138860732317,
    "tuning_frequency": 434.193115234,
    "tuning_nontempered_energy_ratio": 0.788192629814,
    "hpcp": {
        "mean": [0.173186182976, 0.163407772779, 0.14324106276, 0.144226580858, 0.165407985449, 0.174925968051, 0.172553524375, 0.162689968944, 0.14180983603, 0.130207553506, 0.118544541299, 0.120229385793, 0.144474223256, 0.173818126321, 0.214291542768, 0.247675344348, 0.235249072313, 0.200870856643, 0.180410414934, 0.14576753974, 0.11520794034, 0.107890561223, 0.0927571877837, 0.266659677029, 0.442712754011, 0.264856696129, 0.10366205126, 0.119625337422, 0.107900485396, 0.102467522025, 0.123748935759, 0.119695968926, 0.10018863529, 0.109994269907, 0.12889662385, 0.149233624339],
        "var": [0.0728436633945, 0.064523100853, 0.0536193884909, 0.0518713332713, 0.0619403868914, 0.0642540454865, 0.0667514875531, 0.0709223300219, 0.0530239269137, 0.0466218627989, 0.0335710123181, 0.0316334217787, 0.0391055084765, 0.0424796082079, 0.0512217581272, 0.0647014304996, 0.0601378679276, 0.0438844971359, 0.0512687973678, 0.0429399386048, 0.0389452688396, 0.0394658967853, 0.0272220354527, 0.0609973147511, 0.159268945456, 0.0515894219279, 0.0271112471819, 0.0417999774218, 0.0340116284788, 0.0308117121458, 0.0467112101614, 0.0458542853594, 0.0324222035706, 0.0415978617966, 0.0519765466452, 0.0612076036632]
    },
    "chords_histogram": [35.288066864, 37.3456802368, 2.88065838814, 0.308641970158, 0, 0, 3.60082316399, 1.54320991039, 0, 0, 1.13168728352, 0, 0, 1.33744859695, 1.54320991039, 1.95473253727, 2.26337456703, 4.01234579086, 0, 1.23456788063, 1.02880656719, 4.32098770142, 0, 0.205761313438],
    "thpcp": [1, 0.598258554935, 0.234151944518, 0.270209819078, 0.243725717068, 0.231453731656, 0.279524207115, 0.270369380713, 0.226306185126, 0.248455166817, 0.291151821613, 0.337089061737, 0.391193121672, 0.369105637074, 0.323553055525, 0.325779139996, 0.373623728752, 0.395122945309, 0.389764070511, 0.367484271526, 0.320320188999, 0.294112950563, 0.267768532038, 0.271574258804, 0.326338529587, 0.392620563507, 0.484041959047, 0.559449315071, 0.531380832195, 0.453727275133, 0.407511234283, 0.329259872437, 0.260231822729, 0.243703305721, 0.209520027041, 0.602331161499],
    "chords_key": "D",
    "chords_scale": "minor",
    "key_key": "A#",
    "key_scale": "major"
}
}