{
"lowlevel": {
    "average_loudness": 0.911608338356,
    "barkbands_crest": {
        "mean": 10.2272357941,
        "var": 12.0760297775
    },
    "barkbands_flatness_db": {
        "mean": 0.124648965895,
        "var": 0.0011933229398
    },
    "barkbands_kurtosis": {
        "mean": 2.69638037682,
        "var": 11.1865472794
    },
    "barkbands_skewness": {
        "mean": 1.50832700729,
        "var": 0.497379690409
    },
    "barkbands_spread": {
        "mean": 23.4334049225,
        "var": 79.1930923462
    },
    "dissonance": {
        "mean": 0.47374689579,
        "var": 0.000392013869714
    },
    "dynamic_complexity": 1.53461813927,
    "erbbands_crest": {
        "mean": 8.26824378967,
        "var": 20.0177459717
    },
    "erbbands_flatness_db": {
        "mean": 0.138830840588,
        "var": 0.000836038962007
    },
    "erbbands_kurtosis": {
        "mean": 0.246698454022,
        "var": 2.80423784256
    },
    "erbbands_skewness": {
        "mean": 0.402836948633,
        "var": 0.364636272192
    },
    "erbbands_spread": {
        "mean": 39.7070198059,
        "var": 154.916870117
    },
    "hfc": {
        "mean": 23.3747558594,
        "var": 167.119918823
    },
    "melbands_crest": {
        "mean": 13.9635667801,
        "var": 13.0121612549
    },
    "melbands_flatness_db": {
        "mean": 0.186163157225,
        "var": 0.00224867090583
    },
    "melbands_kurtosis": {
        "mean": 10.3679466248,
        "var": 69.1995925903
    },
    "melbands_skewness": {
        "mean": 2.58972835541,
        "var": 1.0532951355
    },
    "melbands_spread": {
        "mean": 21.4920539856,
        "var": 128.151382446
    },
    "pitch_salience": {
        "mean": 0.535015642643,
        "var": 0.00942320376635
    },
    "silence_rate_20dB": {
        "mean": 1,
        "var": 0
    },
    "silence_rate_30dB": {
        "mean": 0.985581874847,
        "var": 0.0142102558166
    },
    "silence_rate_60dB": {
        "mean": 0.00411946466193,
        "var": 0.00410258490592
    },
    "spectral_centroid": {
        "mean": 1379.7175293,
        "var": 361139.96875
    },
    "spectral_complexity": {
        "mean": 26.0175075531,
        "var": 60.456867218
    },
    "spectral_decrease": {
        "mean": -9.9588399749e-009,
        "var": 3.76213488554e-017
    },
    "spectral_energy": {
        "mean": 0.0397071428597,
        "var": 0.000572392367758
    },
    "spectral_energyband_high": {
        "mean": 0.000925798027311,
        "var": 5.7806107634e-007
    },
    "spectral_energyband_low": {
        "mean": 0.0193319432437,
        "var": 0.000245238130447
    },
    "spectral_energyband_middle_high": {
        "mean": 0.00656956806779,
        "var": 2.48078049481e-005
    },
    "spectral_energyband_middle_low": {
        "mean": 0.014887528494,
        "var": 0.000174853092176
    },
    "spectral_entropy": {
        "mean": 7.73840808868,
        "var": 0.0687684267759
    },
    "spectral_flux": {
        "mean": 0.0959504544735,
        "var": 0.00212013302371
    },
    "spectral_kurtosis": {
        "mean": 3.19536685944,
        "var": 4.61955881119
    },
    "spectral_rms": {
        "mean": 0.00598359573632,
        "var": 2.93526363748e-006
    },
    "spectral_rolloff": {
        "mean": 1127.45373535,
        "var": 1086407.75
    },
    "spectral_skewness": {
        "mean": 1.33733737469,
        "var": 0.149173855782
    },
    "spectral_spread": {
        "mean": 4432895,
        "var": 2.43047333888e+012
    },
    "spectral_strongpeak": {
        "mean": 0.766059160233,
        "var": 1.16370511055
    },
    "zerocrossingrate": {
        "mean": 0.0542718842626,
        "var": 0.000771097664256
    },
    "barkbands": {
        "mean": [2.55216091318e-005, 0.0124644162133, 0.00500313565135, 0.00326954224147, 0.00304927397519, 0.00188734871335, 0.00143149134237, 0.00243016937748, 0.00253258668818, 0.00108523317613, 0.00142419536132, 0.00118541868869, 0.000570773903746, 0.000322024832712, 0.000407080631703, 0.000382811151212, 0.000466483441414, 0.000300121231703, 0.000315278419293, 0.000328584457748, 0.000274455058388, 0.000231980564422, 0.000157114263857, 0.000112152993097, 3.49141118932e-005, 1.39142393891e-005, 1.11231645405e-006],
        "var": [1.43009371012e-009, 8.95884077181e-005, 5.0014405133e-005, 2.1849773475e-005, 1.28162255351e-005, 1.08956037366e-005, 1.86341003428e-006, 1.91793442355e-005, 6.28122361377e-005, 1.1724561773e-005, 2.95702557196e-006, 1.86567046967e-006, 6.88607542543e-007, 2.42087082825e-007, 2.07961335263e-007, 2.3951639605e-007, 2.46800226478e-007, 5.84685437843e-008, 7.08035514663e-008, 8.41631688786e-008, 7.68121282135e-008, 5.74506024975e-008, 2.4489816397e-008, 1.13977423055e-008, 9.86884907128e-010, 5.81910464259e-010, 1.00349581075e-011]
    },
    "erbbands": {
        "mean": [0.156839817762, 3.3931248188, 6.62390136719, 9.37584590912, 9.694190979, 10.9385576248, 14.1105995178, 14.4503068924, 14.7864513397, 32.905418396, 65.4358139038, 63.60338974, 34.3049125671, 45.1638565063, 50.031955719, 48.2236785889, 28.9139575958, 17.2515106201, 22.1863536835, 18.0180683136, 23.8325614929, 27.0948753357, 19.2996997833, 14.3284864426, 17.251619339, 16.0263347626, 11.0454750061, 9.77841949463, 8.60437297821, 6.63790845871, 4.445748806, 3.18152832985, 1.33795082569, 0.501840829849, 0.170680046082, 0.0748105570674, 0.0221090614796, 0.00423827162012, 0.000132276923978, 5.00134701724e-005],
        "var": [0.0140943266451, 6.86469745636, 48.802116394, 199.078598022, 242.806594849, 129.838562012, 613.413818359, 540.329650879, 216.188598633, 1321.54528809, 14799.3212891, 40470.2578125, 14905.4785156, 2927.21484375, 2262.28686523, 3186.75292969, 1478.62939453, 590.228637695, 677.223999023, 436.427398682, 938.201965332, 789.200805664, 246.672866821, 198.489089966, 172.868438721, 207.038665771, 140.180999756, 85.6488113403, 78.835144043, 50.5996398926, 20.0724887848, 9.2503786087, 1.46200859547, 0.174987792969, 0.0401458516717, 0.0156049588695, 0.00160534493625, 8.82540116436e-005, 7.41045909081e-008, 8.09971201221e-010]
    },
    "gfcc": {
        "mean": [37.5196609497, 103.684967041, -120.688240051, 45.456817627, -62.8396072388, 23.2122077942, -27.6804218292, 12.5730457306, -18.4485626221, -1.81458926201, -10.8676252365, -0.430529534817, -10.5483007431],
        "cov": [[4423.46582031, -295.718811035, -277.252655029, 36.5981369019, -206.026382446, 259.94821167, -41.623298645, 161.934066772, -200.906784058, 51.3263626099, -165.275299072, 73.393951416, -115.880722046], [-295.718811035, 495.310821533, -41.9549980164, 46.6741676331, 46.8949241638, -121.035812378, 2.00460147858, -85.5253143311, 85.3118591309, -71.0808563232, 67.2764358521, -71.7292861938, 62.1688117981], [-277.252655029, -41.9549980164, 421.040374756, -107.397315979, 133.105407715, -44.8079566956, -50.7659645081, 64.2342681885, -68.1295776367, 51.5730285645, -45.5980911255, 70.357711792, -24.5227336884], [36.5981369019, 46.6741676331, -107.397315979, 227.13520813, -95.0615844727, 14.8833236694, 17.1744594574, -66.264755249, 75.8617782593, -39.9032707214, 43.1706314087, -47.2822036743, 26.9523277283], [-206.026382446, 46.8949241638, 133.105407715, -95.0615844727, 256.840759277, -27.3928318024, -37.716178894, 28.3812084198, -75.2682876587, 13.1311044693, -19.502620697, 47.3491592407, -2.55276107788], [259.94821167, -121.035812378, -44.8079566956, 14.8833236694, -27.3928318024, 129.406799316, 47.6531982422, 22.1089839935, -27.4593467712, 7.62386989594, -0.134257346392, 16.2902870178, -8.85906982422], [-41.623298645, 2.00460147858, -50.7659645081, 17.1744594574, -37.716178894, 47.6531982422, 97.6042556763, 14.0439767838, 21.4108047485, -9.73884868622, 16.8311138153, -10.3470783234, 4.60529375076], [161.934066772, -85.5253143311, 64.2342681885, -66.264755249, 28.3812084198, 22.1089839935, 14.0439767838, 99.1752548218, -19.7348842621, 31.3777503967, -30.3967895508, 31.0187320709, -13.588139534], [-200.906784058, 85.3118591309, -68.1295776367, 75.8617782593, -75.2682876587, -27.4593467712, 21.4108047485, -19.7348842621, 123.64717865, -3.98033189774, 27.2768936157, -51.3558197021, 21.2356052399], [51.3263626099, -71.0808563232, 51.5730285645, -39.9032707214, 13.1311044693, 7.62386989594, -9.73884868622, 31.3777503967, -3.98033189774, 75.5096054077, 7.09218978882, 24.1712474823, -16.0509796143], [-165.275299072, 67.2764358521, -45.5980911255, 43.1706314087, -19.502620697, -0.134257346392, 16.8311138153, -30.3967895508, 27.2768936157, 7.09218978882, 77.5053863525, 6.40869426727, 23.3911705017], [73.393951416, -71.7292861938, 70.357711792, -47.2822036743, 47.3491592407, 16.2902870178, -10.3470783234, 31.0187320709, -51.3558197021, 24.1712474823, 6.40869426727, 87.9484558105, 11.7278699875], [-115.880722046, 62.1688117981, -24.5227336884, 26.9523277283, -2.55276107788, -8.85906982422, 4.60529375076, -13.588139534, 21.2356052399, -16.0509796143, 23.3911705017, 11.7278699875, 60.3239746094]],
        "icov": [[0.000662611739244, -0.00143789628055, 0.0010032672435, -0.00122220953926, 0.0011534455698, -0.00128635554574, 0.001074632979, -0.00152327865362, 0.00172589113936, -0.00171972659882, 0.00266760401428, -0.00180431758054, 0.00139464100357], [-0.00143789628055, 0.00881197676063, -0.00285072880797, 0.00414798501879, -0.00453785574064, 0.0060158399865, -0.00325858592987, 0.00445702951401, -0.00533155165613, 0.00798129662871, -0.0110421385616, 0.00860920641571, -0.0063031767495], [0.0010032672435, -0.00285072880797, 0.00544272875413, -0.0023617062252, 0.000924995925743, -0.0005270743859, 0.00177915184759, -0.00326621602289, 0.00318194250576, -0.00477644102648, 0.00644283089787, -0.00557970860973, 0.00341857643798], [-0.00122220953926, 0.00414798501879, -0.0023617062252, 0.0109591670334, -0.00152027979493, 7.06959181116e-005, -0.000521388894413, 0.00599470315501, -0.00754697807133, 0.00765123823658, -0.00888809468597, 0.00549482554197, -0.00407231319696], [0.0011534455698, -0.00453785574064, 0.000924995925743, -0.00152027979493, 0.00856555067003, -0.00238758674823, 0.00297290529124, -0.00370410899632, 0.00630993908271, -0.0040348614566, 0.00568022346124, -0.00466200290248, 0.00230711116455], [-0.00128635554574, 0.0060158399865, -0.0005270743859, 7.06959181116e-005, -0.00238758674823, 0.0177962798625, -0.00924303382635, 0.00164248526562, 0.00147019082215, 0.00232558883727, -0.00620573526248, 0.003911039792, -0.0035814049188], [0.001074632979, -0.00325858592987, 0.00177915184759, -0.000521388894413, 0.00297290529124, -0.00924303382635, 0.0185806341469, -0.00746144494042, -0.000229568468058, 0.00175967183895, -0.00068458286114, -0.00131246168166, 0.00311761652119], [-0.00152327865362, 0.00445702951401, -0.00326621602289, 0.00599470315501, -0.00370410899632, 0.00164248526562, -0.00746144494042, 0.0229851920158, -0.00798322819173, -0.000411560729844, 0.0012418217957, -0.000747578102164, -0.00332950055599], [0.00172589113936, -0.00533155165613, 0.00318194250576, -0.00754697807133, 0.00630993908271, 0.00147019082215, -0.000229568468058, -0.00798322819173, 0.0242881067097, -0.0113393943757, 0.00578100280836, 0.0039247693494, -0.00239423941821], [-0.00171972659882, 0.00798129662871, -0.00477644102648, 0.00765123823658, -0.0040348614566, 0.00232558883727, 0.00175967183895, -0.000411560729844, -0.0113393943757, 0.0302592329681, -0.0188241004944, 0.00419586664066, 0.00158119236585], [0.00266760401428, -0.0110421385616, 0.00644283089787, -0.00888809468597, 0.00568022346124, -0.00620573526248, -0.00068458286114, 0.0012418217957, 0.00578100280836, -0.0188241004944, 0.038913924247, -0.0184390526265, 0.00420730561018], [-0.00180431758054, 0.00860920641571, -0.00557970860973, 0.00549482554197, -0.00466200290248, 0.003911039792, -0.00131246168166, -0.000747578102164, 0.0039247693494, 0.00419586664066, -0.0184390526265, 0.033886756748, -0.0164563115686], [0.00139464100357, -0.0063031767495, 0.00341857643798, -0.00407231319696, 0.00230711116455, -0.0035814049188, 0.00311761652119, -0.00332950055599, -0.00239423941821, 0.00158119236585, 0.00420730561018, -0.0164563115686, 0.0303765293211]]
    },
    "melbands": {
        "mean": [0.00255450280383, 0.00418085744604, 0.00166340009309, 0.000707781524397, 0.000507267424837, 0.000336875149515, 0.00023431891168, 0.000382726168027, 0.000556756509468, 0.000356967299012, 0.00016221619444, 0.000180021394044, 0.000193875326659, 0.000136874310556, 8.88236609171e-005, 4.97858018207e-005, 3.01382679027e-005, 3.64382431144e-005, 2.72728884738e-005, 2.21988047997e-005, 2.94690398732e-005, 2.85047044599e-005, 2.23536098929e-005, 1.31407168737e-005, 1.1450857528e-005, 1.06441339085e-005, 1.51555896082e-005, 8.94444565347e-006, 6.68305392537e-006, 5.79568313697e-006, 5.62149807593e-006, 4.59002376374e-006, 4.61127820017e-006, 3.24573352373e-006, 2.76969262814e-006, 1.92375637198e-006, 2.09177551369e-006, 1.0272298141e-006, 6.39500001398e-007, 3.36405918233e-007],
        "var": [3.60805984201e-006, 1.27405028252e-005, 5.6882518038e-006, 7.90342539858e-007, 5.17372996001e-007, 2.86251548687e-007, 4.98590537745e-008, 2.26346713816e-007, 1.22250105505e-006, 1.33189632834e-006, 3.91127429111e-007, 5.83320556302e-008, 4.74355879021e-008, 2.95159203745e-008, 8.8223579553e-009, 6.47443298973e-009, 2.210284622e-009, 2.23166596314e-009, 1.04392716693e-009, 6.20490270276e-010, 1.74958214583e-009, 8.37552582844e-010, 4.6487641514e-010, 1.50081738703e-010, 1.62478239196e-010, 7.1221313569e-011, 1.81975420843e-010, 6.57464221954e-011, 5.7425581651e-011, 3.69617461637e-011, 3.0074411711e-011, 2.26630311739e-011, 2.80991445389e-011, 1.23720452286e-011, 9.41773742325e-012, 3.45700421414e-012, 4.93440921803e-012, 1.0053965039e-012, 3.50276963467e-013, 9.03520693592e-014]
    },
    "mfcc": {
        "mean": [-595.664611816, 120.383872986, 5.46355724335, 24.9776268005, -0.365270227194, 9.59875965118, 4.27641439438, 13.166475296, 1.78196132183, 3.84679794312, -2.42730474472, 7.0713133812, 3.59142422676],
        "cov": [[2229.1418457, -403.572601318, -53.4194526672, -115.388389587, -163.073959351, 107.915733337, 64.4384613037, 125.121055603, 22.8024749756, 52.1726722717, 3.37192440033, -15.2545251846, -38.2431221008], [-403.572601318, 514.223083496, -14.4851722717, 54.6116371155, 134.28817749, -75.0093078613, 18.8069171906, -43.8632698059, 8.3072013855, -42.2696838379, -10.663397789, -4.5219950676, -5.13292694092], [-53.4194526672, -14.4851722717, 230.289764404, 28.9892177582, -11.3108863831, -9.20702266693, -21.7547912598, -3.48406267166, 11.86967659, -2.60958886147, 8.16553688049, 17.3998985291, 15.1214838028], [-115.388389587, 54.6116371155, 28.9892177582, 133.510375977, 33.9523506165, 2.84189844131, -40.7224082947, -14.8293848038, -9.43793869019, 3.13930749893, -9.4116897583, 1.42729091644, 7.24806261063], [-163.073959351, 134.28817749, -11.3108863831, 33.9523506165, 174.774795532, -24.2899303436, 28.5808753967, -24.5419521332, 4.39749383926, -37.7605209351, -17.9128170013, -10.918762207, 0.222456589341], [107.915733337, -75.0093078613, -9.20702266693, 2.84189844131, -24.2899303436, 89.3347473145, 14.1327209473, 15.5672607422, -18.2524852753, 9.68315601349, -0.943699836731, 1.70510840416, 3.26448202133], [64.4384613037, 18.8069171906, -21.7547912598, -40.7224082947, 28.5808753967, 14.1327209473, 117.88584137, 32.0518569946, 1.57834160328, -26.4736690521, -5.06198740005, 1.23075973988, 8.06791877747], [125.121055603, -43.8632698059, -3.48406267166, -14.8293848038, -24.5419521332, 15.5672607422, 32.0518569946, 73.8533477783, 19.3640270233, -1.49834382534, -9.08724021912, -2.0640540123, 3.04995036125], [22.8024749756, 8.3072013855, 11.86967659, -9.43793869019, 4.39749383926, -18.2524852753, 1.57834160328, 19.3640270233, 61.8325805664, 18.2178668976, 4.75320243835, -2.37499117851, -7.52413463593], [52.1726722717, -42.2696838379, -2.60958886147, 3.13930749893, -37.7605209351, 9.68315601349, -26.4736690521, -1.49834382534, 18.2178668976, 67.510093689, 26.6493263245, 5.56777143478, -8.83656978607], [3.37192440033, -10.663397789, 8.16553688049, -9.4116897583, -17.9128170013, -0.943699836731, -5.06198740005, -9.08724021912, 4.75320243835, 26.6493263245, 55.1068191528, 21.9945640564, 0.643092811108], [-15.2545251846, -4.5219950676, 17.3998985291, 1.42729091644, -10.918762207, 1.70510840416, 1.23075973988, -2.0640540123, -2.37499117851, 5.56777143478, 21.9945640564, 49.1070098877, 18.3295516968], [-38.2431221008, -5.13292694092, 15.1214838028, 7.24806261063, 0.222456589341, 3.26448202133, 8.06791877747, 3.04995036125, -7.52413463593, -8.83656978607, 0.643092811108, 18.3295516968, 47.3991737366]],
        "icov": [[0.000594704179093, 0.000317255326081, 6.60165896988e-005, 0.000177969559445, 0.000167102669366, -0.000277683167951, -0.000225807074457, -0.000573712575715, -4.44241049991e-005, -0.0001800681639, 5.91070165683e-005, 1.41547398016e-005, 0.000512700818945], [0.000317255326081, 0.00306391087361, 0.000354146788595, -0.00114077539183, -0.00112546118908, 0.00172989396378, -0.00102811539546, 0.000875362777151, -0.000571755052079, 0.000851576507557, -0.000211450693314, -0.000303226202959, 0.00084216624964], [6.60165896988e-005, 0.000354146788595, 0.00493855541572, -0.00129302230198, 0.000663209648337, 0.000228547287406, 0.000523108348716, 0.000488182820845, -0.00198954599909, 0.00178459356539, -0.000782318122219, -0.00109690858517, -0.00097381073283], [0.000177969559445, -0.00114077539183, -0.00129302230198, 0.0108661828563, -0.00286460691132, -0.00195846310817, 0.00457676546648, -0.00173710985109, 0.00244281138293, -0.00273228483275, 0.00239382707514, -0.000699318537954, -0.00163161626551], [0.000167102669366, -0.00112546118908, 0.000663209648337, -0.00286460691132, 0.00960913766176, 0.000232763399254, -0.00330003723502, 0.0041692010127, -0.00349545781501, 0.00413447897881, 0.000497970497236, 0.00124811334535, 0.000198222493054], [-0.000277683167951, 0.00172989396378, 0.000228547287406, -0.00195846310817, 0.000232763399254, 0.0157012492418, -0.00299404934049, -0.00234781811014, 0.00604829890653, -0.00402470817789, 0.00120326981414, -0.000284962879959, 7.17379080015e-005], [-0.000225807074457, -0.00102811539546, 0.000523108348716, 0.00457676546648, -0.00330003723502, -0.00299404934049, 0.014165494591, -0.00612967321649, 0.000513782957569, 0.00375810358673, -0.00194072665181, -0.000533345330041, -0.00194053642917], [-0.000573712575715, 0.000875362777151, 0.000488182820845, -0.00173710985109, 0.0041692010127, -0.00234781811014, -0.00612967321649, 0.0222812201828, -0.00934247113764, 0.00267253140919, 0.00379268266261, 9.80648792392e-007, -0.00154305959586], [-4.44241049991e-005, -0.000571755052079, -0.00198954599909, 0.00244281138293, -0.00349545781501, 0.00604829890653, 0.000513782957569, -0.00934247113764, 0.0251901131123, -0.0101238247007, 0.000595438701566, 0.000450816500233, 0.00220584473573], [-0.0001800681639, 0.000851576507557, 0.00178459356539, -0.00273228483275, 0.00413447897881, -0.00402470817789, 0.00375810358673, 0.00267253140919, -0.0101238247007, 0.0275854282081, -0.011437064968, 0.0011190045625, 0.00249966909178], [5.91070165683e-005, -0.000211450693314, -0.000782318122219, 0.00239382707514, 0.000497970497236, 0.00120326981414, -0.00194072665181, 0.00379268266261, 0.000595438701566, -0.011437064968, 0.0296123567969, -0.0122825717553, 0.00221969815902], [1.41547398016e-005, -0.000303226202959, -0.00109690858517, -0.000699318537954, 0.00124811334535, -0.000284962879959, -0.000533345330041, 9.80648792392e-007, 0.000450816500233, 0.0011190045625, -0.0122825717553, 0.030476892367, -0.0107988314703], [0.000512700818945, 0.00084216624964, -0.00097381073283, -0.00163161626551, 0.000198222493054, 7.17379080015e-005, -0.00194053642917, -0.00154305959586, 0.00220584473573, 0.00249966909178, 0.00221969815902, -0.0107988314703, 0.0275481902063]]
    },
    "spectral_contrast_coeffs": {
        "mean": [-0.660821676254, -0.750512361526, -0.774596512318, -0.796597242355, -0.789771914482, -0.720429122448],
        "var": [0.00348403025419, 0.00388842285611, 0.00314963841811, 0.00144633301534, 0.000680845580064, 0.00137376680505]
    },
    "spectral_contrast_valleys": {
        "mean": [-6.64374017715, -6.15899705887, -6.66381931305, -7.2675614357, -7.09637594223, -10.0610237122],
        "var": [0.974683046341, 0.957573235035, 1.01822662354, 0.909602165222, 0.928904175758, 0.910406589508]
    }
},
"metadata": {
    "audio_properties": {
        "analysis_sample_rate": 44100,
        "bit_rate": 109280,
        "equal_loudness": 0,
        "length": 45.0612258911,
        "lossless": 0,
        "replay_gain": -4.93103218079,
        "sample_rate": 44100,
        "codec": "mp3",
        "downmix": "mix",
        "md5_encoded": "c269ddca0c7e3172fb2e66601bc46969"
    },
    "tags": {
        "file_name": "85.mp3"
    },
    "version": {
        "essentia": "2.1-beta2",
        "essentia_git_sha": "v2.1_beta2",
        "extractor": "music 1.0"
    }
},
"rhythm": {
    "beats_count": 118,
    "beats_loudness": {
        "mean": 0.0432014390826,
        "var": 0.000441212643636
    },
    "bpm": 162.675354004,
    "bpm_histogram_first_peak_bpm": {
        "mean": 161,
        "var": 0
    },
    "bpm_histogram_first_peak_spread": {
        "mean": 0.40000000596,
        "var": 0
    },
    "bpm_histogram_first_peak_weight": {
        "mean": 0.410256415606,
        "var": 0
    },
    "bpm_histogram_second_peak_bpm": {
        "mean": 152,
        "var": 0
    },
    "bpm_histogram_second_peak_spread": {
        "mean": 0.199999988079,
        "var": 0
    },
    "bpm_histogram_second_peak_weight": {
        "mean": 0.136752143502,
        "var": 0
    },
    "danceability": 1.03956365585,
    "onset_rate": 3.63785243034,
    "beats_loudness_band_ratio": {
        "mean": [0.55056399107, 0.111767418683, 0.150599434972, 0.118394576013, 0.0531038977206, 0.0411751382053],
        "var": [0.0264538675547, 0.00678220391273, 0.0143693313003, 0.00631602201611, 0.00138818193227, 0.00101389363408]
    },
    "beats_position": [0.394739210606, 0.789478421211, 1.17260766029, 1.55573689938, 1.92725622654, 2.29877543449, 2.67029476166, 3.05342388153, 3.43655323982, 3.8196823597, 4.20281171799, 4.58594083786, 4.98067998886, 5.3754196167, 5.75854873657, 6.13006782532, 6.5015873909, 6.86149644852, 7.22140598297, 7.59292507172, 7.96444416046, 8.33596324921, 8.70748329163, 9.07900238037, 9.45052146912, 9.82204055786, 10.1935596466, 10.5534696579, 10.9133787155, 11.2732877731, 11.6331968307, 12.0047159195, 12.3762359619, 12.7361450195, 13.0960540771, 13.4675731659, 13.8390922546, 14.2106122971, 14.5821313858, 14.9536504745, 15.3251695633, 15.7082986832, 16.0914287567, 16.4397277832, 16.7880268097, 17.1595458984, 17.5310649872, 17.9025840759, 18.2973232269, 18.6920623779, 19.0984115601, 19.4931507111, 19.8878898621, 20.2942390442, 20.6889801025, 21.0837192535, 21.4668483734, 21.8499774933, 22.221496582, 22.6046257019, 22.9877548218, 23.3824939728, 23.7540130615, 24.1255321503, 24.5086612701, 24.89179039, 25.2749195099, 25.6580486298, 26.0411777496, 26.4126987457, 26.7958278656, 27.1673469543, 27.5504760742, 27.9336051941, 28.3051242828, 28.6766433716, 29.0597724915, 29.4429016113, 29.8376407623, 30.2207698822, 30.6038990021, 30.9986381531, 31.4049873352, 31.8113365173, 32.2292976379, 32.6240348816, 33.0187759399, 33.4135131836, 33.7966423035, 34.1797714233, 34.5629005432, 34.9460296631, 35.3175506592, 35.6890678406, 36.0605888367, 36.4321098328, 36.7920188904, 37.1635360718, 37.5234451294, 37.883354187, 38.2432632446, 38.6147842407, 38.9863014221, 39.3578224182, 39.7293434143, 40.1008605957, 40.4723815918, 40.8438987732, 41.2154197693, 41.5753288269, 41.9352378845, 42.3067550659, 42.678276062, 43.0497932434, 43.4213142395, 43.8044433594, 44.1875724792, 44.5823135376]
},
"tonal": {
    "chords_changes_rate": 0.0823045298457,
    "chords_number_rate": 0.0113168722019,
    "chords_strength": {
        "mean": 0.476174235344,
        "var": 0.0095223011449
    },
    "hpcp_entropy": {
        "mean": 2.09535694122,
        "var": 0.488118886948
    },
    "key_strength": 0.636546313763,
    "tuning_diatonic_strength": 0.489778876305,
    "tuning_equal_tempered_deviation": 0.21665763855,
    "tuning_frequency": 442.804626465,
    "tuning_nontempered_energy_ratio": 0.871706366539,
    "hpcp": {
        "mean": [0.103680498898, 0.0693305656314, 0.0552133098245, 0.0475281216204, 0.0792254731059, 0.155619576573, 0.166430428624, 0.123974882066, 0.144485339522, 0.16476739943, 0.137827515602, 0.117767684162, 0.109008982778, 0.137644678354, 0.197129011154, 0.199807032943, 0.152173757553, 0.108566351235, 0.0838303267956, 0.126005262136, 0.343265414238, 0.48934173584, 0.324151694775, 0.147177144885, 0.0865875557065, 0.065125323832, 0.0663453638554, 0.057330429554, 0.0528989620507, 0.0639564171433, 0.0647890791297, 0.0592627413571, 0.0687947869301, 0.0619194507599, 0.0647226572037, 0.105435326695],
        "var": [0.0439206436276, 0.0164508353919, 0.0117024555802, 0.00841444171965, 0.0142002450302, 0.0284652318805, 0.0325945578516, 0.0262898672372, 0.0577698759735, 0.0745207518339, 0.051613304764, 0.0470354370773, 0.039061486721, 0.0402198918164, 0.0690321624279, 0.0883307531476, 0.0646392852068, 0.0433825850487, 0.0361550748348, 0.0353932678699, 0.108303561807, 0.177581757307, 0.0960013121367, 0.06184245646, 0.0371858775616, 0.0219044554979, 0.0199274402112, 0.0184937100857, 0.0153779238462, 0.022241409868, 0.02610870637, 0.0112825222313, 0.0134042147547, 0.0132725136355, 0.0139593696222, 0.0502654202282]
    },
    "chords_histogram": [0.720164597034, 0.720164597034, 7.92181062698, 6.17283964157, 6.58436203003, 0, 0, 21.707818985, 18.41563797, 12.8600826263, 0, 0.205761313438, 2.05761313438, 4.21810722351, 1.95473253727, 0, 0, 3.90946507454, 0, 11.9341564178, 0, 0, 0.617283940315, 0],
    "thpcp": [1, 0.662423968315, 0.300765573978, 0.176947012544, 0.133087620139, 0.135580837727, 0.117158263922, 0.108102291822, 0.130698874593, 0.132400482893, 0.121107064188, 0.140586391091, 0.126536220312, 0.132264733315, 0.215463593602, 0.21187749505, 0.141681283712, 0.112831801176, 0.09712664783, 0.161902144551, 0.318018198013, 0.340110838413, 0.253350317478, 0.295264691114, 0.33671233058, 0.281659036875, 0.240665525198, 0.222766578197, 0.281285375357, 0.402845293283, 0.40831798315, 0.310976445675, 0.22186203301, 0.171312436461, 0.25749951601, 0.701484024525],
    "chords_key": "A",
    "chords_scale": "major",
    "key_key": "A",
    "key_scale": "minor"
}
}