{
"lowlevel": {
    "average_loudness": 0.959067463875,
    "barkbands_crest": {
        "mean": 9.20129108429,
        "var": 11.8975429535
    },
    "barkbands_flatness_db": {
        "mean": 0.166486233473,
        "var": 0.00167869543657
    },
    "barkbands_kurtosis": {
        "mean": 2.31505846977,
        "var": 21.232624054
    },
    "barkbands_skewness": {
        "mean": 1.26335716248,
        "var": 1.32464134693
    },
    "barkbands_spread": {
        "mean": 28.5043258667,
        "var": 220.833999634
    },
    "dissonance": {
        "mean": 0.473262429237,
        "var": 0.000432030210504
    },
    "dynamic_complexity": 2.24740290642,
    "erbbands_crest": {
        "mean": 8.61085700989,
        "var": 12.9270038605
    },
    "erbbands_flatness_db": {
        "mean": 0.192301005125,
        "var": 0.00106059771497
    },
    "erbbands_kurtosis": {
        "mean": 0.764997899532,
        "var": 6.79171705246
    },
    "erbbands_skewness": {
        "mean": -0.522520065308,
        "var": 0.905744612217
    },
    "erbbands_spread": {
        "mean": 36.4853553772,
        "var": 212.931869507
    },
    "hfc": {
        "mean": 18.5958938599,
        "var": 230.226959229
    },
    "melbands_crest": {
        "mean": 15.8722314835,
        "var": 40.2352485657
    },
    "melbands_flatness_db": {
        "mean": 0.215305566788,
        "var": 0.0037862691097
    },
    "melbands_kurtosis": {
        "mean": 10.5433750153,
        "var": 141.81388855
    },
    "melbands_skewness": {
        "mean": 2.6389939785,
        "var": 1.89778590202
    },
    "melbands_spread": {
        "mean": 32.3651580811,
        "var": 662.742431641
    },
    "pitch_salience": {
        "mean": 0.51023453474,
        "var": 0.0199851747602
    },
    "silence_rate_20dB": {
        "mean": 1,
        "var": 0
    },
    "silence_rate_30dB": {
        "mean": 1,
        "var": 0
    },
    "silence_rate_60dB": {
        "mean": 0.00308800814673,
        "var": 0.00307847349904
    },
    "spectral_centroid": {
        "mean": 1816.24279785,
        "var": 734968.3125
    },
    "spectral_complexity": {
        "mean": 19.5965003967,
        "var": 68.7770690918
    },
    "spectral_decrease": {
        "mean": -5.8205991138e-009,
        "var": 1.82734520527e-017
    },
    "spectral_energy": {
        "mean": 0.0236550215632,
        "var": 0.000281806656858
    },
    "spectral_energyband_high": {
        "mean": 0.000409742235206,
        "var": 6.43482962914e-007
    },
    "spectral_energyband_low": {
        "mean": 0.0123699503019,
        "var": 0.00016237849195
    },
    "spectral_energyband_middle_high": {
        "mean": 0.00565782701597,
        "var": 2.72440756817e-005
    },
    "spectral_energyband_middle_low": {
        "mean": 0.00584894046187,
        "var": 2.73096538876e-005
    },
    "spectral_entropy": {
        "mean": 7.3681845665,
        "var": 0.0916872695088
    },
    "spectral_flux": {
        "mean": 0.0767415985465,
        "var": 0.00159737211652
    },
    "spectral_kurtosis": {
        "mean": 4.71814966202,
        "var": 10.1417922974
    },
    "spectral_rms": {
        "mean": 0.00453766295686,
        "var": 2.48767764788e-006
    },
    "spectral_rolloff": {
        "mean": 1743.30395508,
        "var": 2157162.5
    },
    "spectral_skewness": {
        "mean": 1.21049726009,
        "var": 0.223453864455
    },
    "spectral_spread": {
        "mean": 3170785.25,
        "var": 1.99880920269e+012
    },
    "spectral_strongpeak": {
        "mean": 0.796369373798,
        "var": 2.34930729866
    },
    "zerocrossingrate": {
        "mean": 0.0525139831007,
        "var": 0.000994405010715
    },
    "barkbands": {
        "mean": [0.000128001425765, 0.00714533915743, 0.00457442505285, 0.00111996126361, 0.000952572270762, 0.00159589818213, 0.00103669892997, 0.000528489996213, 0.00042182818288, 0.000457630143501, 0.000329723930918, 0.000223029914196, 0.000259940454271, 0.000312749412842, 0.000616018311121, 0.00044482035446, 0.00111076049507, 0.000740924151614, 0.000726864323951, 0.000683850608766, 0.000103148668131, 4.83129188069e-005, 3.72515169147e-005, 5.10884019604e-005, 5.36925836059e-006, 3.24538973473e-007, 8.24699419866e-009],
        "var": [7.50439710373e-008, 5.11674843438e-005, 4.84221673105e-005, 3.18975116897e-006, 1.19604840165e-006, 2.37483072851e-006, 1.7049952703e-006, 4.47073773557e-007, 2.274585853e-007, 2.21413330337e-007, 2.09607364354e-007, 1.91244566849e-007, 2.77862937992e-007, 2.27706053124e-007, 2.07733637581e-006, 7.36579977456e-007, 3.26280405716e-006, 1.07140613181e-006, 1.19247511066e-006, 1.02994340523e-006, 1.08488627859e-007, 2.12059578786e-008, 1.34689344122e-008, 1.63197153569e-008, 1.25225843584e-010, 9.95041722629e-013, 1.92220172512e-015]
    },
    "erbbands": {
        "mean": [0.114962615073, 1.89415180683, 6.22822618484, 3.4770963192, 3.72950291634, 2.77406024933, 6.38046169281, 14.0936927795, 16.5731601715, 13.9522485733, 11.0457210541, 9.13059616089, 14.2670211792, 12.9853925705, 12.5897254944, 9.84563541412, 12.3179244995, 14.5682668686, 19.6095161438, 38.8619651794, 32.978553772, 64.2299880981, 46.3578720093, 23.5042610168, 50.7010345459, 30.6911239624, 6.55619859695, 3.53648996353, 1.75669455528, 1.3231241703, 1.06285893917, 1.25714707375, 0.647726535797, 0.111474342644, 0.0204274877906, 0.00316752982326, 0.000369514920749, 4.80053422507e-005, 1.54987137648e-005, 2.87297898467e-005],
        "var": [0.0345520637929, 3.60749435425, 66.363067627, 30.8003978729, 25.421453476, 11.4937553406, 42.5451202393, 228.325698853, 567.673461914, 313.331329346, 197.130371094, 99.647605896, 210.519287109, 197.355194092, 313.54284668, 340.089416504, 625.299621582, 487.61416626, 1082.40710449, 9447.54003906, 2628.203125, 10551.0458984, 3782.21264648, 1057.93432617, 5810.51025391, 2050.3449707, 260.966156006, 133.076965332, 28.9802150726, 12.2267684937, 13.384519577, 10.1569337845, 2.99370718002, 0.0626873150468, 0.00214042281732, 5.70108750253e-005, 1.71551960193e-006, 2.84890173674e-008, 1.20018148198e-010, 3.75787762019e-010]
    },
    "gfcc": {
        "mean": [-30.4168205261, 135.195358276, -145.331558228, 61.9689025879, -53.0921401978, 6.41098165512, -29.6195888519, 15.8710756302, -9.93379402161, -12.0601997375, 6.85200548172, -14.957285881, 4.55761432648],
        "cov": [[3976.69213867, -517.584228516, -556.96887207, 343.83694458, -78.322517395, 116.677963257, -248.559173584, 211.734268188, -59.2249183655, 44.1529312134, 93.8148193359, -93.8541107178, -127.679870605], [-517.584228516, 933.951721191, 84.3365020752, -246.732513428, 140.125595093, -106.082946777, 224.536376953, -177.993621826, 82.5849227905, -42.0073699951, 15.2866106033, -11.8813085556, 38.6102638245], [-556.96887207, 84.3365020752, 396.192718506, -77.9447631836, -124.898078918, 65.4669418335, 54.1780929565, -64.8101959229, 14.1832256317, 42.43151474, -81.3802490234, 65.0958328247, 12.7245969772], [343.83694458, -246.732513428, -77.9447631836, 214.124282837, -23.1517391205, -7.97234725952, -34.0386047363, 54.2404289246, 22.1061096191, -10.3868875504, 14.9523591995, -8.14251899719, 18.2963485718], [-78.322517395, 140.125595093, -124.898078918, -23.1517391205, 275.079193115, -33.6677627563, 27.0901451111, 44.4316558838, 49.8307113647, -16.5233211517, 40.0469245911, -35.6926116943, 3.92756271362], [116.677963257, -106.082946777, 65.4669418335, -7.97234725952, -33.6677627563, 184.894577026, -3.99887919426, -25.3240852356, 27.6006088257, 19.2737083435, -32.5054359436, 0.822704315186, -2.84069108963], [-248.559173584, 224.536376953, 54.1780929565, -34.0386047363, 27.0901451111, -3.99887919426, 246.872665405, -50.6826324463, -19.7554512024, 10.6090669632, 19.3501052856, 30.801612854, -15.8675851822], [211.734268188, -177.993621826, -64.8101959229, 54.2404289246, 44.4316558838, -25.3240852356, -50.6826324463, 209.620239258, -39.6729393005, -15.1018466949, 100.452705383, -33.2402687073, -18.4684123993], [-59.2249183655, 82.5849227905, 14.1832256317, 22.1061096191, 49.8307113647, 27.6006088257, -19.7554512024, -39.6729393005, 178.246002197, 6.31495332718, -55.6971588135, 5.99637413025, 51.1682815552], [44.1529312134, -42.0073699951, 42.43151474, -10.3868875504, -16.5233211517, 19.2737083435, 10.6090669632, -15.1018466949, 6.31495332718, 83.8472290039, -26.6387252808, 17.3560409546, -2.51554870605], [93.8148193359, 15.2866106033, -81.3802490234, 14.9523591995, 40.0469245911, -32.5054359436, 19.3501052856, 100.452705383, -55.6971588135, -26.6387252808, 174.65411377, -45.8406333923, -31.2960662842], [-93.8541107178, -11.8813085556, 65.0958328247, -8.14251899719, -35.6926116943, 0.822704315186, 30.801612854, -33.2402687073, 5.99637413025, 17.3560409546, -45.8406333923, 88.5830535889, 10.9686965942], [-127.679870605, 38.6102638245, 12.7245969772, 18.2963485718, 3.92756271362, -2.84069108963, -15.8675851822, -18.4684123993, 51.1682815552, -2.51554870605, -31.2960662842, 10.9686965942, 81.185798645]],
        "icov": [[0.000663886079565, -0.00119181943592, 0.00127705140039, -0.00182215170935, 0.000714937457815, -0.0014374719467, 0.00112481112592, -0.00115664955229, 0.000609394104686, -0.00132392789237, 0.000708836480044, -0.000703797850292, 0.00163645332213], [-0.00119181943592, 0.00715686799958, -0.00321019766852, 0.00822510942817, -0.00222744815983, 0.00593873439357, -0.00549819273874, 0.00547543680295, -0.0040535191074, 0.00492697628215, -0.00357303069904, 0.00394796719775, -0.00534530635923], [0.00127705140039, -0.00321019766852, 0.00678297132254, -0.00269956211559, 0.00350589305162, -0.00420245714486, 0.00173101457767, -0.00370903289877, 0.000992584275082, -0.00372402975336, 0.00281704007648, -0.00310629210435, 0.00302292895503], [-0.00182215170935, 0.00822510942817, -0.00269956211559, 0.0161109883338, -0.000993154826574, 0.00721885031089, -0.0069126826711, 0.00434913858771, -0.00608055852354, 0.00633938563988, -0.00380615773611, 0.00440612575039, -0.00807991437614], [0.000714937457815, -0.00222744815983, 0.00350589305162, -0.000993154826574, 0.00676458701491, -0.00160790793598, 0.000293121527648, -0.00373685709201, -0.0014104670845, -0.0017625662731, 0.0014376649633, -4.47880556749e-005, 0.00207633338869], [-0.0014374719467, 0.00593873439357, -0.00420245714486, 0.00721885031089, -0.00160790793598, 0.0115568693727, -0.00470557017252, 0.00490853842348, -0.00447098258883, 0.0037475572899, -0.00249180220999, 0.00452386587858, -0.00401190435514], [0.00112481112592, -0.00549819273874, 0.00173101457767, -0.0069126826711, 0.000293121527648, -0.00470557017252, 0.00980060081929, -0.00192199484445, 0.00392651697621, -0.0044257491827, 0.00050377502339, -0.00520915957168, 0.00525594037026], [-0.00115664955229, 0.00547543680295, -0.00370903289877, 0.00434913858771, -0.00373685709201, 0.00490853842348, -0.00192199484445, 0.0127569297329, -0.00160373304971, 0.00357585237361, -0.00729423714802, 0.00266605010256, -0.00399345299229], [0.000609394104686, -0.0040535191074, 0.000992584275082, -0.00608055852354, -0.0014104670845, -0.00447098258883, 0.00392651697621, -0.00160373304971, 0.0110637051985, -0.00304065272212, 0.00334001542069, -0.00196900032461, -0.00109836237971], [-0.00132392789237, 0.00492697628215, -0.00372402975336, 0.00633938563988, -0.0017625662731, 0.0037475572899, -0.0044257491827, 0.00357585237361, -0.00304065272212, 0.0172771327198, -0.00100533547811, 0.00141390331555, -0.00323226861656], [0.000708836480044, -0.00357303069904, 0.00281704007648, -0.00380615773611, 0.0014376649633, -0.00249180220999, 0.00050377502339, -0.00729423714802, 0.00334001542069, -0.00100533547811, 0.0126956421882, 0.00158029899467, 0.00405694916844], [-0.000703797850292, 0.00394796719775, -0.00310629210435, 0.00440612575039, -4.47880556749e-005, 0.00452386587858, -0.00520915957168, 0.00266605010256, -0.00196900032461, 0.00141390331555, 0.00158029899467, 0.017711173743, -0.00424063159153], [0.00163645332213, -0.00534530635923, 0.00302292895503, -0.00807991437614, 0.00207633338869, -0.00401190435514, 0.00525594037026, -0.00399345299229, -0.00109836237971, -0.00323226861656, 0.00405694916844, -0.00424063159153, 0.0213872287422]]
    },
    "melbands": {
        "mean": [0.00147545163054, 0.00310244946741, 0.00067379680695, 0.000215383377508, 0.000203794770641, 0.00032817418105, 0.000242767258896, 0.000141998039908, 8.58128842083e-005, 5.68726354686e-005, 7.11165703251e-005, 5.16760374012e-005, 4.77411267639e-005, 2.74637986877e-005, 2.45289847953e-005, 2.56708808593e-005, 2.70217424259e-005, 3.01043073705e-005, 4.3727515731e-005, 4.07578954764e-005, 3.92020010622e-005, 7.12427790859e-005, 5.46144874534e-005, 2.9463419196e-005, 1.57758422574e-005, 3.21749939758e-005, 3.91483845306e-005, 1.56329679157e-005, 4.0927820919e-006, 2.47763978223e-006, 1.80748111234e-006, 1.01255659501e-006, 8.18484863885e-007, 6.90548176863e-007, 5.64226127153e-007, 6.76679292155e-007, 8.17701220512e-007, 5.52087897177e-007, 1.8557662429e-007, 5.67666766926e-008],
        "var": [2.67328209702e-006, 1.29374921016e-005, 9.55160544436e-007, 7.12339414122e-008, 4.26086721461e-008, 1.21989444324e-007, 1.08878438709e-007, 3.15663655215e-008, 1.25761312475e-008, 3.70592334598e-009, 5.4450262077e-009, 3.36186056771e-009, 4.44939862732e-009, 3.3159730517e-009, 2.45878495342e-009, 2.50138576519e-009, 1.87180226874e-009, 2.52299781067e-009, 1.02918837896e-008, 8.68535909859e-009, 3.99673583118e-009, 1.49354004719e-008, 6.17227957633e-009, 2.18617945968e-009, 5.78846581778e-010, 2.61466293061e-009, 3.75710218492e-009, 5.91368842784e-010, 1.28092439433e-010, 6.21240628385e-011, 4.07077149767e-011, 1.15241210671e-011, 5.28063487035e-012, 3.19999127023e-012, 3.49454991853e-012, 7.29085368467e-012, 3.14000626715e-012, 2.24521117843e-012, 2.48725383822e-013, 1.46464092211e-014]
    },
    "mfcc": {
        "mean": [-653.561462402, 138.545883179, -15.8219013214, 44.5945777893, 10.3754482269, -6.7584939003, 5.41322135925, 11.0466070175, -2.05615496635, 12.4610300064, -6.21973896027, 5.92648553848, 2.06265950203],
        "cov": [[2742.95166016, -802.643066406, -339.258178711, 67.1092987061, 195.042785645, -104.296157837, 26.5940284729, 36.7960700989, -153.476242065, 188.141799927, -63.2888679504, 191.729949951, 12.6231546402], [-802.643066406, 1112.31811523, -63.2173576355, -32.8184776306, -104.417144775, 105.728034973, 52.3557739258, -13.1831092834, 53.9081726074, -97.916595459, 120.694801331, -67.3320465088, 16.4180545807], [-339.258178711, -63.2173576355, 506.623443604, -93.4367446899, -152.758422852, 104.679428101, -72.6434936523, -29.8154315948, 62.6436424255, -64.6286697388, 8.19893264771, -45.9066810608, -22.0465049744], [67.1092987061, -32.8184776306, -93.4367446899, 209.591323853, -15.9383249283, -53.7159194946, 10.7708911896, 20.1027565002, 8.61863040924, -3.05154275894, -4.37818527222, 15.2656488419, 18.5576057434], [195.042785645, -104.417144775, -152.758422852, -15.9383249283, 288.925872803, -116.16268158, -24.6472377777, 18.5997238159, -9.90792274475, 101.619400024, -58.8036499023, 40.9308586121, 19.3413143158], [-104.296157837, 105.728034973, 104.679428101, -53.7159194946, -116.16268158, 341.13269043, -107.175811768, -29.3579006195, 134.294876099, -70.792388916, 25.0790729523, -21.6931171417, -37.1777000427], [26.5940284729, 52.3557739258, -72.6434936523, 10.7708911896, -24.6472377777, -107.175811768, 269.251983643, 48.9111862183, -118.636329651, 32.1283073425, 62.576789856, 12.6054677963, 14.942647934], [36.7960700989, -13.1831092834, -29.8154315948, 20.1027565002, 18.5997238159, -29.3579006195, 48.9111862183, 114.193283081, -23.2527256012, 20.9459991455, 2.80032992363, 24.6332969666, 17.9528179169], [-153.476242065, 53.9081726074, 62.6436424255, 8.61863040924, -9.90792274475, 134.294876099, -118.636329651, -23.2527256012, 195.500030518, -34.5023422241, -9.7671957016, -11.5184116364, -9.21392726898], [188.141799927, -97.916595459, -64.6286697388, -3.05154275894, 101.619400024, -70.792388916, 32.1283073425, 20.9459991455, -34.5023422241, 131.030731201, -26.4723186493, 27.1373882294, 19.01445961], [-63.2888679504, 120.694801331, 8.19893264771, -4.37818527222, -58.8036499023, 25.0790729523, 62.576789856, 2.80032992363, -9.7671957016, -26.4723186493, 108.184013367, -1.76814603806, -5.61889791489], [191.729949951, -67.3320465088, -45.9066810608, 15.2656488419, 40.9308586121, -21.6931171417, 12.6054677963, 24.6332969666, -11.5184116364, 27.1373882294, -1.76814603806, 82.2712478638, 14.4924688339], [12.6231546402, 16.4180545807, -22.0465049744, 18.5576057434, 19.3413143158, -37.1777000427, 14.942647934, 17.9528179169, -9.21392726898, 19.01445961, -5.61889791489, 14.4924688339, 85.4291610718]],
        "icov": [[0.000622839666903, 0.00040923798224, 0.000397148163756, -3.87792943002e-006, 8.10140845715e-005, -0.000254424609011, 0.000157891103299, 0.000156346533913, 0.000409584114095, -0.000405693106586, -0.000190806109458, -0.000888359092642, 1.57428494276e-005], [0.00040923798224, 0.00150015065446, 0.000723252946045, 0.000382539699785, 0.000152621316374, -0.000274141610134, -7.66209413996e-005, 4.13247180404e-005, -0.000192887615412, 0.000353509298293, -0.00124158104882, 0.000400833960157, -0.000643509905785], [0.000397148163756, 0.000723252946045, 0.00338949775323, 0.00174472318031, 0.00204980466515, 0.000337396457326, 0.000761619769037, -0.000174276865437, -0.000776291068178, -0.000156601541676, -0.000277190381894, 0.000214242871152, -0.000219252193347], [-3.87792943002e-006, 0.000382539699785, 0.00174472318031, 0.00655204197392, 0.00225272355601, 0.00193364953157, 0.000360632460797, -0.000920919526834, -0.00205692090094, 0.000384965940611, 0.000153650908032, -0.000584352645092, -0.000782339891884], [8.10140845715e-005, 0.000152621316374, 0.00204980466515, 0.00225272355601, 0.00756363710389, 0.0025189621374, 0.00159640575293, -0.000567245762795, -0.00184174044989, -0.00365923694335, 0.0013542243978, -0.00156739086378, 0.000192890802282], [-0.000254424609011, -0.000274141610134, 0.000337396457326, 0.00193364953157, 0.0025189621374, 0.00596742611378, 0.00135773175862, -0.000512258324306, -0.00349045847543, 0.000202177106985, -0.000783347815741, -0.000326371722622, 0.00123650755268], [0.000157891103299, -7.66209413996e-005, 0.000761619769037, 0.000360632460797, 0.00159640575293, 0.00135773175862, 0.00717717409134, -0.00190786353778, 0.00264161149971, -0.00186806113925, -0.00363674317487, -0.000123595265904, -3.29365502694e-005], [0.000156346533913, 4.13247180404e-005, -0.000174276865437, -0.000920919526834, -0.000567245762795, -0.000512258324306, -0.00190786353778, 0.0104909297079, 0.00035757990554, -0.000451791886007, 0.000479623617139, -0.00253050820902, -0.00124146323651], [0.000409584114095, -0.000192887615412, -0.000776291068178, -0.00205692090094, -0.00184174044989, -0.00349045847543, 0.00264161149971, 0.00035757990554, 0.00977520365268, 0.000303906359477, -0.000368075678125, -0.000349858484697, -0.000394392525777], [-0.000405693106586, 0.000353509298293, -0.000156601541676, 0.000384965940611, -0.00365923694335, 0.000202177106985, -0.00186806113925, -0.000451791886007, 0.000303906359477, 0.0125600006431, 0.00147370179184, -0.000453880318673, -0.0013827449875], [-0.000190806109458, -0.00124158104882, -0.000277190381894, 0.000153650908032, 0.0013542243978, -0.000783347815741, -0.00363674317487, 0.000479623617139, -0.000368075678125, 0.00147370179184, 0.0138993347064, -0.00161348388065, 0.000869915063959], [-0.000888359092642, 0.000400833960157, 0.000214242871152, -0.000584352645092, -0.00156739086378, -0.000326371722622, -0.000123595265904, -0.00253050820902, -0.000349858484697, -0.000453880318673, -0.00161348388065, 0.0166459828615, -0.00186402350664], [1.57428494276e-005, -0.000643509905785, -0.000219252193347, -0.000782339891884, 0.000192890802282, 0.00123650755268, -3.29365502694e-005, -0.00124146323651, -0.000394392525777, -0.0013827449875, 0.000869915063959, -0.00186402350664, 0.0133400727063]]
    },
    "spectral_contrast_coeffs": {
        "mean": [-0.675249278545, -0.741558849812, -0.768591165543, -0.78369051218, -0.732336103916, -0.733415782452],
        "var": [0.00345628429204, 0.00350645277649, 0.00249641458504, 0.00436357641593, 0.00462050922215, 0.00228891824372]
    },
    "spectral_contrast_valleys": {
        "mean": [-7.10464954376, -6.65351819992, -7.43784570694, -7.80794000626, -7.53339958191, -11.1383571625],
        "var": [0.81737190485, 0.910413980484, 0.883385896683, 0.796358108521, 0.84403604269, 0.934825122356]
    }
},
"metadata": {
    "audio_properties": {
        "analysis_sample_rate": 44100,
        "bit_rate": 106076,
        "equal_loudness": 0,
        "length": 45.0873451233,
        "lossless": 0,
        "replay_gain": -7.4964466095,
        "sample_rate": 44100,
        "codec": "mp3",
        "downmix": "mix",
        "md5_encoded": "d51761bae687412aadf199ff035c72d4"
    },
    "tags": {
        "file_name": "850.mp3"
    },
    "version": {
        "essentia": "2.1-beta2",
        "essentia_git_sha": "v2.1_beta2",
        "extractor": "music 1.0"
    }
},
"rhythm": {
    "beats_count": 112,
    "beats_loudness": {
        "mean": 0.0336672775447,
        "var": 0.000382002879633
    },
    "bpm": 151.014053345,
    "bpm_histogram_first_peak_bpm": {
        "mean": 152,
        "var": 0
    },
    "bpm_histogram_first_peak_spread": {
        "mean": 0.355555564165,
        "var": 0
    },
    "bpm_histogram_first_peak_weight": {
        "mean": 0.522522509098,
        "var": 0
    },
    "bpm_histogram_second_peak_bpm": {
        "mean": 144,
        "var": 0
    },
    "bpm_histogram_second_peak_spread": {
        "mean": 0.083333350718,
        "var": 0
    },
    "bpm_histogram_second_peak_weight": {
        "mean": 0.0990990996361,
        "var": 0
    },
    "danceability": 1.36939334869,
    "onset_rate": 3.41427373886,
    "beats_loudness_band_ratio": {
        "mean": [0.491115063429, 0.139470517635, 0.119907200336, 0.0773402377963, 0.134127408266, 0.083820708096],
        "var": [0.0420008487999, 0.00754155125469, 0.00365134119056, 0.00535264192149, 0.0180489979684, 0.0083127534017]
    },
    "beats_position": [0.371519267559, 0.766258478165, 1.16099774837, 1.55573689938, 1.95047616959, 2.36843538284, 2.75156450272, 3.15791368484, 3.56426286697, 3.97061228752, 4.3653512001, 4.76009082794, 5.15482997894, 5.54956912994, 5.95591831207, 6.37387752533, 6.78022670746, 7.17496585846, 7.56970500946, 7.96444416046, 8.35918331146, 8.76553249359, 9.16027164459, 9.55501079559, 9.96135997772, 10.3560991287, 10.7508392334, 11.1455783844, 11.5403175354, 11.9350566864, 12.3297958374, 12.7361450195, 13.1541042328, 13.572063446, 13.966802597, 14.3731517792, 14.7795009613, 15.1858501434, 15.5805892944, 15.9753284454, 16.3700675964, 16.7648067474, 17.1595458984, 17.5542850494, 17.9490242004, 18.3437633514, 18.7268924713, 19.1100215912, 19.5163707733, 19.9227199554, 20.3174591064, 20.7121982574, 21.1185474396, 21.5248966217, 21.9312477112, 22.3375968933, 22.7439460754, 23.1502952576, 23.5566444397, 23.9513835907, 24.3577327728, 24.7524719238, 25.1472110748, 25.5419502258, 25.9599094391, 26.3778686523, 26.7726078033, 27.1673469543, 27.5620861053, 27.9568252563, 28.3515644073, 28.7463035583, 29.1410427094, 29.5357818604, 29.9305210114, 30.3252601624, 30.7199993134, 31.1031284332, 31.4862575531, 31.9042167664, 32.3105659485, 32.7169151306, 33.1348762512, 33.5412254333, 33.9707946777, 34.3887519836, 34.783493042, 35.2014503479, 35.5961914063, 35.9909286499, 36.3740577698, 36.7687988281, 37.151927948, 37.5466651917, 37.9530143738, 38.3593635559, 38.765712738, 39.1720619202, 39.5784111023, 39.9847602844, 40.3911094666, 40.7974586487, 41.2154197693, 41.6101570129, 42.0048980713, 42.3996353149, 42.7943763733, 43.1891136169, 43.5722427368, 43.9553718567, 44.350112915, 44.7448501587]
},
"tonal": {
    "chords_changes_rate": 0.0483539104462,
    "chords_number_rate": 0.00617283955216,
    "chords_strength": {
        "mean": 0.553164839745,
        "var": 0.0101279960945
    },
    "hpcp_entropy": {
        "mean": 2.34918427467,
        "var": 0.46359115839
    },
    "key_strength": 0.49448376894,
    "tuning_diatonic_strength": 0.538845479488,
    "tuning_equal_tempered_deviation": 0.229405626655,
    "tuning_frequency": 434.193115234,
    "tuning_nontempered_energy_ratio": 0.942112803459,
    "hpcp": {
        "mean": [0.121278695762, 0.130247935653, 0.0932789742947, 0.0818843767047, 0.0806473344564, 0.0925967246294, 0.15811496973, 0.175989806652, 0.118215382099, 0.0832934528589, 0.0688916742802, 0.0628702118993, 0.0740491002798, 0.0833669528365, 0.100075356662, 0.168403372169, 0.17874006927, 0.119659535587, 0.105495102704, 0.0985326841474, 0.0907034277916, 0.171245202422, 0.237848371267, 0.218460008502, 0.225200384855, 0.211850777268, 0.177241295576, 0.202202513814, 0.237356811762, 0.260190606117, 0.316358745098, 0.28788086772, 0.171582385898, 0.117841824889, 0.105709120631, 0.0942697301507],
        "var": [0.0260599069297, 0.0305915735662, 0.0209719352424, 0.021684711799, 0.0183732900769, 0.0203606989235, 0.0495922081172, 0.0527393147349, 0.0278796572238, 0.0246456246823, 0.020659070462, 0.0175815522671, 0.0197199750692, 0.0238202027977, 0.0282107163221, 0.0643392130733, 0.0709577426314, 0.0338616594672, 0.0335147790611, 0.0344230607152, 0.028163921088, 0.0557293407619, 0.102465890348, 0.0728757753968, 0.0866909921169, 0.0853805616498, 0.0727694630623, 0.0751615017653, 0.0892084464431, 0.0985818430781, 0.112473666668, 0.096035271883, 0.055553060025, 0.0467482991517, 0.0426741503179, 0.0293372198939]
    },
    "chords_histogram": [13.7860078812, 3.18930029869, 25.5144023895, 0, 0.617283940315, 0, 0.102880656719, 0.308641970158, 3.08641982079, 0, 0, 0, 0, 0, 0, 0, 0, 0.925925910473, 0, 0.514403283596, 0, 0, 3.80658435822, 48.148147583],
    "thpcp": [1, 0.909982323647, 0.542366504669, 0.372494280338, 0.334143191576, 0.297983646393, 0.383358120918, 0.411709606647, 0.294851899147, 0.258833914995, 0.254923671484, 0.292695313692, 0.499796420336, 0.556298196316, 0.373675078154, 0.263287961483, 0.217764407396, 0.198730751872, 0.234066873789, 0.263520300388, 0.316335052252, 0.532317757607, 0.56499171257, 0.378240019083, 0.333466678858, 0.311458706856, 0.286710679531, 0.541300654411, 0.751831173897, 0.690545201302, 0.711851298809, 0.669653594494, 0.56025415659, 0.639155745506, 0.750277400017, 0.822454273701],
    "chords_key": "E",
    "chords_scale": "minor",
    "key_key": "G",
    "key_scale": "major"
}
}