{
"lowlevel": {
    "average_loudness": 0.901798129082,
    "barkbands_crest": {
        "mean": 13.5008535385,
        "var": 26.9066619873
    },
    "barkbands_flatness_db": {
        "mean": 0.209711164236,
        "var": 0.00495279254392
    },
    "barkbands_kurtosis": {
        "mean": 11.8743209839,
        "var": 446.370452881
    },
    "barkbands_skewness": {
        "mean": 2.34258413315,
        "var": 3.07293796539
    },
    "barkbands_spread": {
        "mean": 10.728685379,
        "var": 54.6391563416
    },
    "dissonance": {
        "mean": 0.434694558382,
        "var": 0.00153754383791
    },
    "dynamic_complexity": 1.67032039165,
    "erbbands_crest": {
        "mean": 12.3463230133,
        "var": 28.5713310242
    },
    "erbbands_flatness_db": {
        "mean": 0.202607139945,
        "var": 0.00278648617677
    },
    "erbbands_kurtosis": {
        "mean": 2.1667869091,
        "var": 24.646194458
    },
    "erbbands_skewness": {
        "mean": 0.923427760601,
        "var": 1.26242077351
    },
    "erbbands_spread": {
        "mean": 26.9467506409,
        "var": 194.825180054
    },
    "hfc": {
        "mean": 15.1473560333,
        "var": 95.2415618896
    },
    "melbands_crest": {
        "mean": 16.6066951752,
        "var": 45.3537902832
    },
    "melbands_flatness_db": {
        "mean": 0.288322359324,
        "var": 0.00730328261852
    },
    "melbands_kurtosis": {
        "mean": 20.2792682648,
        "var": 926.852111816
    },
    "melbands_skewness": {
        "mean": 2.91190743446,
        "var": 3.71242332458
    },
    "melbands_spread": {
        "mean": 11.6676340103,
        "var": 96.7911758423
    },
    "pitch_salience": {
        "mean": 0.479181200266,
        "var": 0.0194175969809
    },
    "silence_rate_20dB": {
        "mean": 1,
        "var": 0
    },
    "silence_rate_30dB": {
        "mean": 0.884140074253,
        "var": 0.102437019348
    },
    "silence_rate_60dB": {
        "mean": 0.00772399595007,
        "var": 0.00766472285613
    },
    "spectral_centroid": {
        "mean": 720.445556641,
        "var": 216887.296875
    },
    "spectral_complexity": {
        "mean": 13.9052524567,
        "var": 47.919052124
    },
    "spectral_decrease": {
        "mean": -1.20052794372e-008,
        "var": 1.50099929256e-016
    },
    "spectral_energy": {
        "mean": 0.046684615314,
        "var": 0.00216931919567
    },
    "spectral_energyband_high": {
        "mean": 0.00023349391995,
        "var": 2.59319364204e-007
    },
    "spectral_energyband_low": {
        "mean": 0.0243670605123,
        "var": 0.00202846666798
    },
    "spectral_energyband_middle_high": {
        "mean": 0.00329546257854,
        "var": 1.09446673378e-005
    },
    "spectral_energyband_middle_low": {
        "mean": 0.0193951819092,
        "var": 0.000228737437283
    },
    "spectral_entropy": {
        "mean": 6.85507917404,
        "var": 0.310640156269
    },
    "spectral_flux": {
        "mean": 0.0914646014571,
        "var": 0.00323309749365
    },
    "spectral_kurtosis": {
        "mean": 10.4552679062,
        "var": 50.3750267029
    },
    "spectral_rms": {
        "mean": 0.00613130396232,
        "var": 7.95302184997e-006
    },
    "spectral_rolloff": {
        "mean": 735.617553711,
        "var": 773568.1875
    },
    "spectral_skewness": {
        "mean": 2.36261868477,
        "var": 0.560131251812
    },
    "spectral_spread": {
        "mean": 3564665.25,
        "var": 3.65276168192e+012
    },
    "spectral_strongpeak": {
        "mean": 1.03781807423,
        "var": 0.629220843315
    },
    "zerocrossingrate": {
        "mean": 0.0335485935211,
        "var": 0.000621418119408
    },
    "barkbands": {
        "mean": [0.00172968488187, 0.0204771868885, 0.00168417894747, 0.00118446315173, 0.00422009918839, 0.00947652291507, 0.00191162584815, 0.00138734397478, 0.000962428981438, 0.000362074380973, 0.00035286298953, 0.000489527825266, 0.000759578077123, 0.00036570665543, 0.000436905247625, 0.000224041970796, 0.000218464614591, 0.000103243226476, 5.84314475418e-005, 7.64405194786e-005, 5.23124035681e-005, 4.19780044467e-005, 3.82659563911e-005, 3.73779294023e-005, 1.98059169634e-005, 1.2617791981e-005, 1.4775478121e-006],
        "var": [2.55634258792e-005, 0.0016801613383, 1.38073201015e-005, 5.84285226068e-006, 2.75807251455e-005, 0.000158088616445, 7.04854892319e-006, 7.17017155694e-006, 3.27052998728e-006, 2.703239943e-007, 3.01780943346e-007, 8.50716219247e-007, 2.06190838981e-006, 3.85702662697e-007, 4.34339540334e-007, 1.10454912772e-007, 1.39955318446e-007, 5.21760377126e-008, 2.24068159582e-008, 2.80157230748e-008, 2.2162657487e-008, 1.31183517382e-008, 8.50459525026e-009, 5.00763031042e-009, 1.44721401529e-009, 3.95324023517e-010, 9.41892831091e-012]
    },
    "erbbands": {
        "mean": [0.781364440918, 3.69089198112, 3.27175235748, 2.78830051422, 5.03633546829, 14.7948694229, 57.299407959, 75.014213562, 23.7570438385, 37.8999023438, 32.4282875061, 27.2509460449, 14.6636552811, 7.76168394089, 17.1835536957, 23.3126068115, 40.0843276978, 18.7039871216, 14.5901441574, 29.5928249359, 11.0120124817, 10.4473428726, 6.8058719635, 4.13299608231, 2.80986976624, 3.73684215546, 2.42729353905, 1.80153429508, 1.43729317188, 1.47113156319, 1.0429186821, 1.0119458437, 0.468760460615, 0.292952150106, 0.107486411929, 0.0403187386692, 0.0217408239841, 0.00759617472067, 0.000205091026146, 5.64491638215e-005],
        "var": [3.59589910507, 53.4959335327, 39.5262870789, 23.2462425232, 122.049926758, 296.051544189, 4559.62207031, 10666.7001953, 892.914550781, 3393.37597656, 4970.86474609, 2536.05517578, 317.466705322, 180.860870361, 563.055114746, 1188.55249023, 5589.84277344, 787.296020508, 659.672363281, 2467.91674805, 328.496673584, 389.460845947, 162.337249756, 67.892364502, 62.9847488403, 59.5932540894, 49.9216537476, 25.0559825897, 15.539773941, 12.8132553101, 7.30732631683, 3.96900677681, 0.874841570854, 0.340116649866, 0.0402286760509, 0.00968725513667, 0.00108401628677, 0.00013904030493, 9.47107565707e-008, 2.55469267962e-009]
    },
    "gfcc": {
        "mean": [-27.5455150604, 128.38659668, -106.550476074, 12.8865871429, -52.2891082764, 0.273643255234, -42.1962928772, -3.10592579842, -12.1439809799, 7.22236728668, -2.84852981567, 5.4211101532, -4.89165735245],
        "cov": [[4714.70068359, -733.551208496, -18.5159950256, 358.497253418, -254.860336304, 523.620117188, -123.402442932, 223.72114563, -271.985748291, 103.30532074, -212.102264404, 34.1044311523, -118.315559387], [-733.551208496, 1426.03991699, -146.295959473, -41.8484764099, 382.914581299, 1.62494575977, 321.788208008, -129.492767334, 340.355773926, -91.6986083984, 223.283676147, -92.0853118896, 203.921646118], [-18.5159950256, -146.295959473, 929.938842773, 214.986251831, -31.2265834808, 143.863739014, 110.62272644, 93.7564926147, -45.902721405, 28.9644126892, -5.83505392075, 52.6841163635, -65.4209899902], [358.497253418, -41.8484764099, 214.986251831, 411.044250488, -29.4150810242, 163.085998535, 90.4898986816, 128.150238037, 31.2459812164, -31.2728443146, 35.7139358521, -34.5454025269, 57.8582801819], [-254.860336304, 382.914581299, -31.2265834808, -29.4150810242, 436.901184082, 64.7678146362, 172.357955933, 18.7133045197, 160.396713257, 30.6941452026, 101.594894409, 55.1900444031, 62.2605018616], [523.620117188, 1.62494575977, 143.863739014, 163.085998535, 64.7678146362, 392.469268799, 92.4786605835, 72.9540939331, 6.22192192078, 28.9003276825, 47.4979286194, -6.16495418549, 59.7133560181], [-123.402442932, 321.788208008, 110.62272644, 90.4898986816, 172.357955933, 92.4786605835, 248.632476807, 58.815700531, 138.24206543, 8.32736301422, 64.6552734375, -23.5397357941, 40.1342124939], [223.72114563, -129.492767334, 93.7564926147, 128.150238037, 18.7133045197, 72.9540939331, 58.815700531, 220.783996582, 65.8710174561, 29.6985740662, -5.43613147736, -22.3783378601, -1.21081447601], [-271.985748291, 340.355773926, -45.902721405, 31.2459812164, 160.396713257, 6.22192192078, 138.24206543, 65.8710174561, 255.767105103, 25.2800731659, 80.3030471802, -21.929397583, 71.8817749023], [103.30532074, -91.6986083984, 28.9644126892, -31.2728443146, 30.6941452026, 28.9003276825, 8.32736301422, 29.6985740662, 25.2800731659, 105.331085205, 21.0944194794, 35.4467430115, -5.59580087662], [-212.102264404, 223.283676147, -5.83505392075, 35.7139358521, 101.594894409, 47.4979286194, 64.6552734375, -5.43613147736, 80.3030471802, 21.0944194794, 175.651123047, 47.4371757507, 82.2055969238], [34.1044311523, -92.0853118896, 52.6841163635, -34.5454025269, 55.1900444031, -6.16495418549, -23.5397357941, -22.3783378601, -21.929397583, 35.4467430115, 47.4371757507, 130.39402771, 17.618183136], [-118.315559387, 203.921646118, -65.4209899902, 57.8582801819, 62.2605018616, 59.7133560181, 40.1342124939, -1.21081447601, 71.8817749023, -5.59580087662, 82.2055969238, 17.618183136, 161.297546387]],
        "icov": [[0.000416528288042, -0.000392306799768, 0.00035686744377, -0.000556935090572, 0.00032129464671, -0.000653512368444, 0.000248699070653, -0.000466248515295, 0.000422485521995, -0.000714667025022, 0.000875438563526, -0.00102082756348, 0.000650822999887], [-0.000392306799768, 0.00348938116804, -0.000690869579557, 0.00158259470481, -0.00146061205305, 0.000966596184298, -0.00222018873319, 0.00279937079176, -0.00229715160094, 0.00324615929276, -0.00305320648476, 0.00419305684045, -0.00253333291039], [0.00035686744377, -0.000690869579557, 0.0019730667118, -0.00135084637441, 0.000854440266266, -0.000866393558681, -0.000716684327926, -0.000754696433432, 0.000870898307767, -0.00110528722871, 0.00122598116286, -0.00264294934459, 0.00182101828977], [-0.000556935090572, 0.00158259470481, -0.00135084637441, 0.00573504157364, 7.76222586865e-005, -4.18160161644e-005, -0.00177856418304, -0.000811301113572, -0.000957666081376, 0.00397627195343, -0.00277111516334, 0.00299710221589, -0.00294277747162], [0.00032129464671, -0.00146061205305, 0.000854440266266, 7.76222586865e-005, 0.00516761932522, -0.00134136260021, -0.00178015569691, -0.00125348859001, -0.000612147152424, -0.000867122027557, 0.00122113525867, -0.00473800254986, 0.00147428596392], [-0.000653512368444, 0.000966596184298, -0.000866393558681, -4.18160161644e-005, -0.00134136260021, 0.00493914447725, -0.00145249604248, 0.000505838484969, 0.000950199435465, -0.000319202401442, -0.0020197131671, 0.00316921644844, -0.00273466971703], [0.000248699070653, -0.00222018873319, -0.000716684327926, -0.00177856418304, -0.00178015569691, -0.00145249604248, 0.0104695064947, -0.00167586142197, -0.00144086906221, -0.00169043475762, 0.000831558660138, 0.000104637292679, 0.00209210137837], [-0.000466248515295, 0.00279937079176, -0.000754696433432, -0.000811301113572, -0.00125348859001, 0.000505838484969, -0.00167586142197, 0.00930304732174, -0.0039878366515, 0.000449300452601, -0.0012390621705, 0.00384513870813, -0.00110855780076], [0.000422485521995, -0.00229715160094, 0.000870898307767, -0.000957666081376, -0.000612147152424, 0.000950199435465, -0.00144086906221, -0.0039878366515, 0.0104172741994, -0.00437639281154, 0.000320257939165, -4.17054870923e-005, -0.000828975520562], [-0.000714667025022, 0.00324615929276, -0.00110528722871, 0.00397627195343, -0.000867122027557, -0.000319202401442, -0.00169043475762, 0.000449300452601, -0.00437639281154, 0.0165182519704, -0.0042893528007, 0.000569569994695, -0.000978697324172], [0.000875438563526, -0.00305320648476, 0.00122598116286, -0.00277111516334, 0.00122113525867, -0.0020197131671, 0.000831558660138, -0.0012390621705, 0.000320257939165, -0.0042893528007, 0.0133031336591, -0.00788819231093, -0.000156286667334], [-0.00102082756348, 0.00419305684045, -0.00264294934459, 0.00299710221589, -0.00473800254986, 0.00316921644844, 0.000104637292679, 0.00384513870813, -4.17054870923e-005, 0.000569569994695, -0.00788819231093, 0.0190523676574, -0.00556098809466], [0.000650822999887, -0.00253333291039, 0.00182101828977, -0.00294277747162, 0.00147428596392, -0.00273466971703, 0.00209210137837, -0.00110855780076, -0.000828975520562, -0.000978697324172, -0.000156286667334, -0.00556098809466, 0.0126110659912]]
    },
    "melbands": {
        "mean": [0.00623964751139, 0.00289364042692, 0.000555856677238, 0.000589827715885, 0.00185002060607, 0.00170603045262, 0.000353046372766, 0.000375155970687, 0.00026350808912, 0.000145300728036, 6.70480803819e-005, 2.71268399956e-005, 5.85329580645e-005, 5.85402813158e-005, 8.29186174087e-005, 5.8000710851e-005, 3.47425630025e-005, 2.31331287068e-005, 2.97867081827e-005, 2.97143633361e-005, 1.18950738397e-005, 1.16498822536e-005, 8.01726218924e-006, 5.52656319996e-006, 3.08844255414e-006, 1.88429135051e-006, 2.5325371098e-006, 2.3497273105e-006, 1.51378060309e-006, 1.30222304051e-006, 9.44988983065e-007, 7.69521022903e-007, 8.52762184422e-007, 7.8855572383e-007, 5.39452798876e-007, 7.13195902335e-007, 5.41841700397e-007, 3.14441564342e-007, 2.8157225529e-007, 2.45280403988e-007],
        "var": [0.000183292184374, 2.73734276561e-005, 1.07082314571e-006, 7.0554466447e-007, 4.16894590671e-006, 5.3874778132e-006, 2.09605701684e-007, 2.99740037235e-007, 3.13624923365e-007, 7.40346379757e-008, 7.84235787421e-009, 2.93172464083e-009, 7.49070316886e-009, 1.37331488403e-008, 1.63890163662e-008, 1.02006021407e-008, 3.8651069012e-009, 1.88913173993e-009, 2.00440775089e-009, 2.31833441333e-009, 6.62372712235e-010, 5.73767422463e-010, 1.92899321516e-010, 1.62750951604e-010, 4.26289455124e-011, 2.91430109212e-011, 3.95130837771e-011, 2.39502497695e-011, 2.25760122402e-011, 1.22132373659e-011, 7.37616911994e-012, 4.44830153615e-012, 5.98582034633e-012, 3.14649456663e-012, 2.50982980059e-012, 2.55284703966e-012, 1.09773670189e-012, 4.35443808832e-013, 3.48558882495e-013, 2.49508990942e-013]
    },
    "mfcc": {
        "mean": [-677.616943359, 164.845489502, 3.76296854019, 17.1049728394, 7.13138151169, 2.45737290382, -11.5719423294, -8.32998657227, -8.58866977692, -0.216946214437, -2.73572421074, 6.09842920303, 5.38195848465],
        "cov": [[3358.00390625, -964.882263184, 129.522613525, -144.685852051, 15.9700775146, 184.553543091, 193.42817688, 101.211685181, 113.387207031, 56.3044776917, -38.8796844482, -7.92770576477, -83.5308685303], [-964.882263184, 1376.48181152, -291.734832764, 37.685131073, 95.5076141357, 178.942871094, 20.4445552826, 52.158203125, 52.8468360901, 86.9207229614, 65.1535339355, 34.2052078247, 104.617538452], [129.522613525, -291.734832764, 878.405639648, 131.38835144, -16.0015659332, 63.0640029907, 137.580200195, 118.422218323, 10.1752138138, 26.8164672852, 16.3791294098, -6.10508060455, -9.66128253937], [-144.685852051, 37.685131073, 131.38835144, 276.422790527, 29.1430435181, -21.364490509, 32.8567276001, 81.7573852539, 47.9232292175, 39.0859222412, 49.0138587952, 30.625289917, 7.62142658234], [15.9700775146, 95.5076141357, -16.0015659332, 29.1430435181, 195.099655151, 83.974899292, 68.1481323242, 72.976776123, 48.648853302, 25.4105052948, 31.5002384186, 43.5302810669, 45.2210655212], [184.553543091, 178.942871094, 63.0640029907, -21.364490509, 83.974899292, 260.417755127, 118.210716248, 62.4880523682, 44.2600135803, 42.9995956421, 5.32545566559, 4.71523666382, 50.1526031494], [193.42817688, 20.4445552826, 137.580200195, 32.8567276001, 68.1481323242, 118.210716248, 186.974777222, 94.834854126, 37.906452179, 33.3677253723, 26.1648731232, 30.0021972656, 24.2389469147], [101.211685181, 52.158203125, 118.422218323, 81.7573852539, 72.976776123, 62.4880523682, 94.834854126, 156.225097656, 74.5493774414, 53.0899620056, 52.870464325, 41.7532997131, 17.5189628601], [113.387207031, 52.8468360901, 10.1752138138, 47.9232292175, 48.648853302, 44.2600135803, 37.906452179, 74.5493774414, 151.933059692, 105.041603088, 37.6003265381, 21.7273902893, 23.0291938782], [56.3044776917, 86.9207229614, 26.8164672852, 39.0859222412, 25.4105052948, 42.9995956421, 33.3677253723, 53.0899620056, 105.041603088, 158.688552856, 78.0263748169, 14.5982160568, 9.7078294754], [-38.8796844482, 65.1535339355, 16.3791294098, 49.0138587952, 31.5002384186, 5.32545566559, 26.1648731232, 52.870464325, 37.6003265381, 78.0263748169, 137.188827515, 62.7942237854, 4.72051286697], [-7.92770576477, 34.2052078247, -6.10508060455, 30.625289917, 43.5302810669, 4.71523666382, 30.0021972656, 41.7532997131, 21.7273902893, 14.5982160568, 62.7942237854, 101.374572754, 42.9687347412], [-83.5308685303, 104.617538452, -9.66128253937, 7.62142658234, 45.2210655212, 50.1526031494, 24.2389469147, 17.5189628601, 23.0291938782, 9.7078294754, 4.72051286697, 42.9687347412, 104.59337616]],
        "icov": [[0.000508990720846, 0.000446141202701, 0.000170634957612, 0.000224277682719, 0.000172607062268, -0.000570247182623, -0.000252240948612, -0.000302975153318, -0.000251447054325, -0.000201714341529, 0.000285745947622, -0.00030248859548, 0.000453133514384], [0.000446141202701, 0.00140661478508, 0.000597785168793, -0.00011666501814, 0.000193757528905, -0.00126351241488, 0.000154868044774, -0.000710307620466, 0.000284831883619, -0.000611666066106, -9.41109028645e-005, 0.000123109522974, -0.000434024288552], [0.000170634957612, 0.000597785168793, 0.00176790659316, -0.00061080569867, 0.000740568561014, -0.000584163470194, -0.000810396566521, -0.00131576124113, 0.00080800242722, -0.000519861001521, 0.000134780129883, 0.000509604986291, -0.000230821140576], [0.000224277682719, -0.00011666501814, -0.00061080569867, 0.00500827236101, -0.000172834726982, 0.00119820400141, -6.58850622131e-005, -0.00201981212012, -0.000888125505298, 0.000154341905727, -0.000637315562926, -4.10533029935e-005, -4.49393810413e-005], [0.000172607062268, 0.000193757528905, 0.000740568561014, -0.000172834726982, 0.00776143185794, -0.0017223416362, -0.000839370244648, -0.00231275730766, -0.00110681098886, 0.00109731371049, -0.000537366897333, -0.00102928699926, -0.00133390701376], [-0.000570247182623, -0.00126351241488, -0.000584163470194, 0.00119820400141, -0.0017223416362, 0.00803884956986, -0.00355215324089, 0.00017125128943, -1.77289257408e-005, -0.00061307894066, 8.4927334683e-005, 0.00247614760883, -0.00260861800052], [-0.000252240948612, 0.000154868044774, -0.000810396566521, -6.58850622131e-005, -0.000839370244648, -0.00355215324089, 0.0109208635986, -0.00428722985089, 0.00148390349932, -0.000814283674117, 0.000764731317759, -0.00184240529779, 0.00029823218938], [-0.000302975153318, -0.000710307620466, -0.00131576124113, -0.00201981212012, -0.00231275730766, 0.00017125128943, -0.00428722985089, 0.0155317429453, -0.00562023604289, 0.00229732552543, -0.0026105470024, -0.00158184533939, 0.00159589271061], [-0.000251447054325, 0.000284831883619, 0.00080800242722, -0.000888125505298, -0.00110681098886, -1.77289257408e-005, 0.00148390349932, -0.00562023604289, 0.0169675443321, -0.011729313992, 0.00514576025307, -0.00202748249285, -0.00130839110352], [-0.000201714341529, -0.000611666066106, -0.000519861001521, 0.000154341905727, 0.00109731371049, -0.00061307894066, -0.000814283674117, 0.00229732552543, -0.011729313992, 0.0187893845141, -0.0108957365155, 0.00599598279223, -0.00111799233127], [0.000285745947622, -9.41109028645e-005, 0.000134780129883, -0.000637315562926, -0.000537366897333, 8.4927334683e-005, 0.000764731317759, -0.0026105470024, 0.00514576025307, -0.0108957365155, 0.0185880959034, -0.0117007037625, 0.00467909872532], [-0.00030248859548, 0.000123109522974, 0.000509604986291, -4.10533029935e-005, -0.00102928699926, 0.00247614760883, -0.00184240529779, -0.00158184533939, -0.00202748249285, 0.00599598279223, -0.0117007037625, 0.0219917017967, -0.00898162741214], [0.000453133514384, -0.000434024288552, -0.000230821140576, -4.49393810413e-005, -0.00133390701376, -0.00260861800052, 0.00029823218938, 0.00159589271061, -0.00130839110352, -0.00111799233127, 0.00467909872532, -0.00898162741214, 0.0157004017383]]
    },
    "spectral_contrast_coeffs": {
        "mean": [-0.620721936226, -0.651896059513, -0.744794666767, -0.734844386578, -0.788625657558, -0.77470690012],
        "var": [0.00802556797862, 0.00759885041043, 0.00454509956762, 0.00362359383143, 0.00233765644953, 0.00138765003067]
    },
    "spectral_contrast_valleys": {
        "mean": [-7.38551235199, -6.47016859055, -7.65114545822, -8.15617179871, -8.36009883881, -11.0781202316],
        "var": [1.48340237141, 0.941568911076, 0.9302713871, 0.870434343815, 0.985401570797, 1.33313298225]
    }
},
"metadata": {
    "audio_properties": {
        "analysis_sample_rate": 44100,
        "bit_rate": 115581,
        "equal_loudness": 0,
        "length": 45.0612258911,
        "lossless": 0,
        "replay_gain": -12.2081718445,
        "sample_rate": 44100,
        "codec": "mp3",
        "downmix": "mix",
        "md5_encoded": "6ca8986997ca8895e81eec29f9e3ce56"
    },
    "tags": {
        "file_name": "851.mp3"
    },
    "version": {
        "essentia": "2.1-beta2",
        "essentia_git_sha": "v2.1_beta2",
        "extractor": "music 1.0"
    }
},
"rhythm": {
    "beats_count": 107,
    "beats_loudness": {
        "mean": 0.0793335288763,
        "var": 0.00522587960586
    },
    "bpm": 143.502029419,
    "bpm_histogram_first_peak_bpm": {
        "mean": 144,
        "var": 0
    },
    "bpm_histogram_first_peak_spread": {
        "mean": 0.237623766065,
        "var": 0
    },
    "bpm_histogram_first_peak_weight": {
        "mean": 0.726415097713,
        "var": 0
    },
    "bpm_histogram_second_peak_bpm": {
        "mean": 133,
        "var": 0
    },
    "bpm_histogram_second_peak_spread": {
        "mean": 0.5,
        "var": 0
    },
    "bpm_histogram_second_peak_weight": {
        "mean": 0.0188679248095,
        "var": 0
    },
    "danceability": 1.17033565044,
    "onset_rate": 4.70258998871,
    "beats_loudness_band_ratio": {
        "mean": [0.423587411642, 0.353963404894, 0.144470512867, 0.0457212328911, 0.0403150580823, 0.0100424950942],
        "var": [0.126251474023, 0.0769409611821, 0.0236991606653, 0.00311213592067, 0.00227634166367, 0.000225686861086]
    },
    "beats_position": [0.417959183455, 0.847528338432, 1.28870749474, 1.71827661991, 2.14784574509, 2.57741498947, 3.00698399544, 3.45977306366, 3.9125623703, 4.35374164581, 4.78331041336, 5.21287965775, 5.64244890213, 6.06040811539, 6.47836732864, 6.8963265419, 7.31428575516, 7.73224496841, 8.16181373596, 8.59138298035, 9.0093421936, 9.42730140686, 9.84526062012, 10.2632198334, 10.6695690155, 11.0759181976, 11.4938774109, 11.9118366241, 12.3297958374, 12.7477550507, 13.1657142639, 13.5836734772, 14.0016326904, 14.4195919037, 14.8375511169, 15.2555103302, 15.6734695435, 16.0798187256, 16.4977779388, 16.904127121, 17.3220863342, 17.7400455475, 18.1580047607, 18.575963974, 18.9939231873, 19.4118824005, 19.8298416138, 20.2361907959, 20.6541500092, 21.0721092224, 21.5016784668, 21.9312477112, 22.3375968933, 22.7555541992, 23.1735134125, 23.5914726257, 24.009431839, 24.4273910522, 24.8453502655, 25.2516994476, 25.6580486298, 26.076007843, 26.4939670563, 26.9119262695, 27.3298854828, 27.747844696, 28.1658039093, 28.5837631226, 29.0017223358, 29.4196815491, 29.8376407623, 30.2555999756, 30.6735591888, 31.0915184021, 31.5094776154, 31.9158267975, 32.322177887, 32.7401351929, 33.1580963135, 33.5760536194, 33.99401474, 34.4119720459, 34.8299331665, 35.2478904724, 35.6658477783, 36.0838088989, 36.5017662048, 36.9197273254, 37.3376846313, 37.755645752, 38.1736030579, 38.5915641785, 39.0095214844, 39.427482605, 39.8454399109, 40.2401809692, 40.6581382751, 41.0760993958, 41.4940567017, 41.9120178223, 42.3299751282, 42.7479362488, 43.1658935547, 43.5722427368, 44.0018119812, 44.4197731018, 44.8377304077]
},
"tonal": {
    "chords_changes_rate": 0.0493827164173,
    "chords_number_rate": 0.00823045242578,
    "chords_strength": {
        "mean": 0.478583902121,
        "var": 0.00614119088277
    },
    "hpcp_entropy": {
        "mean": 1.72042453289,
        "var": 0.527804613113
    },
    "key_strength": 0.573675096035,
    "tuning_diatonic_strength": 0.456748694181,
    "tuning_equal_tempered_deviation": 0.272681862116,
    "tuning_frequency": 434.193115234,
    "tuning_nontempered_energy_ratio": 0.979184567928,
    "hpcp": {
        "mean": [0.0592091307044, 0.0649971216917, 0.0450476035476, 0.0445836894214, 0.048100952059, 0.0448467060924, 0.134536698461, 0.191529095173, 0.119102776051, 0.0984135121107, 0.0968250483274, 0.0659615695477, 0.110500119627, 0.156311422586, 0.111353114247, 0.120106801391, 0.164064124227, 0.108896553516, 0.0545513778925, 0.0530872866511, 0.108835346997, 0.400292158127, 0.557236552238, 0.369152575731, 0.218220099807, 0.102812491357, 0.0364729836583, 0.071499556303, 0.0803082734346, 0.0533100143075, 0.0896792635322, 0.107612855732, 0.0551357716322, 0.0374057516456, 0.0442725941539, 0.042632766068],
        "var": [0.0219554789364, 0.0269117560238, 0.0137640004978, 0.0187907926738, 0.023400625214, 0.0136362267658, 0.0330178029835, 0.0530784279108, 0.029066959396, 0.0462972931564, 0.0480391271412, 0.0217031501234, 0.0444010831416, 0.0842157378793, 0.0424771457911, 0.0464221946895, 0.0791604220867, 0.0347796417773, 0.0202413704246, 0.0187077950686, 0.0323457308114, 0.103433981538, 0.160577267408, 0.076825901866, 0.117804601789, 0.038980461657, 0.012359294109, 0.0267628673464, 0.0328073576093, 0.0114374477416, 0.024880906567, 0.0375492796302, 0.0151654370129, 0.0102072563022, 0.0148847391829, 0.0135679962113]
    },
    "chords_histogram": [1.54320991039, 8.02469158173, 66.6666641235, 7.09876537323, 0, 1.64609050751, 0, 8.84773635864, 0.617283940315, 0, 0, 0, 0, 0, 1.85185182095, 0.925925910473, 0, 0, 0, 0, 0, 0, 0.720164597034, 2.05761313438],
    "thpcp": [1, 0.662470161915, 0.391611248255, 0.184504210949, 0.0654533207417, 0.128310963511, 0.14411881566, 0.095668554306, 0.160935714841, 0.193118795753, 0.0989449992776, 0.0671272426844, 0.0794502720237, 0.076507486403, 0.106254927814, 0.116641886532, 0.0808410793543, 0.0800085514784, 0.0863205268979, 0.0804805532098, 0.241435527802, 0.343712359667, 0.213738262653, 0.176609933376, 0.173759326339, 0.118372656405, 0.198300197721, 0.280511796474, 0.199830964208, 0.215540066361, 0.294424563646, 0.195422485471, 0.0978962630033, 0.0952688530087, 0.195312649012, 0.71835231781],
    "chords_key": "E",
    "chords_scale": "minor",
    "key_key": "A",
    "key_scale": "minor"
}
}