{
"lowlevel": {
    "average_loudness": 0.834061980247,
    "barkbands_crest": {
        "mean": 16.3671379089,
        "var": 32.666469574
    },
    "barkbands_flatness_db": {
        "mean": 0.286159515381,
        "var": 0.00786761473864
    },
    "barkbands_kurtosis": {
        "mean": 42.0207748413,
        "var": 6310.66894531
    },
    "barkbands_skewness": {
        "mean": 4.10183382034,
        "var": 11.6192750931
    },
    "barkbands_spread": {
        "mean": 7.71860837936,
        "var": 141.78956604
    },
    "dissonance": {
        "mean": 0.382603824139,
        "var": 0.00383568205871
    },
    "dynamic_complexity": 5.23463153839,
    "erbbands_crest": {
        "mean": 14.5241384506,
        "var": 29.0798339844
    },
    "erbbands_flatness_db": {
        "mean": 0.251934200525,
        "var": 0.00371319241822
    },
    "erbbands_kurtosis": {
        "mean": 7.70375394821,
        "var": 165.312911987
    },
    "erbbands_skewness": {
        "mean": 1.75434803963,
        "var": 2.4498090744
    },
    "erbbands_spread": {
        "mean": 20.7901916504,
        "var": 318.024414063
    },
    "hfc": {
        "mean": 7.53573989868,
        "var": 84.5233306885
    },
    "melbands_crest": {
        "mean": 18.884803772,
        "var": 41.0043258667
    },
    "melbands_flatness_db": {
        "mean": 0.347418546677,
        "var": 0.0116067584604
    },
    "melbands_kurtosis": {
        "mean": 40.0988311768,
        "var": 3113.40014648
    },
    "melbands_skewness": {
        "mean": 3.83465719223,
        "var": 6.8170208931
    },
    "melbands_spread": {
        "mean": 9.96862697601,
        "var": 410.51159668
    },
    "pitch_salience": {
        "mean": 0.435982227325,
        "var": 0.0277103297412
    },
    "silence_rate_20dB": {
        "mean": 1,
        "var": 0
    },
    "silence_rate_30dB": {
        "mean": 0.998455226421,
        "var": 0.00154241081327
    },
    "silence_rate_60dB": {
        "mean": 0.242533475161,
        "var": 0.183707863092
    },
    "spectral_centroid": {
        "mean": 619.015808105,
        "var": 535288.375
    },
    "spectral_complexity": {
        "mean": 6.42378997803,
        "var": 19.8745880127
    },
    "spectral_decrease": {
        "mean": -4.31218660779e-009,
        "var": 2.19417035931e-017
    },
    "spectral_energy": {
        "mean": 0.0169586986303,
        "var": 0.000337217876222
    },
    "spectral_energyband_high": {
        "mean": 0.000137423165143,
        "var": 2.10896388353e-007
    },
    "spectral_energyband_low": {
        "mean": 0.00106428621802,
        "var": 1.48149711094e-005
    },
    "spectral_energyband_middle_high": {
        "mean": 0.00141085591167,
        "var": 1.15634002213e-005
    },
    "spectral_energyband_middle_low": {
        "mean": 0.0151785220951,
        "var": 0.000282591587165
    },
    "spectral_entropy": {
        "mean": 6.16463661194,
        "var": 0.794745564461
    },
    "spectral_flux": {
        "mean": 0.0363948047161,
        "var": 0.00120451929979
    },
    "spectral_kurtosis": {
        "mean": 17.0102500916,
        "var": 340.973297119
    },
    "spectral_rms": {
        "mean": 0.00347485812381,
        "var": 4.47042611995e-006
    },
    "spectral_rolloff": {
        "mean": 824.511047363,
        "var": 2290761
    },
    "spectral_skewness": {
        "mean": 3.12130379677,
        "var": 2.13728356361
    },
    "spectral_spread": {
        "mean": 3798408.5,
        "var": 4.03049703014e+012
    },
    "spectral_strongpeak": {
        "mean": 0.949632525444,
        "var": 0.665534079075
    },
    "zerocrossingrate": {
        "mean": 0.0338012836874,
        "var": 0.00183607521467
    },
    "barkbands": {
        "mean": [1.24139944546e-007, 4.51028336101e-006, 0.000314689008519, 0.00161214289255, 0.00858533382416, 0.0021507604979, 0.000496278284118, 0.00127328920644, 0.000844149617478, 0.000754206732381, 0.000266779068625, 6.23658415861e-005, 0.000131160806632, 7.22266631783e-005, 8.37495608721e-005, 3.2186795579e-005, 4.58364047518e-005, 4.29693536717e-005, 2.94879100693e-005, 5.16807849635e-005, 2.54607766692e-005, 2.15113104787e-005, 8.54352492752e-006, 1.6613796106e-005, 2.47836414928e-005, 7.78883986641e-006, 7.5732948801e-008],
        "var": [1.72782212257e-013, 1.18529949744e-010, 1.58756063229e-006, 1.68759615917e-005, 0.000120742901345, 2.78515362879e-005, 1.18525952075e-006, 1.65463934536e-005, 7.10615950084e-006, 4.86590579385e-006, 1.7384363673e-006, 7.21106800938e-008, 1.43036743339e-007, 8.33550117818e-008, 6.88742574084e-008, 2.38651818307e-008, 5.92464850513e-008, 3.55669627083e-008, 8.41712033406e-009, 7.16122272593e-008, 1.19836185419e-008, 6.85894052666e-009, 1.13584397443e-009, 3.53076701209e-009, 3.81143383521e-009, 3.34925503997e-010, 2.28415702151e-013]
    },
    "erbbands": {
        "mean": [0.000152376800543, 0.00478909816593, 0.232948184013, 3.17954683304, 6.95096206665, 35.5330696106, 42.7706794739, 15.0590429306, 5.67641353607, 19.4197769165, 23.7166233063, 22.099521637, 19.0368976593, 22.4305057526, 7.83293104172, 3.47624349594, 5.67440366745, 4.19194173813, 5.44111871719, 2.15708208084, 1.72756969929, 2.27319502831, 2.69712471962, 2.10246348381, 1.34928011894, 2.35416698456, 1.60819149017, 0.901255548, 0.834256649017, 0.353896051645, 0.250099360943, 0.369304895401, 0.252586066723, 0.222165942192, 0.201337069273, 0.0633379667997, 0.00929357856512, 0.000705814629328, 2.6504327252e-005, 2.03182553378e-005],
        "var": [1.06859182836e-007, 0.000133153356728, 0.666189670563, 85.5134353638, 213.009933472, 2357.79101563, 7518.24511719, 1132.21313477, 114.07472229, 1949.77062988, 10381.7099609, 4708.15380859, 2312.72900391, 5364.89111328, 979.473144531, 134.749664307, 263.991851807, 170.987503052, 328.84072876, 44.6973762512, 69.8626174927, 96.2589950562, 137.540390015, 48.450088501, 25.1724777222, 156.150283813, 54.2295722961, 14.2834119797, 10.5444812775, 1.80284786224, 1.01591837406, 1.7267408371, 0.880588293076, 0.500706255436, 0.206969931722, 0.0247100125998, 0.000306239206111, 3.74024307348e-006, 2.60981303235e-009, 4.54528942262e-010]
    },
    "gfcc": {
        "mean": [-140.512771606, 108.398574829, -99.6999282837, -7.8871717453, -80.132194519, -18.0850944519, -63.890296936, -8.83070373535, -47.7138824463, -11.547659874, -27.8010292053, -7.03713512421, -8.06163883209],
        "cov": [[9922.29394531, -1290.36035156, -1131.82446289, -401.62322998, -686.266479492, 110.08682251, -351.266082764, 496.470672607, -402.518188477, 278.934051514, -284.302093506, -12.0665636063, -78.4509658813], [-1290.36035156, 1903.23962402, 254.006958008, -543.418518066, 402.673400879, -102.730194092, 137.179367065, -370.884674072, 197.338973999, -230.342681885, 52.552028656, -150.497375488, 24.6184158325], [-1131.82446289, 254.006958008, 1045.10473633, 203.27116394, 177.115097046, 56.8411979675, -75.9133071899, 3.58350229263, -26.9133071899, -98.8747940063, 23.062877655, -63.5284767151, -57.2864456177], [-401.62322998, -543.418518066, 203.27116394, 1093.48291016, -2.12101507187, 38.9371795654, 87.0548934937, 46.6466369629, 61.0060119629, -38.6792411804, 32.6552963257, -65.9363479614, -61.2040290833], [-686.266479492, 402.673400879, 177.115097046, -2.12101507187, 362.645019531, 13.0649805069, 20.9760913849, -46.4234161377, 43.9573478699, -73.3605728149, -18.1466560364, -42.256313324, -20.2073383331], [110.08682251, -102.730194092, 56.8411979675, 38.9371795654, 13.0649805069, 287.105651855, 80.2566757202, -5.66745376587, -19.1536655426, 27.0415153503, -39.9287414551, -11.0488805771, -39.1993751526], [-351.266082764, 137.179367065, -75.9133071899, 87.0548934937, 20.9760913849, 80.2566757202, 225.454086304, -59.9421958923, 46.2717781067, -10.4108629227, -2.12176990509, -25.9741439819, -28.0860691071], [496.470672607, -370.884674072, 3.58350229263, 46.6466369629, -46.4234161377, -5.66745376587, -59.9421958923, 310.606750488, -15.2308778763, 29.6980514526, -49.0740356445, 20.6150341034, -21.3500785828], [-402.518188477, 197.338973999, -26.9133071899, 61.0060119629, 43.9573478699, -19.1536655426, 46.2717781067, -15.2308778763, 168.010726929, -4.76439809799, -0.881420493126, -30.2289676666, -3.11281299591], [278.934051514, -230.342681885, -98.8747940063, -38.6792411804, -73.3605728149, 27.0415153503, -10.4108629227, 29.6980514526, -4.76439809799, 160.831359863, -6.91417455673, 11.1885328293, -18.8532791138], [-284.302093506, 52.552028656, 23.062877655, 32.6552963257, -18.1466560364, -39.9287414551, -2.12176990509, -49.0740356445, -0.881420493126, -6.91417455673, 118.999450684, 17.6155891418, 12.2350473404], [-12.0665636063, -150.497375488, -63.5284767151, -65.9363479614, -42.256313324, -11.0488805771, -25.9741439819, 20.6150341034, -30.2289676666, 11.1885328293, 17.6155891418, 134.016723633, 33.861831665], [-78.4509658813, 24.6184158325, -57.2864456177, -61.2040290833, -20.2073383331, -39.1993751526, -28.0860691071, -21.3500785828, -3.11281299591, -18.8532791138, 12.2350473404, 33.861831665, 125.997520447]],
        "icov": [[0.000197096873308, -0.000166489728144, 0.000274465914117, -0.000101232733869, 0.000325200409861, -0.00018840523262, 0.000434251240222, -0.000276049802778, 0.000527760013938, -0.000134951173095, 0.000352018425474, 0.000160774288815, 0.000189882644918], [-0.000166489728144, 0.00274609657936, -0.000826533534564, 0.00185244716704, -0.00163854542188, 0.00101061898749, -0.00171968247741, 0.00201524375007, -0.00283184298314, 0.00246961717494, -0.00120399554726, 0.00187402358279, -0.000193557963939], [0.000274465914117, -0.000826533534564, 0.00181941920891, -0.000756399182137, 0.000247512041824, -0.00092383712763, 0.0017214162508, -0.000830121687613, 0.00152124441229, -6.19126003585e-005, 0.000195422049728, 0.000183810581802, 0.000747465121094], [-0.000101232733869, 0.00185244716704, -0.000756399182137, 0.00233232951723, -0.000872156000696, 0.000614080810919, -0.00156556908041, 0.00102293549571, -0.00221854122356, 0.00191753578838, -0.00124985608272, 0.00164024881087, 0.000152251202962], [0.000325200409861, -0.00163854542188, 0.000247512041824, -0.000872156000696, 0.00480716954917, -0.000818261876702, 0.00133078126237, -0.000953222683165, 0.0012000487186, -0.000139531010063, 0.0017609114293, -0.000424758007284, 0.000814962433651], [-0.00018840523262, 0.00101061898749, -0.00092383712763, 0.000614080810919, -0.000818261876702, 0.00503551773727, -0.00276246317662, 0.00103381217923, -0.00033081806032, -0.000168918631971, 0.000980599899776, 0.000157599541126, 0.000387239531847], [0.000434251240222, -0.00171968247741, 0.0017214162508, -0.00156556908041, 0.00133078126237, -0.00276246317662, 0.00803848635405, -0.000443776341854, 0.000951309222728, -0.000578796782065, 0.000980872311629, -0.00030425118166, 0.00162263517268], [-0.000276049802778, 0.00201524375007, -0.000830121687613, 0.00102293549571, -0.000953222683165, 0.00103381217923, -0.000443776341854, 0.00560613395646, -0.00243192049675, 0.00144032971002, 0.000803248374723, 0.00026329830871, 0.000580297200941], [0.000527760013938, -0.00283184298314, 0.00152124441229, -0.00221854122356, 0.0012000487186, -0.00033081806032, 0.000951309222728, -0.00243192049675, 0.0106470007449, -0.00303976330906, 0.00183583644684, -0.000196603374206, 6.81679302943e-005], [-0.000134951173095, 0.00246961717494, -6.19126003585e-005, 0.00191753578838, -0.000139531010063, -0.000168918631971, -0.000578796782065, 0.00144032971002, -0.00303976330906, 0.00999805051833, -0.00124672811944, 0.00154735171236, 0.00150300154928], [0.000352018425474, -0.00120399554726, 0.000195422049728, -0.00124985608272, 0.0017609114293, 0.000980599899776, 0.000980872311629, 0.000803248374723, 0.00183583644684, -0.00124672811944, 0.0112653011456, -0.00215908745304, 0.000223534691031], [0.000160774288815, 0.00187402358279, 0.000183810581802, 0.00164024881087, -0.000424758007284, 0.000157599541126, -0.00030425118166, 0.00026329830871, -0.000196603374206, 0.00154735171236, -0.00215908745304, 0.01084646862, -0.00190667412244], [0.000189882644918, -0.000193557963939, 0.000747465121094, 0.000152251202962, 0.000814962433651, 0.000387239531847, 0.00162263517268, 0.000580297200941, 6.81679302943e-005, 0.00150300154928, 0.000223534691031, -0.00190667412244, 0.00993501581252]]
    },
    "melbands": {
        "mean": [8.01995952315e-007, 7.42014599382e-005, 0.000639278092422, 0.00130875385366, 0.00176589842886, 0.000319680606481, 8.69553987286e-005, 0.000235518993577, 0.00017459326773, 0.000136991322506, 9.43343620747e-005, 9.55252544372e-005, 3.10960895149e-005, 9.54491588345e-006, 1.15468328659e-005, 1.03885704448e-005, 7.5409288911e-006, 9.02815554582e-006, 4.29259807788e-006, 2.40592407863e-006, 1.84515374713e-006, 2.02594719667e-006, 3.04679247165e-006, 2.1830892365e-006, 1.67933262674e-006, 8.98924554349e-007, 1.16584510579e-006, 1.73299542894e-006, 1.19504875329e-006, 6.13274835359e-007, 4.98809242799e-007, 5.24159815996e-007, 3.13186859557e-007, 1.46756676145e-007, 1.21329719605e-007, 1.86802779467e-007, 2.45216028816e-007, 1.81875776661e-007, 1.65650106965e-007, 1.89150213714e-007],
        "var": [4.03503879615e-012, 8.06597029168e-008, 2.51724509326e-006, 2.91165270028e-006, 8.28341671877e-006, 5.19326192716e-007, 3.12259267332e-008, 2.83207782559e-007, 5.78812830554e-007, 1.96709834199e-007, 6.0076928321e-008, 1.03008808594e-007, 2.35154171691e-008, 1.36557476438e-009, 1.23376175942e-009, 9.30839905156e-010, 7.0894812243e-010, 1.08304110125e-009, 1.55230203691e-010, 1.03455709277e-010, 8.49877529463e-011, 6.02267888339e-011, 3.16686954438e-010, 1.16470028066e-010, 3.39134657856e-011, 7.21282322064e-012, 4.56573216734e-011, 9.22314585816e-011, 3.17002500638e-011, 8.351284074e-012, 5.0179157704e-012, 4.03650550485e-012, 1.78768913735e-012, 3.04927605518e-013, 2.61223524365e-013, 5.27036205476e-013, 7.51194408326e-013, 4.71795942158e-013, 4.13205656757e-013, 3.47126299059e-013]
    },
    "mfcc": {
        "mean": [-799.79473877, 151.047805786, 10.9372138977, 2.59141159058, -11.4177799225, -22.5831813812, -17.1290340424, -20.0462589264, -18.7156867981, -20.4035072327, -17.139541626, -22.3486881256, -21.9933834076],
        "cov": [[8190.63818359, -1032.68249512, -1102.91625977, -267.105255127, -520.676879883, -384.671508789, -15.8782644272, -116.767707825, 198.615356445, 93.2053375244, 121.319190979, 84.9304351807, -66.1554260254], [-1032.68249512, 2138.1550293, -126.289245605, -580.361816406, 62.4023323059, 67.8808288574, -121.052261353, -57.9271583557, -80.0426864624, -125.196800232, 9.02374076843, -83.3925323486, -99.0832214355], [-1102.91625977, -126.289245605, 868.597290039, 272.065216064, 185.662216187, 63.2117919922, 66.3000564575, 40.0639839172, 4.69622135162, -8.41760635376, -7.52836847305, 90.0087890625, -10.2020530701], [-267.105255127, -580.361816406, 272.065216064, 666.70892334, 141.896972656, 27.5455265045, 48.3714103699, 73.6848297119, 37.8123207092, 44.919757843, -25.3021564484, 84.8035888672, 46.3894348145], [-520.676879883, 62.4023323059, 185.662216187, 141.896972656, 351.167175293, -5.6993021965, 22.0248756409, 59.7316513062, 35.4863166809, 12.3414106369, -8.21018600464, 7.72963571548, -16.2641067505], [-384.671508789, 67.8808288574, 63.2117919922, 27.5455265045, -5.6993021965, 412.668945313, 70.4423217773, 27.3480606079, -8.21218681335, 44.9732627869, 16.9062747955, -34.1032104492, 19.5453262329], [-15.8782644272, -121.052261353, 66.3000564575, 48.3714103699, 22.0248756409, 70.4423217773, 176.37991333, 55.4589233398, 6.84200620651, 19.8651237488, 15.4472770691, -2.64920043945, -3.3542444706], [-116.767707825, -57.9271583557, 40.0639839172, 73.6848297119, 59.7316513062, 27.3480606079, 55.4589233398, 187.217391968, 46.5809936523, 2.07357120514, 5.32166194916, 6.11455774307, 7.67127180099], [198.615356445, -80.0426864624, 4.69622135162, 37.8123207092, 35.4863166809, -8.21218681335, 6.84200620651, 46.5809936523, 194.091140747, 42.6026573181, -0.543081641197, 50.118019104, 18.816493988], [93.2053375244, -125.196800232, -8.41760635376, 44.919757843, 12.3414106369, 44.9732627869, 19.8651237488, 2.07357120514, 42.6026573181, 144.53855896, 23.7938957214, 9.09861660004, 11.7938375473], [121.319190979, 9.02374076843, -7.52836847305, -25.3021564484, -8.21018600464, 16.9062747955, 15.4472770691, 5.32166194916, -0.543081641197, 23.7938957214, 147.419021606, 46.2304382324, -18.511302948], [84.9304351807, -83.3925323486, 90.0087890625, 84.8035888672, 7.72963571548, -34.1032104492, -2.64920043945, 6.11455774307, 50.118019104, 9.09861660004, 46.2304382324, 183.393585205, 13.5938215256], [-66.1554260254, -99.0832214355, -10.2020530701, 46.3894348145, -16.2641067505, 19.5453262329, -3.3542444706, 7.67127180099, 18.816493988, 11.7938375473, -18.511302948, 13.5938215256, 130.389648438]],
        "icov": [[0.000191390950931, 0.000104665188701, 0.000217078035348, 4.37940580014e-005, 0.000153737826622, 0.000118442680105, -8.12802609289e-005, 9.37765435083e-005, -0.000202687995625, -9.65315030044e-006, -9.03601394384e-005, -9.267693531e-005, 0.000198815148906], [0.000104665188701, 0.000798027263954, 0.000114906630188, 0.0007049816777, -0.000362401566235, -0.000252851576079, 0.000418034178438, 1.78273930942e-005, 2.23116785492e-005, 0.0004372720432, -1.94964977709e-005, -0.000146051490447, 0.00038979150122], [0.000217078035348, 0.000114906630188, 0.0017992737703, -0.00036919102422, -0.000480569113279, -0.000143347118865, -0.00049205328105, 0.000251260760706, 1.96495511773e-006, 0.000317090423778, 0.000159672606969, -0.000875262951013, 0.000488643650897], [4.37940580014e-005, 0.0007049816777, -0.00036919102422, 0.00269236881286, -0.000881806598045, -0.000270195130724, 0.000212527796975, -0.000534115009941, 0.000341348990332, -0.000261315464741, 0.000657106866129, -0.000980053795502, -0.000291587028187], [0.000153737826622, -0.000362401566235, -0.000480569113279, -0.000881806598045, 0.00399874709547, 0.000529293902218, -0.000186565666809, -0.000711958273314, -0.000754870241508, -0.000484462216264, -9.8535529105e-005, 0.000568157527596, 0.00061479798751], [0.000118442680105, -0.000252851576079, -0.000143347118865, -0.000270195130724, 0.000529293902218, 0.0030361157842, -0.00111948058475, -0.000127208564663, -8.50938761232e-007, -0.000980897108093, -0.000478470668895, 0.00076359132072, -0.000516231055371], [-8.12802609289e-005, 0.000418034178438, -0.00049205328105, 0.000212527796975, -0.000186565666809, -0.00111948058475, 0.00723702600226, -0.00192290800624, 0.000361224985681, -0.000367037922842, -0.000507788849063, 0.000351324066287, 0.000478507077787], [9.37765435083e-005, 1.78273930942e-005, 0.000251260760706, -0.000534115009941, -0.000711958273314, -0.000127208564663, -0.00192290800624, 0.00680993171409, -0.00174121430609, 0.000997355324216, -0.000552346580662, 0.000421050965087, -0.000210295300349], [-0.000202687995625, 2.23116785492e-005, 1.96495511773e-006, 0.000341348990332, -0.000754870241508, -8.50938761232e-007, 0.000361224985681, -0.00174121430609, 0.00684076128528, -0.00193373102229, 0.00107729784213, -0.00195715785958, -0.000644763058517], [-9.65315030044e-006, 0.0004372720432, 0.000317090423778, -0.000261315464741, -0.000484462216264, -0.000980897108093, -0.000367037922842, 0.000997355324216, -0.00193373102229, 0.00860479380935, -0.00154480792116, 0.00048155899276, -0.000305121502606], [-9.03601394384e-005, -1.94964977709e-005, 0.000159672606969, 0.000657106866129, -9.8535529105e-005, -0.000478470668895, -0.000507788849063, -0.000552346580662, 0.00107729784213, -0.00154480792116, 0.00841100234538, -0.00285537471063, 0.00127297011204], [-9.267693531e-005, -0.000146051490447, -0.000875262951013, -0.000980053795502, 0.000568157527596, 0.00076359132072, 0.000351324066287, 0.000421050965087, -0.00195715785958, 0.00048155899276, -0.00285537471063, 0.00771919917315, -0.000908400397748], [0.000198815148906, 0.00038979150122, 0.000488643650897, -0.000291587028187, 0.00061479798751, -0.000516231055371, 0.000478507077787, -0.000210295300349, -0.000644763058517, -0.000305121502606, 0.00127297011204, -0.000908400397748, 0.00878319144249]]
    },
    "spectral_contrast_coeffs": {
        "mean": [-0.392231911421, -0.647857189178, -0.702402293682, -0.765357673168, -0.787012338638, -0.768316507339],
        "var": [0.0128519702703, 0.00877553317696, 0.00845914706588, 0.00374233117327, 0.00273944227956, 0.00309794256464]
    },
    "spectral_contrast_valleys": {
        "mean": [-10.0818023682, -8.16291236877, -8.97538566589, -9.654088974, -9.6611738205, -12.4054203033],
        "var": [1.14758861065, 1.59228825569, 1.35225057602, 1.41133308411, 1.68316054344, 1.81635534763]
    }
},
"metadata": {
    "audio_properties": {
        "analysis_sample_rate": 44100,
        "bit_rate": 105525,
        "equal_loudness": 0,
        "length": 45.0612258911,
        "lossless": 0,
        "replay_gain": -10.540304184,
        "sample_rate": 44100,
        "codec": "mp3",
        "downmix": "mix",
        "md5_encoded": "04beb328184da260bd0a015c908f09c6"
    },
    "tags": {
        "file_name": "854.mp3"
    },
    "version": {
        "essentia": "2.1-beta2",
        "essentia_git_sha": "v2.1_beta2",
        "extractor": "music 1.0"
    }
},
"rhythm": {
    "beats_count": 65,
    "beats_loudness": {
        "mean": 0.0206195339561,
        "var": 0.000386117346352
    },
    "bpm": 84.4714660645,
    "bpm_histogram_first_peak_bpm": {
        "mean": 85,
        "var": 0
    },
    "bpm_histogram_first_peak_spread": {
        "mean": 0.487804889679,
        "var": 0
    },
    "bpm_histogram_first_peak_weight": {
        "mean": 0.328125,
        "var": 0
    },
    "bpm_histogram_second_peak_bpm": {
        "mean": 91,
        "var": 0
    },
    "bpm_histogram_second_peak_spread": {
        "mean": 0.0833333358169,
        "var": 0
    },
    "bpm_histogram_second_peak_weight": {
        "mean": 0.171875,
        "var": 0
    },
    "danceability": 1.07833516598,
    "onset_rate": 3.23857593536,
    "beats_loudness_band_ratio": {
        "mean": [0.194767072797, 0.56817317009, 0.163930371404, 0.0534611903131, 0.0358392670751, 0.0277134850621],
        "var": [0.0669836550951, 0.0825910791755, 0.0281218271703, 0.00500792590901, 0.0115957548842, 0.00781006924808]
    },
    "beats_position": [0.603718817234, 1.23065757751, 1.8575963974, 2.48453521729, 3.13469386101, 3.78485250473, 4.446621418, 5.0967798233, 5.75854873657, 6.43192720413, 7.0936961174, 7.75546455383, 8.40562343597, 9.03256225586, 9.65950107574, 10.2864398956, 10.8785486221, 11.4706573486, 12.1092061996, 12.7245349884, 13.328253746, 14.0132427216, 14.7098407745, 15.4064397812, 16.114648819, 16.8460769653, 17.5542850494, 18.2624931335, 18.9823131561, 19.7137413025, 20.4335594177, 21.1069393158, 21.7919273376, 22.4769153595, 23.1502952576, 23.8120632172, 24.4738311768, 25.1239910126, 25.8321990967, 26.5404071808, 27.2486171722, 27.9568252563, 28.6534233093, 29.3616313934, 30.0698413849, 30.778049469, 31.4978675842, 32.2292976379, 32.9491157532, 33.6689338684, 34.3887519836, 35.1085700989, 35.8632202148, 36.5946464539, 37.3144645691, 38.034286499, 38.730884552, 39.427482605, 40.124080658, 40.8206787109, 41.5172767639, 42.2254867554, 42.9336967468, 43.6535148621, 44.3617210388]
},
"tonal": {
    "chords_changes_rate": 0.0524691343307,
    "chords_number_rate": 0.00823045242578,
    "chords_strength": {
        "mean": 0.532349407673,
        "var": 0.0114353764802
    },
    "hpcp_entropy": {
        "mean": 1.23950183392,
        "var": 0.490835011005
    },
    "key_strength": 0.802627801895,
    "tuning_diatonic_strength": 0.673888206482,
    "tuning_equal_tempered_deviation": 0.0978953689337,
    "tuning_frequency": 441.017791748,
    "tuning_nontempered_energy_ratio": 0.693339288235,
    "hpcp": {
        "mean": [0.123331040144, 0.0760782361031, 0.0819437876344, 0.102774694562, 0.0698011144996, 0.0430705584586, 0.0646314099431, 0.138826832175, 0.356743335724, 0.417589187622, 0.185780182481, 0.0385051742196, 0.0247432142496, 0.0509976297617, 0.127789497375, 0.139481768012, 0.0593649931252, 0.0173381008208, 0.0162406452, 0.021596673876, 0.0512740388513, 0.064365953207, 0.0567611008883, 0.198671489954, 0.261994242668, 0.0998745039105, 0.0338229201734, 0.0502750687301, 0.0355226919055, 0.0573056414723, 0.0684252381325, 0.0321445018053, 0.0157960709184, 0.0164747890085, 0.0381362587214, 0.106730811298],
        "var": [0.0512921214104, 0.0325731374323, 0.0419241636992, 0.0660299807787, 0.0376236177981, 0.0192028731108, 0.0378106459975, 0.062155008316, 0.134889349341, 0.16639021039, 0.0644554570317, 0.0171516872942, 0.0117839528248, 0.0242370776832, 0.0737319812179, 0.0793693810701, 0.0195317920297, 0.00514246011153, 0.00695516914129, 0.0100747849792, 0.0226327218115, 0.0341060012579, 0.0159603692591, 0.0855434462428, 0.141800403595, 0.0245213881135, 0.0131666446105, 0.0352240540087, 0.00976233091205, 0.0236246492714, 0.0314060412347, 0.00971479155123, 0.00523546990007, 0.00563001260161, 0.0140105960891, 0.046207472682]
    },
    "chords_histogram": [48.6625518799, 7.30452680588, 9.25925922394, 0, 0, 0.720164597034, 7.81893014908, 0.411522626877, 0, 0.102880656719, 2.36625504494, 0.514403283596, 0.720164597034, 0, 0, 0, 1.33744859695, 0.617283940315, 0, 0, 0, 0.514403283596, 16.563785553, 3.08641982079],
    "thpcp": [1, 0.444887429476, 0.0922082662582, 0.0592525266111, 0.122123919427, 0.306017249823, 0.33401671052, 0.142161235213, 0.0415195152164, 0.0388914421201, 0.0517175123096, 0.122785836458, 0.154137015343, 0.1359256953, 0.475758224726, 0.627397119999, 0.2391692698, 0.0809956789017, 0.12039360404, 0.0850661173463, 0.137229710817, 0.163857787848, 0.0769763737917, 0.037826821208, 0.0394521430135, 0.0913248211145, 0.255588054657, 0.29534059763, 0.182184398174, 0.196230620146, 0.246114358306, 0.167152583599, 0.103140980005, 0.15477271378, 0.332448333502, 0.854292571545],
    "chords_key": "F",
    "chords_scale": "major",
    "key_key": "F",
    "key_scale": "major"
}
}