{
"lowlevel": {
    "average_loudness": 0.973487317562,
    "barkbands_crest": {
        "mean": 10.0437192917,
        "var": 18.7486763
    },
    "barkbands_flatness_db": {
        "mean": 0.117033757269,
        "var": 0.0010977977654
    },
    "barkbands_kurtosis": {
        "mean": 2.51605010033,
        "var": 16.6417808533
    },
    "barkbands_skewness": {
        "mean": 1.46861481667,
        "var": 0.856599450111
    },
    "barkbands_spread": {
        "mean": 26.3597373962,
        "var": 143.825332642
    },
    "dissonance": {
        "mean": 0.467876851559,
        "var": 0.000443328957772
    },
    "dynamic_complexity": 1.59432661533,
    "erbbands_crest": {
        "mean": 8.86783790588,
        "var": 18.2390995026
    },
    "erbbands_flatness_db": {
        "mean": 0.132196694613,
        "var": 0.00164018059149
    },
    "erbbands_kurtosis": {
        "mean": 0.0773503854871,
        "var": 1.66390454769
    },
    "erbbands_skewness": {
        "mean": 0.0483413934708,
        "var": 0.279246807098
    },
    "erbbands_spread": {
        "mean": 40.8662986755,
        "var": 344.296203613
    },
    "hfc": {
        "mean": 30.6352100372,
        "var": 657.675476074
    },
    "melbands_crest": {
        "mean": 14.1824846268,
        "var": 27.1625003815
    },
    "melbands_flatness_db": {
        "mean": 0.195448711514,
        "var": 0.00201173243113
    },
    "melbands_kurtosis": {
        "mean": 11.9313287735,
        "var": 252.285583496
    },
    "melbands_skewness": {
        "mean": 2.70487093925,
        "var": 2.28471708298
    },
    "melbands_spread": {
        "mean": 23.3879413605,
        "var": 152.319030762
    },
    "pitch_salience": {
        "mean": 0.507782578468,
        "var": 0.00904252100736
    },
    "silence_rate_20dB": {
        "mean": 1,
        "var": 0
    },
    "silence_rate_30dB": {
        "mean": 0.949562549591,
        "var": 0.0478931665421
    },
    "silence_rate_60dB": {
        "mean": 0.00205867225304,
        "var": 0.00205448735505
    },
    "spectral_centroid": {
        "mean": 1437.99841309,
        "var": 290113.84375
    },
    "spectral_complexity": {
        "mean": 22.4508495331,
        "var": 48.118976593
    },
    "spectral_decrease": {
        "mean": -1.1161467306e-008,
        "var": 6.9386186182e-017
    },
    "spectral_energy": {
        "mean": 0.0449046753347,
        "var": 0.00106348400004
    },
    "spectral_energyband_high": {
        "mean": 0.00123562116642,
        "var": 3.68503060599e-006
    },
    "spectral_energyband_low": {
        "mean": 0.0235227011144,
        "var": 0.000710322055966
    },
    "spectral_energyband_middle_high": {
        "mean": 0.00752279534936,
        "var": 2.8419884984e-005
    },
    "spectral_energyband_middle_low": {
        "mean": 0.0151683334261,
        "var": 0.000184623975656
    },
    "spectral_entropy": {
        "mean": 7.59066724777,
        "var": 0.103038914502
    },
    "spectral_flux": {
        "mean": 0.105651281774,
        "var": 0.00352138886228
    },
    "spectral_kurtosis": {
        "mean": 4.30462741852,
        "var": 4.36216211319
    },
    "spectral_rms": {
        "mean": 0.00627242820337,
        "var": 4.46608737548e-006
    },
    "spectral_rolloff": {
        "mean": 1391.63037109,
        "var": 2422477.25
    },
    "spectral_skewness": {
        "mean": 1.54343116283,
        "var": 0.104940705001
    },
    "spectral_spread": {
        "mean": 4924437,
        "var": 4.80727479091e+012
    },
    "spectral_strongpeak": {
        "mean": 0.839227974415,
        "var": 1.41808235645
    },
    "zerocrossingrate": {
        "mean": 0.0623798780143,
        "var": 0.00118113926146
    },
    "barkbands": {
        "mean": [0.000723972800188, 0.0166295934469, 0.00369052612223, 0.00493877893314, 0.00311317993328, 0.00200907094404, 0.00157901295461, 0.00175500975456, 0.00166869000532, 0.000881675456185, 0.00101051153615, 0.000596342491917, 0.00107849435881, 0.00119630072732, 0.000510024430696, 0.000591102812905, 0.00053766410565, 0.000582453561947, 0.000388566753827, 0.000294378929539, 0.00018782056577, 0.000199354006327, 0.00013026612578, 0.000128771556774, 9.49654495344e-005, 0.000369686575141, 1.84692307812e-005],
        "var": [1.47139155615e-006, 0.00050117331557, 2.44599577854e-005, 6.39229619992e-005, 2.02087776415e-005, 3.44440309163e-006, 1.366062952e-005, 9.77935997071e-006, 4.09640915677e-006, 2.85144824375e-006, 3.14769818033e-006, 1.70875125605e-006, 4.29901365351e-006, 4.25201687904e-006, 1.00684337667e-006, 4.90310924306e-007, 4.8243754236e-007, 3.94964729367e-007, 1.62657258329e-007, 1.08119706965e-007, 5.50043637304e-008, 5.82803103555e-008, 3.09143075583e-008, 8.57757740391e-008, 3.4165640983e-008, 1.57771467002e-006, 5.03065722413e-009]
    },
    "erbbands": {
        "mean": [0.553063511848, 3.39426612854, 4.58588314056, 11.4343528748, 14.0463886261, 8.71012401581, 11.5597391129, 18.6372528076, 13.924697876, 41.0119819641, 35.2942047119, 33.7597503662, 33.7478599548, 33.8787956238, 39.0144996643, 22.0900936127, 49.8316917419, 49.0891799927, 43.9007873535, 28.3095397949, 40.0830459595, 30.5141811371, 32.9760971069, 18.9397315979, 22.5262546539, 14.6291780472, 7.57805967331, 7.948802948, 7.69383621216, 4.69176959991, 3.47440266609, 2.89818668365, 2.0729637146, 1.12059903145, 0.713280558586, 1.09812068939, 0.806881606579, 0.128631383181, 0.00267456285655, 0.000130045678816],
        "var": [0.601180493832, 22.7835273743, 38.3445053101, 235.60508728, 567.245239258, 175.773162842, 125.137863159, 328.419555664, 457.187011719, 8847.72265625, 4311.33642578, 1773.44604492, 2281.72412109, 1989.94348145, 4186.89648438, 1240.46362305, 8462.96679688, 6875.27636719, 6265.36328125, 2872.63867188, 2097.92944336, 1318.85498047, 1240.48779297, 329.426055908, 583.588623047, 256.407073975, 78.8486404419, 108.187545776, 89.9434356689, 38.8028030396, 23.5928344727, 26.644865036, 29.2770519257, 5.64238023758, 2.40939974785, 12.7611265182, 8.11012554169, 0.210256010294, 8.69816867635e-005, 7.76179760464e-008]
    },
    "gfcc": {
        "mean": [46.4538650513, 89.4727096558, -107.593215942, 35.740020752, -45.2976799011, 16.7466030121, -32.5650901794, 14.9691362381, -22.4133167267, 6.17946767807, -17.0597438812, 4.45237350464, -16.2416629791],
        "cov": [[3872.11889648, -583.531555176, 291.834503174, 32.9515342712, -29.0766143799, 142.95451355, -40.7309150696, 113.341651917, -86.7105026245, 114.275901794, -259.232940674, 77.0064163208, -132.673919678], [-583.531555176, 784.095275879, -518.931152344, 80.1637802124, -22.9190597534, -68.5438461304, 51.9428634644, -31.1392631531, 81.7033843994, -89.6536254883, 155.711578369, -108.49861145, 76.9286422729], [291.834503174, -518.931152344, 733.694519043, -55.9251594543, 142.02331543, 29.1557617188, -9.89224147797, 57.7365570068, -38.2632446289, 113.609802246, -108.292205811, 109.034492493, -75.5478210449], [32.9515342712, 80.1637802124, -55.9251594543, 219.375396729, -23.8569850922, 1.91208875179, -21.8192558289, 7.90024423599, 66.1678390503, -27.3478488922, 21.36967659, -28.9525966644, 45.9114952087], [-29.0766143799, -22.9190597534, 142.02331543, -23.8569850922, 231.375183105, 9.41513538361, 41.6571388245, 18.8300304413, -5.03023052216, 48.6399040222, -15.1874361038, 26.9386711121, -23.6451091766], [142.95451355, -68.5438461304, 29.1557617188, 1.91208875179, 9.41513538361, 168.543075562, 39.5632171631, -11.4658212662, -25.8368377686, 4.53602790833, 1.17661345005, 10.0490369797, 23.2768611908], [-40.7309150696, 51.9428634644, -9.89224147797, -21.8192558289, 41.6571388245, 39.5632171631, 116.698120117, 7.96466302872, -25.9969177246, 7.89367866516, 21.5843219757, 2.21190023422, -10.0828533173], [113.341651917, -31.1392631531, 57.7365570068, 7.90024423599, 18.8300304413, -11.4658212662, 7.96466302872, 108.958274841, 51.718170166, 1.09978961945, -20.5441913605, 12.2661428452, -3.16480588913], [-86.7105026245, 81.7033843994, -38.2632446289, 66.1678390503, -5.03023052216, -25.8368377686, -25.9969177246, 51.718170166, 146.906738281, 17.1501750946, -5.25870990753, -29.9384231567, 22.8092517853], [114.275901794, -89.6536254883, 113.609802246, -27.3478488922, 48.6399040222, 4.53602790833, 7.89367866516, 1.09978961945, 17.1501750946, 104.096458435, 2.59256243706, 2.84843349457, -36.8616523743], [-259.232940674, 155.711578369, -108.292205811, 21.36967659, -15.1874361038, 1.17661345005, 21.5843219757, -20.5441913605, -5.25870990753, 2.59256243706, 120.466247559, -7.03784275055, 5.89284324646], [77.0064163208, -108.49861145, 109.034492493, -28.9525966644, 26.9386711121, 10.0490369797, 2.21190023422, 12.2661428452, -29.9384231567, 2.84843349457, -7.03784275055, 90.0029983521, 6.83718729019], [-132.673919678, 76.9286422729, -75.5478210449, 45.9114952087, -23.6451091766, 23.2768611908, -10.0828533173, -3.16480588913, 22.8092517853, -36.8616523743, 5.89284324646, 6.83718729019, 94.2881393433]],
        "icov": [[0.000468634272693, -0.000223737530177, 0.000306757719954, -0.000681108795106, 0.000363965838915, -0.000622222491074, 0.000418134906795, -0.000870753254276, 0.000964718230534, -0.00123263173737, 0.00150014052633, -0.00078573229257, 0.000927723827772], [-0.000223737530177, 0.00473030842841, 0.00145497464109, 0.000941556005273, -0.00193327513989, 0.00224435748532, -0.00231257779524, 0.00144957494922, -0.00291430018842, 0.00355578889139, -0.00494277430698, 0.00334614049643, -0.00254303682595], [0.000306757719954, 0.00145497464109, 0.00373613252304, -0.00103779137135, -0.00105441117194, -0.000267130206339, 0.000383963430068, -0.00148996361531, 0.00099815777503, -0.00261352024972, 0.00176448153798, -0.00237813778222, 0.00133496196941], [-0.000681108795106, 0.000941556005273, -0.00103779137135, 0.00748049421236, -0.000854695390444, 0.000818393775262, -0.000331451010425, 0.0020291339606, -0.00462488457561, 0.00450187316164, -0.00456634629518, 0.00351868243888, -0.00367525755428], [0.000363965838915, -0.00193327513989, -0.00105441117194, -0.000854695390444, 0.00655151065439, -0.000842171604745, -0.0010581164388, -0.00119720015209, 0.00151997816283, -0.0038048652932, 0.0032319703605, -0.00255142338574, 0.001486160676], [-0.000622222491074, 0.00224435748532, -0.000267130206339, 0.000818393775262, -0.000842171604745, 0.00896678864956, -0.0041797766462, 0.00212922343053, -0.000981285236776, 0.00176171783824, -0.00338078173809, 0.00263472832739, -0.00517318304628], [0.000418134906795, -0.00231257779524, 0.000383963430068, -0.000331451010425, -0.0010581164388, -0.0041797766462, 0.0130319716409, -0.00414908165112, 0.00450499542058, -0.00300370226614, 0.00121594255324, -0.00120614701882, 0.00271242600866], [-0.000870753254276, 0.00144957494922, -0.00148996361531, 0.0020291339606, -0.00119720015209, 0.00212922343053, -0.00414908165112, 0.0158855803311, -0.00955866184086, 0.00655122473836, -0.00274620600976, -0.00057564699091, -0.000239265340497], [0.000964718230534, -0.00291430018842, 0.00099815777503, -0.00462488457561, 0.00151997816283, -0.000981285236776, 0.00450499542058, -0.00955866184086, 0.0169945992529, -0.0100667448714, 0.00634724088013, 0.000347175868228, -0.000897298799828], [-0.00123263173737, 0.00355578889139, -0.00261352024972, 0.00450187316164, -0.0038048652932, 0.00176171783824, -0.00300370226614, 0.00655122473836, -0.0100667448714, 0.0219835769385, -0.00988912861794, 0.00519574107602, 0.000858823535964], [0.00150014052633, -0.00494277430698, 0.00176448153798, -0.00456634629518, 0.0032319703605, -0.00338078173809, 0.00121594255324, -0.00274620600976, 0.00634724088013, -0.00988912861794, 0.0198563951999, -0.00752475578338, 0.00536691397429], [-0.00078573229257, 0.00334614049643, -0.00237813778222, 0.00351868243888, -0.00255142338574, 0.00263472832739, -0.00120614701882, -0.00057564699091, 0.000347175868228, 0.00519574107602, -0.00752475578338, 0.0203740783036, -0.00795291829854], [0.000927723827772, -0.00254303682595, 0.00133496196941, -0.00367525755428, 0.001486160676, -0.00517318304628, 0.00271242600866, -0.000239265340497, -0.000897298799828, 0.000858823535964, 0.00536691397429, -0.00795291829854, 0.0195711608976]]
    },
    "melbands": {
        "mean": [0.00482626399025, 0.00317271053791, 0.00213930616155, 0.000765501055866, 0.000414068228565, 0.000400678545702, 0.000241622736212, 0.000460044015199, 0.00026511552278, 0.000218894187128, 0.000171242994838, 0.000138277275255, 0.000154458743054, 6.74542534398e-005, 8.44879687065e-005, 0.00010743009625, 9.10786911845e-005, 8.6223713879e-005, 3.4144930396e-005, 3.11222138407e-005, 5.0434617151e-005, 2.80636377283e-005, 3.43917308783e-005, 2.80487729469e-005, 1.29965028464e-005, 1.59457067639e-005, 1.46766751641e-005, 8.34551974549e-006, 4.66672645416e-006, 4.25573352913e-006, 4.72511328553e-006, 4.84371230414e-006, 3.07954792333e-006, 2.42235569203e-006, 1.98710699806e-006, 1.97834128812e-006, 1.66098823229e-006, 1.51919164182e-006, 1.18036064123e-006, 8.62304773364e-007],
        "var": [4.31495682278e-005, 1.67589696503e-005, 8.89032435225e-006, 1.51951667249e-006, 1.72150166122e-007, 1.45451039657e-007, 1.57652905841e-007, 8.16491876776e-007, 2.20719030608e-007, 7.33763485528e-008, 6.44773550107e-008, 3.92669576854e-008, 6.93363162441e-008, 3.05431910874e-008, 2.83328720485e-008, 4.13683238776e-008, 2.43357831664e-008, 2.95591640054e-008, 4.91388174595e-009, 2.69927635799e-009, 3.96285848581e-009, 1.47793233207e-009, 2.25481677774e-009, 8.64783633592e-010, 2.11331840916e-010, 2.70585748252e-010, 3.01534630598e-010, 1.05564119945e-010, 3.33015316711e-011, 3.93862789605e-011, 3.78078124363e-011, 3.96236030098e-011, 1.6748281581e-011, 1.15696462827e-011, 8.47552149991e-012, 8.4115475002e-012, 1.19620207836e-011, 1.76680579889e-011, 7.99762860104e-012, 3.38977782476e-012]
    },
    "mfcc": {
        "mean": [-601.157897949, 122.719192505, 1.06480312347, 27.7840309143, 9.23228168488, 7.65159082413, 3.36886191368, 9.22565078735, 0.331046968699, 4.94242191315, 4.62568759918, 1.23202097416, -2.11990332603],
        "cov": [[1902.4342041, -357.670776367, 150.337081909, -8.74654769897, -3.32301068306, 57.0907096863, -18.0437850952, 45.9969177246, 124.743171692, 46.6833877563, 19.3507194519, -31.7258052826, -62.3979263306], [-357.670776367, 507.320739746, -246.468994141, 30.2881698608, -20.837474823, -30.6765804291, 40.7822647095, 2.84735774994, -45.2416496277, 25.496088028, 22.916721344, 7.7876124382, 38.5881500244], [150.337081909, -246.468994141, 384.127593994, 4.84843826294, 57.9336433411, 27.8746356964, -8.29178524017, -0.430196672678, 38.6897735596, -7.19648838043, -10.7516555786, 25.1292095184, 5.08002710342], [-8.74654769897, 30.2881698608, 4.84843826294, 177.647583008, 49.9372024536, -24.5313091278, -32.9905509949, 3.06764125824, 17.0943489075, 14.1975317001, 4.68579626083, 19.8474349976, 33.1723976135], [-3.32301068306, -20.837474823, 57.9336433411, 49.9372024536, 153.593048096, 18.4161548615, -17.8169078827, 11.2457456589, 41.3928184509, 22.1629428864, -10.3193159103, 19.8784751892, 15.943860054], [57.0907096863, -30.6765804291, 27.8746356964, -24.5313091278, 18.4161548615, 144.034042358, 65.0798034668, -17.3903217316, -4.50068092346, 5.97813034058, 8.37114334106, -6.59631681442, -25.0333042145], [-18.0437850952, 40.7822647095, -8.29178524017, -32.9905509949, -17.8169078827, 65.0798034668, 164.439086914, 19.9215431213, -49.1744537354, -8.56296443939, 15.6594638824, -11.7269859314, -9.97515583038], [45.9969177246, 2.84735774994, -0.430196672678, 3.06764125824, 11.2457456589, -17.3903217316, 19.9215431213, 98.5501327515, 32.2538795471, -14.6603279114, -10.5911998749, 10.3643684387, 5.05604219437], [124.743171692, -45.2416496277, 38.6897735596, 17.0943489075, 41.3928184509, -4.50068092346, -49.1744537354, 32.2538795471, 136.788787842, 29.3486728668, -23.5059909821, 5.98036241531, 1.31497037411], [46.6833877563, 25.496088028, -7.19648838043, 14.1975317001, 22.1629428864, 5.97813034058, -8.56296443939, -14.6603279114, 29.3486728668, 96.6726608276, 35.5383033752, 4.35693597794, 0.605982303619], [19.3507194519, 22.916721344, -10.7516555786, 4.68579626083, -10.3193159103, 8.37114334106, 15.6594638824, -10.5911998749, -23.5059909821, 35.5383033752, 101.463394165, 21.5290870667, -9.11907672882], [-31.7258052826, 7.7876124382, 25.1292095184, 19.8474349976, 19.8784751892, -6.59631681442, -11.7269859314, 10.3643684387, 5.98036241531, 4.35693597794, 21.5290870667, 69.7925491333, 19.4488487244], [-62.3979263306, 38.5881500244, 5.08002710342, 33.1723976135, 15.943860054, -25.0333042145, -9.97515583038, 5.05604219437, 1.31497037411, 0.605982303619, -9.11907672882, 19.4488487244, 77.8741607666]],
        "icov": [[0.000677386764437, 0.000464197917609, 1.82965486601e-005, -0.000134457761305, 0.000251348305028, -0.000213289662497, 1.84872547493e-007, -0.00036553083919, -0.000447550643003, -0.000307680660626, -0.000275859667454, 0.000347447639797, 0.000163435834111], [0.000464197917609, 0.00364424777217, 0.00212684553117, -0.000425481528509, -2.18435179704e-005, 0.000410219101468, -0.00110532413237, -8.9171298896e-005, 0.000107391599158, -0.00103933818173, -0.000159564922797, -0.000507269811351, -0.00127652310766], [1.82965486601e-005, 0.00212684553117, 0.00428366521373, 1.44154764712e-005, -0.00105319777504, -4.75787564937e-005, -0.000825288239866, 0.000681560253724, -0.000645464344416, 0.000271515542408, 4.58648464701e-005, -0.00144502369221, -0.000899394217413], [-0.000134457761305, -0.000425481528509, 1.44154764712e-005, 0.00700245890766, -0.00209742109291, 0.000695516820997, 0.000877494108863, 0.000125869322801, -3.08146336465e-005, -1.90637329069e-005, -0.000694302492775, -0.000414962647483, -0.00210047699511], [0.000251348305028, -2.18435179704e-005, -0.00105319777504, -0.00209742109291, 0.00897315796465, -0.00211425451562, 0.000792054808699, -0.00121260713786, -0.00112362497021, -0.00206534890458, 0.00149063882418, -0.0014178728452, -0.000598530692514], [-0.000213289662497, 0.000410219101468, -4.75787564937e-005, 0.000695516820997, -0.00211425451562, 0.0106810349971, -0.0052569587715, 0.00377573003061, -0.00162660761271, 0.000373869523173, -0.000120153330499, -0.000688985805027, 0.00246307277121], [1.84872547493e-007, -0.00110532413237, -0.000825288239866, 0.000877494108863, 0.000792054808699, -0.0052569587715, 0.0106851551682, -0.00494321528822, 0.00426687113941, -0.000645894033369, -0.00080966250971, 0.00207368051633, -0.000614246062469], [-0.00036553083919, -8.9171298896e-005, 0.000681560253724, 0.000125869322801, -0.00121260713786, 0.00377573003061, -0.00494321528822, 0.0147068565711, -0.00536034395918, 0.00380562990904, 1.80211027327e-005, -0.0026003587991, 0.000239624147071], [-0.000447550643003, 0.000107391599158, -0.000645464344416, -3.08146336465e-005, -0.00112362497021, -0.00162660761271, 0.00426687113941, -0.00536034395918, 0.0127768730745, -0.00515659572557, 0.0036949350033, -0.000373642309569, 0.000595527235419], [-0.000307680660626, -0.00103933818173, 0.000271515542408, -1.90637329069e-005, -0.00206534890458, 0.000373869523173, -0.000645894033369, 0.00380562990904, -0.00515659572557, 0.015642253682, -0.00647238083184, 0.00148849352263, -0.000692202534992], [-0.000275859667454, -0.000159564922797, 4.58648464701e-005, -0.000694302492775, 0.00149063882418, -0.000120153330499, -0.00080966250971, 1.80211027327e-005, 0.0036949350033, -0.00647238083184, 0.0148844672367, -0.00580893736333, 0.00288380752318], [0.000347447639797, -0.000507269811351, -0.00144502369221, -0.000414962647483, -0.0014178728452, -0.000688985805027, 0.00207368051633, -0.0026003587991, -0.000373642309569, 0.00148849352263, -0.00580893736333, 0.019145399332, -0.00416295370087], [0.000163435834111, -0.00127652310766, -0.000899394217413, -0.00210047699511, -0.000598530692514, 0.00246307277121, -0.000614246062469, 0.000239624147071, 0.000595527235419, -0.000692202534992, 0.00288380752318, -0.00416295370087, 0.0167509373277]]
    },
    "spectral_contrast_coeffs": {
        "mean": [-0.67587864399, -0.712084174156, -0.709521055222, -0.728660404682, -0.734451115131, -0.737030029297],
        "var": [0.00461846822873, 0.0050825481303, 0.00355612137355, 0.00286196405068, 0.00210062717088, 0.00140508334152]
    },
    "spectral_contrast_valleys": {
        "mean": [-6.50963783264, -6.52439928055, -7.32429265976, -7.6640868187, -7.49002218246, -10.0770425797],
        "var": [1.03250420094, 0.941369950771, 0.923801898956, 0.868887901306, 0.947047472, 1.14530384541]
    }
},
"metadata": {
    "audio_properties": {
        "analysis_sample_rate": 44100,
        "bit_rate": 110640,
        "equal_loudness": 0,
        "length": 45.0873451233,
        "lossless": 0,
        "replay_gain": -12.0611248016,
        "sample_rate": 44100,
        "codec": "mp3",
        "downmix": "mix",
        "md5_encoded": "3568175330f7e6ba3d8278c693da9105"
    },
    "tags": {
        "file_name": "856.mp3"
    },
    "version": {
        "essentia": "2.1-beta2",
        "essentia_git_sha": "v2.1_beta2",
        "extractor": "music 1.0"
    }
},
"rhythm": {
    "beats_count": 88,
    "beats_loudness": {
        "mean": 0.0812999010086,
        "var": 0.000808598706499
    },
    "bpm": 117.950340271,
    "bpm_histogram_first_peak_bpm": {
        "mean": 117,
        "var": 0
    },
    "bpm_histogram_first_peak_spread": {
        "mean": 0.228915676475,
        "var": 0
    },
    "bpm_histogram_first_peak_weight": {
        "mean": 0.735632181168,
        "var": 0
    },
    "bpm_histogram_second_peak_bpm": {
        "mean": 123,
        "var": 0
    },
    "bpm_histogram_second_peak_spread": {
        "mean": 0,
        "var": 0
    },
    "bpm_histogram_second_peak_weight": {
        "mean": 0.0229885056615,
        "var": 0
    },
    "danceability": 1.63463032246,
    "onset_rate": 3.96853876114,
    "beats_loudness_band_ratio": {
        "mean": [0.712991178036, 0.0782331377268, 0.069569773972, 0.0554089583457, 0.0444153062999, 0.0587074123323],
        "var": [0.017583206296, 0.00224555796012, 0.00363917625509, 0.00298551400192, 0.00120051240083, 0.00306747388095]
    },
    "beats_position": [0.441179126501, 0.893968224525, 1.35836732388, 1.8575963974, 2.36843538284, 2.87927436829, 3.39011335373, 3.90095233917, 4.41179132462, 4.91102027893, 5.41024923325, 5.92108821869, 6.43192720413, 6.94276618958, 7.45360517502, 7.94122457504, 8.45206356049, 8.96290206909, 9.47374153137, 9.98458003998, 10.5070295334, 11.017868042, 11.5287075043, 12.0279359818, 12.538775444, 13.0496139526, 13.5604534149, 14.0596818924, 14.5705213547, 15.0697498322, 15.5805892944, 16.0914287567, 16.602268219, 17.1131057739, 17.6239452362, 18.1347846985, 18.6456241608, 19.1564617157, 19.6556911469, 20.154920578, 20.6657600403, 21.1765975952, 21.6874370575, 22.1982765198, 22.7091159821, 23.219953537, 23.7191829681, 24.2184123993, 24.7292518616, 25.2400894165, 25.7509288788, 26.2501583099, 26.7609977722, 27.2602272034, 27.7710647583, 28.2819042206, 28.7927436829, 29.3035831451, 29.8144207001, 30.3252601624, 30.8360996246, 31.3469390869, 31.8577766418, 32.3686180115, 32.8794555664, 33.3786849976, 33.8895225525, 34.3887519836, 34.8995895386, 35.4104309082, 35.9096603394, 36.4204978943, 36.9429473877, 37.4537849426, 37.9646263123, 38.4522438049, 38.9630813599, 39.4739227295, 39.9847602844, 40.4956016541, 41.006439209, 41.5056686401, 42.0048980713, 42.5157356262, 43.0265769958, 43.5374145508, 44.0482521057, 44.5590934753]
},
"tonal": {
    "chords_changes_rate": 0.0781892985106,
    "chords_number_rate": 0.00823045242578,
    "chords_strength": {
        "mean": 0.462339192629,
        "var": 0.00534081272781
    },
    "hpcp_entropy": {
        "mean": 2.11905097961,
        "var": 0.357997506857
    },
    "key_strength": 0.619976460934,
    "tuning_diatonic_strength": 0.461346834898,
    "tuning_equal_tempered_deviation": 0.213103175163,
    "tuning_frequency": 434.193115234,
    "tuning_nontempered_energy_ratio": 0.963765442371,
    "hpcp": {
        "mean": [0.188957691193, 0.159539058805, 0.0901246741414, 0.0745602920651, 0.089876525104, 0.108434081078, 0.210680395365, 0.24653981626, 0.126218602061, 0.0555108934641, 0.0535632185638, 0.0753600001335, 0.192992538214, 0.262526661158, 0.189668402076, 0.194809660316, 0.192371472716, 0.0964445918798, 0.0656818151474, 0.0662616342306, 0.0772795602679, 0.206477597356, 0.246689423919, 0.196652859449, 0.204701066017, 0.12749132514, 0.0957314744592, 0.270345687866, 0.313407301903, 0.137452051044, 0.0502721779048, 0.0413437634706, 0.053750962019, 0.117154866457, 0.154226079583, 0.159288093448],
        "var": [0.0824331715703, 0.0621279068291, 0.0312244910747, 0.0319182164967, 0.0428335517645, 0.0507591404021, 0.0745382681489, 0.093170158565, 0.0356951802969, 0.0214217118919, 0.0256816428155, 0.0285507030785, 0.0513593666255, 0.0847237929702, 0.0531378425658, 0.0985256955028, 0.110457904637, 0.0426556617022, 0.0174789093435, 0.0196657516062, 0.0166257359087, 0.0657881870866, 0.0819353088737, 0.0495168752968, 0.102852061391, 0.0411404743791, 0.0252967942506, 0.0717153698206, 0.0916110277176, 0.0302210226655, 0.0165621526539, 0.0145758213475, 0.0155053809285, 0.0421386472881, 0.0587688758969, 0.0687441304326]
    },
    "chords_histogram": [8.74485588074, 12.9629631042, 10.3909463882, 0, 21.6049385071, 0, 7.30452680588, 0, 0.205761313438, 0, 0, 0, 0, 0, 0, 0, 0, 0, 0, 0, 0, 16.9753093719, 2.16049385071, 19.6502056122],
    "thpcp": [1, 0.438573211432, 0.160405248404, 0.13191704452, 0.171505138278, 0.373810261488, 0.49209472537, 0.508246302605, 0.60291415453, 0.509047031403, 0.28756403923, 0.237902224064, 0.286772280931, 0.34598454833, 0.672225534916, 0.786643505096, 0.402730256319, 0.177120611072, 0.170906096697, 0.240453869104, 0.615788280964, 0.837653279305, 0.60518181324, 0.621586203575, 0.613806605339, 0.307729244232, 0.209573343396, 0.211423397064, 0.246578678489, 0.65881550312, 0.787120878696, 0.627467393875, 0.653147101402, 0.406791180372, 0.30545386672, 0.86260175705],
    "chords_key": "B",
    "chords_scale": "major",
    "key_key": "A",
    "key_scale": "major"
}
}