{
"lowlevel": {
    "average_loudness": 0.865294218063,
    "barkbands_crest": {
        "mean": 9.94765377045,
        "var": 34.120300293
    },
    "barkbands_flatness_db": {
        "mean": 0.233147874475,
        "var": 0.012160432525
    },
    "barkbands_kurtosis": {
        "mean": 28.491027832,
        "var": 26244.6699219
    },
    "barkbands_skewness": {
        "mean": 1.92663824558,
        "var": 14.1468763351
    },
    "barkbands_spread": {
        "mean": 17.8405036926,
        "var": 220.128112793
    },
    "dissonance": {
        "mean": 0.457861095667,
        "var": 0.00112162996083
    },
    "dynamic_complexity": 6.73354768753,
    "erbbands_crest": {
        "mean": 8.88297462463,
        "var": 18.7970466614
    },
    "erbbands_flatness_db": {
        "mean": 0.236093387008,
        "var": 0.00410485407338
    },
    "erbbands_kurtosis": {
        "mean": 2.22924995422,
        "var": 243.932952881
    },
    "erbbands_skewness": {
        "mean": 0.306040078402,
        "var": 1.69882893562
    },
    "erbbands_spread": {
        "mean": 34.2461242676,
        "var": 604.769897461
    },
    "hfc": {
        "mean": 14.8230581284,
        "var": 1370.78186035
    },
    "melbands_crest": {
        "mean": 15.4262266159,
        "var": 51.6279296875
    },
    "melbands_flatness_db": {
        "mean": 0.305474311113,
        "var": 0.0195766985416
    },
    "melbands_kurtosis": {
        "mean": 36.3133583069,
        "var": 23255.2324219
    },
    "melbands_skewness": {
        "mean": 3.04130268097,
        "var": 13.468495369
    },
    "melbands_spread": {
        "mean": 20.1836280823,
        "var": 587.719238281
    },
    "pitch_salience": {
        "mean": 0.539234399796,
        "var": 0.0308134332299
    },
    "silence_rate_20dB": {
        "mean": 0.989706635475,
        "var": 0.0101879611611
    },
    "silence_rate_30dB": {
        "mean": 0.93618118763,
        "var": 0.0597469545901
    },
    "silence_rate_60dB": {
        "mean": 0.162120431662,
        "var": 0.135833144188
    },
    "spectral_centroid": {
        "mean": 1104.90966797,
        "var": 824477.75
    },
    "spectral_complexity": {
        "mean": 15.2665977478,
        "var": 109.881568909
    },
    "spectral_decrease": {
        "mean": -8.45033287789e-009,
        "var": 2.53052045904e-016
    },
    "spectral_energy": {
        "mean": 0.0332379974425,
        "var": 0.00379186891951
    },
    "spectral_energyband_high": {
        "mean": 0.00066463596886,
        "var": 2.08180808841e-005
    },
    "spectral_energyband_low": {
        "mean": 0.0165948942304,
        "var": 0.00269130221568
    },
    "spectral_energyband_middle_high": {
        "mean": 0.00319256423973,
        "var": 9.45879855863e-006
    },
    "spectral_energyband_middle_low": {
        "mean": 0.0139669608325,
        "var": 0.000722841301467
    },
    "spectral_entropy": {
        "mean": 7.00923490524,
        "var": 0.621766865253
    },
    "spectral_flux": {
        "mean": 0.0746365711093,
        "var": 0.00917708780617
    },
    "spectral_kurtosis": {
        "mean": 14.2789287567,
        "var": 695.94732666
    },
    "spectral_rms": {
        "mean": 0.00459487596527,
        "var": 1.13144196803e-005
    },
    "spectral_rolloff": {
        "mean": 1361.90014648,
        "var": 5576048
    },
    "spectral_skewness": {
        "mean": 2.08760666847,
        "var": 3.00484013557
    },
    "spectral_spread": {
        "mean": 2829262.75,
        "var": 5.16978166989e+012
    },
    "spectral_strongpeak": {
        "mean": 0.578474521637,
        "var": 0.326711654663
    },
    "zerocrossingrate": {
        "mean": 0.0482689775527,
        "var": 0.00446736440063
    },
    "barkbands": {
        "mean": [0.00172302906867, 0.00944771897048, 0.00428834371269, 0.00367672927678, 0.00399184599519, 0.00359623739496, 0.00115783954971, 0.000951643276494, 0.000506280572154, 0.000842395762447, 0.000240749985096, 0.000469043094199, 0.000221138470806, 0.000166635451023, 0.000238828200963, 0.000212280036067, 0.000246733223321, 0.000204156967811, 0.000279084692011, 0.00018045392062, 0.000226683769142, 0.000158205410116, 0.000128009924083, 4.72814426757e-005, 2.76240552921e-005, 9.05515935301e-006, 1.12876490377e-008],
        "var": [1.47958917296e-006, 0.00125258730259, 0.000414519687183, 0.000270133517915, 6.9208072091e-005, 1.74675697053e-005, 2.60879210146e-006, 1.32339789616e-006, 6.16718580204e-007, 1.16166199859e-006, 1.09271866222e-007, 2.76295111235e-007, 8.56301483054e-008, 4.25051780439e-008, 1.07804368099e-007, 9.16087543601e-008, 1.91315720599e-007, 1.64947948633e-007, 5.6089629652e-007, 8.40298582716e-007, 2.43020508606e-006, 1.25827546071e-006, 9.06948741886e-007, 1.19136167598e-007, 4.93826703973e-008, 5.85785731033e-009, 2.72104861971e-014]
    },
    "erbbands": {
        "mean": [0.203930750489, 2.32812142372, 5.21429872513, 10.062538147, 10.2645597458, 10.9285259247, 40.9865760803, 16.7080192566, 18.2982273102, 12.1653699875, 24.0143890381, 12.4409656525, 14.0293827057, 30.4734306335, 12.1519002914, 20.4085788727, 10.9300251007, 9.38511562347, 13.0644464493, 11.8163719177, 10.8936233521, 11.7359228134, 11.3753118515, 13.6644868851, 13.8420963287, 8.00551128387, 8.78046894073, 8.09251880646, 6.07535171509, 5.04755735397, 3.18518686295, 1.41101062298, 0.624996542931, 0.360083580017, 0.163177669048, 0.0585912205279, 0.0145102962852, 0.000706864113454, 3.49444417225e-005, 3.95454917452e-005],
        "var": [0.330956190825, 90.4199066162, 508.055755615, 1926.06677246, 1426.6673584, 588.486816406, 2322.76025391, 608.032653809, 607.396789551, 278.999542236, 851.094360352, 340.202056885, 259.598846436, 1502.04772949, 187.515808105, 535.480041504, 197.186019897, 115.917549133, 315.386413574, 252.396774292, 243.350997925, 456.147399902, 438.120605469, 1289.37866211, 1859.53381348, 1428.77099609, 3546.38867188, 3146.91650391, 1936.55371094, 1361.34790039, 556.3046875, 103.437202454, 23.2332115173, 7.51796627045, 2.00477457047, 0.273049861193, 0.0133214360103, 3.16157129419e-005, 2.61617465469e-008, 5.67565860976e-009]
    },
    "gfcc": {
        "mean": [-138.347122192, 169.62588501, -135.409744263, 31.2192344666, -36.813129425, -13.1885986328, -16.7234306335, -6.77528715134, -14.5990056992, -8.32050132751, -4.29307460785, -6.12444734573, 0.535479545593],
        "cov": [[32859.4492188, 6300.85253906, -5915.49316406, -948.391601563, -286.852416992, -2149.90185547, -442.311065674, -1168.81530762, -349.317352295, -777.488586426, 104.98033905, -337.706542969, 203.251373291], [6300.85253906, 5094.17236328, -1865.109375, -1411.73498535, 804.596313477, -1190.73828125, 543.071655273, -575.0859375, 355.451812744, -453.95715332, 537.379394531, -235.089736938, 420.610870361], [-5915.49316406, -1865.109375, 2992.59716797, 565.99005127, -74.3305130005, 1242.80957031, 83.1557388306, 547.123840332, 118.699638367, 373.65838623, -128.725891113, 112.772895813, -121.135063171], [-948.391601563, -1411.73498535, 565.99005127, 883.141906738, -211.441223145, 310.374847412, -110.226524353, 175.438720703, -88.8500442505, 117.850700378, -157.240875244, 30.1898174286, -133.310852051], [-286.852416992, 804.596313477, -74.3305130005, -211.441223145, 428.406951904, -169.126083374, 237.932510376, -38.2322158813, 140.118209839, -58.8747329712, 136.757827759, -43.6920967102, 93.9157485962], [-2149.90185547, -1190.73828125, 1242.80957031, 310.374847412, -169.126083374, 769.679992676, -54.9882164001, 316.319671631, 12.2134304047, 228.37348938, -108.728965759, 89.1112747192, -76.3544540405], [-442.311065674, 543.071655273, 83.1557388306, -110.226524353, 237.932510376, -54.9882164001, 269.911865234, 8.82264137268, 135.534591675, -24.7004184723, 113.940704346, -24.0873527527, 72.07371521], [-1168.81530762, -575.0859375, 547.123840332, 175.438720703, -38.2322158813, 316.319671631, 8.82264137268, 214.420166016, 20.8074512482, 118.539398193, -41.7551193237, 45.1143951416, -28.7531471252], [-349.317352295, 355.451812744, 118.699638367, -88.8500442505, 140.118209839, 12.2134304047, 135.534591675, 20.8074512482, 148.834747314, 12.7487697601, 84.8514709473, -11.2380838394, 57.6933631897], [-777.488586426, -453.95715332, 373.65838623, 117.850700378, -58.8747329712, 228.37348938, -24.7004184723, 118.539398193, 12.7487697601, 130.704376221, -19.0214672089, 45.1262283325, -24.3458862305], [104.98033905, 537.379394531, -128.725891113, -157.240875244, 136.757827759, -108.728965759, 113.940704346, -41.7551193237, 84.8514709473, -19.0214672089, 135.55406189, -1.59273195267, 73.5792999268], [-337.706542969, -235.089736938, 112.772895813, 30.1898174286, -43.6920967102, 89.1112747192, -24.0873527527, 45.1143951416, -11.2380838394, 45.1262283325, -1.59273195267, 66.8055801392, 3.79196166992], [203.251373291, 420.610870361, -121.135063171, -133.310852051, 93.9157485962, -76.3544540405, 72.07371521, -28.7531471252, 57.6933631897, -24.3458862305, 73.5792999268, 3.79196166992, 92.537689209]],
        "icov": [[8.64275716594e-005, -0.000237665270106, 0.00016943346418, -0.00018024831661, 0.000112476700451, -0.000186401928659, 0.000107409490738, 1.87520017789e-005, 9.45300416788e-005, -0.000132581801154, 0.000303355482174, -0.000153159344336, 0.000178021393367], [-0.000237665270106, 0.00160419358872, -0.000357024604455, 0.00113761017565, -0.000438726623543, 0.000567337090615, -0.000545574584976, 0.000386777566746, -0.000609603011981, 0.00115473393817, -0.00215569254942, 0.0022007774096, -0.00183180510066], [0.00016943346418, -0.000357024604455, 0.00158230867237, -0.000453011627542, -0.000213913372136, -0.00229204795323, -0.00034920105827, 7.90611738921e-005, -0.00023676888668, -0.000300429092022, 0.000570088275708, -2.87166494672e-006, 0.000907152076252], [-0.00018024831661, 0.00113761017565, -0.000453011627542, 0.0025939354673, 8.48229465191e-005, 0.000830233911984, -0.000780189759098, -0.000655053474475, -8.96597412066e-005, 0.000207807388506, -0.000590411247686, 0.00163068016991, -0.000114748210763], [0.000112476700451, -0.000438726623543, -0.000213913372136, 8.48229465191e-005, 0.00588698498905, 0.0011675163405, -0.00284885871224, -0.00116682774387, -0.000721659627743, 0.000304175919155, -0.000574043951929, 0.00109599309508, -0.00062426389195], [-0.000186401928659, 0.000567337090615, -0.00229204795323, 0.000830233911984, 0.0011675163405, 0.00783936865628, 0.000300383573631, -0.00394681608304, -0.00102500733919, -0.00254865805618, 0.00119895639364, -0.000731015810743, -0.00110528070945], [0.000107409490738, -0.000545574584976, -0.00034920105827, -0.000780189759098, -0.00284885871224, 0.000300383573631, 0.0112261129543, -0.00277219410054, -0.00426440592855, 0.00318026216701, -0.00343999709003, 0.000249714794336, 0.000417412928073], [1.87520017789e-005, 0.000386777566746, 7.90611738921e-005, -0.000655053474475, -0.00116682774387, -0.00394681608304, -0.00277219410054, 0.0160781200975, -0.000582092383411, -0.00608995417133, 0.00328054255806, -0.0015672625741, -0.00134039425757], [9.45300416788e-005, -0.000609603011981, -0.00023676888668, -8.96597412066e-005, -0.000721659627743, -0.00102500733919, -0.00426440592855, -0.000582092383411, 0.0179699212313, -0.00430210772902, -0.00434822728857, 0.00457106856629, -0.0039140060544], [-0.000132581801154, 0.00115473393817, -0.000300429092022, 0.000207807388506, 0.000304175919155, -0.00254865805618, 0.00318026216701, -0.00608995417133, -0.00430210772902, 0.0237057786435, -0.00698160007596, -0.00439865514636, 0.00281830434687], [0.000303355482174, -0.00215569254942, 0.000570088275708, -0.000590411247686, -0.000574043951929, 0.00119895639364, -0.00343999709003, 0.00328054255806, -0.00434822728857, -0.00698160007596, 0.0250603538007, -0.00734364474192, -0.00445299036801], [-0.000153159344336, 0.0022007774096, -2.87166494672e-006, 0.00163068016991, 0.00109599309508, -0.000731015810743, 0.000249714794336, -0.0015672625741, 0.00457106856629, -0.00439865514636, -0.00734364474192, 0.02812554501, -0.00903881154954], [0.000178021393367, -0.00183180510066, 0.000907152076252, -0.000114748210763, -0.00062426389195, -0.00110528070945, 0.000417412928073, -0.00134039425757, -0.0039140060544, 0.00281830434687, -0.00445299036801, -0.00903881154954, 0.0258364342153]]
    },
    "melbands": {
        "mean": [0.00232646963559, 0.00299199554138, 0.00171930063516, 0.000694660935551, 0.00117978383787, 0.000428914849181, 0.000277538463706, 0.00013385299826, 0.000185729557415, 7.12021210347e-005, 7.16878494131e-005, 0.000130742264446, 3.67802313122e-005, 5.58546817047e-005, 3.40219594364e-005, 2.06739132409e-005, 1.61789121194e-005, 1.94710573851e-005, 1.6958820197e-005, 1.54538684001e-005, 1.28588389998e-005, 1.14300319183e-005, 1.40905431181e-005, 9.39237270359e-006, 1.11622621262e-005, 9.63917864283e-006, 8.834320397e-006, 4.31429180026e-006, 5.30424949829e-006, 5.33856837137e-006, 4.56944098914e-006, 3.53807718056e-006, 2.76295509138e-006, 2.89686749966e-006, 2.0233712803e-006, 1.10676876375e-006, 7.44391570606e-007, 4.17693541976e-007, 3.8397107005e-007, 2.84097239955e-007],
        "var": [5.74605401198e-005, 0.000143321318319, 5.24955576111e-005, 4.75236493003e-006, 1.97088456844e-006, 3.35163434784e-007, 1.38260858762e-007, 3.02887954717e-008, 5.07227753133e-008, 1.22485124265e-008, 6.77915235059e-009, 2.93289090791e-008, 2.45313747094e-009, 3.9232865845e-009, 1.32372834916e-009, 6.34141350542e-010, 4.13541700883e-010, 7.23966109284e-010, 5.26793331179e-010, 5.07881292577e-010, 3.94962118566e-010, 5.22276444315e-010, 6.19569229254e-010, 4.10095180037e-010, 9.9095998074e-010, 8.41702652021e-010, 1.36035571696e-009, 4.41450292987e-010, 1.34917166328e-009, 1.28023958101e-009, 1.11227571598e-009, 6.72011168934e-010, 3.8310865591e-010, 4.82032413984e-010, 2.30114913236e-010, 6.38019428956e-011, 3.0917608751e-011, 1.11365352704e-011, 9.05486970126e-012, 4.76724909548e-012]
    },
    "mfcc": {
        "mean": [-754.16015625, 182.329071045, -24.7425289154, 39.8593521118, 1.46322703362, 0.980629324913, 4.61903429031, 0.118919581175, 0.682220637798, -2.45139217377, -1.75484311581, -1.78860402107, 1.5805606842],
        "cov": [[19398.515625, 5352.29443359, -4305.66259766, 390.067321777, -1127.64245605, -878.273254395, -584.288635254, -771.777954102, -675.599487305, -708.521972656, -496.427856445, -438.535919189, -250.067886353], [5352.29443359, 5227.44726563, -2235.25219727, -181.138015747, -225.253295898, -545.787231445, 40.5670394897, -251.923110962, -79.718963623, -242.714202881, -53.2589416504, -16.7042217255, 56.9100646973], [-4305.66259766, -2235.25219727, 2447.61108398, -55.7937812805, 387.388519287, 603.046325684, 155.984298706, 394.790130615, 258.657745361, 332.484039307, 154.934371948, 178.576690674, 110.267883301], [390.067321777, -181.138015747, -55.7937812805, 426.016571045, 23.4153194427, -0.312857955694, 44.9951820374, 8.31428909302, 2.0356926918, 10.8240118027, 14.6155376434, -27.3746337891, -37.0093917847], [-1127.64245605, -225.253295898, 387.388519287, 23.4153194427, 204.918746948, 108.325050354, 75.9062957764, 84.9844741821, 76.0228881836, 77.8145751953, 43.1649017334, 45.643661499, 34.4536399841], [-878.273254395, -545.787231445, 603.046325684, -0.312857955694, 108.325050354, 249.524429321, 54.8659744263, 121.881393433, 81.2104034424, 104.646636963, 56.0095787048, 50.1750259399, 39.9015388489], [-584.288635254, 40.5670394897, 155.984298706, 44.9951820374, 75.9062957764, 54.8659744263, 125.219940186, 73.2220077515, 60.8324432373, 48.4251594543, 44.7282066345, 37.9742431641, 23.7148017883], [-771.777954102, -251.923110962, 394.790130615, 8.31428909302, 84.9844741821, 121.881393433, 73.2220077515, 138.551895142, 85.853767395, 78.7521057129, 53.7207641602, 47.6386604309, 31.1315898895], [-675.599487305, -79.718963623, 258.657745361, 2.0356926918, 76.0228881836, 81.2104034424, 60.8324432373, 85.853767395, 108.879882813, 73.8025436401, 44.7589149475, 45.0015983582, 30.4936122894], [-708.521972656, -242.714202881, 332.484039307, 10.8240118027, 77.8145751953, 104.646636963, 48.4251594543, 78.7521057129, 73.8025436401, 112.189224243, 53.8309135437, 39.5407981873, 34.8522377014], [-496.427856445, -53.2589416504, 154.934371948, 14.6155376434, 43.1649017334, 56.0095787048, 44.7282066345, 53.7207641602, 44.7589149475, 53.8309135437, 77.1962280273, 42.0957450867, 20.7109680176], [-438.535919189, -16.7042217255, 178.576690674, -27.3746337891, 45.643661499, 50.1750259399, 37.9742431641, 47.6386604309, 45.0015983582, 39.5407981873, 42.0957450867, 72.9667739868, 37.5985336304], [-250.067886353, 56.9100646973, 110.267883301, -37.0093917847, 34.4536399841, 39.9015388489, 23.7148017883, 31.1315898895, 30.4936122894, 34.8522377014, 20.7109680176, 37.5985336304, 67.9861907959]],
        "icov": [[0.000168461920111, -0.000173759326572, 0.000122337092762, -0.00030242028879, 0.000488032121211, -0.000503437593579, 0.000499097572174, -0.000250492943451, 0.000436224567238, -0.000144229765283, 0.000629073707387, -0.000124723126646, 0.000146417572978], [-0.000173759326572, 0.000601267267484, 0.000332750467351, 0.000532884092536, -0.00060475571081, 0.000687312567607, -0.000967920583207, 0.000238460372202, -0.000887937436346, 0.000419344025431, -0.000741391209885, -0.000112684640044, -0.000789058976807], [0.000122337092762, 0.000332750467351, 0.00202515069395, 0.00020067873993, -0.000693645852152, -0.00219042412937, 0.000692043278832, -0.0021073629614, 0.000521723181009, -0.00135999219492, 0.00144036533311, -0.00169308669865, 0.000317464524414], [-0.00030242028879, 0.000532884092536, 0.00020067873993, 0.00345887476578, -0.00131722318474, 0.000805077026598, -0.00244343420491, 0.000441139069153, -0.000592633034103, -0.000323984771967, -0.00187456200365, 0.00144833757076, 0.00104629504494], [0.000488032121211, -0.00060475571081, -0.000693645852152, -0.00131722318474, 0.0101846642792, -0.00169828545768, -0.00153644487727, 0.000323441025103, -0.000571525422856, -0.00151528674178, 0.00239860266447, -0.00060492195189, -0.000430476065958], [-0.000503437593579, 0.000687312567607, -0.00219042412937, 0.000805077026598, -0.00169828545768, 0.0129658421502, -0.00122246949468, -0.00230709626339, -0.000948614790104, -0.00176942523103, -0.00315201608464, 0.00163926172536, -0.00231617502868], [0.000499097572174, -0.000967920583207, 0.000692043278832, -0.00244343420491, -0.00153644487727, -0.00122246949468, 0.0169779527932, -0.0065647829324, -0.000510902376845, -5.25068135175e-005, -0.000510626356117, -0.00212913728319, 0.000362538965419], [-0.000250492943451, 0.000238460372202, -0.0021073629614, 0.000441139069153, 0.000323441025103, -0.00230709626339, -0.0065647829324, 0.0244137551636, -0.00956709962338, 0.00108636578079, -0.00458843866363, 0.000989983440377, -0.000577640719712], [0.000436224567238, -0.000887937436346, 0.000521723181009, -0.000592633034103, -0.000571525422856, -0.000948614790104, -0.000510902376845, -0.00956709962338, 0.0257777906954, -0.00979661848396, 0.00335396919399, -0.00500632170588, 0.00179147929884], [-0.000144229765283, 0.000419344025431, -0.00135999219492, -0.000323984771967, -0.00151528674178, -0.00176942523103, -5.25068135175e-005, 0.00108636578079, -0.00979661848396, 0.0265316925943, -0.0101153422147, 0.0046149333939, -0.00620265770704], [0.000629073707387, -0.000741391209885, 0.00144036533311, -0.00187456200365, 0.00239860266447, -0.00315201608464, -0.000510626356117, -0.00458843866363, 0.00335396919399, -0.0101153422147, 0.0290048029274, -0.0120789995417, 0.00401682499796], [-0.000124723126646, -0.000112684640044, -0.00169308669865, 0.00144833757076, -0.00060492195189, 0.00163926172536, -0.00212913728319, 0.000989983440377, -0.00500632170588, 0.0046149333939, -0.0120789995417, 0.0302165970206, -0.010347513482], [0.000146417572978, -0.000789058976807, 0.000317464524414, 0.00104629504494, -0.000430476065958, -0.00231617502868, 0.000362538965419, -0.000577640719712, 0.00179147929884, -0.00620265770704, 0.00401682499796, -0.010347513482, 0.0245532058179]]
    },
    "spectral_contrast_coeffs": {
        "mean": [-0.633548796177, -0.74157845974, -0.782600581646, -0.787125945091, -0.776194274426, -0.717552542686],
        "var": [0.0108622116968, 0.00641369074583, 0.00428037717938, 0.00369770126417, 0.00455817300826, 0.0056813089177]
    },
    "spectral_contrast_valleys": {
        "mean": [-7.87635374069, -7.23569488525, -7.97753143311, -8.69378185272, -8.8898639679, -13.0170431137],
        "var": [4.34572696686, 5.04603815079, 4.86059570313, 4.59359359741, 3.87237381935, 2.62538480759]
    }
},
"metadata": {
    "audio_properties": {
        "analysis_sample_rate": 44100,
        "bit_rate": 102501,
        "equal_loudness": 0,
        "length": 45.0873451233,
        "lossless": 0,
        "replay_gain": -7.87335395813,
        "sample_rate": 44100,
        "codec": "mp3",
        "downmix": "mix",
        "md5_encoded": "c4985b3dbe056ff3d8d5dd1a45e93bb4"
    },
    "tags": {
        "file_name": "858.mp3"
    },
    "version": {
        "essentia": "2.1-beta2",
        "essentia_git_sha": "v2.1_beta2",
        "extractor": "music 1.0"
    }
},
"rhythm": {
    "beats_count": 78,
    "beats_loudness": {
        "mean": 0.0926510617137,
        "var": 0.0123822614551
    },
    "bpm": 107.12146759,
    "bpm_histogram_first_peak_bpm": {
        "mean": 108,
        "var": 0
    },
    "bpm_histogram_first_peak_spread": {
        "mean": 0.509090900421,
        "var": 0
    },
    "bpm_histogram_first_peak_weight": {
        "mean": 0.350649356842,
        "var": 0
    },
    "bpm_histogram_second_peak_bpm": {
        "mean": 96,
        "var": 0
    },
    "bpm_histogram_second_peak_spread": {
        "mean": 0.571428596973,
        "var": 0
    },
    "bpm_histogram_second_peak_weight": {
        "mean": 0.0779220759869,
        "var": 0
    },
    "danceability": 1.42903387547,
    "onset_rate": 1.68496620655,
    "beats_loudness_band_ratio": {
        "mean": [0.524327933788, 0.234366118908, 0.0987063422799, 0.0639797821641, 0.0441499352455, 0.0568219088018],
        "var": [0.091214440763, 0.0424557738006, 0.00712429732084, 0.00288083404303, 0.00254138791934, 0.0187938027084]
    },
    "beats_position": [0.510838985443, 1.03328800201, 1.55573689938, 2.08979582787, 2.6470746994, 3.19274377823, 3.73841261864, 4.29569149017, 4.85297060013, 5.41024923325, 5.9675283432, 6.52480697632, 7.07047605515, 7.63936471939, 8.19664382935, 8.75392246246, 9.31120204926, 9.86848068237, 10.4257593155, 10.9714279175, 11.5170974731, 12.0627660751, 12.6084346771, 13.1657142639, 13.722992897, 14.2918815613, 14.8607711792, 15.4180498123, 15.9637184143, 16.50938797, 17.0666656494, 17.600725174, 18.181224823, 18.7501125336, 19.3190021515, 19.8994998932, 20.4683895111, 21.037279129, 21.6061668396, 22.1750564575, 22.7439460754, 23.312833786, 23.8817234039, 24.4506111145, 25.0078907013, 25.6116104126, 26.2153282166, 26.830657959, 27.4459857941, 28.0613155365, 28.6882534027, 29.3151912689, 29.9305210114, 30.5574588776, 31.1843986511, 31.8113365173, 32.4382743835, 33.0419960022, 33.6457138062, 34.2262115479, 34.8067131042, 35.3872108459, 35.9677085876, 36.5365982056, 37.1054878235, 37.6627655029, 38.2200431824, 38.7773246765, 39.334602356, 39.8918800354, 40.4491615295, 41.006439209, 41.5637168884, 42.1209983826, 42.678276062, 43.2355537415, 43.8044433594, 44.3733329773]
},
"tonal": {
    "chords_changes_rate": 0.0452674888074,
    "chords_number_rate": 0.00823045242578,
    "chords_strength": {
        "mean": 0.539853096008,
        "var": 0.0114526124671
    },
    "hpcp_entropy": {
        "mean": 1.89345014095,
        "var": 0.767323732376
    },
    "key_strength": 0.776461958885,
    "tuning_diatonic_strength": 0.617468595505,
    "tuning_equal_tempered_deviation": 0.119328446686,
    "tuning_frequency": 443.060424805,
    "tuning_nontempered_energy_ratio": 0.725788593292,
    "hpcp": {
        "mean": [0.341025590897, 0.148799657822, 0.0397310592234, 0.0293004699051, 0.0265339780599, 0.0520572327077, 0.0707315206528, 0.0524189099669, 0.0343125574291, 0.0305365081877, 0.038398347795, 0.0654941946268, 0.0798880979419, 0.113093405962, 0.438256323338, 0.643270254135, 0.332760334015, 0.0843671038747, 0.0527432374656, 0.045128595084, 0.0864715501666, 0.116723611951, 0.125404119492, 0.127134501934, 0.0678578615189, 0.0439276956022, 0.125486075878, 0.154959276319, 0.0954721421003, 0.105970837176, 0.114046700299, 0.0625952333212, 0.0420462600887, 0.0384582951665, 0.0762068405747, 0.27313670516],
        "var": [0.113399036229, 0.0240671541542, 0.00768139585853, 0.00524859782308, 0.00341141526587, 0.00940549746156, 0.0166360307485, 0.00817439705133, 0.00673216255382, 0.01220391877, 0.0148014128208, 0.0220606233925, 0.0282427463681, 0.0295458007604, 0.098910652101, 0.162472486496, 0.0685440972447, 0.0378659106791, 0.027934383601, 0.017172113061, 0.0279888361692, 0.0511304177344, 0.0387865751982, 0.0716211944818, 0.0231423508376, 0.00978361163288, 0.0384769141674, 0.0563524141908, 0.0201124623418, 0.0384408533573, 0.0460760816932, 0.0185829773545, 0.0139190098271, 0.0120690735057, 0.0144787412137, 0.0857374668121]
    },
    "chords_histogram": [41.872428894, 0.205761313438, 5.04115247726, 1.33744859695, 0, 0, 0, 0, 0, 0.411522626877, 0, 0, 0, 0, 0, 2.88065838814, 10.5967073441, 24.5884780884, 0, 2.05761313438, 0.308641970158, 0, 10.6995887756, 0],
    "thpcp": [1, 0.517294764519, 0.131153434515, 0.0819923430681, 0.0701549574733, 0.134424909949, 0.181453451514, 0.19494779408, 0.197637781501, 0.105488881469, 0.0682880878448, 0.195075199008, 0.240892961621, 0.148416846991, 0.164737656713, 0.177292048931, 0.097307831049, 0.0653632879257, 0.0597855970263, 0.118467845023, 0.424606472254, 0.530143558979, 0.231317490339, 0.0617641806602, 0.045549236238, 0.0412485711277, 0.080925911665, 0.109956152737, 0.0814881622791, 0.0533408112824, 0.0474707297981, 0.0596924051642, 0.101814433932, 0.124190568924, 0.175810098648, 0.681294262409],
    "chords_key": "D",
    "chords_scale": "major",
    "key_key": "D",
    "key_scale": "major"
}
}