{
"lowlevel": {
    "average_loudness": 0.963029742241,
    "barkbands_crest": {
        "mean": 16.7640895844,
        "var": 24.4006729126
    },
    "barkbands_flatness_db": {
        "mean": 0.276028841734,
        "var": 0.00670136185363
    },
    "barkbands_kurtosis": {
        "mean": 28.9936256409,
        "var": 1412.22924805
    },
    "barkbands_skewness": {
        "mean": 2.53419566154,
        "var": 6.17003536224
    },
    "barkbands_spread": {
        "mean": 7.8709936142,
        "var": 236.055587769
    },
    "dissonance": {
        "mean": 0.368690937757,
        "var": 0.00563590228558
    },
    "dynamic_complexity": 2.07042121887,
    "erbbands_crest": {
        "mean": 18.2944278717,
        "var": 38.0450019836
    },
    "erbbands_flatness_db": {
        "mean": 0.268145263195,
        "var": 0.00675275502726
    },
    "erbbands_kurtosis": {
        "mean": 19.280544281,
        "var": 347.471984863
    },
    "erbbands_skewness": {
        "mean": 2.91243743896,
        "var": 2.61451172829
    },
    "erbbands_spread": {
        "mean": 16.2909049988,
        "var": 652.593566895
    },
    "hfc": {
        "mean": 15.8030061722,
        "var": 280.595214844
    },
    "melbands_crest": {
        "mean": 18.566236496,
        "var": 33.6786613464
    },
    "melbands_flatness_db": {
        "mean": 0.366963863373,
        "var": 0.00896929297596
    },
    "melbands_kurtosis": {
        "mean": 30.5779857635,
        "var": 1994.27197266
    },
    "melbands_skewness": {
        "mean": 2.22452783585,
        "var": 6.82416534424
    },
    "melbands_spread": {
        "mean": 5.30390644073,
        "var": 85.1257705688
    },
    "pitch_salience": {
        "mean": 0.492914140224,
        "var": 0.0160566568375
    },
    "silence_rate_20dB": {
        "mean": 1,
        "var": 0
    },
    "silence_rate_30dB": {
        "mean": 1,
        "var": 0
    },
    "silence_rate_60dB": {
        "mean": 0.00308800814673,
        "var": 0.00307847349904
    },
    "spectral_centroid": {
        "mean": 487.470214844,
        "var": 200087.046875
    },
    "spectral_complexity": {
        "mean": 8.3870306015,
        "var": 12.7292222977
    },
    "spectral_decrease": {
        "mean": -7.23283788417e-009,
        "var": 1.45633732975e-017
    },
    "spectral_energy": {
        "mean": 0.0287318155169,
        "var": 0.000222349903197
    },
    "spectral_energyband_high": {
        "mean": 0.000473713531392,
        "var": 2.07448488254e-006
    },
    "spectral_energyband_low": {
        "mean": 0.00196411926299,
        "var": 6.0384313656e-006
    },
    "spectral_energyband_middle_high": {
        "mean": 0.00055138382595,
        "var": 6.52613664442e-007
    },
    "spectral_energyband_middle_low": {
        "mean": 0.0261066313833,
        "var": 0.000228940523812
    },
    "spectral_entropy": {
        "mean": 6.05204582214,
        "var": 0.919459700584
    },
    "spectral_flux": {
        "mean": 0.04964864254,
        "var": 0.00103858869988
    },
    "spectral_kurtosis": {
        "mean": 27.5768756866,
        "var": 517.541870117
    },
    "spectral_rms": {
        "mean": 0.00510941259563,
        "var": 1.92504626284e-006
    },
    "spectral_rolloff": {
        "mean": 859.720336914,
        "var": 4096638
    },
    "spectral_skewness": {
        "mean": 3.95099782944,
        "var": 3.4280602932
    },
    "spectral_spread": {
        "mean": 3947579.75,
        "var": 1.16429768622e+013
    },
    "spectral_strongpeak": {
        "mean": 1.68968105316,
        "var": 0.962067782879
    },
    "zerocrossingrate": {
        "mean": 0.0367841906846,
        "var": 0.00215096352622
    },
    "barkbands": {
        "mean": [8.81237156136e-006, 0.00073335878551, 0.000864557805471, 0.000581267115194, 0.00278965383768, 0.013285859488, 0.0085103996098, 0.000553335412405, 0.000370215595467, 0.000101963050838, 0.000156715934281, 3.41601371474e-005, 8.44260284794e-005, 1.97015760932e-005, 3.98648880946e-005, 2.72930756182e-005, 3.76143034373e-005, 2.81398115476e-005, 2.12283848668e-005, 2.1420784833e-005, 3.02486223518e-005, 3.41310078511e-005, 4.70363702334e-005, 6.14500240772e-005, 0.000108040803752, 0.000158792667207, 2.21235204663e-005],
        "var": [2.2959859014e-010, 1.0347469015e-006, 2.73793671113e-006, 6.86951239004e-007, 1.25321103042e-005, 0.000193758911337, 0.000139036710607, 1.95897382582e-006, 1.02691053883e-007, 2.58277648157e-008, 4.66058587278e-008, 2.47062925673e-009, 3.4957640338e-008, 2.24810192684e-009, 1.82249895175e-008, 4.97066521277e-009, 2.85662355992e-008, 1.85360509164e-008, 4.11343581419e-009, 5.98510219163e-009, 1.0708088638e-008, 1.2684789219e-008, 2.42239206472e-008, 4.02456876714e-008, 1.34769507554e-007, 2.92257709589e-007, 1.3457722936e-008]
    },
    "erbbands": {
        "mean": [0.0119661688805, 0.200666636229, 0.837696075439, 1.79574465752, 2.82140159607, 12.6182985306, 38.822593689, 139.470947266, 114.277053833, 96.6039047241, 10.6307640076, 7.18076992035, 5.53313493729, 5.73615407944, 3.5350716114, 1.35027635098, 3.34755015373, 2.19352722168, 1.33872544765, 1.84148514271, 1.8281891346, 2.01104950905, 1.72619819641, 1.10976243019, 1.08104932308, 0.965220928192, 1.19790232182, 1.16322016716, 1.25640141964, 1.26602947712, 1.34564244747, 1.11986625195, 1.1515583992, 1.1190956831, 0.829130530357, 0.580432593822, 0.331646502018, 0.0667448416352, 0.00215611630119, 7.95006126282e-005],
        "var": [0.000261120556388, 0.0789495781064, 2.01900577545, 7.48325490952, 18.3202991486, 241.947906494, 2040.41687012, 25967.359375, 21601.3632813, 25110.1640625, 178.761932373, 42.2944602966, 29.1888561249, 54.9441375732, 27.9422397614, 4.01587581635, 41.6219177246, 21.3463382721, 16.2001209259, 26.9186592102, 31.8794746399, 79.2827682495, 74.1477737427, 14.7652320862, 11.8178577423, 12.1146373749, 18.7600078583, 15.2796201706, 17.0662746429, 14.9067106247, 20.8349971771, 13.3578100204, 14.5133895874, 14.2284698486, 8.47472190857, 3.98887014389, 1.34563565254, 0.0704398676753, 0.000111868714157, 3.7669749986e-008]
    },
    "gfcc": {
        "mean": [-82.0615997314, 125.144233704, -60.3869895935, -6.97999286652, -79.0903091431, -16.4729709625, -47.3400268555, 0.00901912804693, -21.7481651306, 10.6389665604, -3.98559355736, 4.14672708511, -8.82635688782],
        "cov": [[5446.96240234, -2782.28491211, -289.303283691, 458.028564453, -302.064910889, 243.991836548, -506.654418945, 271.297332764, -54.4660835266, 243.146728516, -414.954437256, 472.636322021, -239.915817261], [-2782.28491211, 3176.26586914, -167.545349121, -368.947662354, 332.730651855, -144.207458496, 407.132598877, -258.063934326, 138.192962646, -205.534881592, 397.124206543, -469.816986084, 190.110931396], [-289.303283691, -167.545349121, 722.738098145, 111.353500366, -73.4143371582, 10.9191579819, 98.5561752319, 29.7801036835, -131.562759399, 12.5135765076, -56.067276001, -33.4681091309, 5.51740932465], [458.028564453, -368.947662354, 111.353500366, 393.678192139, 108.899238586, 87.161277771, -54.6666908264, 86.656578064, 20.5449104309, -31.2165699005, -130.891708374, 48.5141601563, -38.1498069763], [-302.064910889, 332.730651855, -73.4143371582, 108.899238586, 264.315795898, 53.7659072876, 10.7039651871, -10.804813385, 78.5035552979, -49.6889801025, -28.11419487, -50.3833351135, 0.242873981595], [243.991836548, -144.207458496, 10.9191579819, 87.161277771, 53.7659072876, 139.657989502, 20.9766368866, 31.8415374756, 8.38006877899, 34.6054801941, -34.5587501526, 11.0238800049, -49.0166549683], [-506.654418945, 407.132598877, 98.5561752319, -54.6666908264, 10.7039651871, 20.9766368866, 156.983520508, -2.52880001068, 4.33947181702, -0.191417708993, 82.8868713379, -70.49634552, 13.1994247437], [271.297332764, -258.063934326, 29.7801036835, 86.656578064, -10.804813385, 31.8415374756, -2.52880001068, 93.4909896851, 18.233543396, 21.6941566467, -34.1851654053, 50.0864067078, -15.3822727203], [-54.4660835266, 138.192962646, -131.562759399, 20.5449104309, 78.5035552979, 8.38006877899, 4.33947181702, 18.233543396, 95.4485473633, 5.17761135101, 16.0977268219, 5.45492362976, 13.4333200455], [243.146728516, -205.534881592, 12.5135765076, -31.2165699005, -49.6889801025, 34.6054801941, -0.191417708993, 21.6941566467, 5.17761135101, 86.8014831543, 24.4977722168, 33.6387138367, -21.7603626251], [-414.954437256, 397.124206543, -56.067276001, -130.891708374, -28.11419487, -34.5587501526, 82.8868713379, -34.1851654053, 16.0977268219, 24.4977722168, 156.594772339, -44.1900482178, 38.1154785156], [472.636322021, -469.816986084, -33.4681091309, 48.5141601563, -50.3833351135, 11.0238800049, -70.49634552, 50.0864067078, 5.45492362976, 33.6387138367, -44.1900482178, 132.696960449, 0.00783836096525], [-239.915817261, 190.110931396, 5.51740932465, -38.1498069763, 0.242873981595, -49.0166549683, 13.1994247437, -15.3822727203, 13.4333200455, -21.7603626251, 38.1154785156, 0.00783836096525, 103.413291931]],
        "icov": [[0.000533822341822, -0.000115393559099, 0.000414826325141, -0.000465629680548, 0.000654526113067, -0.000455305882497, 0.000914905627724, -0.000535147904884, 0.000638563476969, -0.00137539033312, 0.000868650211487, -0.000448988837888, 0.000150468811626], [-0.000115393559099, 0.00227478193119, -8.88389695319e-005, 0.000662245496642, -0.00124741171021, 0.000306219852064, -0.00250957347453, 0.00207429938018, -0.00267145363614, 0.00381535524502, -0.00289431889541, 0.00376400980167, -0.00120726157911], [0.000414826325141, -8.88389695319e-005, 0.00423322943971, -0.00244796439074, -0.00032788712997, 0.00287917233072, -0.00461233779788, -0.000350674265064, 0.00685617607087, -0.00654199998826, 0.00468392763287, 0.000425438309321, -0.00209480873309], [-0.000465629680548, 0.000662245496642, -0.00244796439074, 0.00695438124239, -0.00199871114455, -0.00345734786242, 0.0027485860046, -0.00349414208904, -0.00380841712467, 0.00758668640628, -0.00210396200418, 0.000683263642713, 0.000760345195886], [0.000654526113067, -0.00124741171021, -0.00032788712997, -0.00199871114455, 0.0109192831442, -0.00567677430809, 0.00406165234745, 0.00147194229066, -0.00745268678293, 0.00239384081215, 0.00239222683012, 0.000616116740275, 0.000666043313686], [-0.000455305882497, 0.000306219852064, 0.00287917233072, -0.00345734786242, -0.00567677430809, 0.0184765011072, -0.0112239215523, 0.00161462789401, 0.00668674474582, -0.0120857357979, 0.00607544742525, -0.000754562788643, 0.00174454925582], [0.000914905627724, -0.00250957347453, -0.00461233779788, 0.0027485860046, 0.00406165234745, -0.0112239215523, 0.0260102264583, -0.00978038553149, -0.00372467562556, 0.00529290596023, -0.00890742707998, 0.00151715264656, 0.00277239945717], [-0.000535147904884, 0.00207429938018, -0.000350674265064, -0.00349414208904, 0.00147194229066, 0.00161462789401, -0.00978038553149, 0.0242641717196, -0.0086879786104, 0.000545470335055, 0.00137614505365, -0.00281332246959, 3.05950088659e-005], [0.000638563476969, -0.00267145363614, 0.00685617607087, -0.00380841712467, -0.00745268678293, 0.00668674474582, -0.00372467562556, -0.0086879786104, 0.0329873301089, -0.01798087731, 0.00676233600825, -0.00524158589542, -0.00356877129525], [-0.00137539033312, 0.00381535524502, -0.00654199998826, 0.00758668640628, 0.00239384081215, -0.0120857357979, 0.00529290596023, 0.000545470335055, -0.01798087731, 0.0408212244511, -0.0191964656115, 0.002500442788, 0.00461488869041], [0.000868650211487, -0.00289431889541, 0.00468392763287, -0.00210396200418, 0.00239222683012, 0.00607544742525, -0.00890742707998, 0.00137614505365, 0.00676233600825, -0.0191964656115, 0.0249743051827, -0.00333342398517, -0.00359673495404], [-0.000448988837888, 0.00376400980167, 0.000425438309321, 0.000683263642713, 0.000616116740275, -0.000754562788643, 0.00151715264656, -0.00281332246959, -0.00524158589542, 0.002500442788, -0.00333342398517, 0.0229556411505, -0.0062692030333], [0.000150468811626, -0.00120726157911, -0.00209480873309, 0.000760345195886, 0.000666043313686, 0.00174454925582, 0.00277239945717, 3.05950088659e-005, -0.00356877129525, 0.00461488869041, -0.00359673495404, -0.0062692030333, 0.0158674735576]]
    },
    "melbands": {
        "mean": [0.000157965681865, 0.000398551550461, 0.000309739960358, 0.000506380863953, 0.00116858677939, 0.00292959832586, 0.00184436002746, 0.000840336026158, 5.09792880621e-005, 4.7578028898e-005, 2.71325789072e-005, 2.24363757297e-005, 1.62276628544e-005, 3.93100663132e-006, 3.63208096132e-006, 1.01728137452e-005, 2.91105016004e-006, 1.54198812652e-006, 3.41157829098e-006, 1.67177620369e-006, 2.31765466197e-006, 2.08413757719e-006, 2.00421641239e-006, 1.17627507734e-006, 8.58587327457e-007, 8.02489125817e-007, 7.31237832952e-007, 6.14945918187e-007, 7.88159127296e-007, 6.3637975245e-007, 6.81457379414e-007, 6.67923814035e-007, 7.22286870314e-007, 7.13171289135e-007, 7.89146440638e-007, 7.28561815322e-007, 6.75560670516e-007, 7.67101880683e-007, 8.56085307532e-007, 9.88484089248e-007],
        "var": [4.41280114671e-008, 3.44877150837e-007, 1.83946426091e-007, 4.64385379928e-007, 1.57988756655e-006, 1.03067986856e-005, 4.84401425638e-006, 2.08896858567e-006, 3.6007312687e-009, 2.01217242868e-009, 8.08128841623e-010, 8.48981662749e-010, 6.28398444391e-010, 2.85923350968e-011, 5.10027645118e-011, 4.64975558057e-010, 4.56877140287e-011, 1.76553528741e-011, 1.46458192796e-010, 1.47364516423e-011, 6.46187617304e-011, 8.11092165653e-011, 1.12537590358e-010, 3.02304223321e-011, 8.4702670225e-012, 6.16451724736e-012, 7.22709262227e-012, 4.85969988209e-012, 8.84960681125e-012, 4.57133679868e-012, 5.36818636418e-012, 5.06930001448e-012, 5.54279235357e-012, 5.02106689559e-012, 7.77825807236e-012, 6.52310020235e-012, 4.93056030032e-012, 6.47789374225e-012, 8.77189119952e-012, 1.12723762616e-011]
    },
    "mfcc": {
        "mean": [-752.21875, 176.414535522, 47.3768730164, 13.3331813812, -11.4527263641, -17.2678833008, -15.9448108673, -15.1290388107, -17.1101303101, 0.725538134575, -10.4358510971, 3.03503131866, 5.77175426483],
        "cov": [[4432.98828125, -2839.75097656, -302.882019043, -73.3339996338, 289.860900879, 25.900680542, -363.763458252, 86.7300643921, 251.108612061, -418.486602783, 374.403961182, -69.5496368408, 55.5089645386], [-2839.75097656, 2887.30932617, -163.919387817, -9.32946300507, -155.928329468, 63.363948822, 230.857147217, -52.3056297302, -205.362869263, 406.104858398, -283.191253662, 82.6590957642, 0.0493236519396], [-302.882019043, -163.919387817, 662.117675781, 122.442939758, -102.003601074, -7.86254405975, 154.840423584, -23.3142814636, 19.7483863831, 8.52530574799, -36.3993873596, -0.857108294964, -43.8175201416], [-73.3339996338, -9.32946300507, 122.442939758, 231.933105469, 121.895599365, 35.5743408203, 19.4462242126, 66.4164428711, 43.312286377, 32.1707420349, 12.6518316269, -33.4106483459, -30.5442466736], [289.860900879, -155.928329468, -102.003601074, 121.895599365, 252.500366211, 90.4514541626, -47.2759094238, 56.0793266296, 73.7615966797, -2.35336780548, 60.1530952454, -53.738735199, -14.9099607468], [25.900680542, 63.363948822, -7.86254405975, 35.5743408203, 90.4514541626, 126.617134094, 37.3185844421, 20.1297302246, 29.1546077728, 21.8414440155, 34.4301300049, -5.41044282913, 0.0543436929584], [-363.763458252, 230.857147217, 154.840423584, 19.4462242126, -47.2759094238, 37.3185844421, 136.859786987, 4.79788780212, -17.0476703644, 46.7575073242, -27.0824241638, 40.3930015564, -2.64857888222], [86.7300643921, -52.3056297302, -23.3142814636, 66.4164428711, 56.0793266296, 20.1297302246, 4.79788780212, 88.6795501709, 44.1361160278, -5.55368041992, 33.9274864197, -0.901699721813, -3.57836270332], [251.108612061, -205.362869263, 19.7483863831, 43.312286377, 73.7615966797, 29.1546077728, -17.0476703644, 44.1361160278, 96.374206543, -4.74963760376, 40.533870697, -31.2480545044, -10.1219177246], [-418.486602783, 406.104858398, 8.52530574799, 32.1707420349, -2.35336780548, 21.8414440155, 46.7575073242, -5.55368041992, -4.74963760376, 130.628860474, -27.1642990112, 5.45841693878, 0.884709477425], [374.403961182, -283.191253662, -36.3993873596, 12.6518316269, 60.1530952454, 34.4301300049, -27.0824241638, 33.9274864197, 40.533870697, -27.1642990112, 125.449569702, 17.7323036194, 6.93052530289], [-69.5496368408, 82.6590957642, -0.857108294964, -33.4106483459, -53.738735199, -5.41044282913, 40.3930015564, -0.901699721813, -31.2480545044, 5.45841693878, 17.7323036194, 99.667755127, 29.0370197296], [55.5089645386, 0.0493236519396, -43.8175201416, -30.5442466736, -14.9099607468, 0.0543436929584, -2.64857888222, -3.57836270332, -10.1219177246, 0.884709477425, 6.93052530289, 29.0370197296, 56.4986839294]],
        "icov": [[0.000852380238939, 0.00075755250873, 0.000393566122511, 7.64750511735e-005, 8.63631576067e-005, -0.00069016427733, 0.000674419803545, 5.42296038475e-005, -0.00054235936841, 0.000168807993759, -0.000172781932633, -0.000314806384267, -0.000349852693034], [0.00075755250873, 0.00183786801063, 0.000873017648701, 0.000116923183668, 0.000424395839218, -0.00159603252541, 0.000224441770115, -0.000867863185704, 0.00122356903739, -0.00277788122185, 0.00173862243537, -0.000837375526316, 0.000543276022654], [0.000393566122511, 0.000873017648701, 0.00473188888282, -0.00422284658998, 0.00319381803274, 0.000179151989869, -0.00538488384336, 0.0046117096208, -0.00328242289834, 0.00122054701205, -0.000235150189837, 0.000820570276119, 0.000881703104824], [7.64750511735e-005, 0.000116923183668, -0.00422284658998, 0.0124822873622, -0.00718568917364, 0.00126180495135, 0.00282067619264, -0.00935654621571, 0.00466017238796, -0.004245525226, 0.00126393430401, 2.23436964006e-005, 0.00177485111635], [8.63631576067e-005, 0.000424395839218, 0.00319381803274, -0.00718568917364, 0.0132367499173, -0.00716448482126, 0.00172783259768, 0.0021141928155, -0.00419322727248, 0.000981246121228, -0.000978737720288, 0.00204715668224, 0.000523330643773], [-0.00069016427733, -0.00159603252541, 0.000179151989869, 0.00126180495135, -0.00716448482126, 0.0177964940667, -0.00980493426323, 0.00297163869254, -0.00208638329059, 0.00166608393192, -0.00528653059155, 0.00316463201307, -0.00205651158467], [0.000674419803545, 0.000224441770115, -0.00538488384336, 0.00282067619264, 0.00172783259768, -0.00980493426323, 0.0232096742839, -0.00791174639016, 0.00338216428645, -0.00444908579811, 0.00462403846905, -0.00798113271594, 0.0019484256627], [5.42296038475e-005, -0.000867863185704, 0.0046117096208, -0.00935654621571, 0.0021141928155, 0.00297163869254, -0.00791174639016, 0.0257207527757, -0.0125034051016, 0.00696632219478, -0.00461603561416, -0.00075396313332, -0.00111640233081], [-0.00054235936841, 0.00122356903739, -0.00328242289834, 0.00466017238796, -0.00419322727248, -0.00208638329059, 0.00338216428645, -0.0125034051016, 0.0244229920208, -0.00733137317002, -0.000468128913781, 0.00406792853028, 0.00122455123346], [0.000168807993759, -0.00277788122185, 0.00122054701205, -0.004245525226, 0.000981246121228, 0.00166608393192, -0.00444908579811, 0.00696632219478, -0.00733137317002, 0.018383840099, -0.00348621723242, 0.00170435430482, -0.00307165132836], [-0.000172781932633, 0.00173862243537, -0.000235150189837, 0.00126393430401, -0.000978737720288, -0.00528653059155, 0.00462403846905, -0.00461603561416, -0.000468128913781, -0.00348621723242, 0.0167114883661, -0.00740206148475, 0.00206538243219], [-0.000314806384267, -0.000837375526316, 0.000820570276119, 2.23436964006e-005, 0.00204715668224, 0.00316463201307, -0.00798113271594, -0.00075396313332, 0.00406792853028, 0.00170435430482, -0.00740206148475, 0.019691478461, -0.00743638863787], [-0.000349852693034, 0.000543276022654, 0.000881703104824, 0.00177485111635, 0.000523330643773, -0.00205651158467, 0.0019484256627, -0.00111640233081, 0.00122455123346, -0.00307165132836, 0.00206538243219, -0.00743638863787, 0.0236828103662]]
    },
    "spectral_contrast_coeffs": {
        "mean": [-0.595745623112, -0.5534273386, -0.738903939724, -0.809614598751, -0.821627378464, -0.797729372978],
        "var": [0.0054327994585, 0.00908468198031, 0.00425502145663, 0.00280833966099, 0.00101153959986, 0.000945423787925]
    },
    "spectral_contrast_valleys": {
        "mean": [-7.96162891388, -6.87783479691, -8.34883785248, -9.11343765259, -9.28258800507, -11.6825294495],
        "var": [0.901235580444, 0.877617180347, 0.873414039612, 1.21976280212, 1.43837285042, 2.39915084839]
    }
},
"metadata": {
    "audio_properties": {
        "analysis_sample_rate": 44100,
        "bit_rate": 113643,
        "equal_loudness": 0,
        "length": 45.0873451233,
        "lossless": 0,
        "replay_gain": -13.8397426605,
        "sample_rate": 44100,
        "codec": "mp3",
        "downmix": "mix",
        "md5_encoded": "6a9c370d95b2cd837fdcaa6a1e987152"
    },
    "tags": {
        "file_name": "859.mp3"
    },
    "version": {
        "essentia": "2.1-beta2",
        "essentia_git_sha": "v2.1_beta2",
        "extractor": "music 1.0"
    }
},
"rhythm": {
    "beats_count": 82,
    "beats_loudness": {
        "mean": 0.0318630486727,
        "var": 0.000246601703111
    },
    "bpm": 109.972755432,
    "bpm_histogram_first_peak_bpm": {
        "mean": 110,
        "var": 0
    },
    "bpm_histogram_first_peak_spread": {
        "mean": 0.320987641811,
        "var": 0
    },
    "bpm_histogram_first_peak_weight": {
        "mean": 0.679012358189,
        "var": 0
    },
    "bpm_histogram_second_peak_bpm": {
        "mean": 0,
        "var": 0
    },
    "bpm_histogram_second_peak_spread": {
        "mean": 0,
        "var": 0
    },
    "bpm_histogram_second_peak_weight": {
        "mean": 0,
        "var": 0
    },
    "danceability": 1.28157961369,
    "onset_rate": 5.03272819519,
    "beats_loudness_band_ratio": {
        "mean": [0.0775667726994, 0.573950767517, 0.312514275312, 0.010980383493, 0.00427549565211, 0.07025975734],
        "var": [0.00758070545271, 0.0739613473415, 0.0878890380263, 0.00023829791462, 9.00365848793e-005, 0.0187990646809]
    },
    "beats_position": [0.545668900013, 1.09133780003, 1.63700675964, 2.18267560005, 2.73995471001, 3.28562355042, 3.8196823597, 4.3653512001, 4.91102027893, 5.45668935776, 6.00235795975, 6.54802703857, 7.10530614853, 7.63936471939, 8.17342376709, 8.71909236908, 9.26476192474, 9.81043052673, 10.3560991287, 10.9133787155, 11.4706573486, 12.0047159195, 12.538775444, 13.084444046, 13.6301136017, 14.1757822037, 14.7214508057, 15.2671203613, 15.8243989944, 16.3584575653, 16.904127121, 17.4497947693, 17.995464325, 18.5527439117, 19.0984115601, 19.6440811157, 20.2013607025, 20.7354183197, 21.2810878754, 21.826757431, 22.3724250793, 22.918094635, 23.4637641907, 24.009431839, 24.5667114258, 25.1007709503, 25.6348285675, 26.1804981232, 26.7261676788, 27.2834453583, 27.8291149139, 28.3747844696, 28.932062149, 29.4661216736, 30.0117912292, 30.5574588776, 31.1031284332, 31.6487979889, 32.1944656372, 32.7401351929, 33.2974128723, 33.8314743042, 34.3655319214, 34.9112014771, 35.4568710327, 36.0025405884, 36.5482063293, 37.093875885, 37.6511573792, 38.1968231201, 38.730884552, 39.2765541077, 39.8222198486, 40.3678894043, 40.91355896, 41.4592285156, 42.0048980713, 42.550567627, 43.0962333679, 43.6419029236, 44.1875724792, 44.7448501587]
},
"tonal": {
    "chords_changes_rate": 0.0174897126853,
    "chords_number_rate": 0.00514403311536,
    "chords_strength": {
        "mean": 0.554323136806,
        "var": 0.00901191029698
    },
    "hpcp_entropy": {
        "mean": 0.983745455742,
        "var": 0.527621924877
    },
    "key_strength": 0.751566290855,
    "tuning_diatonic_strength": 0.479685366154,
    "tuning_equal_tempered_deviation": 0.00492216879502,
    "tuning_frequency": 441.017791748,
    "tuning_nontempered_energy_ratio": 0.592096149921,
    "hpcp": {
        "mean": [0.00633987365291, 0.0235661733896, 0.235458403826, 0.369233757257, 0.165248811245, 0.0766457617283, 0.141738548875, 0.0829290375113, 0.00855090096593, 0.00534207094461, 0.00961369089782, 0.0737511068583, 0.128113940358, 0.0667419955134, 0.00808644108474, 0.00616968609393, 0.010639780201, 0.133218362927, 0.250849574804, 0.128939732909, 0.00642463751137, 0.00422336300835, 0.00862913951278, 0.0799603387713, 0.205796673894, 0.17180454731, 0.213811591268, 0.332731306553, 0.169091954827, 0.0132130682468, 0.00426103826612, 0.00489671248943, 0.0633267983794, 0.14856788516, 0.096948929131, 0.0109962197021],
        "var": [0.000976533454377, 0.00488975411281, 0.0704569146037, 0.159057602286, 0.0344306081533, 0.0236006136984, 0.0869140028954, 0.030020872131, 0.000797887390945, 0.000748975609895, 0.00224843923934, 0.0270583219826, 0.0728274732828, 0.0204657539725, 0.00176195579115, 0.00153856922407, 0.00264451652765, 0.0402748398483, 0.138582333922, 0.036657191813, 0.000732437940314, 0.000439752679085, 0.000760098104365, 0.015782572329, 0.111516863108, 0.0778233706951, 0.057099275291, 0.157452717423, 0.0502112880349, 0.00206370325759, 0.000975035189185, 0.000358081189916, 0.0188220720738, 0.0936686620116, 0.0401420667768, 0.000629485759418]
    },
    "chords_histogram": [37.860080719, 13.7860078812, 27.3662548065, 1.54320991039, 0, 0, 0, 0, 0, 0, 0, 0, 0, 0, 0, 0, 0, 0, 0, 0, 0, 0, 0, 19.4444446564],
    "thpcp": [1, 0.447545230389, 0.207580596209, 0.383872121572, 0.224597662687, 0.0231585018337, 0.0144679918885, 0.0260368697345, 0.199740961194, 0.346972435713, 0.180758103728, 0.0219005998224, 0.0167094320059, 0.028815837577, 0.360796809196, 0.67937874794, 0.349208950996, 0.017399918288, 0.0114381825551, 0.0233703963459, 0.216557502747, 0.557361483574, 0.46530020237, 0.579068362713, 0.901139974594, 0.45795366168, 0.0357851050794, 0.0115402182564, 0.0132618220523, 0.171508684754, 0.402368098497, 0.262567877769, 0.0297811869532, 0.0171703528613, 0.0638245344162, 0.637694656849],
    "chords_key": "D#",
    "chords_scale": "minor",
    "key_key": "D#",
    "key_scale": "minor"
}
}