{
"lowlevel": {
    "average_loudness": 0.977676212788,
    "barkbands_crest": {
        "mean": 9.87457752228,
        "var": 23.814825058
    },
    "barkbands_flatness_db": {
        "mean": 0.166685476899,
        "var": 0.00205951440148
    },
    "barkbands_kurtosis": {
        "mean": 2.59278106689,
        "var": 27.9142818451
    },
    "barkbands_skewness": {
        "mean": 1.16761565208,
        "var": 1.24973428249
    },
    "barkbands_spread": {
        "mean": 17.9177818298,
        "var": 71.8613128662
    },
    "dissonance": {
        "mean": 0.456853538752,
        "var": 0.00103299156763
    },
    "dynamic_complexity": 1.88375306129,
    "erbbands_crest": {
        "mean": 9.98743152618,
        "var": 16.1044197083
    },
    "erbbands_flatness_db": {
        "mean": 0.191937625408,
        "var": 0.00268098153174
    },
    "erbbands_kurtosis": {
        "mean": 2.14010357857,
        "var": 7.2442111969
    },
    "erbbands_skewness": {
        "mean": 0.0380735620856,
        "var": 0.899331212044
    },
    "erbbands_spread": {
        "mean": 22.8127536774,
        "var": 156.925872803
    },
    "hfc": {
        "mean": 24.2002563477,
        "var": 240.742889404
    },
    "melbands_crest": {
        "mean": 15.0993595123,
        "var": 67.357635498
    },
    "melbands_flatness_db": {
        "mean": 0.229049175978,
        "var": 0.00327914603986
    },
    "melbands_kurtosis": {
        "mean": 7.328353405,
        "var": 151.196655273
    },
    "melbands_skewness": {
        "mean": 1.94304609299,
        "var": 2.32286405563
    },
    "melbands_spread": {
        "mean": 21.2206630707,
        "var": 137.203826904
    },
    "pitch_salience": {
        "mean": 0.554797947407,
        "var": 0.0233511030674
    },
    "silence_rate_20dB": {
        "mean": 1,
        "var": 0
    },
    "silence_rate_30dB": {
        "mean": 0.887744605541,
        "var": 0.0996553972363
    },
    "silence_rate_60dB": {
        "mean": 0.00772399595007,
        "var": 0.00766428234056
    },
    "spectral_centroid": {
        "mean": 1016.99719238,
        "var": 171093.796875
    },
    "spectral_complexity": {
        "mean": 20.9680747986,
        "var": 28.6005020142
    },
    "spectral_decrease": {
        "mean": -1.24473436003e-008,
        "var": 1.11119645077e-016
    },
    "spectral_energy": {
        "mean": 0.0491742379963,
        "var": 0.00163619918749
    },
    "spectral_energyband_high": {
        "mean": 0.000422258890467,
        "var": 4.53397120737e-007
    },
    "spectral_energyband_low": {
        "mean": 0.0247208364308,
        "var": 0.00136482110247
    },
    "spectral_energyband_middle_high": {
        "mean": 0.00976163707674,
        "var": 5.21329857293e-005
    },
    "spectral_energyband_middle_low": {
        "mean": 0.0156169626862,
        "var": 0.000185828874237
    },
    "spectral_entropy": {
        "mean": 7.42008829117,
        "var": 0.116471268237
    },
    "spectral_flux": {
        "mean": 0.122614532709,
        "var": 0.00390106230043
    },
    "spectral_kurtosis": {
        "mean": 7.43438577652,
        "var": 24.971540451
    },
    "spectral_rms": {
        "mean": 0.00643724482507,
        "var": 6.53674214846e-006
    },
    "spectral_rolloff": {
        "mean": 1088.62255859,
        "var": 894932.1875
    },
    "spectral_skewness": {
        "mean": 2.03196692467,
        "var": 0.215916544199
    },
    "spectral_spread": {
        "mean": 3768043.25,
        "var": 4.36052636467e+012
    },
    "spectral_strongpeak": {
        "mean": 1.05413234234,
        "var": 1.76990950108
    },
    "zerocrossingrate": {
        "mean": 0.0437378808856,
        "var": 0.000647701788694
    },
    "barkbands": {
        "mean": [0.00261097028852, 0.0187144428492, 0.00245352601632, 0.00251734093763, 0.0035736062564, 0.00206683133729, 0.00177256064489, 0.00251137558371, 0.00222324859351, 0.00218876427971, 0.00111213803757, 0.00177986384369, 0.00181885575876, 0.00176201527938, 0.000775478139985, 0.00036599196028, 0.000234348917729, 8.07763499324e-005, 0.00014646454656, 7.04331905581e-005, 6.90030501573e-005, 6.4257903432e-005, 6.79149961798e-005, 7.84403164289e-005, 7.51660627429e-005, 4.04353449994e-005, 1.89171589504e-009],
        "var": [1.99627793336e-005, 0.00110282411333, 1.3327184206e-005, 1.29522868519e-005, 2.2884534701e-005, 6.14351711192e-006, 1.06244106064e-005, 3.39535763487e-005, 1.24136986415e-005, 9.37091772357e-006, 2.15778209167e-006, 5.51032599105e-006, 5.19212699146e-006, 1.09657730718e-005, 2.312541028e-006, 1.37525958621e-007, 9.06156572e-008, 1.06480628759e-008, 7.83237794622e-008, 1.15594902539e-008, 8.08895705973e-009, 8.46946779376e-009, 1.11730349417e-008, 2.42996431865e-008, 3.54175249129e-008, 1.17977618785e-008, 6.19714318153e-017]
    },
    "erbbands": {
        "mean": [0.884338796139, 2.80189847946, 3.05212783813, 5.99190473557, 11.2554206848, 11.7319736481, 12.0673093796, 17.8378067017, 19.6950950623, 51.3986816406, 40.3858413696, 53.5224342346, 68.8548278809, 54.8141860962, 54.5993843079, 75.8386688232, 93.6345291138, 90.0356445313, 60.7992858887, 24.2880458832, 21.1958446503, 13.630355835, 5.48308753967, 6.1300907135, 6.98828220367, 3.23929286003, 3.00983285904, 2.42710614204, 2.26797270775, 2.36644864082, 1.82883441448, 1.82346022129, 1.09935164452, 0.821244299412, 0.541706502438, 0.266046345234, 0.0549171641469, 0.00118004251271, 6.75332848914e-005, 6.02537984378e-005],
        "var": [2.71300768852, 28.3859233856, 24.0612201691, 59.0092658997, 351.013702393, 174.262466431, 133.662063599, 462.561889648, 1575.66577148, 11120.2128906, 5876.22314453, 7708.12548828, 10557.4638672, 5630.45117188, 5011.57177734, 8282.21777344, 15033.2246094, 22382.0273438, 12950.1220703, 1031.9543457, 481.247528076, 266.227294922, 42.3941574097, 81.4710693359, 210.315765381, 20.7181987762, 17.0052108765, 10.4855175018, 10.660449028, 12.3213701248, 8.83205509186, 13.0399103165, 4.68638658524, 3.88007378578, 2.0050611496, 0.472181856632, 0.0265260152519, 1.22586934594e-005, 1.46440788384e-008, 2.10398476419e-009]
    },
    "gfcc": {
        "mean": [6.68740558624, 130.874328613, -130.483276367, 20.2810668945, -53.6596107483, 29.813035965, -34.0060462952, 2.37173771858, -18.6500854492, 1.75776326656, -9.71877670288, -4.24815797806, -6.36185932159],
        "cov": [[4594.97753906, -920.900512695, 528.990234375, 218.323898315, -321.777282715, 447.896270752, -198.818313599, 412.832977295, -285.650970459, 234.720031738, -228.074661255, 148.602767944, -178.603179932], [-920.900512695, 1279.33361816, -564.24041748, 26.2041072845, 255.619216919, -263.863250732, 301.603118896, -251.271774292, 335.204071045, -178.896514893, 237.240203857, -125.858512878, 182.648971558], [528.990234375, -564.24041748, 662.045715332, 159.866043091, -79.6690673828, 184.879119873, -91.5624313354, 220.338150024, -109.102493286, 124.861755371, -96.5813827515, 135.547851563, -31.9445095062], [218.323898315, 26.2041072845, 159.866043091, 320.271881104, 168.657791138, 101.74382782, 32.8295059204, 6.47103834152, 66.8773498535, 47.6342163086, 23.1089172363, 35.9483795166, 47.7864227295], [-321.777282715, 255.619216919, -79.6690673828, 168.657791138, 444.782501221, 133.240158081, 65.0386734009, -82.8510665894, 130.389877319, 68.7388763428, 85.357131958, -13.1920137405, 71.1516113281], [447.896270752, -263.863250732, 184.879119873, 101.74382782, 133.240158081, 272.280273438, -3.37253785133, 68.5671539307, -23.5783538818, 111.077972412, -21.6008739471, 54.1429901123, -4.54950714111], [-198.818313599, 301.603118896, -91.5624313354, 32.8295059204, 65.0386734009, -3.37253785133, 237.29385376, 11.9889211655, 126.213356018, -25.5233650208, 80.904510498, -11.5261936188, 73.8798446655], [412.832977295, -251.271774292, 220.338150024, 6.47103834152, -82.8510665894, 68.5671539307, 11.9889211655, 212.752807617, -10.6762313843, 41.7085800171, -49.5457687378, 52.5841026306, -13.7173595428], [-285.650970459, 335.204071045, -109.102493286, 66.8773498535, 130.389877319, -23.5783538818, 126.213356018, -10.6762313843, 229.014816284, -2.14908981323, 94.1839523315, -22.0258712769, 75.6728591919], [234.720031738, -178.896514893, 124.861755371, 47.6342163086, 68.7388763428, 111.077972412, -25.5233650208, 41.7085800171, -2.14908981323, 139.303329468, 0.936622619629, 31.2778987885, -16.8801822662], [-228.074661255, 237.240203857, -96.5813827515, 23.1089172363, 85.357131958, -21.6008739471, 80.904510498, -49.5457687378, 94.1839523315, 0.936622619629, 120.444282532, -8.58960342407, 43.8095245361], [148.602767944, -125.858512878, 135.547851563, 35.9483795166, -13.1920137405, 54.1429901123, -11.5261936188, 52.5841026306, -22.0258712769, 31.2778987885, -8.58960342407, 79.436630249, 11.0682783127], [-178.603179932, 182.648971558, -31.9445095062, 47.7864227295, 71.1516113281, -4.54950714111, 73.8798446655, -13.7173595428, 75.6728591919, -16.8801822662, 43.8095245361, 11.0682783127, 93.4009399414]],
        "icov": [[0.000533754995558, -0.000693506910466, 0.00062684493605, -0.000908926071133, 0.00105735554826, -0.00132767530158, 0.000684019003529, -0.00131501699798, 0.000727114616893, -0.000851053744555, 0.000265639770078, -0.000225028343266, 0.00061107496731], [-0.000693506910466, 0.00537462113425, -0.000356965203537, 0.00119251990691, -0.00294399890117, 0.00440631993115, -0.00326752383262, 0.00375107396394, -0.00307913217694, 0.00350223458372, -0.00224658823572, 0.00136917200871, -0.00295663368888], [0.00062684493605, -0.000356965203537, 0.00552676199004, -0.00344010838307, 0.00203443062492, -0.00183829071466, 0.00153101887554, -0.00440197996795, 0.00188333133701, -0.00242523639463, 0.000603382242844, -0.00337101379409, 0.00020242438768], [-0.000908926071133, 0.00119251990691, -0.00344010838307, 0.00722346641123, -0.00353071582504, 0.0018004104495, -0.00156279921066, 0.00395621126518, -0.0028362213634, 0.0022328409832, 0.000121299941384, 0.000118616386317, -0.00171734683681], [0.00105735554826, -0.00294399890117, 0.00203443062492, -0.00353071582504, 0.00804516207427, -0.00652605900541, 0.00292885769159, -0.00178786518518, 0.000726134108845, -0.00404793350026, 0.000125353995827, 0.000714216614142, -0.00020798179321], [-0.00132767530158, 0.00440631993115, -0.00183829071466, 0.0018004104495, -0.00652605900541, 0.0131907137111, -0.00474407896399, 0.0032440579962, -0.00117961969227, -0.000196382097783, 1.3692565517e-006, -0.00112056417856, -0.00181004381739], [0.000684019003529, -0.00326752383262, 0.00153101887554, -0.00156279921066, 0.00292885769159, -0.00474407896399, 0.0102423969656, -0.00530765112489, 0.000376337324269, -0.000743003794923, -0.00232618395239, 0.000748152844608, -0.00175925518852], [-0.00131501699798, 0.00375107396394, -0.00440197996795, 0.00395621126518, -0.00178786518518, 0.0032440579962, -0.00530765112489, 0.0146232554689, -0.00612576724961, 0.00259498413652, 0.00232584029436, -0.00115855585318, -0.0010352319805], [0.000727114616893, -0.00307913217694, 0.00188333133701, -0.0028362213634, 0.000726134108845, -0.00117961969227, 0.000376337324269, -0.00612576724961, 0.0124288322404, -0.00383561290801, -0.00286166602746, 0.0017816858599, -0.00193283066619], [-0.000851053744555, 0.00350223458372, -0.00242523639463, 0.0022328409832, -0.00404793350026, -0.000196382097783, -0.000743003794923, 0.00259498413652, -0.00383561290801, 0.0159428119659, -0.0041818022728, -0.000105308230559, 0.00155777554028], [0.000265639770078, -0.00224658823572, 0.000603382242844, 0.000121299941384, 0.000125353995827, 1.3692565517e-006, -0.00232618395239, 0.00232584029436, -0.00286166602746, -0.0041818022728, 0.0177629757673, -0.00434662913904, 0.000877849932294], [-0.000225028343266, 0.00136917200871, -0.00337101379409, 0.000118616386317, 0.000714216614142, -0.00112056417856, 0.000748152844608, -0.00115855585318, 0.0017816858599, -0.000105308230559, -0.00434662913904, 0.0238052103668, -0.00792674627155], [0.00061107496731, -0.00295663368888, 0.00020242438768, -0.00171734683681, -0.00020798179321, -0.00181004381739, -0.00175925518852, -0.0010352319805, -0.00193283066619, 0.00155777554028, 0.000877849932294, -0.00792674627155, 0.0222896058112]]
    },
    "melbands": {
        "mean": [0.00636770250276, 0.00226344820112, 0.0012055557454, 0.000886363966856, 0.000448143691756, 0.000399157841457, 0.00030903564766, 0.000601893174462, 0.000321739644278, 0.000331697752699, 0.000337526813382, 0.000220850415644, 0.000161949923495, 0.000196013468667, 0.000213560793782, 0.000170432496816, 0.00017367588589, 0.000106638442958, 4.68584075861e-005, 2.31914909818e-005, 2.46856161539e-005, 1.46821475937e-005, 7.68483823776e-006, 3.45421813108e-006, 4.98185409015e-006, 5.87013209952e-006, 3.68717178389e-006, 1.73397427261e-006, 1.74440731371e-006, 1.7999194597e-006, 1.30159639866e-006, 1.26941063172e-006, 1.22241090139e-006, 1.4009382312e-006, 1.07161861251e-006, 1.01034709132e-006, 1.1315116808e-006, 8.0930300328e-007, 6.33261038274e-007, 7.31559850919e-007],
        "var": [0.000129800580908, 1.33668672788e-005, 2.61482500719e-006, 1.56255737238e-006, 1.57768397457e-007, 2.35772546375e-007, 3.51793175923e-007, 1.6542164758e-006, 3.18103616337e-007, 3.03526149992e-007, 2.5817806204e-007, 1.03974095111e-007, 4.5135553961e-008, 6.95153445918e-008, 7.18010610967e-008, 4.89789542257e-008, 1.10563313171e-007, 4.47844250573e-008, 5.7066316117e-009, 7.17248704873e-010, 7.52354623046e-010, 3.69283409407e-010, 1.1765961816e-010, 2.07352988946e-011, 5.78625689029e-011, 1.76870476598e-010, 5.16315497301e-011, 6.37857431804e-012, 7.12292161018e-012, 5.94023441547e-012, 3.54532267259e-012, 3.38603689358e-012, 3.83138616319e-012, 4.72813888736e-012, 3.07827548174e-012, 3.41065587231e-012, 5.56885006858e-012, 2.72218640858e-012, 1.69018488441e-012, 3.59907199529e-012]
    },
    "mfcc": {
        "mean": [-629.684753418, 157.328201294, -9.94210910797, 2.69827532768, 3.63028025627, 18.9243412018, 1.74062168598, 4.255838871, -2.21677303314, 3.92519569397, 1.6454488039, 0.992185652256, 0.362931013107],
        "cov": [[2546.39453125, -740.387329102, 582.051025391, -76.1075134277, 57.5484924316, -10.4037733078, 157.536712646, 88.7809143066, 81.6437988281, 87.9318237305, 37.7494697571, -5.12259054184, 3.9221405983], [-740.387329102, 969.005493164, -503.867370605, 140.322052002, -93.6071853638, 57.4874191284, -71.3158493042, 29.1206550598, 0.476813524961, 13.4584302902, 41.0749702454, 20.3602657318, 45.5582199097], [582.051025391, -503.867370605, 639.487976074, -5.77533340454, -1.40818738937, -104.958488464, 45.7266349792, 62.0141525269, 47.5508804321, 5.28799438477, -38.6067504883, 2.31498336792, 8.00807380676], [-76.1075134277, 140.322052002, -5.77533340454, 265.407348633, 80.6261901855, 96.5650253296, -1.23921966553, 33.7683067322, 33.8646736145, 21.8163833618, 27.5471839905, 2.89671587944, 36.6483383179], [57.5484924316, -93.6071853638, -1.40818738937, 80.6261901855, 333.960540771, 193.281967163, 40.5875015259, -17.8471546173, 29.1490440369, 26.5678253174, 53.7005233765, 17.0857048035, 4.66355419159], [-10.4037733078, 57.4874191284, -104.958488464, 96.5650253296, 193.281967163, 304.437652588, 73.368927002, -17.0136947632, 33.6470603943, 16.3116779327, 71.9902420044, 51.2787055969, 2.93369579315], [157.536712646, -71.3158493042, 45.7266349792, -1.23921966553, 40.5875015259, 73.368927002, 130.97756958, 26.9485397339, 31.5754127502, 5.26711893082, 20.1794528961, 22.9509449005, 2.40467071533], [88.7809143066, 29.1206550598, 62.0141525269, 33.7683067322, -17.8471546173, -17.0136947632, 26.9485397339, 125.42628479, 62.1956176758, 26.9757537842, 5.01055908203, 8.09155273438, 21.1567554474], [81.6437988281, 0.476813524961, 47.5508804321, 33.8646736145, 29.1490440369, 33.6470603943, 31.5754127502, 62.1956176758, 126.126708984, 43.2207832336, 22.0455570221, 27.0586566925, 17.0456295013], [87.9318237305, 13.4584302902, 5.28799438477, 21.8163833618, 26.5678253174, 16.3116779327, 5.26711893082, 26.9757537842, 43.2207832336, 100.58216095, 36.4247322083, 10.1103553772, 21.953710556], [37.7494697571, 41.0749702454, -38.6067504883, 27.5471839905, 53.7005233765, 71.9902420044, 20.1794528961, 5.01055908203, 22.0455570221, 36.4247322083, 97.1082611084, 33.8889350891, 13.7728528976], [-5.12259054184, 20.3602657318, 2.31498336792, 2.89671587944, 17.0857048035, 51.2787055969, 22.9509449005, 8.09155273438, 27.0586566925, 10.1103553772, 33.8889350891, 86.9307022095, 18.9768638611], [3.9221405983, 45.5582199097, 8.00807380676, 36.6483383179, 4.66355419159, 2.93369579315, 2.40467071533, 21.1567554474, 17.0456295013, 21.953710556, 13.7728528976, 18.9768638611, 72.2638549805]],
        "icov": [[0.000598864397034, 0.000303551030811, -0.000302633532556, 0.000114875452709, 0.000139268857311, -0.000145903977682, -0.000359538040357, -0.00022631722095, 4.60562368971e-005, -0.000413718807977, -0.000357009237632, 0.000333102041623, -7.80457849032e-005], [0.000303551030811, 0.00265659508295, 0.00184379622806, -0.00121107359882, 0.00106212915853, -0.000181088835234, 0.000610451970715, -0.00121193705127, -5.19030290889e-005, -2.86218037218e-005, -0.000402510573622, -0.000411814602558, -0.000802327936981], [-0.000302633532556, 0.00184379622806, 0.00373473763466, -0.00132976891473, 2.9230643122e-005, 0.00142125389539, -0.000290152733214, -0.00113106775098, -0.000554980302695, 0.000380074605346, 0.000718680152204, -0.00123079482, -0.000402572477469], [0.000114875452709, -0.00121107359882, -0.00132976891473, 0.00590168638155, -0.000720371725038, -0.00221043103375, 0.00119422201533, -0.0010083031375, -0.000333893665811, 0.000107872758235, -0.000258497137111, 0.00201019411907, -0.00212932308204], [0.000139268857311, 0.00106212915853, 2.9230643122e-005, -0.000720371725038, 0.00563557166606, -0.00356502551585, 0.000621689774562, 0.0004228677426, -0.000441828917246, -0.000648193527013, -0.000935702060815, 0.00126832164824, -0.00053212128114], [-0.000145903977682, -0.000181088835234, 0.00142125389539, -0.00221043103375, -0.00356502551585, 0.00870210397989, -0.00362006830983, 0.00170737854205, -0.000791252823547, 0.000732365355361, -0.00174559524748, -0.00309387641028, 0.00169229099993], [-0.000359538040357, 0.000610451970715, -0.000290152733214, 0.00119422201533, 0.000621689774562, -0.00362006830983, 0.0112039335072, -0.00259166792966, -0.000850540760439, 0.00118169828784, -0.000442721531726, -0.000515928433742, -0.000384557963116], [-0.00022631722095, -0.00121193705127, -0.00113106775098, -0.0010083031375, 0.0004228677426, 0.00170737854205, -0.00259166792966, 0.0129860714078, -0.00521542271599, -0.00074898119783, 0.000226397212828, 0.000590501760598, -0.00113973033149], [4.60562368971e-005, -5.19030290889e-005, -0.000554980302695, -0.000333893665811, -0.000441828917246, -0.000791252823547, -0.000850540760439, -0.00521542271599, 0.0130225373432, -0.0038774588611, 0.000482720992295, -0.00261232652701, 0.000577135127969], [-0.000413718807977, -2.86218037218e-005, 0.000380074605346, 0.000107872758235, -0.000648193527013, 0.000732365355361, 0.00118169828784, -0.00074898119783, -0.0038774588611, 0.0142745207995, -0.00466538500041, 0.00139019277412, -0.00276213395409], [-0.000357009237632, -0.000402510573622, 0.000718680152204, -0.000258497137111, -0.000935702060815, -0.00174559524748, -0.000442721531726, 0.000226397212828, 0.000482720992295, -0.00466538500041, 0.016082406044, -0.00446470128372, -0.000184942997294], [0.000333102041623, -0.000411814602558, -0.00123079482, 0.00201019411907, 0.00126832164824, -0.00309387641028, -0.000515928433742, 0.000590501760598, -0.00261232652701, 0.00139019277412, -0.00446470128372, 0.0165175311267, -0.0040462850593], [-7.80457849032e-005, -0.000802327936981, -0.000402572477469, -0.00212932308204, -0.00053212128114, 0.00169229099993, -0.000384557963116, -0.00113973033149, 0.000577135127969, -0.00276213395409, -0.000184942997294, -0.0040462850593, 0.0175856631249]]
    },
    "spectral_contrast_coeffs": {
        "mean": [-0.664487719536, -0.733131408691, -0.762966454029, -0.75426864624, -0.786005795002, -0.752929449081],
        "var": [0.00729454262182, 0.00402721110731, 0.00279371347278, 0.0024012082722, 0.00139129976742, 0.00216630124487]
    },
    "spectral_contrast_valleys": {
        "mean": [-6.79760885239, -6.36092615128, -6.56099462509, -7.10428237915, -7.82766437531, -10.6472034454],
        "var": [1.30756402016, 0.811247110367, 0.79378849268, 0.708684980869, 0.714352667332, 1.56617152691]
    }
},
"metadata": {
    "audio_properties": {
        "analysis_sample_rate": 44100,
        "bit_rate": 108278,
        "equal_loudness": 0,
        "length": 45.0612258911,
        "lossless": 0,
        "replay_gain": -11.4386100769,
        "sample_rate": 44100,
        "codec": "mp3",
        "downmix": "mix",
        "md5_encoded": "0b8ba51a067d1585417d50a951ad4c31"
    },
    "tags": {
        "file_name": "860.mp3"
    },
    "version": {
        "essentia": "2.1-beta2",
        "essentia_git_sha": "v2.1_beta2",
        "extractor": "music 1.0"
    }
},
"rhythm": {
    "beats_count": 89,
    "beats_loudness": {
        "mean": 0.123276986182,
        "var": 0.00184355396777
    },
    "bpm": 119.981811523,
    "bpm_histogram_first_peak_bpm": {
        "mean": 120,
        "var": 0
    },
    "bpm_histogram_first_peak_spread": {
        "mean": 0.411764740944,
        "var": 0
    },
    "bpm_histogram_first_peak_weight": {
        "mean": 0.568181812763,
        "var": 0
    },
    "bpm_histogram_second_peak_bpm": {
        "mean": 108,
        "var": 0
    },
    "bpm_histogram_second_peak_spread": {
        "mean": 0.5,
        "var": 0
    },
    "bpm_histogram_second_peak_weight": {
        "mean": 0.0113636367023,
        "var": 0
    },
    "danceability": 1.9125572443,
    "onset_rate": 6.32187795639,
    "beats_loudness_band_ratio": {
        "mean": [0.77232593298, 0.0438212715089, 0.0783917680383, 0.0818257257342, 0.0311201829463, 0.00660920329392],
        "var": [0.0324985533953, 0.00446533970535, 0.00891046412289, 0.00621679937467, 0.00151678011753, 3.59393197868e-005]
    },
    "beats_position": [0.522448956966, 1.05650794506, 1.6137868166, 2.13623571396, 2.6470746994, 3.15791368484, 3.64553284645, 4.15637159348, 4.65560102463, 5.15482997894, 5.66566896439, 6.15328788757, 6.66412687302, 7.1517457962, 7.65097475052, 8.15020370483, 8.64943313599, 9.14866161346, 9.65950107574, 10.1587295532, 10.6579589844, 11.1571884155, 11.656416893, 12.1556463242, 12.6548748016, 13.1657142639, 13.6533327103, 14.1641721725, 14.6517915726, 15.1626300812, 15.6502494812, 16.1610889435, 16.6487064362, 17.1595458984, 17.6587753296, 18.1580047607, 18.6572322845, 19.1564617157, 19.6440811157, 20.154920578, 20.6541500092, 21.153377533, 21.6526069641, 22.1518363953, 22.6626758575, 23.1502952576, 23.6495227814, 24.1487522125, 24.6479816437, 25.1472110748, 25.6580486298, 26.1572780609, 26.6565074921, 27.1673469543, 27.6549663544, 28.1541938782, 28.6534233093, 29.1526527405, 29.6518821716, 30.1627197266, 30.6503391266, 31.1611785889, 31.6487979889, 32.1480255127, 32.6472549438, 33.1580963135, 33.6457138062, 34.1565513611, 34.6557807922, 35.1550102234, 35.6426315308, 36.1534690857, 36.6526985168, 37.151927948, 37.6511573792, 38.1503829956, 38.6496124268, 39.1488418579, 39.6480712891, 40.1473007202, 40.6465301514, 41.1457595825, 41.6565971375, 42.1558265686, 42.6550559998, 43.1542854309, 43.6535148621, 44.1527442932, 44.6519737244]
},
"tonal": {
    "chords_changes_rate": 0.0288065839559,
    "chords_number_rate": 0.00823045242578,
    "chords_strength": {
        "mean": 0.571823179722,
        "var": 0.0124573372304
    },
    "hpcp_entropy": {
        "mean": 2.25951313972,
        "var": 0.355696380138
    },
    "key_strength": 0.753408670425,
    "tuning_diatonic_strength": 0.539161086082,
    "tuning_equal_tempered_deviation": 0.203828424215,
    "tuning_frequency": 434.193115234,
    "tuning_nontempered_energy_ratio": 0.888920068741,
    "hpcp": {
        "mean": [0.213275372982, 0.214367568493, 0.134654581547, 0.0997856259346, 0.081834435463, 0.0709569007158, 0.136961326003, 0.176020920277, 0.150123238564, 0.20634432137, 0.235864147544, 0.160331174731, 0.10871732235, 0.0818076133728, 0.0616439841688, 0.0882079750299, 0.115076638758, 0.0867901444435, 0.078839443624, 0.088185980916, 0.132396236062, 0.302627772093, 0.338789880276, 0.318367421627, 0.363420605659, 0.208902299404, 0.0679549872875, 0.101920947433, 0.133847877383, 0.120380483568, 0.152578979731, 0.182498589158, 0.146804213524, 0.114307962358, 0.107341133058, 0.138320952654],
        "var": [0.0652932226658, 0.0672969967127, 0.0346614196897, 0.0299665685743, 0.0267344359308, 0.0180620756, 0.0515546128154, 0.0739920958877, 0.0415334403515, 0.0763776004314, 0.097504645586, 0.0539208836854, 0.0322633944452, 0.0206044986844, 0.0132454121485, 0.0245089624077, 0.0426417849958, 0.0229704491794, 0.0222744438797, 0.0249796379358, 0.0311856921762, 0.10701726377, 0.116566352546, 0.0689161419868, 0.169017419219, 0.0569651834667, 0.0176195763052, 0.0265265274793, 0.0492738373578, 0.0344039313495, 0.0450359918177, 0.0554438829422, 0.0516031682491, 0.039677746594, 0.0341294035316, 0.0448558852077]
    },
    "chords_histogram": [55.3497924805, 16.3580245972, 4.01234579086, 0, 0, 0, 0, 0, 0, 0, 0, 15.3292179108, 0, 0, 0, 0, 1.64609050751, 2.05761313438, 0, 0, 0, 0, 1.33744859695, 3.90946507454],
    "thpcp": [1, 0.574822366238, 0.186987161636, 0.280449002981, 0.368300199509, 0.331242859364, 0.41984128952, 0.502169072628, 0.403951257467, 0.314533531666, 0.295363366604, 0.380608439445, 0.586855471134, 0.589860796928, 0.370519936085, 0.274573385715, 0.225178301334, 0.195247322321, 0.376867264509, 0.484344899654, 0.413084000349, 0.567783772945, 0.649011492729, 0.441172480583, 0.299150139093, 0.225104495883, 0.169621601701, 0.242715939879, 0.316648632288, 0.238814592361, 0.216937184334, 0.242655426264, 0.364305794239, 0.832720458508, 0.932225286961, 0.87603020668],
    "chords_key": "A",
    "chords_scale": "minor",
    "key_key": "A",
    "key_scale": "minor"
}
}