{
"lowlevel": {
    "average_loudness": 0.969387173653,
    "barkbands_crest": {
        "mean": 10.1074056625,
        "var": 8.66310977936
    },
    "barkbands_flatness_db": {
        "mean": 0.201412722468,
        "var": 0.00265207630582
    },
    "barkbands_kurtosis": {
        "mean": 6.46809482574,
        "var": 16.4639587402
    },
    "barkbands_skewness": {
        "mean": 2.13102006912,
        "var": 0.387496978045
    },
    "barkbands_spread": {
        "mean": 9.76755809784,
        "var": 33.0287818909
    },
    "dissonance": {
        "mean": 0.456649959087,
        "var": 0.000683046295308
    },
    "dynamic_complexity": 1.49629318714,
    "erbbands_crest": {
        "mean": 6.73066759109,
        "var": 4.98542451859
    },
    "erbbands_flatness_db": {
        "mean": 0.177167326212,
        "var": 0.0010292705847
    },
    "erbbands_kurtosis": {
        "mean": -0.113476708531,
        "var": 0.754624426365
    },
    "erbbands_skewness": {
        "mean": 0.466139674187,
        "var": 0.190495997667
    },
    "erbbands_spread": {
        "mean": 31.9631118774,
        "var": 101.588638306
    },
    "hfc": {
        "mean": 14.2244224548,
        "var": 92.5454788208
    },
    "melbands_crest": {
        "mean": 13.7900648117,
        "var": 13.3235282898
    },
    "melbands_flatness_db": {
        "mean": 0.292633980513,
        "var": 0.00442635454237
    },
    "melbands_kurtosis": {
        "mean": 14.1712932587,
        "var": 63.4924240112
    },
    "melbands_skewness": {
        "mean": 2.99296545982,
        "var": 0.704242110252
    },
    "melbands_spread": {
        "mean": 9.38880252838,
        "var": 54.3612594604
    },
    "pitch_salience": {
        "mean": 0.608133137226,
        "var": 0.00864134635776
    },
    "silence_rate_20dB": {
        "mean": 1,
        "var": 0
    },
    "silence_rate_30dB": {
        "mean": 0.95779722929,
        "var": 0.0404213704169
    },
    "silence_rate_60dB": {
        "mean": 0.00257334019989,
        "var": 0.0025667718146
    },
    "spectral_centroid": {
        "mean": 640.223632813,
        "var": 251558.578125
    },
    "spectral_complexity": {
        "mean": 19.626865387,
        "var": 73.0594558716
    },
    "spectral_decrease": {
        "mean": -1.27047199427e-008,
        "var": 7.26883970664e-017
    },
    "spectral_energy": {
        "mean": 0.0492407791317,
        "var": 0.00107369932812
    },
    "spectral_energyband_high": {
        "mean": 0.000169569451828,
        "var": 1.08681163624e-007
    },
    "spectral_energyband_low": {
        "mean": 0.028095677495,
        "var": 0.000688202970196
    },
    "spectral_energyband_middle_high": {
        "mean": 0.00340927881189,
        "var": 7.48416914576e-006
    },
    "spectral_energyband_middle_low": {
        "mean": 0.0208305194974,
        "var": 0.000203497344046
    },
    "spectral_entropy": {
        "mean": 7.03414964676,
        "var": 0.212378889322
    },
    "spectral_flux": {
        "mean": 0.0907885953784,
        "var": 0.0042282002978
    },
    "spectral_kurtosis": {
        "mean": 12.1389369965,
        "var": 49.228969574
    },
    "spectral_rms": {
        "mean": 0.00661686481908,
        "var": 4.25675989391e-006
    },
    "spectral_rolloff": {
        "mean": 532.222167969,
        "var": 632223.5625
    },
    "spectral_skewness": {
        "mean": 2.50457787514,
        "var": 0.698490798473
    },
    "spectral_spread": {
        "mean": 2927903.25,
        "var": 2.74542546125e+012
    },
    "spectral_strongpeak": {
        "mean": 0.488310962915,
        "var": 0.109852194786
    },
    "zerocrossingrate": {
        "mean": 0.0263269785792,
        "var": 0.000505613046698
    },
    "barkbands": {
        "mean": [0.000853479548823, 0.0158299505711, 0.00821400526911, 0.0064587215893, 0.0074157435447, 0.00341857387684, 0.00159237033222, 0.000658838369418, 0.00113543937914, 0.00105438090395, 0.000273920799373, 0.000393323483877, 0.000258786778431, 0.000191499333596, 0.000328148627887, 0.0003901849268, 0.000308496295474, 0.000157872913405, 0.000103750666312, 6.67503554723e-005, 5.09752026119e-005, 3.66596214008e-005, 2.17566994252e-005, 1.45098874782e-005, 7.75891385274e-006, 4.60971295979e-006, 2.88717956209e-007],
        "var": [2.23734878091e-006, 0.000209739053389, 0.000138834555401, 6.54690593365e-005, 3.93834998249e-005, 7.00648524798e-006, 2.17488172893e-006, 5.50704214675e-007, 9.31040119667e-007, 6.44037015718e-007, 7.23947977121e-008, 1.16913653869e-007, 7.57050955258e-008, 6.81282656956e-008, 1.5345904103e-007, 4.03680331829e-007, 2.39226579879e-007, 7.14960819437e-008, 3.47528015254e-008, 1.51184522679e-008, 9.63398871789e-009, 7.58955120972e-009, 3.13690828868e-009, 9.26699439407e-010, 1.71812494787e-010, 5.94771801254e-011, 1.09245913097e-012]
    },
    "erbbands": {
        "mean": [0.468893051147, 3.48617863655, 9.11445617676, 16.8583469391, 21.9819641113, 24.5185775757, 33.7983856201, 23.8517284393, 25.2488670349, 13.7557973862, 17.6164112091, 29.4300670624, 19.6324748993, 33.5344314575, 13.4721136093, 15.7385978699, 13.394900322, 9.57573032379, 13.2700557709, 21.1824855804, 20.9256820679, 16.2141304016, 9.70540904999, 7.03506708145, 4.60559654236, 3.22334480286, 2.37466883659, 1.77076911926, 1.37997472286, 0.86630576849, 0.656006813049, 0.345901370049, 0.235576316714, 0.0983090996742, 0.0522974729538, 0.0197246652097, 0.00805171392858, 0.00175570941065, 6.7693341407e-005, 5.58704850846e-005],
        "var": [0.258563667536, 10.6604747772, 133.432632446, 451.402954102, 808.167663574, 459.468200684, 737.762207031, 423.128570557, 479.158813477, 206.44140625, 229.357254028, 635.588378906, 240.097991943, 658.068969727, 123.402893066, 189.699966431, 192.342376709, 165.667572021, 284.911102295, 888.686950684, 923.771057129, 687.423034668, 228.999053955, 137.997283936, 68.8204345703, 34.632976532, 18.6377506256, 14.1273927689, 11.2290096283, 4.15471506119, 3.07652902603, 0.665765047073, 0.217348009348, 0.0372066572309, 0.00527614261955, 0.000722076336388, 0.000203900024644, 1.99066253117e-005, 1.86324964346e-008, 1.39223843565e-009]
    },
    "gfcc": {
        "mean": [-15.2283449173, 156.906494141, -105.625419617, 26.8856983185, -42.9903793335, 10.232509613, -38.7868309021, 9.330534935, -20.4299373627, -7.95259380341, -14.7386751175, -2.20347380638, 2.24012064934],
        "cov": [[4596.56640625, -713.130187988, -434.491790771, 383.004211426, 31.3258247375, -55.7581253052, -5.58257246017, 56.2858772278, -178.667816162, 235.850128174, -251.938247681, 95.828338623, -293.447998047], [-713.130187988, 814.526489258, 164.417770386, -110.643295288, 151.690734863, 46.5672416687, 57.0037307739, -2.07775068283, 105.904685974, -104.033935547, 156.877548218, -78.9325866699, 191.061599731], [-434.491790771, 164.417770386, 479.756835938, -75.6278610229, 115.273338318, 125.1095047, 79.9384460449, 65.2128143311, 86.9116897583, 8.79023647308, 12.3883666992, 31.1109714508, 7.28208684921], [383.004211426, -110.643295288, -75.6278610229, 187.470870972, 14.5348720551, 7.57172584534, 30.3445167542, -2.77665400505, 15.4699316025, 27.9228343964, -3.13182210922, -10.6772098541, -10.3866615295], [31.3258247375, 151.690734863, 115.273338318, 14.5348720551, 312.922485352, 11.7448606491, 98.0394592285, 60.4252624512, 17.402557373, 62.3346176147, 15.156668663, 0.627722918987, -0.00370447337627], [-55.7581253052, 46.5672416687, 125.1095047, 7.57172584534, 11.7448606491, 118.722389221, 31.8478507996, 24.9080677032, 33.7684440613, -1.31649839878, 14.8256530762, 12.9003248215, 16.5427932739], [-5.58257246017, 57.0037307739, 79.9384460449, 30.3445167542, 98.0394592285, 31.8478507996, 91.0859222412, 29.0595359802, 32.6982002258, 21.0033779144, 8.17846870422, -1.77465093136, 1.72934949398], [56.2858772278, -2.07775068283, 65.2128143311, -2.77665400505, 60.4252624512, 24.9080677032, 29.0595359802, 94.2023849487, 17.5543060303, 24.2147693634, -6.18784952164, 21.6007766724, -4.27152061462], [-178.667816162, 105.904685974, 86.9116897583, 15.4699316025, 17.402557373, 33.7684440613, 32.6982002258, 17.5543060303, 76.6855392456, -0.845216035843, 32.8661994934, -10.848326683, 25.8062038422], [235.850128174, -104.033935547, 8.79023647308, 27.9228343964, 62.3346176147, -1.31649839878, 21.0033779144, 24.2147693634, -0.845216035843, 80.2090377808, -17.282793045, 21.6131286621, -42.3543052673], [-251.938247681, 156.877548218, 12.3883666992, -3.13182210922, 15.156668663, 14.8256530762, 8.17846870422, -6.18784952164, 32.8661994934, -17.282793045, 67.0514373779, -9.32997608185, 52.1377029419], [95.828338623, -78.9325866699, 31.1109714508, -10.6772098541, 0.627722918987, 12.9003248215, -1.77465093136, 21.6007766724, -10.848326683, 21.6131286621, -9.32997608185, 46.8169822693, -12.0783786774], [-293.447998047, 191.061599731, 7.28208684921, -10.3866615295, -0.00370447337627, 16.5427932739, 1.72934949398, -4.27152061462, 25.8062038422, -42.3543052673, 52.1377029419, -12.0783786774, 88.635559082]],
        "icov": [[0.000680449360516, -0.00168374390341, 0.000806124531664, -0.00199931976385, 0.000558844883926, -0.000495776708703, 0.000302656175336, -0.000240231893258, 0.000798759283498, -0.0011338776676, 0.00294734700583, -0.00296787568368, 0.00274427398108], [-0.00168374390341, 0.0112947393209, -0.00290825869888, 0.00879138428718, -0.00473413383588, 0.00115603685845, -0.00113273586612, 0.000730147992726, -0.00398059748113, 0.00559903960675, -0.0137236285955, 0.0157421603799, -0.0147585123777], [0.000806124531664, -0.00290825869888, 0.00636124052107, -0.000190428021597, -0.000942426035181, -0.00431993976235, -0.000440395611804, 0.00036517647095, -0.0051642851904, 0.000689916720148, 0.00688329339027, -0.00843774247915, 0.0058598513715], [-0.00199931976385, 0.00879138428718, -0.000190428021597, 0.0156317763031, -0.00343851791695, -0.000695977534633, -0.00399662228301, 0.00182486523408, -0.00684233615175, 0.00247445655987, -0.010187998414, 0.013902278617, -0.0123648131266], [0.000558844883926, -0.00473413383588, -0.000942426035181, -0.00343851791695, 0.00947791244835, 0.00185317511205, -0.00588453235105, -0.00314914365299, 0.00734263285995, -0.00836349185556, 0.002208951395, -0.00174018088728, 0.00367629947141], [-0.000495776708703, 0.00115603685845, -0.00431993976235, -0.000695977534633, 0.00185317511205, 0.0142170377076, -0.00308163790032, -0.00145088217687, 0.000325089349644, 0.00075794046279, -0.00408235192299, 0.000211029589991, -0.00382549036294], [0.000302656175336, -0.00113273586612, -0.000440395611804, -0.00399662228301, -0.00588453235105, -0.00308163790032, 0.0227215681225, -0.000850499141961, -0.00579190952703, 0.000343214196619, 0.00347402086481, -0.00106139655691, 0.00276433792897], [-0.000240231893258, 0.000730147992726, 0.00036517647095, 0.00182486523408, -0.00314914365299, -0.00145088217687, -0.000850499141961, 0.0160033721477, -0.00607646768913, -0.000123049554531, 0.00424643000588, -0.0062980116345, -0.00277263741009], [0.000798759283498, -0.00398059748113, -0.0051642851904, -0.00684233615175, 0.00734263285995, 0.000325089349644, -0.00579190952703, -0.00607646768913, 0.0332106202841, -0.0088514406234, -0.00813684239984, 0.00670262658969, 0.00240803672932], [-0.0011338776676, 0.00559903960675, 0.000689916720148, 0.00247445655987, -0.00836349185556, 0.00075794046279, 0.000343214196619, -0.000123049554531, -0.0088514406234, 0.0311990473419, -0.00890845619142, -0.00475580478087, 0.00633327383548], [0.00294734700583, -0.0137236285955, 0.00688329339027, -0.010187998414, 0.002208951395, -0.00408235192299, 0.00347402086481, 0.00424643000588, -0.00813684239984, -0.00890845619142, 0.0537832900882, -0.0233993474394, 0.00176663009916], [-0.00296787568368, 0.0157421603799, -0.00843774247915, 0.013902278617, -0.00174018088728, 0.000211029589991, -0.00106139655691, -0.0062980116345, 0.00670262658969, -0.00475580478087, -0.0233993474394, 0.0584107786417, -0.024259602651], [0.00274427398108, -0.0147585123777, 0.0058598513715, -0.0123648131266, 0.00367629947141, -0.00382549036294, 0.00276433792897, -0.00277263741009, 0.00240803672932, 0.00633327383548, 0.00176663009916, -0.024259602651, 0.048757340759]]
    },
    "melbands": {
        "mean": [0.00429464457557, 0.00481931865215, 0.00313955941238, 0.00164596922696, 0.00118659960572, 0.00054686825024, 0.000373145303456, 0.000144454446854, 0.000163886579685, 0.000166921017808, 9.68889216892e-005, 0.000145740254084, 4.10633983847e-005, 4.25182151957e-005, 3.95639508497e-005, 2.30903733609e-005, 1.68238912011e-005, 1.9710876586e-005, 2.48938540608e-005, 2.82553173747e-005, 2.36782561842e-005, 1.67511861946e-005, 1.29299087348e-005, 7.26115285943e-006, 5.5121290643e-006, 3.77977403332e-006, 2.54605492955e-006, 2.03414560929e-006, 1.49265156324e-006, 1.3457016621e-006, 8.94425284059e-007, 7.89918146893e-007, 6.70874101161e-007, 3.80579365356e-007, 3.66047174793e-007, 3.3208615946e-007, 1.67965481523e-007, 1.72943103394e-007, 1.19854945524e-007, 7.02944902287e-008],
        "var": [1.70828207047e-005, 2.68575695372e-005, 1.3460045011e-005, 2.42745477408e-006, 7.74740954057e-007, 2.06938111091e-007, 1.10024203082e-007, 2.49329374924e-008, 1.63862097224e-008, 2.02033980656e-008, 6.65502453145e-009, 1.3010471811e-008, 1.37174893666e-009, 1.20725041075e-009, 1.95516580703e-009, 6.17578210793e-010, 5.61222901485e-010, 6.66282806705e-010, 8.82749318087e-010, 2.70822786419e-009, 1.19375875851e-009, 8.67788119141e-010, 3.77035763721e-010, 1.6260537361e-010, 8.99788993314e-011, 4.62276293633e-011, 2.34752425832e-011, 1.42287301733e-011, 7.68538618162e-012, 7.03104068023e-012, 3.9411516585e-012, 3.74942958625e-012, 2.61181809687e-012, 8.06732773032e-013, 9.93476459953e-013, 7.19592842344e-013, 1.51600344149e-013, 1.26989117464e-013, 5.55870792646e-014, 1.96328701587e-014]
    },
    "mfcc": {
        "mean": [-661.679931641, 185.445617676, 1.60561859608, 25.2930965424, 16.1317119598, 1.79334461689, -0.546737790108, 6.95728349686, 6.62515640259, -5.05587720871, -5.6600484848, -2.49670338631, -2.32601189613],
        "cov": [[3172.9387207, -960.996704102, -458.969451904, 408.946380615, -132.061782837, 107.045059204, 3.22956228256, -83.2959518433, -61.2826766968, 128.510910034, -40.7163124084, 37.857749939, -16.3094940186], [-960.996704102, 933.610046387, 117.702156067, -76.9577255249, 191.395080566, -13.554274559, 103.754318237, 49.7292327881, 80.961151123, -31.4115924835, 70.5735778809, -9.05932617188, 2.81529712677], [-458.969451904, 117.702156067, 391.536529541, -122.525779724, 16.7572689056, 35.5009422302, -34.2173309326, 88.0886917114, 25.8009052277, 10.9715261459, 27.880065918, -7.11567115784, -9.53933334351], [408.946380615, -76.9577255249, -122.525779724, 185.909561157, 30.8453502655, 29.6447296143, 41.7336082458, -15.6120080948, 19.5279655457, 40.0403938293, 26.1294498444, 7.75932264328, 4.61008310318], [-132.061782837, 191.395080566, 16.7572689056, 30.8453502655, 131.295333862, 22.7890930176, 62.6777000427, 30.2689914703, 37.6068077087, 20.0073719025, 47.6097450256, 4.25187444687, -3.78675198555], [107.045059204, -13.554274559, 35.5009422302, 29.6447296143, 22.7890930176, 95.1120910645, 30.9508743286, 9.94586658478, 11.5176811218, 17.119260788, 23.6451301575, 11.5823659897, -4.74549102783], [3.22956228256, 103.754318237, -34.2173309326, 41.7336082458, 62.6777000427, 30.9508743286, 88.8817825317, 22.645816803, 31.2464733124, 15.7097644806, 28.2592773438, 6.76586818695, -0.215303882957], [-83.2959518433, 49.7292327881, 88.0886917114, -15.6120080948, 30.2689914703, 9.94586658478, 22.645816803, 75.4668273926, 30.0220336914, 20.9046192169, 19.3910923004, -5.00401926041, 0.268665969372], [-61.2826766968, 80.961151123, 25.8009052277, 19.5279655457, 37.6068077087, 11.5176811218, 31.2464733124, 30.0220336914, 52.9506530762, 23.373998642, 27.8656635284, 2.66651129723, 1.32431304455], [128.510910034, -31.4115924835, 10.9715261459, 40.0403938293, 20.0073719025, 17.119260788, 15.7097644806, 20.9046192169, 23.373998642, 59.1721725464, 29.3844337463, 5.1091966629, -2.51656031609], [-40.7163124084, 70.5735778809, 27.880065918, 26.1294498444, 47.6097450256, 23.6451301575, 28.2592773438, 19.3910923004, 27.8656635284, 29.3844337463, 64.1208572388, 13.2568159103, -3.87924361229], [37.857749939, -9.05932617188, -7.11567115784, 7.75932264328, 4.25187444687, 11.5823659897, 6.76586818695, -5.00401926041, 2.66651129723, 5.1091966629, 13.2568159103, 40.136089325, 14.0598974228], [-16.3094940186, 2.81529712677, -9.53933334351, 4.61008310318, -3.78675198555, -4.74549102783, -0.215303882957, 0.268665969372, 1.32431304455, -2.51656031609, -3.87924361229, 14.0598974228, 31.6710662842]],
        "icov": [[0.000760011025704, 0.000398453819798, 0.000575624289922, -0.0011080004042, 0.000257658044575, -0.000686432875227, 0.00022947222169, -0.00063040148234, 0.000642057799269, -0.00108159624506, 0.000830703356769, -0.000771774852183, 0.000957058509812], [0.000398453819798, 0.00252810469829, -0.000366090622265, 0.000608103175182, -0.00241586193442, 0.000862704473548, -0.00170604046434, 0.00128448568285, -0.00196019024588, 0.00186964601744, -0.00102332816459, 0.000948134227656, -0.000716130190995], [0.000575624289922, -0.000366090622265, 0.00667431298643, 0.00220608757809, -2.79859486909e-005, -0.00444816704839, 0.0059862062335, -0.00693078897893, -0.000388957123505, -0.00127969158348, -0.000978312338702, -0.000448561651865, 0.00144168024417], [-0.0011080004042, 0.000608103175182, 0.00220608757809, 0.0122461654246, -0.0024142190814, -0.0014318608446, -0.00162235426251, 0.00343183777295, -0.00377314793877, -0.00283492845483, -0.00346865667962, 0.00391578441486, -0.00451677665114], [0.000257658044575, -0.00241586193442, -2.79859486909e-005, -0.0024142190814, 0.0173328891397, -0.000288624229142, -0.00595104089007, -0.002372977091, 0.000714765919838, -0.00114679744001, -0.00520745897666, -0.000276328239124, 0.00206308020279], [-0.000686432875227, 0.000862704473548, -0.00444816704839, -0.0014318608446, -0.000288624229142, 0.0165226757526, -0.00796521641314, 0.00380625831895, 0.00068071403075, 0.00113014574163, -0.00258341454901, -0.00250344444066, 0.00164948962629], [0.00022947222169, -0.00170604046434, 0.0059862062335, -0.00162235426251, -0.00595104089007, -0.00796521641314, 0.027223860845, -0.00935178343207, -0.00495422957465, 0.00091448466992, 0.000741927186027, -0.00290006957948, 0.00232654693536], [-0.00063040148234, 0.00128448568285, -0.00693078897893, 0.00343183777295, -0.002372977091, 0.00380625831895, -0.00935178343207, 0.0289953518659, -0.00869535282254, -0.00417454447597, -0.000562879373319, 0.00676486594602, -0.00608908291906], [0.000642057799269, -0.00196019024588, -0.000388957123505, -0.00377314793877, 0.000714765919838, 0.00068071403075, -0.00495422957465, -0.00869535282254, 0.0373647361994, -0.00868113152683, -0.00393029442057, -0.000518853543326, -0.00133876153268], [-0.00108159624506, 0.00186964601744, -0.00127969158348, -0.00283492845483, -0.00114679744001, 0.00113014574163, 0.00091448466992, -0.00417454447597, -0.00868113152683, 0.0325411781669, -0.0109862871468, 0.000714746362064, 0.000663618091494], [0.000830703356769, -0.00102332816459, -0.000978312338702, -0.00346865667962, -0.00520745897666, -0.00258341454901, 0.000741927186027, -0.000562879373319, -0.00393029442057, -0.0109862871468, 0.0334157086909, -0.0117036355659, 0.00830905325711], [-0.000771774852183, 0.000948134227656, -0.000448561651865, 0.00391578441486, -0.000276328239124, -0.00250344444066, -0.00290006957948, 0.00676486594602, -0.000518853543326, 0.000714746362064, -0.0117036355659, 0.0378623083234, -0.0198355037719], [0.000957058509812, -0.000716130190995, 0.00144168024417, -0.00451677665114, 0.00206308020279, 0.00164948962629, 0.00232654693536, -0.00608908291906, -0.00133876153268, 0.000663618091494, 0.00830905325711, -0.0198355037719, 0.0437161922455]]
    },
    "spectral_contrast_coeffs": {
        "mean": [-0.636373877525, -0.713992416859, -0.762715756893, -0.805902898312, -0.78134393692, -0.751761734486],
        "var": [0.00604251632467, 0.00281772669405, 0.00203919457272, 0.00097765843384, 0.00101313681807, 0.00131359172519]
    },
    "spectral_contrast_valleys": {
        "mean": [-6.30689764023, -6.35218429565, -6.99531936646, -7.5175819397, -8.14547252655, -11.399933815],
        "var": [1.2437775135, 0.912546396255, 0.886036336422, 1.05714464188, 1.53337705135, 1.16695964336]
    }
},
"metadata": {
    "audio_properties": {
        "analysis_sample_rate": 44100,
        "bit_rate": 104021,
        "equal_loudness": 0,
        "length": 45.0873451233,
        "lossless": 0,
        "replay_gain": -6.98136329651,
        "sample_rate": 44100,
        "codec": "mp3",
        "downmix": "mix",
        "md5_encoded": "1ca1632364b8ba16fbd76a6398cb33de"
    },
    "tags": {
        "file_name": "864.mp3"
    },
    "version": {
        "essentia": "2.1-beta2",
        "essentia_git_sha": "v2.1_beta2",
        "extractor": "music 1.0"
    }
},
"rhythm": {
    "beats_count": 67,
    "beats_loudness": {
        "mean": 0.0683478787541,
        "var": 0.000630423252005
    },
    "bpm": 89.9156646729,
    "bpm_histogram_first_peak_bpm": {
        "mean": 89,
        "var": 0
    },
    "bpm_histogram_first_peak_spread": {
        "mean": 0.469696998596,
        "var": 0
    },
    "bpm_histogram_first_peak_weight": {
        "mean": 0.530303001404,
        "var": 0
    },
    "bpm_histogram_second_peak_bpm": {
        "mean": 0,
        "var": 0
    },
    "bpm_histogram_second_peak_spread": {
        "mean": 0,
        "var": 0
    },
    "bpm_histogram_second_peak_weight": {
        "mean": 0,
        "var": 0
    },
    "danceability": 1.30046761036,
    "onset_rate": 2.99303197861,
    "beats_loudness_band_ratio": {
        "mean": [0.657275319099, 0.188038274646, 0.0945624113083, 0.0452054068446, 0.0458700843155, 0.0107507258654],
        "var": [0.0152642019093, 0.00876896549016, 0.00184354546946, 0.00034753777436, 0.000879333994817, 0.000111132685561]
    },
    "beats_position": [0.719818592072, 1.4164172411, 2.08979582787, 2.76317453384, 3.43655323982, 4.09832191467, 4.76009082794, 5.4334692955, 6.10684776306, 6.7570066452, 7.4303855896, 8.10376358032, 8.76553249359, 9.42730140686, 10.1006803513, 10.7624483109, 11.4242172241, 12.0975961685, 12.7709751129, 13.4211339951, 14.0945119858, 14.7678909302, 15.4412698746, 16.0914287567, 16.7648067474, 17.426574707, 18.088344574, 18.7617225647, 19.4351024628, 20.0968704224, 20.758638382, 21.43201828, 22.1053962708, 22.7555541992, 23.4289340973, 24.102312088, 24.7756919861, 25.4258499146, 26.0992279053, 26.7609977722, 27.4227657318, 28.0961437225, 28.7579135895, 29.4196815491, 30.0930614471, 30.7664394379, 31.4282073975, 32.0899772644, 32.7633552551, 33.4367332458, 34.0985031128, 34.7602729797, 35.4336509705, 36.0954170227, 36.7687988281, 37.4305648804, 38.1039466858, 38.7541046143, 39.427482605, 40.1008605957, 40.7626304626, 41.4243965149, 42.0861663818, 42.7595443726, 43.4213142395, 44.0946922302, 44.7680702209]
},
"tonal": {
    "chords_changes_rate": 0.0390946492553,
    "chords_number_rate": 0.00823045242578,
    "chords_strength": {
        "mean": 0.522202670574,
        "var": 0.00843703560531
    },
    "hpcp_entropy": {
        "mean": 1.85139989853,
        "var": 0.520914435387
    },
    "key_strength": 0.832090318203,
    "tuning_diatonic_strength": 0.601701557636,
    "tuning_equal_tempered_deviation": 0.0846993997693,
    "tuning_frequency": 442.548919678,
    "tuning_nontempered_energy_ratio": 0.673368692398,
    "hpcp": {
        "mean": [0.407968938351, 0.169218301773, 0.0605656467378, 0.0495299734175, 0.051674246788, 0.118438906968, 0.165973260999, 0.103958897293, 0.0571570172906, 0.0538517683744, 0.0481289289892, 0.101275779307, 0.134349912405, 0.0891108587384, 0.160131037235, 0.23173981905, 0.127230584621, 0.0416760630906, 0.0344477556646, 0.0521402806044, 0.224629744887, 0.321738988161, 0.190960735083, 0.128717526793, 0.0925981551409, 0.0518285222352, 0.106071166694, 0.126953542233, 0.0716513171792, 0.0578004270792, 0.055377472192, 0.0297924112529, 0.042902700603, 0.084331870079, 0.135313928127, 0.355027735233],
        "var": [0.142971023917, 0.0425792634487, 0.0300385076553, 0.022164626047, 0.0190072786063, 0.0440464429557, 0.0829620063305, 0.0328228361905, 0.0215129517019, 0.0222311131656, 0.0153481597081, 0.031000033021, 0.0537469238043, 0.0228604655713, 0.0623066686094, 0.125013738871, 0.0481024943292, 0.0142311202362, 0.0110129704699, 0.0129324775189, 0.0530416145921, 0.115113146603, 0.0517595037818, 0.0594021119177, 0.0407554097474, 0.0196594130248, 0.0488866046071, 0.0598530098796, 0.0208313520998, 0.026010196656, 0.0300250686705, 0.00935035105795, 0.0119403200224, 0.0381595268846, 0.047214306891, 0.125465616584]
    },
    "chords_histogram": [50.2057609558, 0, 6.58436203003, 0, 0, 0, 0, 0, 0, 0, 0, 0, 0, 1.33744859695, 0, 6.37860059738, 0.617283940315, 8.74485588074, 0, 0.514403283596, 0, 1.95473253727, 22.5308647156, 1.13168728352],
    "thpcp": [1, 0.414782315493, 0.148456513882, 0.121406234801, 0.12666220963, 0.290313541889, 0.406828194857, 0.254820615053, 0.140101388097, 0.131999671459, 0.117972046137, 0.24824385345, 0.329314082861, 0.218425601721, 0.392507910728, 0.568032979965, 0.311863422394, 0.102154992521, 0.0844371989369, 0.127804532647, 0.550604999065, 0.788635969162, 0.468076646328, 0.315508157015, 0.226973548532, 0.127040356398, 0.259998142719, 0.311184346676, 0.175629347563, 0.141678497195, 0.135739430785, 0.0730261728168, 0.105161681771, 0.206711500883, 0.331677049398, 0.870232284069],
    "chords_key": "A",
    "chords_scale": "major",
    "key_key": "A",
    "key_scale": "major"
}
}