{
"lowlevel": {
    "average_loudness": 0.913730502129,
    "barkbands_crest": {
        "mean": 10.9565496445,
        "var": 25.8861808777
    },
    "barkbands_flatness_db": {
        "mean": 0.161969065666,
        "var": 0.00416022632271
    },
    "barkbands_kurtosis": {
        "mean": 5.70076084137,
        "var": 466.665863037
    },
    "barkbands_skewness": {
        "mean": 1.68441867828,
        "var": 2.2712161541
    },
    "barkbands_spread": {
        "mean": 19.5017814636,
        "var": 168.470336914
    },
    "dissonance": {
        "mean": 0.458295077085,
        "var": 0.000945549749304
    },
    "dynamic_complexity": 5.96751499176,
    "erbbands_crest": {
        "mean": 9.05236244202,
        "var": 24.3190479279
    },
    "erbbands_flatness_db": {
        "mean": 0.182670086622,
        "var": 0.00307947141118
    },
    "erbbands_kurtosis": {
        "mean": 0.588467299938,
        "var": 23.67786026
    },
    "erbbands_skewness": {
        "mean": 0.384587019682,
        "var": 0.848965704441
    },
    "erbbands_spread": {
        "mean": 36.2135658264,
        "var": 234.733703613
    },
    "hfc": {
        "mean": 13.0512228012,
        "var": 222.654663086
    },
    "melbands_crest": {
        "mean": 14.8473091125,
        "var": 37.4330101013
    },
    "melbands_flatness_db": {
        "mean": 0.203165844083,
        "var": 0.00522816646844
    },
    "melbands_kurtosis": {
        "mean": 14.8158817291,
        "var": 617.478271484
    },
    "melbands_skewness": {
        "mean": 2.73505043983,
        "var": 3.13502240181
    },
    "melbands_spread": {
        "mean": 23.0547828674,
        "var": 468.101593018
    },
    "pitch_salience": {
        "mean": 0.557459533215,
        "var": 0.0240230076015
    },
    "silence_rate_20dB": {
        "mean": 1,
        "var": 0
    },
    "silence_rate_30dB": {
        "mean": 0.992276012897,
        "var": 0.00766433961689
    },
    "silence_rate_60dB": {
        "mean": 0.237384140491,
        "var": 0.181038528681
    },
    "spectral_centroid": {
        "mean": 1321.23022461,
        "var": 600188.9375
    },
    "spectral_complexity": {
        "mean": 14.434088707,
        "var": 131.035491943
    },
    "spectral_decrease": {
        "mean": -5.15004039414e-009,
        "var": 3.354685899e-017
    },
    "spectral_energy": {
        "mean": 0.0206212159246,
        "var": 0.00052451947704
    },
    "spectral_energyband_high": {
        "mean": 0.00028165258118,
        "var": 1.89269172779e-007
    },
    "spectral_energyband_low": {
        "mean": 0.00605539930984,
        "var": 0.000157890783157
    },
    "spectral_energyband_middle_high": {
        "mean": 0.00436309492216,
        "var": 2.82965356746e-005
    },
    "spectral_energyband_middle_low": {
        "mean": 0.0104183554649,
        "var": 0.00017299540923
    },
    "spectral_entropy": {
        "mean": 7.47529935837,
        "var": 0.25417137146
    },
    "spectral_flux": {
        "mean": 0.070411965251,
        "var": 0.00329655874521
    },
    "spectral_kurtosis": {
        "mean": 4.67032337189,
        "var": 9.11453723907
    },
    "spectral_rms": {
        "mean": 0.00378184416331,
        "var": 5.81592121307e-006
    },
    "spectral_rolloff": {
        "mean": 1556.67687988,
        "var": 2980884.75
    },
    "spectral_skewness": {
        "mean": 1.45632088184,
        "var": 0.195843666792
    },
    "spectral_spread": {
        "mean": 4068125.5,
        "var": 4.08111651226e+012
    },
    "spectral_strongpeak": {
        "mean": 0.79031175375,
        "var": 1.16150307655
    },
    "zerocrossingrate": {
        "mean": 0.0581130124629,
        "var": 0.00219736387953
    },
    "barkbands": {
        "mean": [3.48765206581e-005, 0.00367003376596, 0.00203287857585, 0.000626429042313, 0.003737434512, 0.00322017329745, 0.000893759308383, 0.0010550362058, 0.000562897243071, 0.000904487678781, 0.000591628428083, 0.00060370110441, 0.000403307902161, 0.000228150791372, 0.000398940057494, 0.000442325836048, 0.000357034790795, 0.000218788540224, 0.000277480401564, 0.000128114115796, 0.000114179987577, 4.89877202199e-005, 3.06500332954e-005, 1.94655658561e-005, 1.33159974212e-005, 6.76914260112e-006, 3.97896172899e-007],
        "var": [7.8708595197e-009, 5.16843865626e-005, 3.51922608388e-005, 2.59624789578e-006, 3.3673553844e-005, 2.64944083028e-005, 4.81225561089e-006, 1.72972577275e-005, 2.56806833931e-006, 2.62329285761e-006, 1.30170110424e-006, 1.23031963994e-006, 5.01560748489e-007, 1.35030802539e-007, 7.38219512186e-007, 1.4914444364e-006, 7.11418579158e-007, 1.34224748649e-007, 2.64629079538e-007, 4.46936354592e-008, 3.5600184134e-008, 1.06026183389e-008, 3.98844290928e-009, 1.4905900958e-009, 7.18032189262e-010, 3.2858799015e-010, 2.47843022147e-012]
    },
    "erbbands": {
        "mean": [0.0648777410388, 0.967720746994, 2.58958673477, 2.09965324402, 4.9251127243, 14.2716522217, 21.6338386536, 27.4280586243, 17.534942627, 17.9799747467, 17.1658840179, 15.0951490402, 25.1519832611, 22.3224411011, 26.6945400238, 26.1513404846, 20.6211013794, 11.8742485046, 14.4765224457, 25.3076133728, 24.9674358368, 19.539516449, 13.2977390289, 13.8322534561, 11.9763240814, 6.27425956726, 4.61620283127, 3.93922948837, 1.89995539188, 1.30999135971, 0.795852780342, 0.484090149403, 0.283571571112, 0.153578922153, 0.0954487323761, 0.0333861373365, 0.0127396741882, 0.00189179345034, 5.82939901506e-005, 2.55631584878e-005],
        "var": [0.0148032968864, 3.91736006737, 52.7933883667, 25.0256328583, 111.099945068, 580.326416016, 1121.87194824, 2293.05297852, 1606.62463379, 2221.50170898, 5006.13232422, 1980.40356445, 2107.8112793, 2137.0065918, 2279.90893555, 2283.97387695, 1226.59631348, 302.391326904, 585.395812988, 3330.24365234, 6120.4609375, 2724.99487305, 467.25213623, 727.925292969, 459.915771484, 90.0890884399, 59.0443077087, 42.1777572632, 15.1019449234, 7.17716741562, 2.72505402565, 0.967683076859, 0.329981833696, 0.110466986895, 0.0363548696041, 0.00505681335926, 0.00162368931342, 4.42281525466e-005, 3.05621910002e-008, 8.02007960043e-010]
    },
    "gfcc": {
        "mean": [-81.0222854614, 93.5387649536, -143.512451172, 25.1527786255, -67.6238479614, -0.341227918863, -42.774143219, -1.22724401951, -29.1507854462, -1.10196304321, -11.4053707123, 2.73956394196, -2.78143668175],
        "cov": [[21536.2109375, 1488.95397949, -441.820892334, 310.020996094, 341.540344238, -90.2214202881, -103.61491394, 54.2804374695, -75.0915985107, -103.379066467, -79.5389709473, 117.002281189, 106.865219116], [1488.95397949, 1678.01867676, -16.8397827148, 405.796569824, 690.3359375, 20.3620815277, 294.28994751, -130.677764893, 124.87877655, -166.944259644, 197.805221558, -115.724319458, 234.214263916], [-441.820892334, -16.8397827148, 1527.9083252, 407.11807251, 397.426208496, 407.052429199, 93.8554992676, 259.698486328, -21.2374839783, 174.182785034, -132.534011841, 80.2897033691, -186.13230896], [310.020996094, 405.796569824, 407.11807251, 697.784790039, 504.538879395, 178.10446167, 210.415786743, 106.548744202, 119.152427673, 57.1826515198, 77.8054504395, -4.65502786636, 46.6894569397], [341.540344238, 690.3359375, 397.426208496, 504.538879395, 788.02911377, 200.164672852, 282.13470459, 77.3735809326, 110.148651123, 47.0403594971, 87.6604690552, 29.1682910919, 59.0020446777], [-90.2214202881, 20.3620815277, 407.052429199, 178.10446167, 200.164672852, 336.181396484, 123.662284851, 139.179595947, 12.1551008224, 65.7410430908, -30.2668762207, 33.8858795166, -67.2612075806], [-103.61491394, 294.28994751, 93.8554992676, 210.415786743, 282.13470459, 123.662284851, 269.807159424, 85.3333892822, 86.1089706421, 33.6671943665, 61.6622772217, 14.2759609222, 20.2664394379], [54.2804374695, -130.677764893, 259.698486328, 106.548744202, 77.3735809326, 139.179595947, 85.3333892822, 207.040527344, 62.2522125244, 102.821464539, -22.2291240692, 42.9173965454, -59.9164047241], [-75.0915985107, 124.87877655, -21.2374839783, 119.152427673, 110.148651123, 12.1551008224, 86.1089706421, 62.2522125244, 156.624069214, 66.8008499146, 74.9774780273, -0.8094201684, 41.5520591736], [-103.379066467, -166.944259644, 174.182785034, 57.1826515198, 47.0403594971, 65.7410430908, 33.6671943665, 102.821464539, 66.8008499146, 164.488418579, 22.1220588684, 53.1455726624, -47.633518219], [-79.5389709473, 197.805221558, -132.534011841, 77.8054504395, 87.6604690552, -30.2668762207, 61.6622772217, -22.2291240692, 74.9774780273, 22.1220588684, 158.899795532, 4.87962532043, 84.135635376], [117.002281189, -115.724319458, 80.2897033691, -4.65502786636, 29.1682910919, 33.8858795166, 14.2759609222, 42.9173965454, -0.8094201684, 53.1455726624, 4.87962532043, 95.7715454102, -12.5319490433], [106.865219116, 234.214263916, -186.13230896, 46.6894569397, 59.0020446777, -67.2612075806, 20.2664394379, -59.9164047241, 41.5520591736, -47.633518219, 84.135635376, -12.5319490433, 150.222793579]],
        "icov": [[6.46226981189e-005, -0.000180345668923, 9.98482937575e-005, -9.79765463853e-005, 6.32012306596e-005, 7.76144315751e-006, 0.000198371184524, -0.000203431656701, 0.000139190524351, -0.000121526769362, 0.000176849600393, -0.000278174411505, 6.08371265116e-005], [-0.000180345668923, 0.00241064187139, -0.00062476383755, 0.000676255149301, -0.00162097753491, 0.000129312931676, -0.00141636119224, 0.00137839117087, -0.00110910646617, 0.00213020015508, -0.00153101969045, 0.00246944674291, -0.00113331864122], [9.98482937575e-005, -0.00062476383755, 0.00170413753949, -0.000781734823249, -0.000205679243663, -0.000856832251884, 0.00121844990645, -0.00112874503247, 0.001138272346, -0.00133625557646, 0.00115958007518, -0.000846167327836, 0.000881476094946], [-9.79765463853e-005, 0.000676255149301, -0.000781734823249, 0.00348272314295, -0.00185157684609, -0.00016391563986, -0.000685488514137, -0.000145341095049, -0.00105416611768, 0.00066989439074, -0.00112117966637, 0.00209097424522, -0.00104097242001], [6.32012306596e-005, -0.00162097753491, -0.000205679243663, -0.00185157684609, 0.00456837238744, -0.000530904682819, -0.00139826629311, 0.000658379518427, 0.00010156512144, -0.00131334993057, 0.00101391132921, -0.00256613269448, -4.28573503086e-006], [7.76144315751e-006, 0.000129312931676, -0.000856832251884, -0.00016391563986, -0.000530904682819, 0.00600494863465, -0.00171560083982, -0.00224760943092, 0.00140460557304, 0.000229110868531, -0.000112462730613, 0.000148812207044, 0.000773875392042], [0.000198371184524, -0.00141636119224, 0.00121844990645, -0.000685488514137, -0.00139826629311, -0.00171560083982, 0.00917713344097, -0.0034425156191, -0.000969345273916, 0.000628824403975, -0.000894098659046, -0.00188083667308, 0.00177119346336], [-0.000203431656701, 0.00137839117087, -0.00112874503247, -0.000145341095049, 0.000658379518427, -0.00224760943092, -0.0034425156191, 0.0130139840767, -0.00513807777315, -0.00194451084826, 0.00208146683872, -0.000862686021719, 0.000599270046223], [0.000139190524351, -0.00110910646617, 0.001138272346, -0.00105416611768, 0.00010156512144, 0.00140460557304, -0.000969345273916, -0.00513807777315, 0.0154294678941, -0.00692881084979, -0.00201621931046, 0.00308366003446, -0.00303971883841], [-0.000121526769362, 0.00213020015508, -0.00133625557646, 0.00066989439074, -0.00131334993057, 0.000229110868531, 0.000628824403975, -0.00194451084826, -0.00692881084979, 0.0166603438556, -0.00522688310593, -0.00347724626772, 0.00449600536376], [0.000176849600393, -0.00153101969045, 0.00115958007518, -0.00112117966637, 0.00101391132921, -0.000112462730613, -0.000894098659046, 0.00208146683872, -0.00201621931046, -0.00522688310593, 0.0140864774585, -0.00260487804189, -0.00465773930773], [-0.000278174411505, 0.00246944674291, -0.000846167327836, 0.00209097424522, -0.00256613269448, 0.000148812207044, -0.00188083667308, -0.000862686021719, 0.00308366003446, -0.00347724626772, -0.00260487804189, 0.0176164768636, -0.00339340534993], [6.08371265116e-005, -0.00113331864122, 0.000881476094946, -0.00104097242001, -4.28573503086e-006, 0.000773875392042, 0.00177119346336, 0.000599270046223, -0.00303971883841, 0.00449600536376, -0.00465773930773, -0.00339340534993, 0.0147364428267]]
    },
    "melbands": {
        "mean": [0.000827300304081, 0.00137816753704, 0.000422501994763, 0.00068143918179, 0.000781939772423, 0.00061144051142, 0.000249581207754, 0.000218697023229, 0.000124929385493, 9.00345985428e-005, 0.00012737212819, 9.22166145756e-005, 8.44114329084e-005, 7.29465537006e-005, 5.86226742598e-005, 3.48579051206e-005, 2.08083765756e-005, 2.13239236473e-005, 3.04628028971e-005, 3.29504146066e-005, 2.83595709334e-005, 2.0369374397e-005, 1.68122824107e-005, 9.02103056433e-006, 1.14932445285e-005, 9.94589754555e-006, 6.3863781179e-006, 3.5064936128e-006, 2.62075536739e-006, 3.18095135299e-006, 1.89834031517e-006, 1.06953666545e-006, 8.62821423198e-007, 6.70123824875e-007, 4.76264034432e-007, 3.66105098237e-007, 2.63569091885e-007, 2.0101126097e-007, 1.61983436442e-007, 1.1680666745e-007],
        "var": [2.36577307078e-006, 1.13922960736e-005, 8.24826486223e-007, 1.59700493896e-006, 1.25252972794e-006, 1.08720621483e-006, 3.40429352264e-007, 4.46211259941e-007, 2.36019886302e-007, 7.48064863387e-008, 5.39285487378e-008, 3.94998771469e-008, 2.34002470734e-008, 1.54143684483e-008, 1.03867705548e-008, 3.54396512137e-009, 1.10466713554e-009, 1.40141798166e-009, 3.86347576153e-009, 4.43630021607e-009, 9.63769775097e-009, 4.60858373685e-009, 8.05296274109e-010, 2.62324106881e-010, 5.9630095306e-010, 3.20602350223e-010, 1.25062987744e-010, 2.84105811793e-011, 1.9200942919e-011, 3.16909137821e-011, 1.11725229762e-011, 5.38733771135e-012, 3.37537094629e-012, 1.94667220711e-012, 1.01304034605e-012, 6.53400781831e-013, 2.77220060059e-013, 1.67401994502e-013, 1.18632046461e-013, 7.06250311597e-014]
    },
    "mfcc": {
        "mean": [-709.783935547, 115.875183105, -20.1559562683, 18.3496952057, -7.85784292221, -2.21699643135, -6.33148860931, -4.77425193787, -8.97382545471, -8.12707996368, -9.90153217316, -3.74844765663, -0.779371201992],
        "cov": [[16452.0859375, 2467.61132813, -1311.81616211, 983.119689941, -10.0259828568, 144.894241333, -90.1813278198, 84.1260147095, -0.736255526543, -54.5711746216, -157.129501343, -15.6320390701, -67.7811508179], [2467.61132813, 1554.81872559, -176.127105713, 424.921356201, 312.463348389, 250.564041138, 220.467849731, 112.41431427, 68.1492233276, 10.5275325775, -32.5047531128, 26.0437107086, 16.5695571899], [-1311.81616211, -176.127105713, 1047.69104004, 69.8785324097, 246.724853516, 159.356521606, 175.191040039, 145.17880249, 103.229156494, 135.180236816, 134.483123779, 7.82758569717, 26.9799594879], [983.119689941, 424.921356201, 69.8785324097, 710.217041016, 396.243347168, 256.028717041, 214.335357666, 135.89781189, 144.682235718, 118.728736877, 73.2507095337, 74.4488220215, 63.2682571411], [-10.0259828568, 312.463348389, 246.724853516, 396.243347168, 477.704315186, 260.726501465, 225.299743652, 133.950302124, 135.278549194, 96.0949325562, 65.7774963379, 64.5232315063, 72.6317977905], [144.894241333, 250.564041138, 159.356521606, 256.028717041, 260.726501465, 290.906066895, 204.992507935, 139.384902954, 98.7538528442, 72.3020401001, 50.3129844666, 49.9523277283, 61.6424369812], [-90.1813278198, 220.467849731, 175.191040039, 214.335357666, 225.299743652, 204.992507935, 262.818237305, 145.018035889, 98.2468185425, 68.5275039673, 53.6591529846, 49.2826309204, 58.6881332397], [84.1260147095, 112.41431427, 145.17880249, 135.89781189, 133.950302124, 139.384902954, 145.018035889, 178.325271606, 105.560508728, 59.104927063, 40.8077697754, 37.4061813354, 53.2174758911], [-0.736255526543, 68.1492233276, 103.229156494, 144.682235718, 135.278549194, 98.7538528442, 98.2468185425, 105.560508728, 146.528152466, 92.1332015991, 50.8906936646, 32.3106231689, 51.222240448], [-54.5711746216, 10.5275325775, 135.180236816, 118.728736877, 96.0949325562, 72.3020401001, 68.5275039673, 59.104927063, 92.1332015991, 131.269210815, 83.5720825195, 36.8168411255, 42.5364685059], [-157.129501343, -32.5047531128, 134.483123779, 73.2507095337, 65.7774963379, 50.3129844666, 53.6591529846, 40.8077697754, 50.8906936646, 83.5720825195, 118.457000732, 58.2392425537, 43.0780754089], [-15.6320390701, 26.0437107086, 7.82758569717, 74.4488220215, 64.5232315063, 49.9523277283, 49.2826309204, 37.4061813354, 32.3106231689, 36.8168411255, 58.2392425537, 91.0846328735, 55.5507011414], [-67.7811508179, 16.5695571899, 26.9799594879, 63.2682571411, 72.6317977905, 61.6424369812, 58.6881332397, 53.2174758911, 51.222240448, 42.5364685059, 43.0780754089, 55.5507011414, 100.031066895]],
        "icov": [[0.000103415884951, -0.000157657312229, 7.12776600267e-005, -0.00017885347188, 0.000160205905559, -4.20365286118e-005, 0.000245568924583, -0.000203648669412, 8.49265634315e-005, -5.54247744731e-005, -2.14283591049e-005, 5.55338083359e-005, 2.24041596084e-005], [-0.000157657312229, 0.0011676971335, 0.000201286762604, 5.90921763433e-006, -0.000558842613827, -0.000246398616582, -0.000802905298769, 0.000153068933287, 0.000107833293441, 0.000112030371383, 0.000356465345249, 7.86917917139e-006, 0.000328224152327], [7.12776600267e-005, 0.000201286762604, 0.00174006063025, 0.000445874320576, -0.00108204723801, -1.50317673615e-005, -0.000214415689697, -0.00128979387227, 0.000891343341209, -0.000851163174957, -0.00176824256778, 0.00163599604275, 0.000629015499726], [-0.00017885347188, 5.90921763433e-006, 0.000445874320576, 0.00350699294358, -0.00238461513072, -0.000443216500571, -0.00047769912635, 9.81283592409e-005, -0.000356324104359, -0.00124306848738, -0.000240097811911, -0.000547472620383, 0.000890563824214], [0.000160205905559, -0.000558842613827, -0.00108204723801, -0.00238461513072, 0.00699944281951, -0.00264629442245, -0.000964712817222, 0.00201493222266, -0.00258525786921, 0.00113087333739, 0.000965040526353, -0.00122152641416, -0.000850574229844], [-4.20365286118e-005, -0.000246398616582, -1.50317673615e-005, -0.000443216500571, -0.00264629442245, 0.0104164164513, -0.00390511215664, -0.00279203755781, 0.00146641780157, -0.00106903037522, 0.000357517361408, 9.84179496299e-005, -0.000929186295252], [0.000245568924583, -0.000802905298769, -0.000214415689697, -0.00047769912635, -0.000964712817222, -0.00390511215664, 0.0116952108219, -0.00481551745906, 0.000592944445089, 1.75279037649e-005, -0.000767486402765, -0.000389956898289, -0.000297381717246], [-0.000203648669412, 0.000153068933287, -0.00128979387227, 9.81283592409e-005, 0.00201493222266, -0.00279203755781, -0.00481551745906, 0.0160208977759, -0.00896795000881, 0.0032159218099, 0.000859259685967, -0.00163886719383, -0.00155330018606], [8.49265634315e-005, 0.000107833293441, 0.000891343341209, -0.000356324104359, -0.00258525786921, 0.00146641780157, 0.000592944445089, -0.00896795000881, 0.0208535380661, -0.0114505179226, 0.00198188866489, 0.00197860156186, -0.00234019802883], [-5.54247744731e-005, 0.000112030371383, -0.000851163174957, -0.00124306848738, 0.00113087333739, -0.00106903037522, 1.75279037649e-005, 0.0032159218099, -0.0114505179226, 0.0231106132269, -0.0117646753788, 0.00247456575744, -0.00119563401677], [-2.14283591049e-005, 0.000356465345249, -0.00176824256778, -0.000240097811911, 0.000965040526353, 0.000357517361408, -0.000767486402765, 0.000859259685967, 0.00198188866489, -0.0117646753788, 0.0230080354959, -0.0111832488328, -8.26846880955e-005], [5.55338083359e-005, 7.86917917139e-006, 0.00163599604275, -0.000547472620383, -0.00122152641416, 9.84179496299e-005, -0.000389956898289, -0.00163886719383, 0.00197860156186, 0.00247456575744, -0.0111832488328, 0.0236193798482, -0.00849774572998], [2.24041596084e-005, 0.000328224152327, 0.000629015499726, 0.000890563824214, -0.000850574229844, -0.000929186295252, -0.000297381717246, -0.00155330018606, -0.00234019802883, -0.00119563401677, -8.26846880955e-005, -0.00849774572998, 0.0178772676736]]
    },
    "spectral_contrast_coeffs": {
        "mean": [-0.617197036743, -0.712843835354, -0.769162297249, -0.79044008255, -0.794301867485, -0.736497461796],
        "var": [0.0200454499573, 0.011840948835, 0.00674883835018, 0.00477320887148, 0.00348263722844, 0.00322644598782]
    },
    "spectral_contrast_valleys": {
        "mean": [-8.68989372253, -7.43859577179, -7.84221982956, -8.18109512329, -8.11235237122, -11.2407083511],
        "var": [4.27362108231, 2.68945145607, 2.66654658318, 2.54453635216, 2.36687231064, 2.09983968735]
    }
},
"metadata": {
    "audio_properties": {
        "analysis_sample_rate": 44100,
        "bit_rate": 108462,
        "equal_loudness": 0,
        "length": 45.0612258911,
        "lossless": 0,
        "replay_gain": -8.78912734985,
        "sample_rate": 44100,
        "codec": "mp3",
        "downmix": "mix",
        "md5_encoded": "498483c3ff6d0f5ed39f52df0602a2e0"
    },
    "tags": {
        "file_name": "866.mp3"
    },
    "version": {
        "essentia": "2.1-beta2",
        "essentia_git_sha": "v2.1_beta2",
        "extractor": "music 1.0"
    }
},
"rhythm": {
    "beats_count": 100,
    "beats_loudness": {
        "mean": 0.037910412997,
        "var": 0.00086352811195
    },
    "bpm": 133.543136597,
    "bpm_histogram_first_peak_bpm": {
        "mean": 133,
        "var": 0
    },
    "bpm_histogram_first_peak_spread": {
        "mean": 0.505376338959,
        "var": 0
    },
    "bpm_histogram_first_peak_weight": {
        "mean": 0.464646458626,
        "var": 0
    },
    "bpm_histogram_second_peak_bpm": {
        "mean": 140,
        "var": 0
    },
    "bpm_histogram_second_peak_spread": {
        "mean": 0.166666656733,
        "var": 0
    },
    "bpm_histogram_second_peak_weight": {
        "mean": 0.0505050495267,
        "var": 0
    },
    "danceability": 1.21857917309,
    "onset_rate": 3.52694225311,
    "beats_loudness_band_ratio": {
        "mean": [0.307220697403, 0.298197031021, 0.132657572627, 0.154202222824, 0.0975176990032, 0.0518470481038],
        "var": [0.0602968744934, 0.0337611958385, 0.0130342803895, 0.0201622415334, 0.00773000437766, 0.00602865451947]
    },
    "beats_position": [0.429569154978, 0.870748281479, 1.3235373497, 1.77632653713, 2.22911548615, 2.67029476166, 3.11147379875, 3.55265307426, 4.00544214249, 4.446621418, 4.8994102478, 5.34058952332, 5.80498838425, 6.24616765976, 6.6989569664, 7.1517457962, 7.61614513397, 8.06893444061, 8.53333282471, 8.98612213135, 9.45052146912, 9.89170074463, 10.3444900513, 10.7972784042, 11.2500677109, 11.7028570175, 12.144036293, 12.5852155685, 13.0263938904, 13.479183197, 13.9203624725, 14.361541748, 14.8143310547, 15.2555103302, 15.696688652, 16.1378688812, 16.5906581879, 17.0434455872, 17.4962348938, 17.9490242004, 18.4018135071, 18.8546028137, 19.3073921204, 19.7717914581, 20.2245807648, 20.6773700714, 21.1301574707, 21.5713367462, 22.0241260529, 22.4769153595, 22.918094635, 23.3592739105, 23.8120632172, 24.2648525238, 24.7060317993, 25.158821106, 25.6000003815, 26.0411777496, 26.4823570251, 26.9351463318, 27.3879356384, 27.8523349762, 28.2935142517, 28.7463035583, 29.2107028961, 29.6634922028, 30.1162815094, 30.5806789398, 31.0218582153, 31.4630374908, 31.9158267975, 32.3686180115, 32.8097953796, 33.2509727478, 33.6921539307, 34.1449432373, 34.5977325439, 35.0621299744, 35.5265312195, 35.9793205261, 36.4088897705, 36.8500671387, 37.2912483215, 37.7440338135, 38.1968231201, 38.638004303, 39.0791816711, 39.5319709778, 39.9847602844, 40.402721405, 40.8322906494, 41.2618598938, 41.703037262, 42.1326065063, 42.5621757507, 43.0033569336, 43.4445343018, 43.8857116699, 44.3385009766, 44.7912902832]
},
"tonal": {
    "chords_changes_rate": 0.0751028805971,
    "chords_number_rate": 0.0144032919779,
    "chords_strength": {
        "mean": 0.503143906593,
        "var": 0.0120955435559
    },
    "hpcp_entropy": {
        "mean": 2.08751964569,
        "var": 1.03110837936
    },
    "key_strength": 0.635902822018,
    "tuning_diatonic_strength": 0.537743866444,
    "tuning_equal_tempered_deviation": 0.167033195496,
    "tuning_frequency": 438.477722168,
    "tuning_nontempered_energy_ratio": 0.83041960001,
    "hpcp": {
        "mean": [0.135945826769, 0.124971374869, 0.115525886416, 0.145155265927, 0.149955749512, 0.124019123614, 0.132144272327, 0.17032200098, 0.257474333048, 0.3199698627, 0.243532672524, 0.166456416249, 0.165155887604, 0.136975795031, 0.116984844208, 0.128363057971, 0.113134212792, 0.0870949774981, 0.0730025544763, 0.0682579129934, 0.113223038614, 0.199871093035, 0.201899468899, 0.14498783648, 0.122292488813, 0.108684003353, 0.147455945611, 0.174804478884, 0.135062232614, 0.141782104969, 0.183951362967, 0.163225159049, 0.130133330822, 0.12888930738, 0.126479610801, 0.129523679614],
        "var": [0.054672088474, 0.0488980337977, 0.0387565679848, 0.0580397732556, 0.0620021410286, 0.0354818403721, 0.0407273992896, 0.0594742633402, 0.083715595305, 0.14369367063, 0.081582441926, 0.0538310930133, 0.0702533721924, 0.0518898069859, 0.0361467115581, 0.0545675344765, 0.0383138358593, 0.0231625046581, 0.0189091544598, 0.0176825895905, 0.0310509838164, 0.0726749747992, 0.0664709955454, 0.0415719933808, 0.0479831919074, 0.041473031044, 0.0613044761121, 0.0817856416106, 0.046779692173, 0.0538052245975, 0.0867109149694, 0.0574728138745, 0.0361589230597, 0.0407303720713, 0.0419396422803, 0.0469569563866]
    },
    "chords_histogram": [4.93827152252, 0.308641970158, 0, 0, 0.308641970158, 1.95473253727, 0, 3.90946507454, 10.1851854324, 34.0534973145, 13.5802469254, 1.95473253727, 6.37860059738, 1.13168728352, 1.74897122383, 0.925925910473, 4.32098770142, 3.29218101501, 0, 0, 0, 8.23045253754, 2.57201647758, 0.205761313438],
    "thpcp": [1, 0.76111125946, 0.520225286484, 0.516160786152, 0.428089678288, 0.365612059832, 0.401172339916, 0.353577703238, 0.272197425365, 0.228154465556, 0.213326066732, 0.353855311871, 0.624656021595, 0.63099527359, 0.453129678965, 0.382200032473, 0.339669495821, 0.460843235254, 0.546315431595, 0.422109216452, 0.443110823631, 0.574902176857, 0.510126650333, 0.406704962254, 0.40281701088, 0.395286023617, 0.404799610376, 0.424870729446, 0.390572339296, 0.361052393913, 0.453652918339, 0.468655854464, 0.387596279383, 0.412989735603, 0.532306373119, 0.804683089256],
    "chords_key": "C",
    "chords_scale": "major",
    "key_key": "F",
    "key_scale": "minor"
}
}