{
"lowlevel": {
    "average_loudness": 0.92731744051,
    "barkbands_crest": {
        "mean": 12.8368759155,
        "var": 20.7599086761
    },
    "barkbands_flatness_db": {
        "mean": 0.352119266987,
        "var": 0.00547984940931
    },
    "barkbands_kurtosis": {
        "mean": 7.37607479095,
        "var": 214.004852295
    },
    "barkbands_skewness": {
        "mean": 1.64179003239,
        "var": 1.85659754276
    },
    "barkbands_spread": {
        "mean": 5.23513126373,
        "var": 17.0306129456
    },
    "dissonance": {
        "mean": 0.384047061205,
        "var": 0.00357251777314
    },
    "dynamic_complexity": 7.0445561409,
    "erbbands_crest": {
        "mean": 13.1197071075,
        "var": 39.3330612183
    },
    "erbbands_flatness_db": {
        "mean": 0.360367000103,
        "var": 0.00294486852363
    },
    "erbbands_kurtosis": {
        "mean": 2.12793040276,
        "var": 34.8648223877
    },
    "erbbands_skewness": {
        "mean": 0.875909805298,
        "var": 1.01932835579
    },
    "erbbands_spread": {
        "mean": 13.1102333069,
        "var": 51.8783950806
    },
    "hfc": {
        "mean": 5.74616718292,
        "var": 93.2114639282
    },
    "melbands_crest": {
        "mean": 16.4885177612,
        "var": 38.2680130005
    },
    "melbands_flatness_db": {
        "mean": 0.449430853128,
        "var": 0.00772217148915
    },
    "melbands_kurtosis": {
        "mean": 10.3566074371,
        "var": 452.722808838
    },
    "melbands_skewness": {
        "mean": 1.8842908144,
        "var": 2.01657772064
    },
    "melbands_spread": {
        "mean": 7.35872888565,
        "var": 46.1405639648
    },
    "pitch_salience": {
        "mean": 0.520483016968,
        "var": 0.0299894418567
    },
    "silence_rate_20dB": {
        "mean": 1,
        "var": 0
    },
    "silence_rate_30dB": {
        "mean": 0.925849616528,
        "var": 0.0686528012156
    },
    "silence_rate_60dB": {
        "mean": 0.427394449711,
        "var": 0.244731917977
    },
    "spectral_centroid": {
        "mean": 490.481201172,
        "var": 201437.40625
    },
    "spectral_complexity": {
        "mean": 7.1668381691,
        "var": 21.7641029358
    },
    "spectral_decrease": {
        "mean": -6.15803097404e-009,
        "var": 2.02338131944e-016
    },
    "spectral_energy": {
        "mean": 0.0237629935145,
        "var": 0.0029592840001
    },
    "spectral_energyband_high": {
        "mean": 2.84623956759e-006,
        "var": 5.05517794291e-010
    },
    "spectral_energyband_low": {
        "mean": 0.013288971968,
        "var": 0.00231515336782
    },
    "spectral_energyband_middle_high": {
        "mean": 0.000966852821875,
        "var": 2.77781305158e-006
    },
    "spectral_energyband_middle_low": {
        "mean": 0.00981276948005,
        "var": 0.000428335479228
    },
    "spectral_entropy": {
        "mean": 5.79491424561,
        "var": 0.32247030735
    },
    "spectral_flux": {
        "mean": 0.0525635480881,
        "var": 0.00753819104284
    },
    "spectral_kurtosis": {
        "mean": 82.1853561401,
        "var": 2096.88085938
    },
    "spectral_rms": {
        "mean": 0.00325188506395,
        "var": 1.26086561067e-005
    },
    "spectral_rolloff": {
        "mean": 652.67175293,
        "var": 697674.0625
    },
    "spectral_skewness": {
        "mean": 6.12798547745,
        "var": 5.09869480133
    },
    "spectral_spread": {
        "mean": 1225887.25,
        "var": 3.15157879194e+012
    },
    "spectral_strongpeak": {
        "mean": 0.706179857254,
        "var": 0.545501947403
    },
    "zerocrossingrate": {
        "mean": 0.0233615674078,
        "var": 0.00056232616771
    },
    "barkbands": {
        "mean": [6.10930655967e-005, 0.00830580946058, 0.00465794140473, 0.000530402816366, 0.00166883587372, 0.00499837845564, 0.00188384985086, 0.000410615873989, 0.000220917689148, 0.000400017190259, 0.000130221480504, 0.000218757180846, 0.000176962246769, 3.40887745551e-005, 3.14046810672e-005, 2.25092280743e-005, 4.36878417531e-006, 2.31751869251e-006, 1.44226555676e-006, 6.87610565819e-007, 4.44736855343e-007, 5.58414910756e-007, 5.09235349e-007, 3.75954044785e-007, 3.05779735754e-007, 2.2402190325e-007, 1.44566278948e-008],
        "var": [1.02370229627e-007, 0.000870339281391, 0.000332505325787, 2.43604654315e-006, 1.68393216882e-005, 0.000232828417211, 1.9419234377e-005, 5.69883127355e-007, 4.14086059664e-007, 7.15238059001e-007, 1.65201655022e-007, 1.22083946508e-007, 6.67990718739e-007, 3.82489462325e-009, 3.99558697239e-009, 3.32403082837e-009, 6.83780115862e-011, 1.88113517818e-011, 1.64980633321e-011, 9.20509588692e-012, 5.77548859432e-012, 2.90986002655e-011, 2.5935921813e-011, 1.56848319055e-011, 9.20599794313e-012, 5.67019044564e-012, 2.96278131965e-014]
    },
    "erbbands": {
        "mean": [0.0672355517745, 2.37426376343, 7.0872130394, 2.20609998703, 2.21449947357, 5.86320209503, 26.5671577454, 41.4837226868, 35.22215271, 13.9967937469, 7.71052694321, 4.6204161644, 11.8804721832, 9.70658969879, 4.97081518173, 7.60160589218, 9.14696121216, 2.662586689, 1.45035529137, 1.91153454781, 1.0916697979, 0.290828019381, 0.137119576335, 0.0803682506084, 0.0629242956638, 0.0319616757333, 0.0224961321801, 0.0159172154963, 0.0196174997836, 0.020470649004, 0.0132535211742, 0.00879390072078, 0.0055725062266, 0.00337474583648, 0.00229440303519, 0.00110731518362, 0.000386055355193, 6.67214917485e-005, 1.25974238472e-005, 2.61510740529e-005],
        "var": [0.0642915219069, 72.2215118408, 731.221862793, 58.2606697083, 33.4741744995, 182.256378174, 9506.81152344, 12449.8251953, 6394.36279297, 641.229675293, 193.370620728, 130.148147583, 551.743041992, 506.988311768, 62.8428192139, 156.668289185, 1625.23254395, 64.7859420776, 6.76887321472, 12.444275856, 5.65323829651, 0.24606359005, 0.0532764717937, 0.0332178398967, 0.0378727354109, 0.0167688447982, 0.0101658068597, 0.01091722399, 0.0349159874022, 0.0400184579194, 0.019195318222, 0.00825596600771, 0.00346700637601, 0.0011812344892, 0.000506033073179, 0.000133513080073, 1.61679308803e-005, 5.28114298959e-007, 1.08642206342e-009, 3.50509665736e-009]
    },
    "gfcc": {
        "mean": [-255.288757324, 230.517791748, -126.183380127, -45.15259552, -34.0271339417, -23.3279705048, -29.5038776398, -21.2862663269, -12.2788629532, -11.5360012054, -1.13545799255, -6.36246776581, 0.862429559231],
        "cov": [[13302.1923828, 667.25378418, 121.592285156, 1214.97143555, 703.955871582, -50.2038078308, 67.8742218018, 52.3209991455, -121.505607605, 110.527427673, -9.32658958435, -91.5486297607, -106.881874084], [667.25378418, 1786.24243164, -80.0077590942, -321.94720459, 750.392822266, -329.768920898, 130.848510742, -50.1940460205, 136.724746704, -262.102874756, 49.9201545715, -140.016479492, 0.75935959816], [121.592285156, -80.0077590942, 1273.29931641, 343.474090576, 171.237854004, 571.916015625, 197.822265625, 211.489730835, 176.36541748, 153.877044678, 42.571231842, 41.1050186157, -24.067773819], [1214.97143555, -321.94720459, 343.474090576, 780.34777832, 123.238517761, 259.770782471, 233.067474365, 172.168304443, 58.7012367249, 103.256370544, -19.7902946472, -74.4484939575, -43.1166534424], [703.955871582, 750.392822266, 171.237854004, 123.238517761, 669.03137207, -12.5467071533, 192.336608887, 92.0046844482, 105.919128418, -87.1289291382, 22.7522697449, -68.8098602295, -6.54284620285], [-50.2038078308, -329.768920898, 571.916015625, 259.770782471, -12.5467071533, 540.063049316, 89.37525177, 136.422149658, 81.4427261353, 118.176925659, -8.7466878891, 26.8070354462, -15.7433357239], [67.8742218018, 130.848510742, 197.822265625, 233.067474365, 192.336608887, 89.37525177, 238.196975708, 119.521438599, 98.71118927, 43.1418075562, 33.8562049866, -29.9904022217, 2.95389175415], [52.3209991455, -50.1940460205, 211.489730835, 172.168304443, 92.0046844482, 136.422149658, 119.521438599, 173.019851685, 109.185928345, 68.4973144531, 41.3865661621, 39.245388031, 12.2758903503], [-121.505607605, 136.724746704, 176.36541748, 58.7012367249, 105.919128418, 81.4427261353, 98.71118927, 109.185928345, 160.982574463, 48.5435562134, 47.4973258972, 32.4800605774, 28.3356437683], [110.527427673, -262.102874756, 153.877044678, 103.256370544, -87.1289291382, 118.176925659, 43.1418075562, 68.4973144531, 48.5435562134, 138.237213135, 46.8087654114, 53.9207954407, 15.1173667908], [-9.32658958435, 49.9201545715, 42.571231842, -19.7902946472, 22.7522697449, -8.7466878891, 33.8562049866, 41.3865661621, 47.4973258972, 46.8087654114, 93.9503250122, 62.8162231445, 26.7359962463], [-91.5486297607, -140.016479492, 41.1050186157, -74.4484939575, -68.8098602295, 26.8070354462, -29.9904022217, 39.245388031, 32.4800605774, 53.9207954407, 62.8162231445, 177.683319092, 80.1927108765], [-106.881874084, 0.75935959816, -24.067773819, -43.1166534424, -6.54284620285, -15.7433357239, 2.95389175415, 12.2758903503, 28.3356437683, 15.1173667908, 26.7359962463, 80.1927108765, 106.314353943]],
        "icov": [[0.000142388569657, -0.000302982982248, 4.40039693785e-005, -0.000455026340205, -7.15345013305e-005, 5.15544124937e-005, 0.000468410813482, -3.18933052768e-005, 0.000427631632192, -0.000744320976082, 0.000256516534137, -0.00031813539681, 0.000131958164275], [-0.000302982982248, 0.00337293744087, -0.000431927619502, 0.00197211443447, -0.00196168012917, 0.000567873823456, -0.00153801357374, 0.0018460432766, -0.00361153716221, 0.00488989567384, -0.00300385523587, 0.00245154532604, -0.00066025700653], [4.40039693785e-005, -0.000431927619502, 0.00183340802323, -0.000308892020257, -0.0001718702988, -0.00173555361107, -9.61043260759e-005, 9.83190475381e-005, -0.000218697081436, -0.00106591684744, 0.000130109314341, -0.000763927237131, 0.000814202881884], [-0.000455026340205, 0.00197211443447, -0.000308892020257, 0.00442250305787, -0.000652414979413, -0.000271581404377, -0.00351416156627, -0.00113005260937, -0.000748711288907, 0.00205491110682, -0.000329492409946, 0.00256413710304, -0.000544039707165], [-7.15345013305e-005, -0.00196168012917, -0.0001718702988, -0.000652414979413, 0.00456342054531, -0.000232324528042, -0.00149643863551, -0.00204630522057, 0.00104182958603, 0.00125308637507, 0.000519025605172, -0.00057260756148, 8.4290477389e-006], [5.15544124937e-005, 0.000567873823456, -0.00173555361107, -0.000271581404377, -0.000232324528042, 0.00474103633314, 0.000434394081822, -0.00109990197234, -0.000499496585689, -0.00112721545156, 0.00210033915937, -0.000132244982524, 0.00021240512433], [0.000468410813482, -0.00153801357374, -9.61043260759e-005, -0.00351416156627, -0.00149643863551, 0.000434394081822, 0.012587249279, -0.00369250634685, 0.000136345261126, -0.00431693438441, -0.00139459746424, 0.00249705347233, -0.00187149131671], [-3.18933052768e-005, 0.0018460432766, 9.83190475381e-005, -0.00113005260937, -0.00204630522057, -0.00109990197234, -0.00369250634685, 0.0181446056813, -0.00888964906335, 0.000906838395167, -0.00192068843171, -0.00343987345695, 0.00255546043627], [0.000427631632192, -0.00361153716221, -0.000218697081436, -0.000748711288907, 0.00104182958603, -0.000499496585689, 0.000136345261126, -0.00888964906335, 0.017992971465, -0.00702651543543, 0.00116995011922, -0.0009869314963, -0.00223087123595], [-0.000744320976082, 0.00488989567384, -0.00106591684744, 0.00205491110682, 0.00125308637507, -0.00112721545156, -0.00431693438441, 0.000906838395167, -0.00702651543543, 0.0248076785356, -0.0111772660166, 0.00244033941999, -0.000950359739363], [0.000256516534137, -0.00300385523587, 0.000130109314341, -0.000329492409946, 0.000519025605172, 0.00210033915937, -0.00139459746424, -0.00192068843171, 0.00116995011922, -0.0111772660166, 0.0235877875239, -0.00870544742793, 0.00269081885926], [-0.00031813539681, 0.00245154532604, -0.000763927237131, 0.00256413710304, -0.00057260756148, -0.000132244982524, 0.00249705347233, -0.00343987345695, -0.0009869314963, 0.00244033941999, -0.00870544742793, 0.0164221655577, -0.00947930198163], [0.000131958164275, -0.00066025700653, 0.000814202881884, -0.000544039707165, 8.4290477389e-006, 0.00021240512433, -0.00187149131671, 0.00255546043627, -0.00223087123595, -0.000950359739363, 0.00269081885926, -0.00947930198163, 0.0164992790669]]
    },
    "melbands": {
        "mean": [0.00141728844028, 0.00373594253324, 0.000419953168603, 0.000243132919422, 0.000792814069428, 0.000951799622271, 0.00049070676323, 0.000132080400363, 5.2173538279e-005, 3.01401250908e-005, 6.19149795966e-005, 4.29255305789e-005, 1.57498980116e-005, 2.45716582867e-005, 1.57420381584e-005, 2.00757021958e-005, 2.8456754535e-006, 2.37884046328e-006, 2.4402741019e-006, 2.20779566007e-006, 1.04013122382e-006, 2.57896772382e-007, 1.80310564701e-007, 9.8634529877e-008, 5.99848277716e-008, 5.62165993756e-008, 2.91902129135e-008, 2.13098818591e-008, 1.45066101354e-008, 1.17677894096e-008, 8.73434569115e-009, 1.09746824961e-008, 1.12711093792e-008, 1.11960316573e-008, 7.96060373176e-009, 5.75655212387e-009, 5.32751398552e-009, 4.08693745513e-009, 2.9805216073e-009, 2.81436829397e-009],
        "var": [2.50522862189e-005, 0.000192709281691, 1.83459167147e-006, 3.14025157877e-007, 7.40181167203e-006, 6.54634504826e-006, 1.14886529445e-006, 5.83546331256e-008, 9.0218206239e-009, 7.67798091772e-009, 1.54644368422e-008, 9.47927070172e-009, 1.0485515789e-009, 1.74345149428e-009, 1.20142085169e-009, 1.06844399994e-008, 3.36545097346e-011, 2.23927543175e-011, 3.26809031226e-011, 2.93557504694e-011, 5.57588220387e-012, 2.37548180996e-013, 1.25786479756e-013, 4.19108446407e-014, 2.26545466956e-014, 3.4404872343e-014, 1.39683686642e-014, 8.68788564988e-015, 4.18795196682e-015, 3.55685482288e-015, 4.06070559529e-015, 1.12115559417e-014, 1.32262983457e-014, 1.1967528612e-014, 7.23478792337e-015, 3.83132653207e-015, 3.3175197344e-015, 2.02453431657e-015, 9.51095709385e-016, 8.2327176726e-016]
    },
    "mfcc": {
        "mean": [-858.957763672, 220.702163696, 6.83360528946, -23.6963920593, -0.470559835434, -4.99940633774, -10.9993524551, -10.2090272903, -10.3000822067, -10.5010786057, -9.91683292389, -3.87848091125, 1.83065330982],
        "cov": [[6331.59033203, 2840.2746582, -919.948303223, 477.953399658, 734.427124023, 95.9506378174, 8.77370166779, 119.912567139, -55.7189941406, 3.40675473213, 103.208473206, 112.280418396, 85.0066223145], [2840.2746582, 2303.1105957, -302.090881348, 150.337478638, 615.933044434, 77.1787490845, 26.1929740906, 146.111099243, 69.0646820068, 52.5543556213, 112.144706726, 70.553062439, 74.7548675537], [-919.948303223, -302.090881348, 719.042236328, 127.947822571, -22.7884426117, 274.989532471, 150.440475464, 104.493614197, 159.78868103, 139.359786987, 148.539306641, 70.6448440552, -33.7124938965], [477.953399658, 150.337478638, 127.947822571, 427.177947998, 170.566986084, 115.033210754, 189.200897217, 139.762207031, 138.693084717, 128.652145386, 108.516319275, 112.083221436, 35.3896636963], [734.427124023, 615.933044434, -22.7884426117, 170.566986084, 347.411560059, 134.898971558, 91.2691955566, 141.555831909, 109.943107605, 71.2899780273, 78.7024917603, 74.9798278809, 49.1918792725], [95.9506378174, 77.1787490845, 274.989532471, 115.033210754, 134.898971558, 299.05480957, 152.233413696, 87.6662063599, 135.25982666, 110.996795654, 75.5844039917, 54.5604782104, -7.98212003708], [8.77370166779, 26.1929740906, 150.440475464, 189.200897217, 91.2691955566, 152.233413696, 191.574493408, 110.428062439, 111.374969482, 104.687515259, 73.4530563354, 67.9123687744, 14.9055089951], [119.912567139, 146.111099243, 104.493614197, 139.762207031, 141.555831909, 87.6662063599, 110.428062439, 169.415390015, 117.930236816, 58.7250137329, 81.6717453003, 75.6190795898, 41.6123352051], [-55.7189941406, 69.0646820068, 159.78868103, 138.693084717, 109.943107605, 135.25982666, 111.374969482, 117.930236816, 182.088012695, 119.057632446, 58.1129646301, 75.0593795776, 30.8977127075], [3.40675473213, 52.5543556213, 139.359786987, 128.652145386, 71.2899780273, 110.996795654, 104.687515259, 58.7250137329, 119.057632446, 146.696243286, 89.893737793, 58.122051239, 10.9929666519], [103.208473206, 112.144706726, 148.539306641, 108.516319275, 78.7024917603, 75.5844039917, 73.4530563354, 81.6717453003, 58.1129646301, 89.893737793, 156.152938843, 89.3545379639, -8.27496623993], [112.280418396, 70.553062439, 70.6448440552, 112.083221436, 74.9798278809, 54.5604782104, 67.9123687744, 75.6190795898, 75.0593795776, 58.122051239, 89.3545379639, 120.376609802, 32.5045700073], [85.0066223145, 74.7548675537, -33.7124938965, 35.3896636963, 49.1918792725, -7.98212003708, 14.9055089951, 41.6123352051, 30.8977127075, 10.9929666519, -8.27496623993, 32.5045700073, 116.262138367]],
        "icov": [[0.00132367794868, -0.00175629672594, 0.00247696298175, -0.00300976634026, 0.00337096722797, -0.00487889070064, 0.00471984222531, -0.00422319071367, 0.00449964450672, -0.00282463221811, 0.00166216306388, -0.00158530578483, 0.000573815312237], [-0.00175629672594, 0.00335337570868, -0.00310081639327, 0.00425430806354, -0.00680953264236, 0.00703229615465, -0.006666790694, 0.0069533791393, -0.00678810663521, 0.00465859565884, -0.00361284264363, 0.00292667048052, -0.00104804837611], [0.00247696298175, -0.00310081639327, 0.00859195180237, -0.00636885035783, 0.00902501679957, -0.0127785429358, 0.00960675720125, -0.00759276235476, 0.00463451584801, -0.00234068930149, -0.00231389049441, -0.000203917370527, 0.000284770940198], [-0.00300976634026, 0.00425430806354, -0.00636885035783, 0.0124705452472, -0.0105820922181, 0.0141277406365, -0.0163218025118, 0.0111347977072, -0.0110716335475, 0.00590922264382, -0.00381640484557, 0.00201496598311, -0.00107433239464], [0.00337096722797, -0.00680953264236, 0.00902501679957, -0.0105820922181, 0.0222217179835, -0.0198669973761, 0.0183151643723, -0.0208088625222, 0.014670683071, -0.0110900904983, 0.00619928957894, -0.00540996203199, 0.00118880695663], [-0.00487889070064, 0.00703229615465, -0.0127785429358, 0.0141277406365, -0.0198669973761, 0.0313813984394, -0.0282061304897, 0.0252015795559, -0.02440684475, 0.0156986154616, -0.00911485590041, 0.00785603467375, -0.00164678308647], [0.00471984222531, -0.006666790694, 0.00960675720125, -0.0163218025118, 0.0183151643723, -0.0282061304897, 0.0439157113433, -0.0381008982658, 0.0350084528327, -0.0328548811376, 0.0220456775278, -0.0144365634769, 0.00631848257035], [-0.00422319071367, 0.0069533791393, -0.00759276235476, 0.0111347977072, -0.0208088625222, 0.0252015795559, -0.0381008982658, 0.0616157948971, -0.0558728277683, 0.051079981029, -0.0406097769737, 0.0220109932125, -0.0126333693042], [0.00449964450672, -0.00678810663521, 0.00463451584801, -0.0110716335475, 0.014670683071, -0.02440684475, 0.0350084528327, -0.0558728277683, 0.0733222290874, -0.0618115477264, 0.0488392040133, -0.0306779574603, 0.011826807633], [-0.00282463221811, 0.00465859565884, -0.00234068930149, 0.00590922264382, -0.0110900904983, 0.0156986154616, -0.0328548811376, 0.051079981029, -0.0618115477264, 0.0698027685285, -0.0504888631403, 0.0279178936034, -0.0132796531543], [0.00166216306388, -0.00361284264363, -0.00231389049441, -0.00381640484557, 0.00619928957894, -0.00911485590041, 0.0220456775278, -0.0406097769737, 0.0488392040133, -0.0504888631403, 0.0548528656363, -0.0319359786808, 0.0146854817867], [-0.00158530578483, 0.00292667048052, -0.000203917370527, 0.00201496598311, -0.00540996203199, 0.00785603467375, -0.0144365634769, 0.0220109932125, -0.0306779574603, 0.0279178936034, -0.0319359786808, 0.0326241590083, -0.0104749547318], [0.000573815312237, -0.00104804837611, 0.000284770940198, -0.00107433239464, 0.00118880695663, -0.00164678308647, 0.00631848257035, -0.0126333693042, 0.011826807633, -0.0132796531543, 0.0146854817867, -0.0104749547318, 0.0144471433014]]
    },
    "spectral_contrast_coeffs": {
        "mean": [-0.587688088417, -0.659279704094, -0.732453763485, -0.751086711884, -0.770184159279, -0.826437473297],
        "var": [0.0118095315993, 0.00865270197392, 0.00476743886247, 0.00368386530317, 0.00336617976427, 0.00228050677106]
    },
    "spectral_contrast_valleys": {
        "mean": [-9.14140701294, -7.75574588776, -8.60234832764, -9.7548494339, -11.561255455, -14.6868019104],
        "var": [3.40892219543, 2.58382439613, 2.21681189537, 2.16944766045, 1.84775090218, 1.92751276493]
    }
},
"metadata": {
    "audio_properties": {
        "analysis_sample_rate": 44100,
        "bit_rate": 91414,
        "equal_loudness": 0,
        "length": 45.0612258911,
        "lossless": 0,
        "replay_gain": -8.14974212646,
        "sample_rate": 44100,
        "codec": "mp3",
        "downmix": "mix",
        "md5_encoded": "8e67ae4feae94c89f8a9bbfbd84b3c38"
    },
    "tags": {
        "file_name": "869.mp3"
    },
    "version": {
        "essentia": "2.1-beta2",
        "essentia_git_sha": "v2.1_beta2",
        "extractor": "music 1.0"
    }
},
"rhythm": {
    "beats_count": 85,
    "beats_loudness": {
        "mean": 0.125139653683,
        "var": 0.00866348110139
    },
    "bpm": 113.872291565,
    "bpm_histogram_first_peak_bpm": {
        "mean": 115,
        "var": 0
    },
    "bpm_histogram_first_peak_spread": {
        "mean": 0.475609749556,
        "var": 0
    },
    "bpm_histogram_first_peak_weight": {
        "mean": 0.511904776096,
        "var": 0
    },
    "bpm_histogram_second_peak_bpm": {
        "mean": 110,
        "var": 0
    },
    "bpm_histogram_second_peak_spread": {
        "mean": 0,
        "var": 0
    },
    "bpm_histogram_second_peak_weight": {
        "mean": 0.023809524253,
        "var": 0
    },
    "danceability": 1.51594507694,
    "onset_rate": 2.17383861542,
    "beats_loudness_band_ratio": {
        "mean": [0.508091509342, 0.363115251064, 0.118113532662, 0.0374337211251, 0.00390886189416, 0.000211677062907],
        "var": [0.191921800375, 0.141789630055, 0.0427732765675, 0.00365005386993, 6.52855524095e-005, 4.59585777435e-007]
    },
    "beats_position": [0.568888902664, 1.11455774307, 1.64861679077, 2.18267560005, 2.71673464775, 3.25079369545, 3.78485250473, 4.3073015213, 4.82975053787, 5.36380958557, 5.88625860214, 6.40870714188, 6.94276618958, 7.47682523727, 8.01088428497, 8.52172279358, 9.04417228699, 9.56662082672, 10.0890703201, 10.623128891, 11.1455783844, 11.6680269241, 12.1904764175, 12.7245349884, 13.2469835281, 13.7694330215, 14.3034915924, 14.8375511169, 15.3599996567, 15.8824491501, 16.4048976898, 16.9273471832, 17.4614048004, 17.9722442627, 18.4946937561, 19.0403633118, 19.574420929, 20.0968704224, 20.6193199158, 21.153377533, 21.6758270264, 22.1982765198, 22.7323360443, 23.2547836304, 23.7772331238, 24.3112926483, 24.8221302032, 25.3561897278, 25.8902492523, 26.4126987457, 26.9351463318, 27.4692058563, 27.9916553497, 28.5141029358, 29.0249423981, 29.5590019226, 30.0930614471, 30.6271190643, 31.1495685577, 31.6720180511, 32.1944656372, 32.7169151306, 33.2509727478, 33.7850341797, 34.3074836731, 34.8299331665, 35.3523788452, 35.8748283386, 36.4088897705, 36.9313354492, 37.4537849426, 37.9878463745, 38.5102958679, 39.0327415466, 39.5435829163, 40.0776405334, 40.6116981506, 41.1457595825, 41.6682090759, 42.1906585693, 42.7247161865, 43.2587738037, 43.7812232971, 44.3036727905, 44.8377304077]
},
"tonal": {
    "chords_changes_rate": 0.0514403283596,
    "chords_number_rate": 0.0113168722019,
    "chords_strength": {
        "mean": 0.482908546925,
        "var": 0.0108718359843
    },
    "hpcp_entropy": {
        "mean": 1.45801258087,
        "var": 0.587144970894
    },
    "key_strength": 0.614910185337,
    "tuning_diatonic_strength": 0.368651926517,
    "tuning_equal_tempered_deviation": 0.0712000057101,
    "tuning_frequency": 441.527557373,
    "tuning_nontempered_energy_ratio": 0.651396453381,
    "hpcp": {
        "mean": [0.0771909207106, 0.0370501875877, 0.0632453262806, 0.106061778963, 0.0696261674166, 0.0813295245171, 0.134224399924, 0.101938933134, 0.0402993261814, 0.0190824288875, 0.0245146099478, 0.133763566613, 0.204322516918, 0.0955625772476, 0.0669871494174, 0.0939279198647, 0.0525816120207, 0.0988040566444, 0.146722391248, 0.0894035249949, 0.139660075307, 0.179244741797, 0.104451939464, 0.106828831136, 0.106280885637, 0.0766208022833, 0.243963688612, 0.329164922237, 0.150396883488, 0.119383625686, 0.132659062743, 0.0533009618521, 0.138634979725, 0.215902686119, 0.101242259145, 0.0596323087811],
        "var": [0.0336459316313, 0.00577037641779, 0.0209357514977, 0.0564977154136, 0.0251469872892, 0.0216788109392, 0.0595030859113, 0.0465916283429, 0.0113141890615, 0.00778157729656, 0.0114034740254, 0.0472188033164, 0.112713448703, 0.0235644839704, 0.0273626185954, 0.0598385073245, 0.0168198179454, 0.0345815420151, 0.0673624202609, 0.025021430105, 0.0575034692883, 0.101019240916, 0.0278919935226, 0.060607150197, 0.0547988191247, 0.031715542078, 0.0971178337932, 0.165416017175, 0.0405242033303, 0.0618119314313, 0.0864898785949, 0.0120879113674, 0.0441774353385, 0.110656321049, 0.0255704130977, 0.0171081703156]
    },
    "chords_histogram": [8.43621444702, 11.5226335526, 13.4773664474, 0, 5.14403295517, 3.29218101501, 0.308641970158, 0, 0, 0, 0, 0, 0, 2.67489719391, 0, 0, 17.4897117615, 0.514403283596, 0.411522626877, 2.05761313438, 4.93827152252, 20.267490387, 9.46502017975, 0],
    "thpcp": [1, 0.456904351711, 0.362686365843, 0.403017014265, 0.161927834153, 0.421171784401, 0.655910372734, 0.307573050261, 0.181162402034, 0.234505310655, 0.11255812645, 0.192138716578, 0.322214692831, 0.211523652077, 0.247078344226, 0.407772481441, 0.309689551592, 0.12242898345, 0.0579722449183, 0.0744751617312, 0.406372487545, 0.620729923248, 0.290318220854, 0.203506335616, 0.285352140665, 0.159742459655, 0.30016580224, 0.445741266012, 0.271607071161, 0.424286007881, 0.544543862343, 0.31732404232, 0.324544996023, 0.322880357504, 0.232773289084, 0.741159439087],
    "chords_key": "C#",
    "chords_scale": "minor",
    "key_key": "B",
    "key_scale": "major"
}
}