{
"lowlevel": {
    "average_loudness": 0.98275321722,
    "barkbands_crest": {
        "mean": 10.2800617218,
        "var": 18.7737998962
    },
    "barkbands_flatness_db": {
        "mean": 0.245273664594,
        "var": 0.00204847985879
    },
    "barkbands_kurtosis": {
        "mean": 4.29593229294,
        "var": 43.8137969971
    },
    "barkbands_skewness": {
        "mean": 1.47691750526,
        "var": 1.27784645557
    },
    "barkbands_spread": {
        "mean": 11.8259601593,
        "var": 56.079208374
    },
    "dissonance": {
        "mean": 0.461665898561,
        "var": 0.000650604488328
    },
    "dynamic_complexity": 1.11152100563,
    "erbbands_crest": {
        "mean": 8.97556400299,
        "var": 26.0759162903
    },
    "erbbands_flatness_db": {
        "mean": 0.264818996191,
        "var": 0.00160192360636
    },
    "erbbands_kurtosis": {
        "mean": 0.0546940602362,
        "var": 4.341796875
    },
    "erbbands_skewness": {
        "mean": 0.257257610559,
        "var": 0.573186337948
    },
    "erbbands_spread": {
        "mean": 25.6138801575,
        "var": 104.635231018
    },
    "hfc": {
        "mean": 22.0723304749,
        "var": 340.168670654
    },
    "melbands_crest": {
        "mean": 13.9213037491,
        "var": 33.0038566589
    },
    "melbands_flatness_db": {
        "mean": 0.323311686516,
        "var": 0.00376541307196
    },
    "melbands_kurtosis": {
        "mean": 9.47104167938,
        "var": 123.345848083
    },
    "melbands_skewness": {
        "mean": 2.24351382256,
        "var": 1.72347307205
    },
    "melbands_spread": {
        "mean": 15.8578300476,
        "var": 254.618057251
    },
    "pitch_salience": {
        "mean": 0.619459867477,
        "var": 0.0145657593384
    },
    "silence_rate_20dB": {
        "mean": 1,
        "var": 0
    },
    "silence_rate_30dB": {
        "mean": 1,
        "var": 0
    },
    "silence_rate_60dB": {
        "mean": 0.00257334019989,
        "var": 0.0025667718146
    },
    "spectral_centroid": {
        "mean": 791.713928223,
        "var": 454727.03125
    },
    "spectral_complexity": {
        "mean": 23.0097789764,
        "var": 47.7483596802
    },
    "spectral_decrease": {
        "mean": -1.06240900521e-008,
        "var": 7.3269011682e-018
    },
    "spectral_energy": {
        "mean": 0.0420997515321,
        "var": 0.000111067347461
    },
    "spectral_energyband_high": {
        "mean": 5.02990878886e-005,
        "var": 4.90736731251e-008
    },
    "spectral_energyband_low": {
        "mean": 0.0120869027451,
        "var": 8.97672871361e-005
    },
    "spectral_energyband_middle_high": {
        "mean": 0.00811806041747,
        "var": 8.41957735247e-005
    },
    "spectral_energyband_middle_low": {
        "mean": 0.0257102698088,
        "var": 0.00014128460316
    },
    "spectral_entropy": {
        "mean": 6.83454179764,
        "var": 0.150769159198
    },
    "spectral_flux": {
        "mean": 0.0879498273134,
        "var": 0.000899315054994
    },
    "spectral_kurtosis": {
        "mean": 20.3737716675,
        "var": 220.995269775
    },
    "spectral_rms": {
        "mean": 0.00634997524321,
        "var": 7.50717617848e-007
    },
    "spectral_rolloff": {
        "mean": 890.88269043,
        "var": 1107828.875
    },
    "spectral_skewness": {
        "mean": 2.56148219109,
        "var": 1.32991087437
    },
    "spectral_spread": {
        "mean": 1762949.375,
        "var": 2.69382084198e+012
    },
    "spectral_strongpeak": {
        "mean": 1.54631006718,
        "var": 7.2493481636
    },
    "zerocrossingrate": {
        "mean": 0.0295097287744,
        "var": 0.000964468112215
    },
    "barkbands": {
        "mean": [2.43585018325e-005, 0.00495101884007, 0.00346232717857, 0.00754805793986, 0.00792638398707, 0.00311749521643, 0.00261207739823, 0.00192195374984, 0.00215615378693, 0.00158163928427, 0.00189489114564, 0.000691917084623, 0.000574623525608, 0.000693563721143, 0.00057738594478, 0.000866802292876, 0.000309929630021, 0.000105607177829, 0.00102197693195, 2.71449607681e-005, 2.66360711976e-005, 4.01946090278e-006, 1.98080579139e-006, 1.12924158202e-006, 4.75440401715e-007, 2.48156197813e-007, 2.55060541576e-008],
        "var": [1.22601129249e-009, 3.01452273561e-005, 2.14004576264e-005, 8.33770245663e-005, 7.78912581154e-005, 8.00171801529e-006, 1.23769023048e-005, 5.40952896699e-006, 5.89736782786e-006, 4.50804600405e-006, 1.51926233229e-005, 1.30026899114e-006, 8.65569006692e-007, 8.30160217902e-007, 4.79867480863e-007, 1.20846391383e-006, 2.60530384821e-007, 2.26505569856e-008, 2.47829448199e-005, 1.58001114414e-008, 1.99975058734e-008, 1.50473120075e-010, 6.09305245147e-011, 3.9662929191e-011, 1.07856527529e-011, 5.62725473857e-012, 9.82552255703e-014]
    },
    "erbbands": {
        "mean": [0.0672314465046, 1.35005223751, 3.78729152679, 16.0487422943, 25.2999324799, 30.6533527374, 18.0542449951, 28.0438041687, 28.9076385498, 56.9936485291, 33.1264801025, 55.7644844055, 40.8374786377, 88.3851699829, 46.2381210327, 28.4972820282, 26.9135284424, 31.5791492462, 29.8199062347, 47.3300666809, 37.1006126404, 17.7438259125, 8.02932167053, 55.6214103699, 16.5275745392, 1.6590514183, 1.04903948307, 1.00721168518, 0.175626590848, 0.109288707376, 0.0426967069507, 0.0248748585582, 0.0177722331136, 0.00696889683604, 0.00268567050807, 0.0011656160932, 0.000434483052231, 0.000101057827123, 2.4078595743e-005, 4.81179195049e-005],
        "var": [0.00557208713144, 2.20951938629, 13.4731044769, 266.190856934, 547.15814209, 1359.41113281, 256.184112549, 638.333435059, 1017.76000977, 6359.171875, 1143.72485352, 4533.96142578, 1959.64379883, 34126.2539063, 4074.37670898, 2118.40600586, 1814.35180664, 2036.40686035, 1245.94812012, 3346.66040039, 2071.76977539, 776.021179199, 114.084846497, 72730.140625, 4835.42041016, 35.3628158569, 24.9735450745, 29.8081207275, 0.375844150782, 0.1271225214, 0.032463259995, 0.0150354485959, 0.0114203691483, 0.00243269419298, 0.000300106563373, 9.33038099902e-005, 1.75808036147e-005, 1.14962927e-006, 1.91027371699e-009, 1.52310900003e-010]
    },
    "gfcc": {
        "mean": [-52.7150192261, 205.287612915, -145.588607788, 6.07153701782, -23.1919784546, -11.2355127335, -29.9190120697, -3.69852995872, -9.37023353577, -20.484336853, -8.22230815887, -14.5023450851, -1.61728954315],
        "cov": [[3798.57543945, -268.491394043, -796.189147949, 203.741104126, -340.45614624, 3.62231016159, -87.7057800293, 82.9712677002, -124.633293152, 33.1460914612, -66.7458572388, 7.52350711823, -59.1301994324], [-268.491394043, 871.805236816, 52.4885444641, -328.446807861, 308.649230957, -47.8591842651, -42.1161155701, -7.64650392532, 172.760513306, -57.5081558228, 83.0371932983, -28.6743335724, 59.108707428], [-796.189147949, 52.4885444641, 817.229248047, 116.892242432, -66.7777938843, 145.26210022, -90.5098419189, -84.408821106, 15.0971956253, 33.0063209534, -57.5231819153, -4.72471904755, 25.9253921509], [203.741104126, -328.446807861, 116.892242432, 487.056549072, -137.947662354, -40.8891105652, 151.197891235, -58.0404205322, -129.365081787, 35.3229103088, -29.0816268921, -28.2895870209, -4.28624343872], [-340.45614624, 308.649230957, -66.7777938843, -137.947662354, 277.815673828, -13.0465555191, 42.3248596191, 32.9501724243, 57.9488716125, -34.4302177429, 56.6417999268, 1.7253152132, -6.31745767593], [3.62231016159, -47.8591842651, 145.26210022, -40.8891105652, -13.0465555191, 182.963745117, -36.1099090576, 6.58390426636, 31.2899112701, 12.6507940292, -35.3450889587, 26.0364685059, 9.72282505035], [-87.7057800293, -42.1161155701, -90.5098419189, 151.197891235, 42.3248596191, -36.1099090576, 200.499435425, 8.43866920471, -33.6001739502, 0.996051073074, 7.91071224213, -8.19306278229, 5.20130729675], [82.9712677002, -7.64650392532, -84.408821106, -58.0404205322, 32.9501724243, 6.58390426636, 8.43866920471, 92.6174240112, 48.1181373596, 20.7354488373, 30.3480148315, 8.40230560303, -29.3101577759], [-124.633293152, 172.760513306, 15.0971956253, -129.365081787, 57.9488716125, 31.2899112701, -33.6001739502, 48.1181373596, 130.074172974, 27.5725746155, 39.2503433228, 5.24671792984, -10.156835556], [33.1460914612, -57.5081558228, 33.0063209534, 35.3229103088, -34.4302177429, 12.6507940292, 0.996051073074, 20.7354488373, 27.5725746155, 63.6026649475, 8.26464748383, 7.92863416672, -6.16974544525], [-66.7458572388, 83.0371932983, -57.5231819153, -29.0816268921, 56.6417999268, -35.3450889587, 7.91071224213, 30.3480148315, 39.2503433228, 8.26464748383, 79.8662948608, 10.8804426193, -17.296503067], [7.52350711823, -28.6743335724, -4.72471904755, -28.2895870209, 1.7253152132, 26.0364685059, -8.19306278229, 8.40230560303, 5.24671792984, 7.92863416672, 10.8804426193, 50.610042572, 22.7105636597], [-59.1301994324, 59.108707428, 25.9253921509, -4.28624343872, -6.31745767593, 9.72282505035, 5.20130729675, -29.3101577759, -10.156835556, -6.16974544525, -17.296503067, 22.7105636597, 88.1354675293]],
        "icov": [[0.00158491521142, -0.00396852055565, 0.00317819043994, -0.00360329938121, 0.00354228145443, -0.00287822517566, 0.00314150657505, -0.00357083929703, 0.00389522407204, -0.00165846967138, 0.00339542608708, -0.0043829404749, 0.00394177017733], [-0.00396852055565, 0.0153022343293, -0.00891482178122, 0.0108999498188, -0.0125007564202, 0.00906955171376, -0.00805670954287, 0.0118817826733, -0.0152027215809, 0.00667113205418, -0.0112689472735, 0.0167082063854, -0.0150441760197], [0.00317819043994, -0.00891482178122, 0.00857806298882, -0.00878822430968, 0.00720265926793, -0.00749910529703, 0.00776833621785, -0.0059585752897, 0.00756367202848, -0.00436667213216, 0.00785136409104, -0.00942216720432, 0.00859859026968], [-0.00360329938121, 0.0108999498188, -0.00878822430968, 0.0153162777424, -0.00695687392727, 0.00718740792945, -0.012086304836, 0.0107529573143, -0.00539724435657, 0.000291156145977, -0.011428645812, 0.0147257130593, -0.0100388862193], [0.00354228145443, -0.0125007564202, 0.00720265926793, -0.00695687392727, 0.0169557947665, -0.00794422347099, 0.00372869824059, -0.0101045388728, 0.0115418611094, -0.00197077775374, 0.00546521833166, -0.0126330861822, 0.0123345358297], [-0.00287822517566, 0.00906955171376, -0.00749910529703, 0.00718740792945, -0.00794422347099, 0.0150545798242, -0.00570940040052, 0.00607612775639, -0.0120734516531, 0.00458051031455, -0.00069396791514, 0.00349826575257, -0.0074390633963], [0.00314150657505, -0.00805670954287, 0.00776833621785, -0.012086304836, 0.00372869824059, -0.00570940040052, 0.0162353683263, -0.00948989484459, 0.00709717581049, -0.00272764498368, 0.00830606557429, -0.00881207920611, 0.00594878243282], [-0.00357083929703, 0.0118817826733, -0.0059585752897, 0.0107529573143, -0.0101045388728, 0.00607612775639, -0.00948989484459, 0.029285704717, -0.0156032554805, 2.58531072177e-005, -0.0109988609329, 0.0100907580927, -0.00573895545676], [0.00389522407204, -0.0152027215809, 0.00756367202848, -0.00539724435657, 0.0115418611094, -0.0120734516531, 0.00709717581049, -0.0156032554805, 0.034631986171, -0.0160703975707, 0.00291371392086, -0.00935374293476, 0.0127212731168], [-0.00165846967138, 0.00667113205418, -0.00436667213216, 0.000291156145977, -0.00197077775374, 0.00458051031455, -0.00272764498368, 2.58531072177e-005, -0.0160703975707, 0.0295409746468, -0.00431482028216, 0.00162062281743, -0.00581347523257], [0.00339542608708, -0.0112689472735, 0.00785136409104, -0.011428645812, 0.00546521833166, -0.00069396791514, 0.00830606557429, -0.0109988609329, 0.00291371392086, -0.00431482028216, 0.0333272255957, -0.0230910796672, 0.0158148705959], [-0.0043829404749, 0.0167082063854, -0.00942216720432, 0.0147257130593, -0.0126330861822, 0.00349826575257, -0.00881207920611, 0.0100907580927, -0.00935374293476, 0.00162062281743, -0.0230910796672, 0.0503489524126, -0.0265438295901], [0.00394177017733, -0.0150441760197, 0.00859859026968, -0.0100388862193, 0.0123345358297, -0.0074390633963, 0.00594878243282, -0.00573895545676, 0.0127212731168, -0.00581347523257, 0.0158148705959, -0.0265438295901, 0.0315103158355]]
    },
    "melbands": {
        "mean": [0.00102430209517, 0.00202007871121, 0.00303761684336, 0.00221321335994, 0.00074303674046, 0.000635537609924, 0.000439093942987, 0.000599317951128, 0.000271108467132, 0.000329371221596, 0.000187285098946, 0.000343038205756, 0.000195507862372, 8.48489726195e-005, 6.25242319074e-005, 5.3617030062e-005, 6.10024289927e-005, 5.11077487317e-005, 4.62913740193e-005, 7.42037082091e-005, 3.51600101567e-005, 2.04838361242e-005, 7.6014221122e-006, 4.90001548314e-006, 5.25867799297e-005, 2.79907926597e-005, 1.31185208829e-006, 8.10719654964e-007, 6.28362442967e-007, 7.23857624507e-007, 4.97960741086e-007, 8.5986478382e-008, 5.67342333113e-008, 6.03265775112e-008, 2.46598812481e-008, 1.60876840738e-008, 1.48148959767e-008, 1.42136631354e-008, 8.42497005493e-009, 4.82035655835e-009],
        "var": [1.27084024371e-006, 3.7187696762e-006, 9.20608181332e-006, 5.87227987126e-006, 4.05535217851e-007, 3.04247663507e-007, 2.41504864107e-007, 6.25225595741e-007, 8.55459418858e-008, 1.46676768509e-007, 4.61185294398e-008, 4.94110565796e-007, 9.46453937445e-008, 1.87493114367e-008, 1.17772156472e-008, 6.82485579162e-009, 8.10953615371e-009, 4.24658175291e-009, 2.83795809075e-009, 9.08128949817e-009, 1.97875493768e-009, 1.29112287528e-009, 9.37970812132e-011, 5.50302060864e-011, 6.70664803692e-008, 1.75803673841e-008, 2.3500054333e-011, 1.62456836178e-011, 9.31573655022e-012, 1.71325696685e-011, 7.07025800753e-012, 9.91554454104e-014, 3.67840828598e-014, 4.92375508854e-014, 1.42766573167e-014, 4.15444800211e-015, 6.74325343353e-015, 7.52064121428e-015, 3.30775196221e-015, 1.1726799519e-015]
    },
    "mfcc": {
        "mean": [-689.961364746, 235.410232544, -43.1531295776, 19.4279308319, 17.4297924042, -3.06247735023, -6.39191770554, 6.79951238632, -0.199704989791, -0.140001788735, -3.56911611557, -9.23157405853, -4.09080791473],
        "cov": [[1980.98144531, -481.541107178, -549.13067627, 147.686737061, -329.117980957, -17.6216049194, -21.2424964905, -10.0835466385, 1.24924123287, 10.7132940292, -17.0100307465, 8.63563251495, -29.3918418884], [-481.541107178, 1020.89147949, -142.720977783, -317.583007813, 343.611816406, -126.21056366, -94.4513931274, 60.6921234131, 6.381919384, -0.753853619099, 93.0710372925, 22.6672706604, 61.6607208252], [-549.13067627, -142.720977783, 811.722045898, 98.8084869385, 40.7393913269, 158.484725952, -12.5928945541, -70.6042098999, 19.7576293945, 14.6212787628, -82.7296295166, 35.9647293091, -13.685541153], [147.686737061, -317.583007813, 98.8084869385, 430.6484375, -174.359268188, 60.8922309875, 129.960296631, -71.6081161499, 6.72256040573, 7.74204015732, -54.3061676025, -18.305480957, -52.2763633728], [-329.117980957, 343.611816406, 40.7393913269, -174.359268188, 257.606201172, -17.1913852692, -40.7062492371, 52.1594963074, -14.1727085114, 7.46223926544, 55.5710067749, 11.2051620483, 40.3112068176], [-17.6216049194, -126.21056366, 158.484725952, 60.8922309875, -17.1913852692, 126.511955261, 47.5571403503, -5.82474184036, 29.5505199432, -8.71311664581, -35.987865448, 12.1092128754, -8.00189971924], [-21.2424964905, -94.4513931274, -12.5928945541, 129.960296631, -40.7062492371, 47.5571403503, 134.138336182, 11.8215436935, 25.2988739014, -2.99596142769, -22.5339813232, -15.3547267914, -19.1390476227], [-10.0835466385, 60.6921234131, -70.6042098999, -71.6081161499, 52.1594963074, -5.82474184036, 11.8215436935, 83.295753479, 0.91447275877, 14.3516492844, 41.4548721313, -16.9675617218, 31.0640563965], [1.24924123287, 6.381919384, 19.7576293945, 6.72256040573, -14.1727085114, 29.5505199432, 25.2988739014, 0.91447275877, 83.1003646851, 4.28398227692, -19.4951553345, 31.3057575226, -5.38467216492], [10.7132940292, -0.753853619099, 14.6212787628, 7.74204015732, 7.46223926544, -8.71311664581, -2.99596142769, 14.3516492844, 4.28398227692, 53.5751953125, 40.8217391968, 11.5943832397, 22.9067382813], [-17.0100307465, 93.0710372925, -82.7296295166, -54.3061676025, 55.5710067749, -35.987865448, -22.5339813232, 41.4548721313, -19.4951553345, 40.8217391968, 102.815750122, 12.503241539, 44.1569976807], [8.63563251495, 22.6672706604, 35.9647293091, -18.305480957, 11.2051620483, 12.1092128754, -15.3547267914, -16.9675617218, 31.3057575226, 11.5943832397, 12.503241539, 66.9400253296, 15.7500972748], [-29.3918418884, 61.6607208252, -13.685541153, -52.2763633728, 40.3112068176, -8.00189971924, -19.1390476227, 31.0640563965, -5.38467216492, 22.9067382813, 44.1569976807, 15.7500972748, 61.3790931702]],
        "icov": [[0.00104968156666, 0.00020770469564, 0.0010908372933, -0.000492052815389, 0.000752377498429, -0.0010819635354, 0.00158942502458, -0.00107385707088, 0.000579017563723, -0.00119577511214, 0.00109909463208, -0.00115674978588, 0.000525220879354], [0.00020770469564, 0.00243677198887, 0.000418873503804, 0.000210667756619, -0.00293406192213, 0.00168505497277, 0.000243837072048, 0.00116506789345, -0.00187465839554, 0.000921470520552, -0.000408600841183, 0.000496170308907, -0.00078435492469], [0.0010908372933, 0.000418873503804, 0.00356485322118, -0.00111781898886, -0.000874708406627, -0.00402616709471, 0.00322475307621, 0.00018077356799, 0.00111435248982, -0.0041302847676, 0.00368993822485, -0.00139733834658, 0.000251147546805], [-0.000492052815389, 0.000210667756619, -0.00111781898886, 0.00643028412014, 0.00179507990833, 0.000405637838412, -0.00657807663083, 0.0058869374916, 0.000613348907791, -0.00178768951446, -0.00193544512149, 0.0023110290058, 0.000143904791912], [0.000752377498429, -0.00293406192213, -0.000874708406627, 0.00179507990833, 0.0112777333707, -0.00217390642501, -0.000295607867884, -0.00433550868183, 0.00376189616509, -1.09502752821e-005, -0.0016479215119, -0.00254192599095, 0.0012254366884], [-0.0010819635354, 0.00168505497277, -0.00402616709471, 0.000405637838412, -0.00217390642501, 0.017481604591, -0.00618403730914, -0.00111807440408, -0.00400376087055, 0.00633772742003, -0.000369682034943, -0.00121161493007, -0.00255839433521], [0.00158942502458, 0.000243837072048, 0.00322475307621, -0.00657807663083, -0.000295607867884, -0.00618403730914, 0.0188474841416, -0.00863800849766, -0.00241219229065, -0.00170244125184, 0.00369148282334, -0.000530309625901, 0.00317336735316], [-0.00107385707088, 0.00116506789345, 0.00018077356799, 0.0058869374916, -0.00433550868183, -0.00111807440408, -0.00863800849766, 0.0325354337692, -0.00788162555546, -0.000320926192217, -0.00973350089043, 0.0165771935135, -0.0109115596861], [0.000579017563723, -0.00187465839554, 0.00111435248982, 0.000613348907791, 0.00376189616509, -0.00400376087055, -0.00241219229065, -0.00788162555546, 0.0232184827328, -0.00764756789431, 0.00922006741166, -0.014815271832, 0.00523509737104], [-0.00119577511214, 0.000921470520552, -0.0041302847676, -0.00178768951446, -1.09502752821e-005, 0.00633772742003, -0.00170244125184, -0.000320926192217, -0.00764756789431, 0.0372443534434, -0.0171127393842, 0.00173213565722, -0.00618064915761], [0.00109909463208, -0.000408600841183, 0.00368993822485, -0.00193544512149, -0.0016479215119, -0.000369682034943, 0.00369148282334, -0.00973350089043, 0.00922006741166, -0.0171127393842, 0.029202574864, -0.00962573569268, -0.00412099296227], [-0.00115674978588, 0.000496170308907, -0.00139733834658, 0.0023110290058, -0.00254192599095, -0.00121161493007, -0.000530309625901, 0.0165771935135, -0.014815271832, 0.00173213565722, -0.00962573569268, 0.0317124351859, -0.00959804467857], [0.000525220879354, -0.00078435492469, 0.000251147546805, 0.000143904791912, 0.0012254366884, -0.00255839433521, 0.00317336735316, -0.0109115596861, 0.00523509737104, -0.00618064915761, -0.00412099296227, -0.00959804467857, 0.031077215448]]
    },
    "spectral_contrast_coeffs": {
        "mean": [-0.582680284977, -0.736901462078, -0.777413129807, -0.809308826923, -0.703641474247, -0.759345173836],
        "var": [0.00590196019039, 0.00357820745558, 0.00271749100648, 0.00115976063535, 0.00719270668924, 0.00339588755742]
    },
    "spectral_contrast_valleys": {
        "mean": [-6.80208587646, -6.0793595314, -6.53234004974, -6.93968582153, -8.71416187286, -12.5048732758],
        "var": [1.0456635952, 1.01149368286, 1.00700211525, 1.01721549034, 1.32215166092, 0.861122369766]
    }
},
"metadata": {
    "audio_properties": {
        "analysis_sample_rate": 44100,
        "bit_rate": 117457,
        "equal_loudness": 0,
        "length": 45.0873451233,
        "lossless": 0,
        "replay_gain": -15.2928886414,
        "sample_rate": 44100,
        "codec": "mp3",
        "downmix": "mix",
        "md5_encoded": "32ed2a6842637f8e2ed3cf15fe0105b0"
    },
    "tags": {
        "file_name": "87.mp3"
    },
    "version": {
        "essentia": "2.1-beta2",
        "essentia_git_sha": "v2.1_beta2",
        "extractor": "music 1.0"
    }
},
"rhythm": {
    "beats_count": 78,
    "beats_loudness": {
        "mean": 0.0431648418307,
        "var": 9.23905026866e-005
    },
    "bpm": 95.5854034424,
    "bpm_histogram_first_peak_bpm": {
        "mean": 96,
        "var": 0
    },
    "bpm_histogram_first_peak_spread": {
        "mean": 0.4571428895,
        "var": 0
    },
    "bpm_histogram_first_peak_weight": {
        "mean": 0.246753245592,
        "var": 0
    },
    "bpm_histogram_second_peak_bpm": {
        "mean": 133,
        "var": 0
    },
    "bpm_histogram_second_peak_spread": {
        "mean": 0.299999982119,
        "var": 0
    },
    "bpm_histogram_second_peak_weight": {
        "mean": 0.181818187237,
        "var": 0
    },
    "danceability": 1.22638130188,
    "onset_rate": 1.79581928253,
    "beats_loudness_band_ratio": {
        "mean": [0.362757414579, 0.253574460745, 0.176478534937, 0.158588141203, 0.0677947849035, 0.0385992601514],
        "var": [0.0536566190422, 0.0414284728467, 0.017937252298, 0.0299295950681, 0.00416755536571, 0.0181131083518]
    },
    "beats_position": [0.638548731804, 1.28870749474, 1.93886613846, 2.60063481331, 3.22757363319, 3.85451245308, 4.5046710968, 5.13160991669, 5.75854873657, 6.40870714188, 7.04725599289, 7.67419481277, 8.28952407837, 8.893242836, 9.52018165588, 10.1471195221, 10.774058342, 11.4009971619, 11.8886165619, 12.3762359619, 12.8754644394, 13.3630838394, 13.8623123169, 14.3383216858, 14.8143310547, 15.2787294388, 15.7431287766, 16.1959171295, 16.6487064362, 17.1014957428, 17.5658950806, 18.0186843872, 18.4714736938, 18.9242630005, 19.3886623383, 19.8646717072, 20.3406791687, 20.8050785065, 21.2578678131, 21.7106571198, 22.1634464264, 22.616235733, 23.0690250397, 23.5218143463, 23.9629936218, 24.4157810211, 24.8685703278, 25.4955101013, 26.1108379364, 26.7261676788, 27.353105545, 27.9800453186, 28.5953731537, 29.2107028961, 29.8260307312, 30.4413604736, 31.0566883087, 31.7881164551, 32.5311546326, 33.2741928101, 34.0172348022, 34.7486610413, 35.480091095, 36.1070289612, 36.7339668274, 37.3841247559, 38.034286499, 38.6612243652, 39.2881622314, 39.9151000977, 40.5420417786, 41.1689796448, 41.703037262, 42.2254867554, 42.7595443726, 43.281993866, 43.8160552979, 44.3385009766]
},
"tonal": {
    "chords_changes_rate": 0.0565843619406,
    "chords_number_rate": 0.0102880662307,
    "chords_strength": {
        "mean": 0.539086937904,
        "var": 0.00508503383026
    },
    "hpcp_entropy": {
        "mean": 2.08756446838,
        "var": 0.619977355003
    },
    "key_strength": 0.829772293568,
    "tuning_diatonic_strength": 0.600025057793,
    "tuning_equal_tempered_deviation": 0.121583096683,
    "tuning_frequency": 440.763122559,
    "tuning_nontempered_energy_ratio": 0.733986020088,
    "hpcp": {
        "mean": [0.279783368111, 0.18380394578, 0.110275067389, 0.0986025780439, 0.0579510331154, 0.108313575387, 0.221130907536, 0.188540354371, 0.159398645163, 0.234457209706, 0.164859965444, 0.094468921423, 0.107535600662, 0.0772349610925, 0.055184494704, 0.0743364691734, 0.0958401337266, 0.124468117952, 0.141301497817, 0.140109553933, 0.280568748713, 0.470258265734, 0.338353782892, 0.131676033139, 0.107085771859, 0.10047288239, 0.095094487071, 0.0909188911319, 0.0783290416002, 0.0815003886819, 0.101103961468, 0.0895106121898, 0.109556429088, 0.134850919247, 0.103959046304, 0.183787971735],
        "var": [0.130197003484, 0.0519180782139, 0.0390365980566, 0.0448734089732, 0.0103711411357, 0.0225961450487, 0.0866534337401, 0.0623093992472, 0.0434807129204, 0.130962461233, 0.0635213330388, 0.0227420590818, 0.0392793044448, 0.0239022038877, 0.0125780068338, 0.0194675028324, 0.0319684371352, 0.0509275831282, 0.0606013722718, 0.0431459732354, 0.0718435123563, 0.148870542645, 0.0897534713149, 0.0390259250998, 0.0377180948853, 0.0331110358238, 0.0338975265622, 0.0324106402695, 0.0226813554764, 0.020738452673, 0.0261579398066, 0.0215305779129, 0.0373585559428, 0.0533154085279, 0.0297278054059, 0.0604266710579]
    },
    "chords_histogram": [18.8271598816, 13.9917697906, 1.44032919407, 0, 0, 0, 0, 30.7613162994, 1.54320991039, 22.2222213745, 0, 1.13168728352, 3.90946507454, 0, 0, 4.21810722351, 0, 1.95473253727, 0, 0, 0, 0, 0, 0],
    "thpcp": [1, 0.719506323338, 0.280007898808, 0.227716937661, 0.21365468204, 0.202217578888, 0.193338215351, 0.16656601429, 0.173309847713, 0.214996665716, 0.190343514085, 0.232970774174, 0.286759287119, 0.221067979932, 0.390823483467, 0.594956815243, 0.390857458115, 0.234498947859, 0.209677502513, 0.123232357204, 0.23032784462, 0.470232903957, 0.400929391384, 0.338959783316, 0.498571157455, 0.350573241711, 0.200887322426, 0.228673487902, 0.164239451289, 0.117349334061, 0.158075839281, 0.203803181648, 0.264680325985, 0.300476372242, 0.297941714525, 0.596626937389],
    "chords_key": "A",
    "chords_scale": "major",
    "key_key": "A",
    "key_scale": "minor"
}
}