{
"lowlevel": {
    "average_loudness": 0.953930556774,
    "barkbands_crest": {
        "mean": 10.6441068649,
        "var": 16.4182815552
    },
    "barkbands_flatness_db": {
        "mean": 0.0953375846148,
        "var": 0.00171639001928
    },
    "barkbands_kurtosis": {
        "mean": 3.64614677429,
        "var": 12.2480049133
    },
    "barkbands_skewness": {
        "mean": 1.80947983265,
        "var": 0.525008678436
    },
    "barkbands_spread": {
        "mean": 23.5156517029,
        "var": 108.720077515
    },
    "dissonance": {
        "mean": 0.470069169998,
        "var": 0.000615440367255
    },
    "dynamic_complexity": 1.4443385601,
    "erbbands_crest": {
        "mean": 6.38375473022,
        "var": 7.32758235931
    },
    "erbbands_flatness_db": {
        "mean": 0.115729615092,
        "var": 0.000529038021341
    },
    "erbbands_kurtosis": {
        "mean": -0.385114312172,
        "var": 0.141457751393
    },
    "erbbands_skewness": {
        "mean": 0.405145704746,
        "var": 0.131721973419
    },
    "erbbands_spread": {
        "mean": 47.1636657715,
        "var": 68.6711120605
    },
    "hfc": {
        "mean": 27.5152835846,
        "var": 235.306213379
    },
    "melbands_crest": {
        "mean": 13.8818178177,
        "var": 20.3775291443
    },
    "melbands_flatness_db": {
        "mean": 0.164924174547,
        "var": 0.00218653911725
    },
    "melbands_kurtosis": {
        "mean": 11.8843946457,
        "var": 57.4436035156
    },
    "melbands_skewness": {
        "mean": 2.86213612556,
        "var": 0.708256363869
    },
    "melbands_spread": {
        "mean": 21.0661487579,
        "var": 135.534942627
    },
    "pitch_salience": {
        "mean": 0.586816608906,
        "var": 0.0147211141884
    },
    "silence_rate_20dB": {
        "mean": 1,
        "var": 0
    },
    "silence_rate_30dB": {
        "mean": 1,
        "var": 0
    },
    "silence_rate_60dB": {
        "mean": 0.00205867225304,
        "var": 0.00205448735505
    },
    "spectral_centroid": {
        "mean": 1204.23669434,
        "var": 358807.6875
    },
    "spectral_complexity": {
        "mean": 28.1096248627,
        "var": 165.636795044
    },
    "spectral_decrease": {
        "mean": -7.5760935303e-009,
        "var": 8.87689287952e-018
    },
    "spectral_energy": {
        "mean": 0.031089682132,
        "var": 0.000145755897393
    },
    "spectral_energyband_high": {
        "mean": 0.001408230979,
        "var": 1.27772455016e-006
    },
    "spectral_energyband_low": {
        "mean": 0.00403990363702,
        "var": 1.44740815813e-005
    },
    "spectral_energyband_middle_high": {
        "mean": 0.00587287312374,
        "var": 1.24191192299e-005
    },
    "spectral_energyband_middle_low": {
        "mean": 0.0212855748832,
        "var": 9.94652000372e-005
    },
    "spectral_entropy": {
        "mean": 7.65043354034,
        "var": 0.22181327641
    },
    "spectral_flux": {
        "mean": 0.0690563619137,
        "var": 0.00128217681777
    },
    "spectral_kurtosis": {
        "mean": 3.80401587486,
        "var": 0.748561620712
    },
    "spectral_rms": {
        "mean": 0.00538646290079,
        "var": 1.31743820475e-006
    },
    "spectral_rolloff": {
        "mean": 1460.04907227,
        "var": 1471225.5
    },
    "spectral_skewness": {
        "mean": 1.59666728973,
        "var": 0.0287449210882
    },
    "spectral_spread": {
        "mean": 5505469.5,
        "var": 2.77205745664e+012
    },
    "spectral_strongpeak": {
        "mean": 0.97765737772,
        "var": 0.286301970482
    },
    "zerocrossingrate": {
        "mean": 0.0622818693519,
        "var": 0.00135733000934
    },
    "barkbands": {
        "mean": [0.000140024756547, 0.00126056687441, 0.00127572554629, 0.00360484840348, 0.00809623114765, 0.00516469357535, 0.00183460116386, 0.00123311323114, 0.00105035630986, 0.000801569607574, 0.000754023087211, 0.000800842302851, 0.000733204593416, 0.000522861315403, 0.00059487472754, 0.000473136460641, 0.000370269204723, 0.000417393341195, 0.000379442237318, 0.00038977371878, 0.00031729429611, 0.000215773645323, 0.000150860840222, 0.000128762010718, 0.00018732213357, 0.000176223926246, 1.59002229339e-005],
        "var": [5.22017984395e-008, 6.58328008285e-006, 2.09573931897e-006, 1.84887721844e-005, 5.43148889847e-005, 4.42265009042e-005, 3.68046448784e-006, 1.71990291165e-006, 7.87337398833e-007, 5.61769752494e-007, 5.17587409377e-007, 5.85924681218e-007, 4.48642509809e-007, 2.14402945176e-007, 2.66575909791e-007, 2.02476201139e-007, 1.54569534061e-007, 1.61729658998e-007, 1.18020288653e-007, 2.23285383072e-007, 8.33170759051e-008, 3.38376899833e-008, 1.13157643256e-008, 2.24283578376e-008, 2.98693336731e-008, 3.52765994194e-008, 1.29401978022e-009]
    },
    "erbbands": {
        "mean": [0.0356514677405, 0.292738437653, 1.17264533043, 7.2189207077, 23.9739055634, 24.3459606171, 30.3491592407, 42.5368003845, 31.3273963928, 25.9108943939, 28.4067554474, 22.5197486877, 28.0873336792, 26.9976291656, 30.1795291901, 33.3126945496, 34.9155426025, 26.1678123474, 33.1163825989, 26.6043052673, 26.8775882721, 21.814661026, 22.7579536438, 20.280008316, 18.9487991333, 17.8498382568, 14.3566360474, 11.7654771805, 8.29447460175, 5.61316108704, 4.01436567307, 2.48454737663, 2.47364330292, 1.90952849388, 1.45810127258, 0.842104554176, 0.306362509727, 0.0537858456373, 0.0018510724185, 8.0736768723e-005],
        "var": [0.00439128698781, 0.37173423171, 1.2119230032, 58.0494117737, 873.852233887, 688.284912109, 1249.74328613, 3066.72680664, 1442.48999023, 829.44140625, 988.244995117, 295.921813965, 685.552734375, 438.080932617, 663.858215332, 901.852539063, 913.140197754, 396.878631592, 729.601928711, 656.361022949, 601.153625488, 507.046447754, 442.49420166, 436.483825684, 285.241760254, 511.30456543, 191.280548096, 117.917922974, 51.7688484192, 18.2179279327, 8.94809150696, 5.77901935577, 8.47852039337, 3.28009128571, 1.93033432961, 0.765824258327, 0.137641608715, 0.00707721058279, 1.20386503113e-005, 4.58665105896e-009]
    },
    "gfcc": {
        "mean": [55.0740852356, 60.5120315552, -107.266197205, 17.5586833954, -62.0797576904, 6.35308551788, -48.892250061, 2.58579611778, -38.5062561035, 5.67206287384, -26.0412521362, 4.92876386642, -16.6016197205],
        "cov": [[4669.98828125, 122.667114258, -247.712905884, 140.029998779, -153.784210205, 17.7683429718, -33.8283500671, 157.930587769, -136.54574585, 141.614761353, -119.121086121, 82.7129592896, -18.4134502411], [122.667114258, 393.679718018, 96.9692764282, 81.4524383545, 36.1280136108, 80.0502853394, 67.8056182861, 66.6709442139, 67.6792221069, -23.163728714, -10.9893198013, -64.4658432007, -50.5209465027], [-247.712905884, 96.9692764282, 237.822463989, 28.666639328, 46.1856040955, 62.9190216064, 56.6116027832, 36.7571525574, 69.8993225098, -30.686876297, 12.2946186066, -45.6202163696, -29.140504837], [140.029998779, 81.4524383545, 28.666639328, 92.9209747314, 57.2514343262, 41.2904663086, 38.5632362366, 49.2203102112, 11.2811403275, 19.5176372528, -29.5763816833, -17.7663936615, -13.9579524994], [-153.784210205, 36.1280136108, 46.1856040955, 57.2514343262, 82.9914550781, 45.6839942932, 51.3057250977, 32.2840461731, 9.19047737122, 1.99658560753, -27.3575077057, -25.0185337067, -18.4841995239], [17.7683429718, 80.0502853394, 62.9190216064, 41.2904663086, 45.6839942932, 75.2576675415, 58.6720619202, 42.6028862, 21.7929534912, -10.523724556, -13.7661170959, -32.2944869995, -27.0533599854], [-33.8283500671, 67.8056182861, 56.6116027832, 38.5632362366, 51.3057250977, 58.6720619202, 84.1204223633, 60.3837051392, 29.1809425354, 9.1864528656, -15.199303627, -26.5867786407, -30.0604877472], [157.930587769, 66.6709442139, 36.7571525574, 49.2203102112, 32.2840461731, 42.6028862, 60.3837051392, 80.6736907959, 39.5640411377, 36.7154388428, -11.1777019501, -15.7457761765, -29.6881961823], [-136.54574585, 67.6792221069, 69.8993225098, 11.2811403275, 9.19047737122, 21.7929534912, 29.1809425354, 39.5640411377, 78.9106140137, 32.4338684082, 37.1141624451, -8.77467918396, -24.8674182892], [141.614761353, -23.163728714, -30.686876297, 19.5176372528, 1.99658560753, -10.523724556, 9.1864528656, 36.7154388428, 32.4338684082, 89.9649963379, 39.4648132324, 41.2917709351, 5.88821220398], [-119.121086121, -10.9893198013, 12.2946186066, -29.5763816833, -27.3575077057, -13.7661170959, -15.199303627, -11.1777019501, 37.1141624451, 39.4648132324, 95.7176589966, 66.5572967529, 42.8490562439], [82.7129592896, -64.4658432007, -45.6202163696, -17.7663936615, -25.0185337067, -32.2944869995, -26.5867786407, -15.7457761765, -8.77467918396, 41.2917709351, 66.5572967529, 113.999031067, 93.7430114746], [-18.4134502411, -50.5209465027, -29.140504837, -13.9579524994, -18.4841995239, -27.0533599854, -30.0604877472, -29.6881961823, -24.8674182892, 5.88821220398, 42.8490562439, 93.7430114746, 120.644325256]],
        "icov": [[0.000557442719582, -0.000408811349189, -0.000510206911713, -0.000578198698349, 0.00265242741443, -0.0017595362151, 0.0011786139803, -0.00123026780784, 0.00223469687626, -0.00167820090428, 0.00171921006404, -0.00189535925165, 0.0011311561102], [-0.000408811349189, 0.00566073320806, 0.0018643939402, -0.00688954582438, 0.00196037208661, 0.000733181193937, -0.00354035734199, 0.000473722902825, -0.00640928186476, 0.0071766176261, -0.00446741562337, 0.00351040367968, -0.00115179549903], [-0.000510206911713, 0.0018643939402, 0.0103802187368, -0.00274126720615, -0.00454324949533, 0.00108990236185, -0.00279275537468, -0.000693680311088, -0.011501361616, 0.0111259650439, -0.00660712365061, 0.00506708351895, -0.00292956782505], [-0.000578198698349, -0.00688954582438, -0.00274126720615, 0.0422795116901, -0.025143282488, -0.0080712325871, 0.0185910854489, -0.014363550581, 0.00600209459662, -0.0140161691234, 0.0103275021538, 0.000634655996691, -0.00554828625172], [0.00265242741443, 0.00196037208661, -0.00454324949533, -0.025143282488, 0.0515166558325, -0.013909438625, -0.0176696591079, 0.0151266520843, 0.00547041697428, -0.011305430904, 0.0150311691687, -0.00982968322933, 0.00529164588079], [-0.0017595362151, 0.000733181193937, 0.00108990236185, -0.0080712325871, -0.013909438625, 0.0503587312996, -0.0222528651357, -0.0071270163171, -0.0016944676172, 0.0207881592214, -0.0216229204088, 0.0129267424345, -0.00249758944847], [0.0011786139803, -0.00354035734199, -0.00279275537468, 0.0185910854489, -0.0176696591079, -0.0222528651357, 0.0583206601441, -0.0368067286909, 0.0101952394471, -0.00418256781995, 0.00385662261397, -0.00492397462949, 0.00271245162003], [-0.00123026780784, 0.000473722902825, -0.000693680311088, -0.014363550581, 0.0151266520843, -0.0071270163171, -0.0368067286909, 0.0720699727535, -0.0257356278598, -0.0189084615558, 0.0230776909739, -0.00854520592839, 0.00152620160952], [0.00223469687626, -0.00640928186476, -0.011501361616, 0.00600209459662, 0.00547041697428, -0.0016944676172, 0.0101952394471, -0.0257356278598, 0.0588746517897, -0.0185229051858, -0.0176149215549, 0.00739715760574, 0.00578684546053], [-0.00167820090428, 0.0071766176261, 0.0111259650439, -0.0140161691234, -0.011305430904, 0.0207881592214, -0.00418256781995, -0.0189084615558, -0.0185229051858, 0.0520755797625, -0.0246610082686, -0.00376934325323, 0.00637724623084], [0.00171921006404, -0.00446741562337, -0.00660712365061, 0.0103275021538, 0.0150311691687, -0.0216229204088, 0.00385662261397, 0.0230776909739, -0.0176149215549, -0.0246610082686, 0.060000512749, -0.0365512371063, 0.00674824370071], [-0.00189535925165, 0.00351040367968, 0.00506708351895, 0.000634655996691, -0.00982968322933, 0.0129267424345, -0.00492397462949, -0.00854520592839, 0.00739715760574, -0.00376934325323, -0.0365512371063, 0.0669851303101, -0.0368171930313], [0.0011311561102, -0.00115179549903, -0.00292956782505, -0.00554828625172, 0.00529164588079, -0.00249758944847, 0.00271245162003, 0.00152620160952, 0.00578684546053, 0.00637724623084, 0.00674824370071, -0.0368171930313, 0.0350241921842]]
    },
    "melbands": {
        "mean": [0.000345069624018, 0.000536677835044, 0.00181211344898, 0.0017350706039, 0.00112418085337, 0.000980792450719, 0.000458223599708, 0.00027025968302, 0.000220336980419, 0.000144246921991, 0.000139544848935, 0.000106370702269, 0.0001089650832, 8.79128419911e-005, 8.19921042421e-005, 6.93449110258e-005, 4.59365255665e-005, 5.5307718867e-005, 3.92211586586e-005, 3.31048686348e-005, 3.04087006953e-005, 2.24357481784e-005, 2.08839319384e-005, 1.97051940631e-005, 1.59856426762e-005, 1.41838481795e-005, 1.27374560179e-005, 1.19461365102e-005, 9.61828118307e-006, 7.5081252362e-006, 6.35440756014e-006, 4.90898673888e-006, 3.69401368516e-006, 2.86181102638e-006, 2.43034833147e-006, 1.75816376213e-006, 1.45160311149e-006, 1.72092302364e-006, 1.68211670371e-006, 1.57202759965e-006],
        "var": [4.75119747989e-007, 3.22376195072e-007, 3.16351929541e-006, 2.78844572676e-006, 1.40282088523e-006, 1.59621106377e-006, 2.8720711498e-007, 8.04230708695e-008, 5.79198520256e-008, 1.34355628845e-008, 1.72758980455e-008, 7.52589990327e-009, 1.08382147701e-008, 8.08453659573e-009, 5.24888488229e-009, 3.30128790971e-009, 1.51684287353e-009, 2.22540763595e-009, 1.43344058845e-009, 1.02216235476e-009, 8.77553640866e-010, 5.84807202664e-010, 4.25070340038e-010, 3.91550625256e-010, 3.06447089926e-010, 1.54609672287e-010, 1.92846127955e-010, 2.64469696143e-010, 9.39889346907e-011, 4.77599799986e-011, 3.81764446444e-011, 2.0323891875e-011, 1.05746652754e-011, 4.54039236764e-012, 3.4145926104e-012, 2.25552432634e-012, 2.42389767112e-012, 4.67849196883e-012, 3.56111407723e-012, 2.2582602021e-012]
    },
    "mfcc": {
        "mean": [-595.822265625, 102.774162292, 1.6978662014, 14.6148681641, -0.148796394467, 1.55642223358, -3.68302679062, -7.44936561584, -6.86744737625, -7.93323278427, -6.08320665359, -7.00679731369, -4.67817163467],
        "cov": [[2756.43041992, 308.789703369, -56.0831298828, 133.732376099, -113.718925476, -39.4756660461, 80.026008606, 51.4135398865, 154.885009766, 9.89325141907, 79.2826461792, -22.5685920715, 81.1273956299], [308.789703369, 371.076904297, 118.039230347, 31.272480011, 22.5784683228, 21.1284122467, 37.0769577026, 93.5334625244, 71.0664825439, 81.768951416, 57.0870933533, 37.6007843018, -0.44392901659], [-56.0831298828, 118.039230347, 212.057037354, -21.4557209015, 39.7656784058, -3.88382911682, 1.40178263187, 44.4848632813, 10.9792556763, 52.4888114929, -1.67755484581, 31.6233768463, -7.53843307495], [133.732376099, 31.272480011, -21.4557209015, 85.7357330322, 20.0812034607, 17.5868377686, 15.8327083588, 8.5585603714, 41.4422073364, 9.99162960052, 15.7544765472, -9.86763477325, 24.6025810242], [-113.718925476, 22.5784683228, 39.7656784058, 20.0812034607, 57.4529533386, 27.9096069336, 11.4454708099, 14.9475049973, 15.2517404556, 20.0080242157, -0.384248733521, 5.26120567322, 2.67787146568], [-39.4756660461, 21.1284122467, -3.88382911682, 17.5868377686, 27.9096069336, 48.5915145874, 35.1598739624, 25.5142173767, 21.7189807892, 14.726316452, 7.61679315567, -2.64484357834, -2.90509366989], [80.026008606, 37.0769577026, 1.40178263187, 15.8327083588, 11.4454708099, 35.1598739624, 66.1042404175, 49.8029823303, 41.0174369812, 19.3947868347, 11.515753746, -6.37779855728, -8.24387454987], [51.4135398865, 93.5334625244, 44.4848632813, 8.5585603714, 14.9475049973, 25.5142173767, 49.8029823303, 84.4035720825, 56.7004547119, 36.6130523682, 19.964597702, 7.16626167297, -14.0445632935], [154.885009766, 71.0664825439, 10.9792556763, 41.4422073364, 15.2517404556, 21.7189807892, 41.0174369812, 56.7004547119, 94.3597488403, 51.6068000793, 31.0454521179, 1.70100152493, 6.79307985306], [9.89325141907, 81.768951416, 52.4888114929, 9.99162960052, 20.0080242157, 14.726316452, 19.3947868347, 36.6130523682, 51.6068000793, 80.0917205811, 54.2785758972, 34.3221893311, -0.469156324863], [79.2826461792, 57.0870933533, -1.67755484581, 15.7544765472, -0.384248733521, 7.61679315567, 11.515753746, 19.964597702, 31.0454521179, 54.2785758972, 113.063796997, 74.9039611816, 19.6163139343], [-22.5685920715, 37.6007843018, 31.6233768463, -9.86763477325, 5.26120567322, -2.64484357834, -6.37779855728, 7.16626167297, 1.70100152493, 34.3221893311, 74.9039611816, 105.37991333, 50.3153266907], [81.1273956299, -0.44392901659, -7.53843307495, 24.6025810242, 2.67787146568, -2.90509366989, -8.24387454987, -14.0445632935, 6.79307985306, -0.469156324863, 19.6163139343, 50.3153266907, 105.153541565]],
        "icov": [[0.000640686717816, -0.000683511781972, -0.000342779094353, -0.000340973550919, 0.00132088526152, 0.000769998587202, -0.0013262652792, 0.00134744064417, -0.00141333288047, 0.00129189889412, -0.000744274700992, 0.000560696586035, -0.000410734384786], [-0.000683511781972, 0.00562048284337, -0.00150250899605, -0.00215931865387, 0.000803582253866, -0.00194211688358, 0.00342094129883, -0.00661653280258, 0.00289215706289, -0.00384479528293, 6.49982466712e-005, -0.000254156446317, 0.000164415963809], [-0.000342779094353, -0.00150250899605, 0.0113138081506, 0.00115338817704, -0.00838086102158, 0.00753923831508, 0.00061045383336, -0.00655860779807, 0.00596200022846, -0.00922730751336, 0.00692969141528, -0.00404025055468, 0.000607119232882], [-0.000340973550919, -0.00215931865387, 0.00115338817704, 0.0249845422804, -0.0109581947327, -0.000730022671632, -0.000166840327438, 0.00627483380958, -0.0114368917421, 0.0077050565742, -0.00957202725112, 0.0105668716133, -0.00692236423492], [0.00132088526152, 0.000803582253866, -0.00838086102158, -0.0109581947327, 0.0414157621562, -0.0243318136781, 0.0054794466123, 0.00286492193118, -0.00261428067461, -0.00279715564102, 0.005911688786, -0.00501475622877, 0.0014857747592], [0.000769998587202, -0.00194211688358, 0.00753923831508, -0.000730022671632, -0.0243318136781, 0.0554139204323, -0.0260134804994, -0.00149592291564, 0.00557141657919, -0.00382112595253, -0.00124054006301, 0.00227616517805, -0.00121430016588], [-0.0013262652792, 0.00342094129883, 0.00061045383336, -0.000166840327438, 0.0054794466123, -0.0260134804994, 0.0458747968078, -0.0224135871977, -0.000898821221199, -0.00135988043621, -0.000474391243188, 0.00257300003432, -0.000225517025683], [0.00134744064417, -0.00661653280258, -0.00655860779807, 0.00627483380958, 0.00286492193118, -0.00149592291564, -0.0224135871977, 0.0471546240151, -0.0245973989367, 0.0125443413854, -0.00156899879221, -0.00481586158276, 0.00566286453977], [-0.00141333288047, 0.00289215706289, 0.00596200022846, -0.0114368917421, -0.00261428067461, 0.00557141657919, -0.000898821221199, -0.0245973989367, 0.0432594232261, -0.0268158465624, 0.00322393351234, 0.00596921378747, -0.00530127994716], [0.00129189889412, -0.00384479528293, -0.00922730751336, 0.0077050565742, -0.00279715564102, -0.00382112595253, -0.00135988043621, 0.0125443413854, -0.0268158465624, 0.0464772470295, -0.0181742012501, 0.0010932754958, 0.00286428304389], [-0.000744274700992, 6.49982466712e-005, 0.00692969141528, -0.00957202725112, 0.005911688786, -0.00124054006301, -0.000474391243188, -0.00156899879221, 0.00322393351234, -0.0181742012501, 0.0352930165827, -0.0268538389355, 0.00885541271418], [0.000560696586035, -0.000254156446317, -0.00404025055468, 0.0105668716133, -0.00501475622877, 0.00227616517805, 0.00257300003432, -0.00481586158276, 0.00596921378747, 0.0010932754958, -0.0268538389355, 0.0398732274771, -0.017896797508], [-0.000410734384786, 0.000164415963809, 0.000607119232882, -0.00692236423492, 0.0014857747592, -0.00121430016588, -0.000225517025683, 0.00566286453977, -0.00530127994716, 0.00286428304389, 0.00885541271418, -0.017896797508, 0.0194246899337]]
    },
    "spectral_contrast_coeffs": {
        "mean": [-0.531685769558, -0.704243004322, -0.762836515903, -0.757155358791, -0.766856074333, -0.71824246645],
        "var": [0.00873970612884, 0.0106914164498, 0.00649113766849, 0.00423792097718, 0.00302180531435, 0.00201566750184]
    },
    "spectral_contrast_valleys": {
        "mean": [-7.60766792297, -6.47673988342, -6.99370765686, -7.40747737885, -7.37869310379, -9.9645986557],
        "var": [1.62550890446, 1.9979133606, 1.9208688736, 1.60484063625, 1.69700586796, 1.13062751293]
    }
},
"metadata": {
    "audio_properties": {
        "analysis_sample_rate": 44100,
        "bit_rate": 112809,
        "equal_loudness": 0,
        "length": 45.0873451233,
        "lossless": 0,
        "replay_gain": -16.628868103,
        "sample_rate": 44100,
        "codec": "mp3",
        "downmix": "mix",
        "md5_encoded": "f0e53e2bee3a63ee08000cf2d854f779"
    },
    "tags": {
        "file_name": "871.mp3"
    },
    "version": {
        "essentia": "2.1-beta2",
        "essentia_git_sha": "v2.1_beta2",
        "extractor": "music 1.0"
    }
},
"rhythm": {
    "beats_count": 82,
    "beats_loudness": {
        "mean": 0.0362602807581,
        "var": 0.000147019833094
    },
    "bpm": 109.747406006,
    "bpm_histogram_first_peak_bpm": {
        "mean": 110,
        "var": 0
    },
    "bpm_histogram_first_peak_spread": {
        "mean": 0.571428596973,
        "var": 0
    },
    "bpm_histogram_first_peak_weight": {
        "mean": 0.407407402992,
        "var": 0
    },
    "bpm_histogram_second_peak_bpm": {
        "mean": 117,
        "var": 0
    },
    "bpm_histogram_second_peak_spread": {
        "mean": 0.25,
        "var": 0
    },
    "bpm_histogram_second_peak_weight": {
        "mean": 0.037037037313,
        "var": 0
    },
    "danceability": 1.08791470528,
    "onset_rate": 3.59163856506,
    "beats_loudness_band_ratio": {
        "mean": [0.35736361146, 0.313127070665, 0.155553966761, 0.107073888183, 0.0796038657427, 0.0720814988017],
        "var": [0.0498009882867, 0.0302944537252, 0.00614037970081, 0.00245178909972, 0.00268267677166, 0.00234750658274]
    },
    "beats_position": [0.46439909935, 0.99845802784, 1.50929701328, 2.02013611794, 2.53097510338, 3.05342388153, 3.58748292923, 4.13315200806, 4.66721057892, 5.22448968887, 5.7701587677, 6.32743740082, 6.87310647964, 7.4303855896, 7.96444416046, 8.52172279358, 9.05578231812, 9.58984088898, 10.1471195221, 10.7043991089, 11.261677742, 11.8189563751, 12.3530158997, 12.8870744705, 13.4443531036, 14.0016326904, 14.5356912613, 15.0813598633, 15.6270294189, 16.1843090057, 16.7299766541, 17.2756462097, 17.8097057343, 18.3669834137, 18.9126529694, 19.458322525, 20.0156002045, 20.5612697601, 21.1069393158, 21.6526069641, 22.1982765198, 22.7555541992, 23.3012237549, 23.8468933105, 24.3925609589, 24.9382305145, 25.4839000702, 26.0411777496, 26.5752372742, 27.132516861, 27.6781845093, 28.2354640961, 28.7811336517, 29.3268013, 29.8608608246, 30.4181404114, 30.9521980286, 31.4862575531, 32.0435371399, 32.5892066956, 33.1348762512, 33.6805419922, 34.2262115479, 34.783493042, 35.329158783, 35.8748283386, 36.4204978943, 36.96616745, 37.5118370056, 38.0575065613, 38.6147842407, 39.1720619202, 39.7177314758, 40.2634010315, 40.7974586487, 41.3547401428, 41.9120178223, 42.4692955017, 43.0033569336, 43.560634613, 44.0946922302, 44.6519737244]
},
"tonal": {
    "chords_changes_rate": 0.0534979440272,
    "chords_number_rate": 0.00720164598897,
    "chords_strength": {
        "mean": 0.451507389545,
        "var": 0.00830892752856
    },
    "hpcp_entropy": {
        "mean": 2.01674795151,
        "var": 0.538923978806
    },
    "key_strength": 0.729687213898,
    "tuning_diatonic_strength": 0.488355517387,
    "tuning_equal_tempered_deviation": 0.0684585943818,
    "tuning_frequency": 440.254241943,
    "tuning_nontempered_energy_ratio": 0.63043397665,
    "hpcp": {
        "mean": [0.0878069922328, 0.0728316232562, 0.0560431964695, 0.0427324995399, 0.0391347557306, 0.169982492924, 0.278769850731, 0.169353678823, 0.166520610452, 0.217656001449, 0.120948091149, 0.0715850368142, 0.0730559080839, 0.0564045608044, 0.140561208129, 0.231285944581, 0.141008615494, 0.0656081661582, 0.0566343329847, 0.0510311387479, 0.208828017116, 0.295779407024, 0.157992988825, 0.0771871432662, 0.0553643964231, 0.0473503991961, 0.149109438062, 0.209885522723, 0.121763013303, 0.248230025172, 0.386600315571, 0.194448426366, 0.0603433586657, 0.0545901954174, 0.0422725789249, 0.0668159946799],
        "var": [0.022652072832, 0.00939912162721, 0.00369230564684, 0.0030234856531, 0.00385163188912, 0.035138271749, 0.109168596566, 0.0338016711175, 0.0554325506091, 0.121969923377, 0.0270435400307, 0.011267025955, 0.0178648363799, 0.00792357604951, 0.0359474010766, 0.102159492671, 0.0414968766272, 0.0119175901636, 0.0064904470928, 0.00662871217355, 0.0585495717824, 0.141937196255, 0.032683480531, 0.0105252340436, 0.00765819754452, 0.00662039034069, 0.0393418632448, 0.0923423245549, 0.0288650505245, 0.0732330754399, 0.168288946152, 0.0390731841326, 0.0068884389475, 0.00587197206914, 0.00345708336681, 0.00972666684538]
    },
    "chords_histogram": [17.1810703278, 4.73251008987, 28.8065853119, 37.0370368958, 0.308641970158, 0, 0, 0, 7.09876537323, 0, 0, 0, 1.64609050751, 0, 0, 0, 0, 2.36625504494, 0, 0, 0, 0, 0, 0.823045253754],
    "thpcp": [1, 0.502970159054, 0.156087189913, 0.141205772758, 0.109344400465, 0.172829642892, 0.227126017213, 0.188389971852, 0.144964173436, 0.110534049571, 0.101227946579, 0.439685344696, 0.721080243587, 0.438058823347, 0.430730670691, 0.56300008297, 0.312850475311, 0.18516549468, 0.188970118761, 0.145898893476, 0.363582760096, 0.598255991936, 0.364740043879, 0.169705405831, 0.146493241191, 0.131999731064, 0.540165126324, 0.765078008175, 0.408672690392, 0.199656188488, 0.143208354712, 0.122478947043, 0.385694026947, 0.542900562286, 0.314958393574, 0.642084360123],
    "chords_key": "B",
    "chords_scale": "minor",
    "key_key": "C",
    "key_scale": "major"
}
}