{
"lowlevel": {
    "average_loudness": 0.919795334339,
    "barkbands_crest": {
        "mean": 12.2522850037,
        "var": 14.3593816757
    },
    "barkbands_flatness_db": {
        "mean": 0.350630998611,
        "var": 0.00502949627116
    },
    "barkbands_kurtosis": {
        "mean": 12.9011268616,
        "var": 222.664108276
    },
    "barkbands_skewness": {
        "mean": 2.43377709389,
        "var": 2.02684116364
    },
    "barkbands_spread": {
        "mean": 6.28470134735,
        "var": 37.7053756714
    },
    "dissonance": {
        "mean": 0.423706650734,
        "var": 0.00319945649244
    },
    "dynamic_complexity": 2.94920372963,
    "erbbands_crest": {
        "mean": 11.0380830765,
        "var": 14.7832946777
    },
    "erbbands_flatness_db": {
        "mean": 0.298782080412,
        "var": 0.00274691311643
    },
    "erbbands_kurtosis": {
        "mean": 1.50529980659,
        "var": 10.5374774933
    },
    "erbbands_skewness": {
        "mean": 0.928183197975,
        "var": 0.815982460976
    },
    "erbbands_spread": {
        "mean": 25.963432312,
        "var": 281.91607666
    },
    "hfc": {
        "mean": 9.74001789093,
        "var": 87.5331115723
    },
    "melbands_crest": {
        "mean": 16.12849617,
        "var": 20.8124828339
    },
    "melbands_flatness_db": {
        "mean": 0.447368830442,
        "var": 0.00834163185209
    },
    "melbands_kurtosis": {
        "mean": 26.0858325958,
        "var": 860.697387695
    },
    "melbands_skewness": {
        "mean": 3.31224966049,
        "var": 3.78297615051
    },
    "melbands_spread": {
        "mean": 6.27247047424,
        "var": 58.9513702393
    },
    "pitch_salience": {
        "mean": 0.480922549963,
        "var": 0.0103476652876
    },
    "silence_rate_20dB": {
        "mean": 1,
        "var": 0
    },
    "silence_rate_30dB": {
        "mean": 0.976313054562,
        "var": 0.0231257192791
    },
    "silence_rate_60dB": {
        "mean": 0.0623068995774,
        "var": 0.058425731957
    },
    "spectral_centroid": {
        "mean": 490.59387207,
        "var": 310997.59375
    },
    "spectral_complexity": {
        "mean": 9.44747638702,
        "var": 39.2555274963
    },
    "spectral_decrease": {
        "mean": -9.34294597243e-009,
        "var": 5.2788105742e-017
    },
    "spectral_energy": {
        "mean": 0.0361458994448,
        "var": 0.000791450787801
    },
    "spectral_energyband_high": {
        "mean": 5.44217982679e-005,
        "var": 2.33940511407e-008
    },
    "spectral_energyband_low": {
        "mean": 0.0197307802737,
        "var": 0.000317146448651
    },
    "spectral_energyband_middle_high": {
        "mean": 0.00156949681696,
        "var": 5.29515136805e-006
    },
    "spectral_energyband_middle_low": {
        "mean": 0.018343096599,
        "var": 0.000276845734334
    },
    "spectral_entropy": {
        "mean": 6.09495687485,
        "var": 0.503109812737
    },
    "spectral_flux": {
        "mean": 0.0637748762965,
        "var": 0.00153468514327
    },
    "spectral_kurtosis": {
        "mean": 35.1699409485,
        "var": 973.221557617
    },
    "spectral_rms": {
        "mean": 0.00545347575098,
        "var": 5.52390383746e-006
    },
    "spectral_rolloff": {
        "mean": 433.933898926,
        "var": 629015.625
    },
    "spectral_skewness": {
        "mean": 3.54749822617,
        "var": 4.36352729797
    },
    "spectral_spread": {
        "mean": 1773894.125,
        "var": 3.04664700518e+012
    },
    "spectral_strongpeak": {
        "mean": 0.692639172077,
        "var": 0.376522392035
    },
    "zerocrossingrate": {
        "mean": 0.0179175585508,
        "var": 0.000431041698903
    },
    "barkbands": {
        "mean": [8.3924160208e-006, 0.00742745678872, 0.00899075996131, 0.00601506326348, 0.00543212750927, 0.00256250845268, 0.0010894612642, 0.00186330731958, 0.000872017582878, 0.000709982006811, 8.49379139254e-005, 5.33846359758e-005, 0.000239737782977, 0.000149005689309, 0.000195263346541, 0.000135050868266, 0.000124274432892, 8.31093857414e-005, 3.68236433133e-005, 5.46968003619e-005, 1.4908085177e-005, 2.82827113551e-006, 7.70398742134e-007, 6.5474829114e-008, 3.72710884378e-009, 4.19110035565e-009, 1.38814515438e-009],
        "var": [1.4177212182e-010, 7.70559054217e-005, 0.000112932051707, 6.04158922215e-005, 3.71913374693e-005, 3.04253699142e-005, 8.41929158923e-006, 3.13496711897e-005, 4.21352660851e-006, 2.27465920943e-006, 7.39664827165e-008, 1.60438258234e-008, 2.22942475148e-007, 2.865969293e-007, 1.4340204757e-007, 1.01333334612e-007, 7.87666820656e-008, 4.84996540706e-008, 9.84011094829e-009, 2.55980516783e-008, 1.92114035791e-009, 6.62940535801e-011, 4.62225657055e-012, 2.96739629396e-014, 4.29043760655e-016, 6.80399543673e-016, 6.32891768532e-017]
    },
    "erbbands": {
        "mean": [0.0947476327419, 2.13771343231, 9.079621315, 17.2235412598, 16.8882312775, 19.5036869049, 20.6940803528, 20.9276313782, 15.5065259933, 35.1890029907, 26.169303894, 23.8457736969, 26.5632343292, 9.45685863495, 3.35029053688, 3.3517100811, 10.4562911987, 9.71551132202, 8.79508018494, 9.05268287659, 7.85095405579, 5.91826963425, 5.37510728836, 2.40858125687, 1.45035099983, 2.13084983826, 1.48371660709, 0.391122043133, 0.127130508423, 0.0533511005342, 0.0211685784161, 0.00443174410611, 0.0004760363081, 7.31340624043e-005, 5.01765571244e-005, 3.45975749951e-005, 1.83328756975e-005, 3.17733520205e-006, 1.68694259628e-005, 3.98977899749e-005],
        "var": [0.00800715386868, 6.15090799332, 102.750457764, 354.781646729, 417.823852539, 645.323425293, 983.721008301, 2231.84008789, 2017.12438965, 8584.48632813, 5412.59130859, 3036.52099609, 3030.47827148, 722.346984863, 89.2616729736, 49.3407859802, 479.842315674, 791.188720703, 377.411590576, 441.741821289, 271.614349365, 166.961456299, 187.73928833, 38.836807251, 17.4863777161, 38.6091766357, 18.2917518616, 1.25373363495, 0.132086887956, 0.0253783725202, 0.00347451516427, 0.000141173019074, 1.32314721668e-006, 5.92083502227e-008, 2.26867502562e-008, 8.79747918958e-009, 3.19175352814e-009, 1.68432170988e-010, 1.7242129946e-010, 9.65792446017e-010]
    },
    "gfcc": {
        "mean": [-151.430236816, 226.820877075, -118.309272766, 25.6975383759, -7.53390359879, -23.2205677032, -10.7759962082, -21.1650238037, -2.29172515869, -16.5877094269, -12.6647930145, -17.730556488, -3.73025035858],
        "cov": [[7470.78222656, -50.0892753601, -1714.82543945, 717.270996094, -26.7005195618, -152.656509399, 177.107070923, -28.2456893921, 115.724845886, -50.6314811707, -134.130187988, -29.6744003296, -21.5931453705], [-50.0892753601, 1030.63171387, 434.59866333, -917.925048828, 221.208984375, -151.645507813, -153.014602661, 213.415634155, 136.476898193, 28.3315887451, -115.450378418, -95.6651153564, 108.299957275], [-1714.82543945, 434.59866333, 1010.32025146, -360.813476563, 287.469970703, 142.276000977, -69.0266799927, 57.0162086487, -21.4845905304, 26.6042385101, -16.6707897186, -39.6388435364, 21.2682266235], [717.270996094, -917.925048828, -360.813476563, 1277.05615234, 7.3270149231, 253.772857666, 242.995986938, -281.272613525, -184.667709351, -43.113735199, 133.742507935, 62.2748222351, -153.05921936], [-26.7005195618, 221.208984375, 287.469970703, 7.3270149231, 563.417785645, 178.983230591, -25.151014328, -10.5639600754, -102.125862122, -0.892478883266, 5.12340688705, -27.5240688324, -32.2306365967], [-152.656509399, -151.645507813, 142.276000977, 253.772857666, 178.983230591, 265.083282471, 68.1593551636, -107.114891052, -82.9611968994, -12.2376451492, 47.1125984192, -2.24039959908, -66.7027893066], [177.107070923, -153.014602661, -69.0266799927, 242.995986938, -25.151014328, 68.1593551636, 136.379333496, -27.7977085114, -24.0741481781, 4.00136613846, 17.5820217133, 0.410665512085, -39.0021972656], [-28.2456893921, 213.415634155, 57.0162086487, -281.272613525, -10.5639600754, -107.114891052, -27.7977085114, 184.519683838, 96.1399230957, 7.10220146179, -57.5574302673, -9.83460044861, 45.6890792847], [115.724845886, 136.476898193, -21.4845905304, -184.667709351, -102.125862122, -82.9611968994, -24.0741481781, 96.1399230957, 132.57484436, 17.9007015228, -42.6226081848, -7.61762142181, 38.9888191223], [-50.6314811707, 28.3315887451, 26.6042385101, -43.113735199, -0.892478883266, -12.2376451492, 4.00136613846, 7.10220146179, 17.9007015228, 65.3146362305, 23.2904777527, 1.32240247726, -1.33308255672], [-134.130187988, -115.450378418, -16.6707897186, 133.742507935, 5.12340688705, 47.1125984192, 17.5820217133, -57.5574302673, -42.6226081848, 23.2904777527, 92.9752655029, 39.0961914063, -21.3239135742], [-29.6744003296, -95.6651153564, -39.6388435364, 62.2748222351, -27.5240688324, -2.24039959908, 0.410665512085, -9.83460044861, -7.61762142181, 1.32240247726, 39.0961914063, 74.194732666, 25.0056934357], [-21.5931453705, 108.299957275, 21.2682266235, -153.05921936, -32.2306365967, -66.7027893066, -39.0021972656, 45.6890792847, 38.9888191223, -1.33308255672, -21.3239135742, 25.0056934357, 90.7213897705]],
        "icov": [[0.000428684870712, -0.00111627089791, 0.00100451533217, -0.000893553602509, 0.000183402429684, -0.000655618088786, 0.000490660953801, -0.000341567094438, 0.000248253083555, -0.000816368614323, 0.00130665092729, -0.000636685756035, 2.15663858398e-005], [-0.00111627089791, 0.00888061150908, -0.00366357527673, 0.00631246250123, -0.00446621980518, 0.00557652721182, -0.00536683900282, 0.00405262969434, -0.00573378847912, 0.00549651077017, -0.00637359637767, 0.00611613458022, -0.00183199520689], [0.00100451533217, -0.00366357527673, 0.00413046078756, -0.00234258524142, 0.000985056511126, -0.00386157748289, 0.00245535909198, -0.00223237928003, 0.00233269971795, -0.00337984622456, 0.00361484638415, -0.00169597007334, -0.00035249296343], [-0.000893553602509, 0.00631246250123, -0.00234258524142, 0.00698686204851, -0.00344242993742, 0.00400554109365, -0.00699498550966, 0.00523997843266, -0.0041176667437, 0.00569775281474, -0.00534547213465, 0.00232644914649, 0.000620243547019], [0.000183402429684, -0.00446621980518, 0.000985056511126, -0.00344242993742, 0.00640530185774, -0.00610244972631, 0.00561828585342, -0.00546312332153, 0.00748874433339, -0.00474218791351, 0.00376438000239, -0.00212289090268, 0.00047386114602], [-0.000655618088786, 0.00557652721182, -0.00386157748289, 0.00400554109365, -0.00610244972631, 0.0144287478179, -0.00861070211977, 0.00855183135718, -0.00727768102661, 0.00775516312569, -0.00632727937773, 0.00251495232806, 0.00234328024089], [0.000490660953801, -0.00536683900282, 0.00245535909198, -0.00699498550966, 0.00561828585342, -0.00861070211977, 0.0189777035266, -0.00891128368676, 0.00727693643421, -0.00868064910173, 0.00588587578386, -0.00154344260227, 0.00101202563383], [-0.000341567094438, 0.00405262969434, -0.00223237928003, 0.00523997843266, -0.00546312332153, 0.00855183135718, -0.00891128368676, 0.018077692017, -0.0120455250144, 0.00610179640353, -0.000837281288113, -0.00114784378093, 0.00124218128622], [0.000248253083555, -0.00573378847912, 0.00233269971795, -0.0041176667437, 0.00748874433339, -0.00727768102661, 0.00727693643421, -0.0120455250144, 0.0236210208386, -0.0108450641856, 0.00844946969301, -0.00296706217341, -0.00159259699285], [-0.000816368614323, 0.00549651077017, -0.00337984622456, 0.00569775281474, -0.00474218791351, 0.00775516312569, -0.00868064910173, 0.00610179640353, -0.0108450641856, 0.0270627047867, -0.0154417138547, 0.00581339281052, 0.000688282016199], [0.00130665092729, -0.00637359637767, 0.00361484638415, -0.00534547213465, 0.00376438000239, -0.00632727937773, 0.00588587578386, -0.000837281288113, 0.00844946969301, -0.0154417138547, 0.0307543873787, -0.0172376446426, 0.00581275112927], [-0.000636685756035, 0.00611613458022, -0.00169597007334, 0.00232644914649, -0.00212289090268, 0.00251495232806, -0.00154344260227, -0.00114784378093, -0.00296706217341, 0.00581339281052, -0.0172376446426, 0.0305280536413, -0.0132263088599], [2.15663858398e-005, -0.00183199520689, -0.00035249296343, 0.000620243547019, 0.00047386114602, 0.00234328024089, 0.00101202563383, 0.00124218128622, -0.00159259699285, 0.000688282016199, 0.00581275112927, -0.0132263088599, 0.0217510946095]]
    },
    "melbands": {
        "mean": [0.00149590789806, 0.00428226077929, 0.00306652183644, 0.00122580176685, 0.000834305537865, 0.00047043262748, 0.000225073381444, 0.000409949599998, 0.000198710069526, 0.000137327777338, 0.000127886378323, 3.65581981896e-005, 1.17489653348e-005, 5.5343339227e-006, 1.64813754964e-005, 2.27325417654e-005, 1.7919950551e-005, 1.27274815895e-005, 1.33923376779e-005, 1.11954404929e-005, 9.37557706493e-006, 6.78441074342e-006, 5.61057140658e-006, 3.36954508384e-006, 1.85858232271e-006, 1.07802566163e-006, 1.18491004741e-006, 1.57782858423e-006, 1.30548937705e-006, 4.28659689078e-007, 1.19494742989e-007, 7.05601053141e-008, 4.96503140823e-008, 2.04241583646e-008, 1.22906911315e-008, 6.90483092924e-009, 1.06168140945e-009, 3.31958127653e-010, 3.94948275473e-011, 2.90011053367e-011],
        "var": [2.66940901383e-006, 1.86701963685e-005, 1.03130150819e-005, 1.79318863047e-006, 1.20816287108e-006, 1.09927191261e-006, 4.54057158095e-007, 1.29829163598e-006, 2.7213511089e-007, 1.02471283014e-007, 7.49449355908e-008, 1.40186875441e-008, 1.53446100271e-009, 1.6800971725e-010, 1.42381173518e-009, 1.78340020529e-009, 3.84577170109e-009, 8.81387129947e-010, 6.6312327851e-010, 8.40600811181e-010, 4.10634581893e-010, 2.54293724966e-010, 1.79214948437e-010, 9.55020229565e-011, 2.39119696266e-011, 1.14050019429e-011, 1.35384663549e-011, 2.14303731011e-011, 1.47504404524e-011, 1.76924924364e-012, 1.13380157585e-013, 4.2133156908e-014, 2.4266855276e-014, 3.86452344734e-015, 1.19326137021e-015, 3.92294892131e-016, 7.76420674264e-018, 8.56499305582e-019, 4.82775466528e-020, 3.50266851576e-020]
    },
    "mfcc": {
        "mean": [-780.866943359, 225.922988892, -7.45106172562, 40.0125160217, 26.7572460175, 9.59544563293, 0.775652706623, -0.874453783035, 6.02911138535, 5.16725063324, -4.72134828568, -1.5715790987, -8.8204240799],
        "cov": [[6017.31445313, 25.8776340485, -2162.86645508, 1167.14208984, -702.230651855, 231.374771118, -137.028442383, 74.3207244873, 71.7178421021, 47.4030570984, -56.2156333923, 29.2602577209, 30.0155124664], [25.8776340485, 1580.66894531, 210.302978516, -745.368652344, 345.403533936, -431.859924316, -229.594696045, -70.0914230347, 267.149108887, 161.689880371, -26.5108451843, -94.4258346558, -6.46880483627], [-2162.86645508, 210.302978516, 1051.94714355, -436.793640137, 248.904159546, -49.4238052368, 9.57177639008, -6.60602378845, 20.3944702148, 23.0980243683, 30.4224853516, -18.8236751556, -12.5307998657], [1167.14208984, -745.368652344, -436.793640137, 818.626464844, -166.912811279, 348.17276001, 208.971435547, 68.3703308105, -114.312049866, -83.4193954468, 15.8772573471, 83.3020935059, -3.32450270653], [-702.230651855, 345.403533936, 248.904159546, -166.912811279, 483.859405518, 91.1339416504, 122.081344604, 31.1960525513, 3.94168066978, -24.2076034546, 2.65345716476, 22.7986240387, -16.778345108], [231.374771118, -431.859924316, -49.4238052368, 348.17276001, 91.1339416504, 491.108703613, 256.965209961, 62.8751754761, -124.644584656, -102.432312012, 25.6588249207, 91.6467132568, -6.64737176895], [-137.028442383, -229.594696045, 9.57177639008, 208.971435547, 122.081344604, 256.965209961, 281.653259277, 43.5252342224, -86.8537216187, -67.9744796753, 27.0473232269, 74.4554367065, -18.968290329], [74.3207244873, -70.0914230347, -6.60602378845, 68.3703308105, 31.1960525513, 62.8751754761, 43.5252342224, 103.064804077, 17.6643791199, -3.31760334969, 12.4013233185, 4.68979692459, -7.22819566727], [71.7178421021, 267.149108887, 20.3944702148, -114.312049866, 3.94168066978, -124.644584656, -86.8537216187, 17.6643791199, 150.424957275, 75.3286514282, -13.0341854095, -33.9807395935, -4.55861282349], [47.4030570984, 161.689880371, 23.0980243683, -83.4193954468, -24.2076034546, -102.432312012, -67.9744796753, -3.31760334969, 75.3286514282, 95.314239502, 19.969991684, -29.5235919952, -6.23788738251], [-56.2156333923, -26.5108451843, 30.4224853516, 15.8772573471, 2.65345716476, 25.6588249207, 27.0473232269, 12.4013233185, -13.0341854095, 19.969991684, 79.2197036743, 29.6010932922, -12.5615177155], [29.2602577209, -94.4258346558, -18.8236751556, 83.3020935059, 22.7986240387, 91.6467132568, 74.4554367065, 4.68979692459, -33.9807395935, -29.5235919952, 29.6010932922, 85.2167205811, 14.9923505783], [30.0155124664, -6.46880483627, -12.5307998657, -3.32450270653, -16.778345108, -6.64737176895, -18.968290329, -7.22819566727, -4.55861282349, -6.23788738251, -12.5615177155, 14.9923505783, 58.9028778076]],
        "icov": [[0.0464070141315, -0.064665839076, 0.0648530423641, -0.0600756593049, 0.0586401484907, -0.0564019717276, 0.0546168684959, -0.0505798049271, 0.0447072200477, -0.0386898294091, 0.0320906080306, -0.0236195567995, 0.0135939894244], [-0.064665839076, 0.0922063365579, -0.0898293629289, 0.0848970264196, -0.0832640752196, 0.079058945179, -0.0761271342635, 0.0717684626579, -0.0646786391735, 0.0534133538604, -0.0451269112527, 0.0331162437797, -0.0191451720893], [0.0648530423641, -0.0898293629289, 0.092165671289, -0.0827817320824, 0.0812468230724, -0.0789437741041, 0.0759785026312, -0.0704272538424, 0.0619918815792, -0.0542158856988, 0.0441111065447, -0.0325681678951, 0.0188332851976], [-0.0600756593049, 0.0848970264196, -0.0827817320824, 0.0814310312271, -0.0755706354976, 0.0719293504953, -0.0718424543738, 0.0651036947966, -0.0586979612708, 0.0495292171836, -0.0412927642465, 0.0300143044442, -0.0173757784069], [0.0586401484907, -0.0832640752196, 0.0812468230724, -0.0755706354976, 0.0785427615047, -0.0721610784531, 0.0672544166446, -0.065471559763, 0.0574369765818, -0.0479880981147, 0.0414437018335, -0.0303896069527, 0.0177820138633], [-0.0564019717276, 0.079058945179, -0.0789437741041, 0.0719293504953, -0.0721610784531, 0.0739386230707, -0.0687496289611, 0.0604579113424, -0.0536151155829, 0.0482630804181, -0.0391352511942, 0.0276119969785, -0.0166540853679], [0.0546168684959, -0.0761271342635, 0.0759785026312, -0.0718424543738, 0.0672544166446, -0.0687496289611, 0.0736749991775, -0.0608272366226, 0.0547708682716, -0.0456154718995, 0.0383525788784, -0.0318515449762, 0.0192705057561], [-0.0505798049271, 0.0717684626579, -0.0704272538424, 0.0651036947966, -0.065471559763, 0.0604579113424, -0.0608272366226, 0.0691510587931, -0.0555571056902, 0.0450719483197, -0.0393844097853, 0.0294895619154, -0.0160121619701], [0.0447072200477, -0.0646786391735, 0.0619918815792, -0.0586979612708, 0.0574369765818, -0.0536151155829, 0.0547708682716, -0.0555571056902, 0.0616222731769, -0.0489159747958, 0.0385362841189, -0.0269891396165, 0.015796802938], [-0.0386898294091, 0.0534133538604, -0.0542158856988, 0.0495292171836, -0.0479880981147, 0.0482630804181, -0.0456154718995, 0.0450719483197, -0.0489159747958, 0.0588248036802, -0.039410110563, 0.0273170303553, -0.0134515240788], [0.0320906080306, -0.0451269112527, 0.0441111065447, -0.0412927642465, 0.0414437018335, -0.0391352511942, 0.0383525788784, -0.0393844097853, 0.0385362841189, -0.039410110563, 0.0453760661185, -0.0281731095165, 0.0163075327873], [-0.0236195567995, 0.0331162437797, -0.0325681678951, 0.0300143044442, -0.0303896069527, 0.0276119969785, -0.0318515449762, 0.0294895619154, -0.0269891396165, 0.0273170303553, -0.0281731095165, 0.035967707634, -0.0160988755524], [0.0135939894244, -0.0191451720893, 0.0188332851976, -0.0173757784069, 0.0177820138633, -0.0166540853679, 0.0192705057561, -0.0160121619701, 0.015796802938, -0.0134515240788, 0.0163075327873, -0.0160988755524, 0.0257729254663]]
    },
    "spectral_contrast_coeffs": {
        "mean": [-0.603693604469, -0.633891403675, -0.73069024086, -0.775158524513, -0.780787885189, -0.717688858509],
        "var": [0.00546885514632, 0.0125592956319, 0.00833530165255, 0.00299863517284, 0.00290174712427, 0.00856752414256]
    },
    "spectral_contrast_valleys": {
        "mean": [-6.89327716827, -7.91275548935, -8.54376316071, -8.62711715698, -9.38728809357, -14.2455215454],
        "var": [1.42891228199, 1.29497158527, 1.26016700268, 1.44432508945, 1.93194210529, 0.89876294136]
    }
},
"metadata": {
    "audio_properties": {
        "analysis_sample_rate": 44100,
        "bit_rate": 88618,
        "equal_loudness": 0,
        "length": 45.0612258911,
        "lossless": 0,
        "replay_gain": -1.16840362549,
        "sample_rate": 44100,
        "codec": "mp3",
        "downmix": "mix",
        "md5_encoded": "311ec63ca3b652fe3ee9b1d683b37c36"
    },
    "tags": {
        "file_name": "872.mp3"
    },
    "version": {
        "essentia": "2.1-beta2",
        "essentia_git_sha": "v2.1_beta2",
        "extractor": "music 1.0"
    }
},
"rhythm": {
    "beats_count": 89,
    "beats_loudness": {
        "mean": 0.0529372766614,
        "var": 0.00104423274752
    },
    "bpm": 120.085830688,
    "bpm_histogram_first_peak_bpm": {
        "mean": 120,
        "var": 0
    },
    "bpm_histogram_first_peak_spread": {
        "mean": 0.494117647409,
        "var": 0
    },
    "bpm_histogram_first_peak_weight": {
        "mean": 0.488636374474,
        "var": 0
    },
    "bpm_histogram_second_peak_bpm": {
        "mean": 115,
        "var": 0
    },
    "bpm_histogram_second_peak_spread": {
        "mean": 0,
        "var": 0
    },
    "bpm_histogram_second_peak_weight": {
        "mean": 0.0227272734046,
        "var": 0
    },
    "danceability": 1.13991725445,
    "onset_rate": 4.05931091309,
    "beats_loudness_band_ratio": {
        "mean": [0.716228187084, 0.173476740718, 0.111286848783, 0.0247474592179, 0.0174923241138, 0.00211733370088],
        "var": [0.043599024415, 0.0151070468128, 0.0170710440725, 0.00134155666456, 0.000292174489005, 1.11001118057e-005]
    },
    "beats_position": [0.510838985443, 1.02167797089, 1.53251695633, 2.04335594177, 2.55419492722, 3.05342388153, 3.55265307426, 4.06349182129, 4.55111122131, 5.06195020676, 5.54956912994, 6.04879808426, 6.54802703857, 7.04725599289, 7.53487491608, 8.03410434723, 8.54494285583, 9.05578231812, 9.55501079559, 10.0542402267, 10.5534696579, 11.0526981354, 11.5519275665, 12.051156044, 12.538775444, 13.0263938904, 13.5256233215, 14.0248527527, 14.512471199, 15.0117006302, 15.5109291077, 16.0101585388, 16.5326080322, 17.0434455872, 17.5542850494, 18.0535144806, 18.5527439117, 19.0519733429, 19.5512008667, 20.062040329, 20.549659729, 21.037279129, 21.5365066528, 22.0241260529, 22.5349655151, 23.0574150085, 23.5682544708, 24.0558719635, 24.5434913635, 25.0427207947, 25.5419502258, 26.0295696259, 26.5287971497, 27.0280265808, 27.527256012, 28.0264854431, 28.5141029358, 29.0017223358, 29.5125617981, 30.0117912292, 30.5110206604, 31.0218582153, 31.5210876465, 32.0203170776, 32.5311546326, 33.0303840637, 33.5296134949, 34.028842926, 34.5280723572, 35.0389099121, 35.5497512817, 36.0605888367, 36.5482063293, 37.0358276367, 37.5234451294, 38.0226745605, 38.5219039917, 39.0327415466, 39.5319709778, 40.0312004089, 40.5072097778, 41.006439209, 41.5172767639, 42.0281181335, 42.5273475647, 43.0265769958, 43.5141944885, 44.0018119812, 44.5126533508]
},
"tonal": {
    "chords_changes_rate": 0.042181070894,
    "chords_number_rate": 0.00617283955216,
    "chords_strength": {
        "mean": 0.47285759449,
        "var": 0.00534325605258
    },
    "hpcp_entropy": {
        "mean": 1.36355829239,
        "var": 0.886158108711
    },
    "key_strength": 0.655427336693,
    "tuning_diatonic_strength": 0.507369995117,
    "tuning_equal_tempered_deviation": 0.0517028532922,
    "tuning_frequency": 440.508636475,
    "tuning_nontempered_energy_ratio": 0.642293095589,
    "hpcp": {
        "mean": [0.185619860888, 0.0770793184638, 0.0227507967502, 0.0455953814089, 0.0632739886642, 0.0666298270226, 0.0796288624406, 0.0713954046369, 0.228818267584, 0.366298377514, 0.186424732208, 0.0325409173965, 0.0186363719404, 0.0146376891062, 0.0461125820875, 0.0829709991813, 0.0605121962726, 0.0273466333747, 0.0331214144826, 0.0623687170446, 0.245222806931, 0.383667469025, 0.216298490763, 0.0610869154334, 0.0409906543791, 0.0256147217005, 0.0172329638153, 0.0154751716182, 0.0228172317147, 0.115400359035, 0.196152865887, 0.11099730432, 0.0200429614633, 0.0110808201134, 0.0336456932127, 0.147116988897],
        "var": [0.120965890586, 0.0237935464829, 0.00713178934529, 0.0187869220972, 0.0341027081013, 0.0206270273775, 0.0347884036601, 0.0179627072066, 0.0806228071451, 0.198416978121, 0.0589089132845, 0.0149308545515, 0.00859982986003, 0.00550073292106, 0.0183231886476, 0.049054004252, 0.0283701848239, 0.0108751626685, 0.0154923768714, 0.0301090236753, 0.0740820094943, 0.168280765414, 0.0675505697727, 0.0279451496899, 0.0190438851714, 0.0101513974369, 0.00558575103059, 0.00288047222421, 0.00532374205068, 0.0392847657204, 0.084870621562, 0.0295457579195, 0.00514191249385, 0.00227080401964, 0.0084432112053, 0.0837182179093]
    },
    "chords_histogram": [43.2098770142, 5.24691343307, 5.34979438782, 0.823045253754, 0, 0, 4.83539104462, 0, 0, 0, 0, 0, 0, 0, 0, 0.205761313438, 0, 0.308641970158, 0, 0, 0, 0, 8.53909492493, 31.4814815521],
    "thpcp": [1, 0.563765525818, 0.159218385816, 0.10683901608, 0.0667628198862, 0.0449164062738, 0.040334854275, 0.0594713762403, 0.300782233477, 0.511257469654, 0.289306014776, 0.0522404499352, 0.0288813132793, 0.0876949355006, 0.383449226618, 0.483804017305, 0.20090135932, 0.0592982172966, 0.118840888143, 0.16491882503, 0.173665568233, 0.207546561956, 0.186086684465, 0.596397340298, 0.954728782177, 0.485901862383, 0.0848154202104, 0.0485742837191, 0.0381520204246, 0.120188929141, 0.216257587075, 0.157720431685, 0.0712769180536, 0.0863284394145, 0.162559300661, 0.639154553413],
    "chords_key": "C",
    "chords_scale": "major",
    "key_key": "C",
    "key_scale": "major"
}
}