{
"lowlevel": {
    "average_loudness": 0.926091611385,
    "barkbands_crest": {
        "mean": 13.3900775909,
        "var": 43.6600112915
    },
    "barkbands_flatness_db": {
        "mean": 0.176478505135,
        "var": 0.0106727182865
    },
    "barkbands_kurtosis": {
        "mean": 25.8390407562,
        "var": 8405.93945313
    },
    "barkbands_skewness": {
        "mean": 2.66416358948,
        "var": 15.2582902908
    },
    "barkbands_spread": {
        "mean": 28.0618915558,
        "var": 608.320556641
    },
    "dissonance": {
        "mean": 0.486820846796,
        "var": 0.000201479851967
    },
    "dynamic_complexity": 4.28478860855,
    "erbbands_crest": {
        "mean": 7.82229375839,
        "var": 14.6016654968
    },
    "erbbands_flatness_db": {
        "mean": 0.13970656693,
        "var": 0.00302610942163
    },
    "erbbands_kurtosis": {
        "mean": 0.992552995682,
        "var": 13.6234674454
    },
    "erbbands_skewness": {
        "mean": -0.337687879801,
        "var": 1.12839138508
    },
    "erbbands_spread": {
        "mean": 64.151222229,
        "var": 1750.80737305
    },
    "hfc": {
        "mean": 21.823059082,
        "var": 527.297668457
    },
    "melbands_crest": {
        "mean": 19.1258277893,
        "var": 98.1904525757
    },
    "melbands_flatness_db": {
        "mean": 0.225905925035,
        "var": 0.0203381441534
    },
    "melbands_kurtosis": {
        "mean": 126.983566284,
        "var": 114146.390625
    },
    "melbands_skewness": {
        "mean": 6.40725183487,
        "var": 53.6296958923
    },
    "melbands_spread": {
        "mean": 36.9555664063,
        "var": 2158.64233398
    },
    "pitch_salience": {
        "mean": 0.457711666822,
        "var": 0.0462055951357
    },
    "silence_rate_20dB": {
        "mean": 1,
        "var": 0
    },
    "silence_rate_30dB": {
        "mean": 0.924343824387,
        "var": 0.0699310898781
    },
    "silence_rate_60dB": {
        "mean": 0.207411214709,
        "var": 0.164394304156
    },
    "spectral_centroid": {
        "mean": 2203.56030273,
        "var": 2079311.875
    },
    "spectral_complexity": {
        "mean": 11.3340196609,
        "var": 152.711135864
    },
    "spectral_decrease": {
        "mean": -9.41065980697e-009,
        "var": 1.42507364145e-016
    },
    "spectral_energy": {
        "mean": 0.0374973788857,
        "var": 0.00211555464193
    },
    "spectral_energyband_high": {
        "mean": 0.00183619279414,
        "var": 4.39911536887e-006
    },
    "spectral_energyband_low": {
        "mean": 0.0282023902982,
        "var": 0.00168895185925
    },
    "spectral_energyband_middle_high": {
        "mean": 0.00177564984187,
        "var": 6.91904597261e-006
    },
    "spectral_energyband_middle_low": {
        "mean": 0.00904968567193,
        "var": 0.000276668375591
    },
    "spectral_entropy": {
        "mean": 7.95095396042,
        "var": 0.191919103265
    },
    "spectral_flux": {
        "mean": 0.0976234152913,
        "var": 0.00871701072901
    },
    "spectral_kurtosis": {
        "mean": 2.02839517593,
        "var": 2.89484024048
    },
    "spectral_rms": {
        "mean": 0.00498024467379,
        "var": 1.1780011846e-005
    },
    "spectral_rolloff": {
        "mean": 3046.70117188,
        "var": 14295504
    },
    "spectral_skewness": {
        "mean": 1.09272563457,
        "var": 0.161771088839
    },
    "spectral_spread": {
        "mean": 6650627,
        "var": 5.33127338394e+012
    },
    "spectral_strongpeak": {
        "mean": 0.684185564518,
        "var": 1.1113319397
    },
    "zerocrossingrate": {
        "mean": 0.109731093049,
        "var": 0.00766198989004
    },
    "barkbands": {
        "mean": [0.00128101720475, 0.0150851188228, 0.00849839393049, 0.00549936201423, 0.00233074114658, 0.000368765962776, 0.000302231201204, 0.000256415572949, 0.000244953786023, 0.000111748551717, 0.000110441687866, 0.000319594808389, 0.00015893165255, 0.000118334843137, 0.000174316941411, 0.000167246733326, 0.000227488955716, 0.000127855499159, 0.000187372032087, 0.000328251771862, 0.000200398804736, 0.000343193532899, 0.00032374120201, 0.000159507035278, 0.00044047209667, 0.000110532659164, 2.09870213439e-005],
        "var": [1.48434201037e-005, 0.000732046086341, 0.000470843544463, 0.000118956842925, 3.35821387125e-005, 7.15829116871e-007, 4.24598937343e-007, 1.93768855183e-007, 2.02561196261e-007, 5.73030298767e-008, 4.23771311375e-008, 2.0456882055e-007, 5.98362319693e-008, 5.37701794201e-008, 2.36191127101e-007, 1.05809668582e-007, 1.38907637393e-007, 5.47643104198e-008, 1.52733448999e-007, 3.61021733397e-007, 7.05686105107e-008, 2.22005198225e-007, 1.19237725471e-007, 4.79971404843e-008, 6.81987671669e-007, 3.67224757269e-008, 6.02864957955e-009]
    },
    "erbbands": {
        "mean": [0.534240543842, 3.02626895905, 7.90533590317, 17.5461349487, 12.8011140823, 6.11535787582, 3.86593699455, 2.9104745388, 3.94564652443, 5.2939748764, 5.50506877899, 5.7182469368, 4.55601167679, 3.61394834518, 5.69754457474, 13.9498386383, 8.10614585876, 6.42538499832, 8.02548503876, 8.98675727844, 11.229516983, 10.3170309067, 7.5636806488, 7.13589668274, 11.6055879593, 17.5269088745, 10.3434371948, 8.87972736359, 12.929769516, 8.45642757416, 10.3308582306, 4.455119133, 2.47959399223, 2.80638098717, 3.99930071831, 0.914557635784, 0.201720103621, 0.0525923296809, 0.00323413871229, 0.000103041988041],
        "var": [1.40453016758, 25.5562038422, 360.426971436, 921.091186523, 1264.53869629, 225.985580444, 166.027984619, 38.4712905884, 68.8340759277, 113.386329651, 78.0453796387, 102.171409607, 101.238250732, 47.3071479797, 71.4289245605, 412.670257568, 143.857192993, 129.497817993, 352.481506348, 463.402282715, 357.93850708, 300.350921631, 208.159103394, 191.711578369, 622.312927246, 976.689331055, 212.931900024, 125.365829468, 348.642944336, 95.0859451294, 132.170547485, 27.9110813141, 12.3159351349, 18.9378261566, 68.1729278564, 2.52402949333, 0.144918754697, 0.0216615293175, 0.000129088322865, 2.85894330432e-008]
    },
    "gfcc": {
        "mean": [-49.6097793579, 17.4258842468, -88.9462738037, 56.01304245, -53.8937416077, 33.3804626465, -29.5214309692, 14.3218135834, -26.1226673126, 11.1432266235, -20.2326393127, 4.39026021957, -17.5935649872],
        "cov": [[15676.1894531, 2910.24121094, 1526.68164063, -849.009277344, -99.5822143555, -311.916748047, -688.433959961, -252.073608398, -688.030456543, -633.816833496, -898.883605957, -301.996063232, -574.802856445], [2910.24121094, 3286.98046875, 410.45916748, -286.572357178, 191.083786011, -382.136901855, -146.782012939, -288.772521973, -145.629547119, -392.356292725, -172.559371948, -279.572692871, -152.011505127], [1526.68164063, 410.45916748, 3166.06738281, 952.046630859, 707.81817627, 355.2550354, 344.560211182, 209.6509552, 123.429084778, 146.516967773, -21.2689399719, 303.171722412, -23.2661247253], [-849.009277344, -286.572357178, 952.046630859, 1003.85925293, 410.161102295, 332.698059082, 311.710998535, 187.837753296, 221.540817261, 196.467803955, 212.915802002, 126.478012085, 117.214286804], [-99.5822143555, 191.083786011, 707.81817627, 410.161102295, 496.800933838, 261.898162842, 249.111633301, 121.685523987, 147.819198608, 79.451789856, 64.171661377, 82.3264465332, 13.5728349686], [-311.916748047, -382.136901855, 355.2550354, 332.698059082, 261.898162842, 420.697509766, 231.736358643, 198.526657104, 169.742324829, 137.305786133, 67.9556503296, 106.491088867, 51.7772521973], [-688.433959961, -146.782012939, 344.560211182, 311.710998535, 249.111633301, 231.736358643, 292.484588623, 151.849014282, 175.236358643, 118.395133972, 125.606460571, 72.4788742065, 57.0108375549], [-252.073608398, -288.772521973, 209.6509552, 187.837753296, 121.685523987, 198.526657104, 151.849014282, 189.743530273, 127.469017029, 128.057418823, 58.4969291687, 77.4588241577, 38.299243927], [-688.030456543, -145.629547119, 123.429084778, 221.540817261, 147.819198608, 169.742324829, 175.236358643, 127.469017029, 197.407119751, 115.205810547, 120.88507843, 56.7808990479, 65.7109832764], [-633.816833496, -392.356292725, 146.516967773, 196.467803955, 79.451789856, 137.305786133, 118.395133972, 128.057418823, 115.205810547, 177.9972229, 107.379699707, 95.0963058472, 57.1469192505], [-898.883605957, -172.559371948, -21.2689399719, 212.915802002, 64.171661377, 67.9556503296, 125.606460571, 58.4969291687, 120.88507843, 107.379699707, 200.815994263, 75.8114013672, 81.8004074097], [-301.996063232, -279.572692871, 303.171722412, 126.478012085, 82.3264465332, 106.491088867, 72.4788742065, 77.4588241577, 56.7808990479, 95.0963058472, 75.8114013672, 166.549713135, 50.8186187744], [-574.802856445, -152.011505127, -23.2661247253, 117.214286804, 13.5728349686, 51.7772521973, 57.0108375549, 38.299243927, 65.7109832764, 57.1469192505, 81.8004074097, 50.8186187744, 95.8696060181]],
        "icov": [[0.000124410827993, -9.63133279583e-005, -7.52281703171e-005, 2.85159403575e-005, 7.71193736e-005, -0.000184331845958, 0.000277717015706, -0.000339564750902, 0.000230219797231, 0.000137573268148, 5.63621797482e-005, 2.1849948098e-005, 0.000299752922729], [-9.63133279583e-005, 0.000724924437236, -0.000228035773034, 0.000396308751078, -0.000833215133753, 0.000571539450902, 0.000254870305071, 4.2809137085e-005, -0.000517128384672, 0.00115479715168, -0.000879600003827, 0.00114765600301, -0.000519029854331], [-7.52281703171e-005, -0.000228035773034, 0.00108793715481, -0.0011577042751, -0.000152857901412, 0.000664656457957, -0.00116880214773, 0.00051520136185, -0.000150346328155, -0.000567776849493, 0.00220463424921, -0.00262505328283, 0.000970662513282], [2.85159403575e-005, 0.000396308751078, -0.0011577042751, 0.00341809447855, -0.0014719661558, -0.00110546580981, 0.001198708429, -0.000708320178092, 0.000891626812518, -4.39544273831e-005, -0.00385711668059, 0.00372717157006, -0.00255470536649], [7.71193736e-005, -0.000833215133753, -0.000152857901412, -0.0014719661558, 0.00659489771351, -0.00191870413255, -0.0034759324044, 0.00199786224402, -0.00144307652954, -0.00036491357605, 0.00207516085356, -0.00247985706665, 0.00302583631128], [-0.000184331845958, 0.000571539450902, 0.000664656457957, -0.00110546580981, -0.00191870413255, 0.00778083363548, -0.00252444599755, -0.00291086337529, -0.00212030601688, 0.000693311681971, 0.00330713973381, -0.00234847632237, -0.000489509606268], [0.000277717015706, 0.000254870305071, -0.00116880214773, 0.001198708429, -0.0034759324044, -0.00252444599755, 0.0144277643412, -0.00553353736177, -0.00228863977827, 0.00246474472806, -0.00669201649725, 0.0044161840342, -0.00072518811794], [-0.000339564750902, 4.2809137085e-005, 0.00051520136185, -0.000708320178092, 0.00199786224402, -0.00291086337529, -0.00553353736177, 0.0205550286919, -0.00615261495113, -0.00906073302031, 0.00640085572377, -0.00325243035331, 0.00127198686823], [0.000230219797231, -0.000517128384672, -0.000150346328155, 0.000891626812518, -0.00144307652954, -0.00212030601688, -0.00228863977827, -0.00615261495113, 0.0185452159494, -0.00228435639292, -0.0058121024631, 0.00387169513851, -0.00384065532126], [0.000137573268148, 0.00115479715168, -0.000567776849493, -4.39544273831e-005, -0.00036491357605, 0.000693311681971, 0.00246474472806, -0.00906073302031, -0.00228435639292, 0.0195444133133, -0.00602145539597, -0.00159928994253, 0.000304108922137], [5.63621797482e-005, -0.000879600003827, 0.00220463424921, -0.00385711668059, 0.00207516085356, 0.00330713973381, -0.00669201649725, 0.00640085572377, -0.0058121024631, -0.00602145539597, 0.0198926776648, -0.00895844213665, -0.00111492548604], [2.1849948098e-005, 0.00114765600301, -0.00262505328283, 0.00372717157006, -0.00247985706665, -0.00234847632237, 0.0044161840342, -0.00325243035331, 0.00387169513851, -0.00159928994253, -0.00895844213665, 0.0178875140846, -0.00648920517415], [0.000299752922729, -0.000519029854331, 0.000970662513282, -0.00255470536649, 0.00302583631128, -0.000489509606268, -0.00072518811794, 0.00127198686823, -0.00384065532126, 0.000304108922137, -0.00111492548604, -0.00648920517415, 0.0213655177504]]
    },
    "melbands": {
        "mean": [0.0045001138933, 0.00422295508906, 0.00293176411651, 0.000648407090921, 0.000149434199557, 6.54645336908e-005, 6.13821976003e-005, 5.71042764932e-005, 4.32021588495e-005, 3.59301229764e-005, 2.20097990677e-005, 1.37937213367e-005, 1.60787694767e-005, 3.24298125634e-005, 2.920488987e-005, 1.50358573592e-005, 1.12445395644e-005, 1.18344460134e-005, 1.40009251481e-005, 1.10906903501e-005, 1.43004299389e-005, 1.13826417873e-005, 8.5585488705e-006, 6.25292341283e-006, 5.34137916475e-006, 7.67678830016e-006, 8.47138471727e-006, 1.29288046082e-005, 6.56081283523e-006, 4.60630189991e-006, 5.67823644815e-006, 8.17415457277e-006, 5.08442781211e-006, 4.48014588983e-006, 6.02892305324e-006, 4.30392674389e-006, 2.29122974815e-006, 1.60070180755e-006, 1.93865275833e-006, 2.2660394734e-006],
        "var": [7.69402322476e-005, 6.21792860329e-005, 2.75147649518e-005, 2.70104669653e-006, 2.16095600081e-007, 1.99235579146e-008, 1.66222253739e-008, 1.22338308373e-008, 4.79650053009e-009, 4.60344029563e-009, 2.45885889427e-009, 7.38086425311e-010, 7.83407005933e-010, 2.08344386188e-009, 2.23380824949e-009, 5.61353907802e-010, 4.45312925423e-010, 7.14764025744e-010, 1.58822621721e-009, 5.48089018615e-010, 5.71509894964e-010, 3.40749706229e-010, 3.55366874816e-010, 1.3496180562e-010, 1.18468956867e-010, 2.84459678035e-010, 3.01585173501e-010, 5.49191303545e-010, 9.83688547285e-011, 5.15850244465e-011, 6.44307662778e-011, 1.64384644785e-010, 4.21649590243e-011, 2.62412487573e-011, 4.48619995319e-011, 2.40979198401e-011, 8.96691661895e-012, 6.30455366732e-012, 6.99762990608e-012, 1.47090950531e-011]
    },
    "mfcc": {
        "mean": [-699.856506348, 50.7490234375, 22.3066921234, 30.9287586212, 7.22352218628, 22.9278011322, 8.78071594238, 11.0912818909, 4.31410932541, 3.90400362015, 3.34312987328, 7.65726423264, 7.68573856354],
        "cov": [[12950.6123047, 3111.46386719, 388.233428955, -452.770233154, -31.0244941711, -446.578460693, -418.332305908, -177.797241211, -270.803192139, -470.852050781, -492.639099121, -412.076477051, -501.444519043], [3111.46386719, 3151.40966797, 343.998352051, 86.9788360596, 97.4982452393, -144.353942871, -156.74458313, -51.2134017944, -142.981216431, -265.41506958, -211.114212036, -108.089538574, -138.055984497], [388.233428955, 343.998352051, 1917.26501465, 858.187744141, 529.873168945, 421.197387695, 263.630981445, 297.113769531, 206.07673645, -24.2083930969, 138.663269043, 197.11378479, 149.200744629], [-452.770233154, 86.9788360596, 858.187744141, 758.130126953, 373.156494141, 298.949951172, 218.002670288, 173.865356445, 102.655685425, 80.9558563232, 123.785354614, 136.997360229, 125.537506104], [-31.0244941711, 97.4982452393, 529.873168945, 373.156494141, 360.480377197, 273.353973389, 165.373046875, 173.969894409, 131.9974823, 63.4901771545, 91.5253067017, 103.401329041, 95.6737976074], [-446.578460693, -144.353942871, 421.197387695, 298.949951172, 273.353973389, 338.784179688, 195.186386108, 207.340789795, 160.894958496, 110.473213196, 115.144348145, 128.19921875, 123.217826843], [-418.332305908, -156.74458313, 263.630981445, 218.002670288, 165.373046875, 195.186386108, 190.735519409, 144.750015259, 109.674133301, 91.3418045044, 98.2847061157, 95.0466690063, 90.5668182373], [-177.797241211, -51.2134017944, 297.113769531, 173.865356445, 173.969894409, 207.340789795, 144.750015259, 213.825088501, 138.724029541, 83.1547622681, 95.8462371826, 107.123336792, 87.7471389771], [-270.803192139, -142.981216431, 206.07673645, 102.655685425, 131.9974823, 160.894958496, 109.674133301, 138.724029541, 164.323623657, 103.065109253, 89.8338851929, 71.1095046997, 61.9442558289], [-470.852050781, -265.41506958, -24.2083930969, 80.9558563232, 63.4901771545, 110.473213196, 91.3418045044, 83.1547622681, 103.065109253, 193.227661133, 110.881462097, 35.7398300171, 41.720035553], [-492.639099121, -211.114212036, 138.663269043, 123.785354614, 91.5253067017, 115.144348145, 98.2847061157, 95.8462371826, 89.8338851929, 110.881462097, 141.352767944, 72.4482955933, 72.6271133423], [-412.076477051, -108.089538574, 197.11378479, 136.997360229, 103.401329041, 128.19921875, 95.0466690063, 107.123336792, 71.1095046997, 35.7398300171, 72.4482955933, 176.366668701, 122.902160645], [-501.444519043, -138.055984497, 149.200744629, 125.537506104, 95.6737976074, 123.217826843, 90.5668182373, 87.7471389771, 61.9442558289, 41.720035553, 72.6271133423, 122.902160645, 153.794036865]],
        "icov": [[0.000128202620544, -8.43353045639e-005, -0.000102020108898, 0.000194960201043, -0.000227850570809, 0.000164861296071, 3.10651630571e-005, -0.000196273045731, 0.000158987299073, -0.000124386875541, 0.000243309506914, 4.59704970126e-005, 0.000203550822334], [-8.43353045639e-005, 0.000486526987515, 1.99025380425e-005, -0.000175097127794, -0.000357298878953, 0.000325515633449, 0.000298327562632, -0.000416872033384, 0.000152889959281, 0.000253052508924, 0.000285148009425, 4.37280796177e-005, 9.19455760595e-006], [-0.000102020108898, 1.99025380425e-005, 0.0016721652355, -0.00174604891799, 4.87056968268e-005, -0.000416874303482, 0.000372920796508, -0.000215488238609, -0.00188432005234, 0.00243153749034, -0.00110754696652, -7.62208655942e-005, 0.000378570519388], [0.000194960201043, -0.000175097127794, -0.00174604891799, 0.00512538990006, -0.00314691686071, 0.000202473267564, -0.00210907612927, 0.000703447964042, 0.00407887995243, -0.00282381591387, 0.000401147408411, -0.000460189039586, -7.37469017622e-005], [-0.000227850570809, -0.000357298878953, 4.87056968268e-005, -0.00314691686071, 0.0115493517369, -0.00627563614398, -7.03321177298e-007, 0.000416519440478, -0.00320457201451, 0.00221165711991, -0.00119686103426, 0.000652668357361, -0.000201780363568], [0.000164861296071, 0.000325515633449, -0.000416874303482, 0.000202473267564, -0.00627563614398, 0.0153260538355, -0.00395816843957, -0.00499947322533, -0.00139922427479, -0.00244048424065, 0.00299546262249, 9.30165042519e-005, -0.00238608382642], [3.10651630571e-005, 0.000298327562632, 0.000372920796508, -0.00210907612927, -7.03321177298e-007, -0.00395816843957, 0.0172570813447, -0.00423810258508, -0.000738847709727, -0.000785924668889, -0.00205067242496, -0.000272972421953, -0.00114648416638], [-0.000196273045731, -0.000416872033384, -0.000215488238609, 0.000703447964042, 0.000416519440478, -0.00499947322533, -0.00423810258508, 0.0179171729833, -0.0068873190321, 0.00107305287383, -0.0023210849613, -0.00332795199938, 0.000878730090335], [0.000158987299073, 0.000152889959281, -0.00188432005234, 0.00407887995243, -0.00320457201451, -0.00139922427479, -0.000738847709727, -0.0068873190321, 0.0213950257748, -0.00741655798629, -0.000373499904526, -0.000524031696841, 0.000623117899522], [-0.000124386875541, 0.000253052508924, 0.00243153749034, -0.00282381591387, 0.00221165711991, -0.00244048424065, -0.000785924668889, 0.00107305287383, -0.00741655798629, 0.0157278459519, -0.00906486622989, 0.00200154422782, 0.00159962417092], [0.000243309506914, 0.000285148009425, -0.00110754696652, 0.000401147408411, -0.00119686103426, 0.00299546262249, -0.00205067242496, -0.0023210849613, -0.000373499904526, -0.00906486622989, 0.0200639832765, -0.00140815635677, -0.00306731881574], [4.59704970126e-005, 4.37280796177e-005, -7.62208655942e-005, -0.000460189039586, 0.000652668357361, 9.30165042519e-005, -0.000272972421953, -0.00332795199938, -0.000524031696841, 0.00200154422782, -0.00140815635677, 0.0148305324838, -0.00930081680417], [0.000203550822334, 9.19455760595e-006, 0.000378570519388, -7.37469017622e-005, -0.000201780363568, -0.00238608382642, -0.00114648416638, 0.000878730090335, 0.000623117899522, 0.00159962417092, -0.00306731881574, -0.00930081680417, 0.0172742735595]]
    },
    "spectral_contrast_coeffs": {
        "mean": [-0.637477695942, -0.816786885262, -0.83138859272, -0.832368373871, -0.805239915848, -0.739256203175],
        "var": [0.0132635105401, 0.00287644565105, 0.00303269154392, 0.00128855835646, 0.000971055706032, 0.00156992103439]
    },
    "spectral_contrast_valleys": {
        "mean": [-8.30257034302, -7.91556835175, -8.24496650696, -8.35477924347, -7.82426691055, -9.96287441254],
        "var": [4.13120698929, 3.0518386364, 2.49521112442, 1.991558671, 1.40840768814, 1.60662305355]
    }
},
"metadata": {
    "audio_properties": {
        "analysis_sample_rate": 44100,
        "bit_rate": 115808,
        "equal_loudness": 0,
        "length": 45.0873451233,
        "lossless": 0,
        "replay_gain": -8.69564056396,
        "sample_rate": 44100,
        "codec": "mp3",
        "downmix": "mix",
        "md5_encoded": "56291cdb27c71b1030b8b7311d8615ae"
    },
    "tags": {
        "file_name": "873.mp3"
    },
    "version": {
        "essentia": "2.1-beta2",
        "essentia_git_sha": "v2.1_beta2",
        "extractor": "music 1.0"
    }
},
"rhythm": {
    "beats_count": 93,
    "beats_loudness": {
        "mean": 0.125507503748,
        "var": 0.00585508346558
    },
    "bpm": 124.233345032,
    "bpm_histogram_first_peak_bpm": {
        "mean": 123,
        "var": 0
    },
    "bpm_histogram_first_peak_spread": {
        "mean": 0.421052664518,
        "var": 0
    },
    "bpm_histogram_first_peak_weight": {
        "mean": 0.478260874748,
        "var": 0
    },
    "bpm_histogram_second_peak_bpm": {
        "mean": 129,
        "var": 0
    },
    "bpm_histogram_second_peak_spread": {
        "mean": 0,
        "var": 0
    },
    "bpm_histogram_second_peak_weight": {
        "mean": 0.173913046718,
        "var": 0
    },
    "danceability": 1.42569577694,
    "onset_rate": 6.93940019608,
    "beats_loudness_band_ratio": {
        "mean": [0.843716681004, 0.0423245169222, 0.0162103828043, 0.0229427050799, 0.0255723018199, 0.0672286897898],
        "var": [0.0316293127835, 0.0130629092455, 0.000320140068652, 0.00075416819891, 0.00111825123895, 0.00624893372878]
    },
    "beats_position": [0.417959183455, 0.882358253002, 1.34675729275, 1.83437633514, 2.31038546562, 2.7863945961, 3.27401351929, 3.75002264977, 4.22603178024, 4.71365070343, 5.18965959549, 5.66566896439, 6.15328788757, 6.64090681076, 7.10530614853, 7.59292507172, 8.08054447174, 8.55655288696, 9.03256225586, 9.52018165588, 9.99619007111, 10.47219944, 10.9482088089, 11.4242172241, 11.9118366241, 12.3994560242, 12.8638544083, 13.3514738083, 13.8390922546, 14.3267116547, 14.7911109924, 15.2787294388, 15.7431287766, 16.2307472229, 16.7067565918, 17.1827659607, 17.6703853607, 18.1580047607, 18.6224040985, 19.1100215912, 19.5976409912, 20.0736503601, 20.549659729, 21.037279129, 21.5132884979, 21.9892959595, 22.4769153595, 22.9413146973, 23.4289340973, 23.9165534973, 24.3809528351, 24.8685703278, 25.3561897278, 25.8438091278, 26.3082084656, 26.7958278656, 27.2834453583, 27.747844696, 28.2354640961, 28.711473465, 29.1874828339, 29.6751022339, 30.1511096954, 30.6155090332, 31.0915184021, 31.567527771, 32.0667572021, 32.542766571, 33.0303840637, 33.5063934326, 33.99401474, 34.4816322327, 34.9460296631, 35.4336509705, 35.9096603394, 36.3856697083, 36.8732872009, 37.3609046936, 37.8253059387, 38.3129234314, 38.8005447388, 39.2765541077, 39.7525634766, 40.2401809692, 40.7045783997, 41.192199707, 41.6798171997, 42.1558265686, 42.6318359375, 43.1194534302, 43.5838546753, 44.071472168, 44.5590934753]
},
"tonal": {
    "chords_changes_rate": 0.0637860074639,
    "chords_number_rate": 0.00925925932825,
    "chords_strength": {
        "mean": 0.431873887777,
        "var": 0.0044908085838
    },
    "hpcp_entropy": {
        "mean": 2.42789435387,
        "var": 0.999778032303
    },
    "key_strength": 0.426027297974,
    "tuning_diatonic_strength": 0.378635913134,
    "tuning_equal_tempered_deviation": 0.208671331406,
    "tuning_frequency": 434.193115234,
    "tuning_nontempered_energy_ratio": 0.883750677109,
    "hpcp": {
        "mean": [0.119320996106, 0.112712264061, 0.12574647367, 0.143338099122, 0.136279135942, 0.124274194241, 0.116716518998, 0.162984222174, 0.262250483036, 0.256690710783, 0.174988314509, 0.139486566186, 0.141780808568, 0.171960785985, 0.24567566812, 0.301963448524, 0.243974655867, 0.161196365952, 0.152678579092, 0.139503449202, 0.089484103024, 0.073824711144, 0.0829615518451, 0.159607410431, 0.231380864978, 0.158394381404, 0.0844703540206, 0.0820885822177, 0.0758773759007, 0.078228905797, 0.0964892432094, 0.131142184138, 0.197205156088, 0.166439712048, 0.0938269123435, 0.107270956039],
        "var": [0.0356096364558, 0.0371249988675, 0.0515642091632, 0.0687765330076, 0.0567152947187, 0.053854778409, 0.0498834252357, 0.0703801289201, 0.131349682808, 0.122392185032, 0.0639183074236, 0.0551333464682, 0.0566938631237, 0.0733560472727, 0.099995277822, 0.136057049036, 0.0946285277605, 0.0644894465804, 0.0686249658465, 0.0648480057716, 0.0304923690856, 0.024636330083, 0.0269314423203, 0.0503553152084, 0.125476300716, 0.0507399961352, 0.0277229882777, 0.0270005967468, 0.0214885175228, 0.019952101633, 0.032684572041, 0.0442234277725, 0.106744281948, 0.0755968540907, 0.0270171947777, 0.0351133048534]
    },
    "chords_histogram": [0, 0, 0, 12.1399173737, 1.02880656719, 0, 0, 18.5185184479, 0.411522626877, 31.3786010742, 6.06995868683, 0, 0, 0, 0, 11.2139921188, 13.5802469254, 0.720164597034, 0, 0, 2.77777767181, 0.102880656719, 1.23456788063, 0.823045253754],
    "thpcp": [1, 0.807960867882, 0.533827424049, 0.5056194067, 0.46198785305, 0.296340852976, 0.244482278824, 0.274740368128, 0.528565347195, 0.766254544258, 0.524548172951, 0.279737025499, 0.271849393845, 0.251280009747, 0.259067475796, 0.319539487362, 0.434298217297, 0.65307623148, 0.551191568375, 0.310722738504, 0.355244845152, 0.395150452852, 0.373264580965, 0.416429460049, 0.474686920643, 0.451310038567, 0.411553770304, 0.386525332928, 0.539748191833, 0.868484199047, 0.850072145462, 0.579501628876, 0.461931943893, 0.469529718161, 0.569475471973, 0.813594043255],
    "chords_key": "G",
    "chords_scale": "major",
    "key_key": "C",
    "key_scale": "minor"
}
}