{
"lowlevel": {
    "average_loudness": 0.981507718563,
    "barkbands_crest": {
        "mean": 7.10804700851,
        "var": 6.80372142792
    },
    "barkbands_flatness_db": {
        "mean": 0.131235733628,
        "var": 0.000738867733162
    },
    "barkbands_kurtosis": {
        "mean": -0.234459847212,
        "var": 1.92388474941
    },
    "barkbands_skewness": {
        "mean": 0.700286209583,
        "var": 0.356889009476
    },
    "barkbands_spread": {
        "mean": 29.1082744598,
        "var": 70.5164718628
    },
    "dissonance": {
        "mean": 0.483501970768,
        "var": 0.000166797093698
    },
    "dynamic_complexity": 0.795530617237,
    "erbbands_crest": {
        "mean": 8.05820560455,
        "var": 13.8158941269
    },
    "erbbands_flatness_db": {
        "mean": 0.184351712465,
        "var": 0.000755479559302
    },
    "erbbands_kurtosis": {
        "mean": 0.25858259201,
        "var": 1.458116889
    },
    "erbbands_skewness": {
        "mean": -0.328791260719,
        "var": 0.273534983397
    },
    "erbbands_spread": {
        "mean": 32.1725845337,
        "var": 99.8925857544
    },
    "hfc": {
        "mean": 33.0688209534,
        "var": 219.067886353
    },
    "melbands_crest": {
        "mean": 13.0913333893,
        "var": 21.6867523193
    },
    "melbands_flatness_db": {
        "mean": 0.163310274482,
        "var": 0.0017463004915
    },
    "melbands_kurtosis": {
        "mean": 3.57980942726,
        "var": 21.1066131592
    },
    "melbands_skewness": {
        "mean": 1.76059961319,
        "var": 0.704988777637
    },
    "melbands_spread": {
        "mean": 35.9077415466,
        "var": 209.660324097
    },
    "pitch_salience": {
        "mean": 0.588587880135,
        "var": 0.00734382681549
    },
    "silence_rate_20dB": {
        "mean": 1,
        "var": 0
    },
    "silence_rate_30dB": {
        "mean": 1,
        "var": 0
    },
    "silence_rate_60dB": {
        "mean": 0.00205867225304,
        "var": 0.00205448735505
    },
    "spectral_centroid": {
        "mean": 1710.56213379,
        "var": 355337.71875
    },
    "spectral_complexity": {
        "mean": 34.7472991943,
        "var": 49.7070426941
    },
    "spectral_decrease": {
        "mean": -8.49821546467e-009,
        "var": 8.87631137155e-018
    },
    "spectral_energy": {
        "mean": 0.0350736491382,
        "var": 0.000137219569297
    },
    "spectral_energyband_high": {
        "mean": 0.00131208426319,
        "var": 2.37795779867e-006
    },
    "spectral_energyband_low": {
        "mean": 0.0113077014685,
        "var": 8.50737851579e-005
    },
    "spectral_energyband_middle_high": {
        "mean": 0.0120757631958,
        "var": 2.98670347547e-005
    },
    "spectral_energyband_middle_low": {
        "mean": 0.0130540952086,
        "var": 3.68066357623e-005
    },
    "spectral_entropy": {
        "mean": 7.74248838425,
        "var": 0.0500987172127
    },
    "spectral_flux": {
        "mean": 0.108591146767,
        "var": 0.000714610156137
    },
    "spectral_kurtosis": {
        "mean": 3.17554497719,
        "var": 5.41719436646
    },
    "spectral_rms": {
        "mean": 0.00576694030315,
        "var": 9.60628426583e-007
    },
    "spectral_rolloff": {
        "mean": 2008.09240723,
        "var": 1355525.5
    },
    "spectral_skewness": {
        "mean": 1.06820094585,
        "var": 0.0961251482368
    },
    "spectral_spread": {
        "mean": 3323830.75,
        "var": 2.63443972096e+012
    },
    "spectral_strongpeak": {
        "mean": 0.98660993576,
        "var": 2.33446359634
    },
    "zerocrossingrate": {
        "mean": 0.0655691623688,
        "var": 0.000718753435649
    },
    "barkbands": {
        "mean": [2.56172097579e-005, 0.00303390133195, 0.00590081745759, 0.00458230450749, 0.00301916478202, 0.00167191284709, 0.00108062045183, 0.000751583313104, 0.00132516922895, 0.00125764892437, 0.00222301180474, 0.0014909041347, 0.00084994523786, 0.000647080829367, 0.0019479325274, 0.00147446605843, 0.000896934536286, 0.000575735408347, 0.000831947545521, 0.000346662360243, 0.000504084862769, 0.00042792520253, 0.000153572749696, 4.32615634054e-005, 1.03215088529e-005, 1.1843565062e-006, 8.87122197923e-009],
        "var": [2.86007328931e-009, 1.11916115202e-005, 3.88106382161e-005, 2.41686520894e-005, 6.82462132318e-006, 1.84924431323e-006, 6.35766411961e-007, 5.09526330461e-007, 2.59495413957e-006, 1.2794283748e-006, 9.78534990281e-006, 4.60969977212e-006, 2.82782389149e-006, 3.39580481068e-007, 4.93533343615e-006, 5.83245946473e-006, 7.25593508832e-007, 4.04907922302e-007, 8.52175674027e-007, 1.44524420875e-007, 3.02541423025e-007, 3.27420195845e-007, 5.19058502846e-008, 5.06070341189e-009, 4.62974381055e-010, 8.36515318819e-012, 5.78470828113e-016]
    },
    "erbbands": {
        "mean": [0.0340367406607, 0.948176681995, 6.34146976471, 11.3586845398, 13.5524196625, 8.41854286194, 12.7389097214, 11.7585458755, 16.4869155884, 13.365477562, 20.8354225159, 33.0597991943, 42.1467018127, 43.9667243958, 89.1401977539, 62.1607894897, 40.8641090393, 35.0619354248, 81.3745346069, 102.069335938, 61.184967041, 47.5641708374, 34.8359336853, 44.8520126343, 29.3672637939, 16.4709663391, 17.6231784821, 21.7320995331, 17.4234352112, 7.82055330276, 4.02032279968, 1.48586511612, 0.530537724495, 0.17281165719, 0.0495041012764, 0.0106742884964, 0.00137013522908, 0.000116020572023, 2.52130848821e-005, 4.36722948507e-005],
        "var": [0.00181857554708, 1.01560270786, 43.2720222473, 101.66431427, 140.808410645, 62.6766281128, 192.301025391, 80.5798950195, 163.560821533, 100.965515137, 378.508453369, 1876.54846191, 1509.05688477, 1690.2130127, 12439.4912109, 6947.67675781, 4960.67919922, 1261.83044434, 6876.42285156, 20768.46875, 4288.13525391, 1513.17773438, 1167.23901367, 3438.35693359, 684.213195801, 350.901702881, 339.707885742, 715.096984863, 499.303436279, 147.007797241, 34.9488334656, 5.30551958084, 0.817140758038, 0.115492261946, 0.00999790616333, 0.000686137063894, 7.41957910577e-006, 4.65447449471e-008, 1.37689942781e-010, 1.9983627253e-010]
    },
    "gfcc": {
        "mean": [28.0018920898, 125.070861816, -164.082077026, 53.4447746277, -57.651714325, 13.647603035, -27.3462162018, -7.63397121429, -14.814289093, -14.4282398224, -16.7126255035, -9.62064647675, -6.13083076477],
        "cov": [[3412.37353516, -200.149383545, -295.492706299, 289.649871826, -352.028442383, 177.169708252, -108.420776367, 20.8838005066, -112.280570984, 2.37110686302, -95.4833450317, -8.28424930573, -51.4556465149], [-200.149383545, 690.127624512, -90.2114486694, -139.076751709, 262.59487915, -131.274459839, 73.4019622803, -59.2227859497, 82.9942626953, -54.5779953003, 78.3746795654, -25.8680744171, 61.3454437256], [-295.492706299, -90.2114486694, 240.927886963, 35.6068992615, -0.517299592495, 42.9265861511, -11.9941482544, 32.396156311, -2.7951874733, 25.3073863983, -7.6744799614, 24.4145832062, -14.4910373688], [289.649871826, -139.076751709, 35.6068992615, 153.306427002, -53.4961090088, 41.0061149597, -42.8022460938, 8.01491832733, -4.91304636002, -7.30014657974, -7.77316761017, -16.6455821991, -4.80974292755], [-352.028442383, 262.59487915, -0.517299592495, -53.4961090088, 213.958724976, -59.8058662415, 34.2060394287, -1.47067260742, 23.3321285248, -9.55734443665, 33.0284538269, -6.75056171417, 24.3615627289], [177.169708252, -131.274459839, 42.9265861511, 41.0061149597, -59.8058662415, 129.157501221, 9.90060901642, 2.7611105442, -13.3694324493, -0.248767480254, -10.6034708023, -5.71137714386, -6.59127950668], [-108.420776367, 73.4019622803, -11.9941482544, -42.8022460938, 34.2060394287, 9.90060901642, 127.790000916, 15.5071802139, 22.9153156281, 2.8351149559, -3.37043237686, 20.1198043823, -5.20154285431], [20.8838005066, -59.2227859497, 32.396156311, 8.01491832733, -1.47067260742, 2.7611105442, 15.5071802139, 81.6568832397, 1.25699031353, 20.1003723145, -11.5488796234, 17.9091205597, -9.85466384888], [-112.280570984, 82.9942626953, -2.7951874733, -4.91304636002, 23.3321285248, -13.3694324493, 22.9153156281, 1.25699031353, 75.3885116577, 5.4227142334, 3.23254346848, -3.74622392654, 5.81564331055], [2.37110686302, -54.5779953003, 25.3073863983, -7.30014657974, -9.55734443665, -0.248767480254, 2.8351149559, 20.1003723145, 5.4227142334, 66.3229293823, -0.709666967392, 18.3575496674, -9.54742050171], [-95.4833450317, 78.3746795654, -7.6744799614, -7.77316761017, 33.0284538269, -10.6034708023, -3.37043237686, -11.5488796234, 3.23254346848, -0.709666967392, 60.8687400818, 6.15985393524, 15.5176534653], [-8.28424930573, -25.8680744171, 24.4145832062, -16.6455821991, -6.75056171417, -5.71137714386, 20.1198043823, 17.9091205597, -3.74622392654, 18.3575496674, 6.15985393524, 70.6598968506, -1.06213188171], [-51.4556465149, 61.3454437256, -14.4910373688, -4.80974292755, 24.3615627289, -6.59127950668, -5.20154285431, -9.85466384888, 5.81564331055, -9.54742050171, 15.5176534653, -1.06213188171, 56.092212677]],
        "icov": [[0.00156383507419, -0.00376273761503, 0.00299890246242, -0.00439303414896, 0.00337689789012, -0.00340264337137, 0.0018508436624, -0.00202759564854, 0.00390405813232, -0.00308192125522, 0.00395648367703, -0.00254056998529, 0.00182470469736], [-0.00376273761503, 0.0146519634873, -0.00702351843938, 0.0129951797426, -0.0121307158843, 0.0105729429051, -0.00599694391713, 0.00699926866218, -0.0131784984842, 0.0106885591522, -0.0129709700122, 0.00760405510664, -0.00607357500121], [0.00299890246242, -0.00702351843938, 0.0111149717122, -0.00925926119089, 0.00493743503466, -0.00868396740407, 0.00489680143073, -0.00503166066483, 0.00698471534997, -0.00702605815604, 0.00817826297134, -0.00703872833401, 0.00459926202893], [-0.00439303414896, 0.0129951797426, -0.00925926119089, 0.0222514215857, -0.00974536594003, 0.00852087792009, -0.00310530187562, 0.004912042059, -0.0137260742486, 0.0116699105129, -0.0130418362096, 0.00937177892774, -0.00572250457481], [0.00337689789012, -0.0121307158843, 0.00493743503466, -0.00974536594003, 0.0173823498189, -0.00585027644411, 0.0028718796093, -0.00656523089856, 0.0105583816767, -0.00794403813779, 0.00774153368548, -0.00401866994798, 0.00301594170742], [-0.00340264337137, 0.0105729429051, -0.00868396740407, 0.00852087792009, -0.00585027644411, 0.0195266958326, -0.00819367729127, 0.00597034068778, -0.00807320233434, 0.00818288885057, -0.0105827460065, 0.00860096793622, -0.00575246894732], [0.0018508436624, -0.00599694391713, 0.00489680143073, -0.00310530187562, 0.0028718796093, -0.00819367729127, 0.013902884908, -0.00485171470791, 0.00208823941648, -0.0034312105272, 0.00710572022945, -0.00706730829552, 0.00458183977753], [-0.00202759564854, 0.00699926866218, -0.00503166066483, 0.004912042059, -0.00656523089856, 0.00597034068778, -0.00485171470791, 0.0185844898224, -0.00608621770516, 0.00175860046875, -0.00359322316945, 0.00124932441395, -0.00207734946162], [0.00390405813232, -0.0131784984842, 0.00698471534997, -0.0137260742486, 0.0105583816767, -0.00807320233434, 0.00208823941648, -0.00608621770516, 0.0275193229318, -0.012062754482, 0.0119663123041, -0.00510122487321, 0.00389819825068], [-0.00308192125522, 0.0106885591522, -0.00702605815604, 0.0116699105129, -0.00794403813779, 0.00818288885057, -0.0034312105272, 0.00175860046875, -0.012062754482, 0.0262877643108, -0.0108835725114, 0.00260964035988, -0.00214329594746], [0.00395648367703, -0.0129709700122, 0.00817826297134, -0.0130418362096, 0.00774153368548, -0.0105827460065, 0.00710572022945, -0.00359322316945, 0.0119663123041, -0.0108835725114, 0.0321739204228, -0.0107233868912, 0.00203455612063], [-0.00254056998529, 0.00760405510664, -0.00703872833401, 0.00937177892774, -0.00401866994798, 0.00860096793622, -0.00706730829552, 0.00124932441395, -0.00510122487321, 0.00260964035988, -0.0107233868912, 0.0231967829168, -0.00496250903234], [0.00182470469736, -0.00607357500121, 0.00459926202893, -0.00572250457481, 0.00301594170742, -0.00575246894732, 0.00458183977753, -0.00207734946162, 0.00389819825068, -0.00214329594746, 0.00203455612063, -0.00496250903234, 0.0234898533672]]
    },
    "melbands": {
        "mean": [0.000558183819521, 0.00259973178618, 0.00212991773151, 0.000769450562075, 0.000411262182752, 0.000283130269963, 0.000244468130404, 0.000139797892189, 0.000191671861103, 0.00019689326291, 0.000206640659599, 0.000160267372848, 0.000333976990078, 0.000176036672201, 0.000124690341181, 7.75261723902e-005, 5.93449512962e-005, 0.000111951536383, 0.000149741274072, 0.000128753978061, 6.03564440098e-005, 5.07014847244e-005, 4.17711162299e-005, 2.38924058067e-005, 3.89558917959e-005, 2.66129336524e-005, 1.43347069752e-005, 9.80007735052e-006, 1.12941397674e-005, 1.06338166006e-005, 1.29012287289e-005, 1.06829565993e-005, 6.49943831377e-006, 3.43724286722e-006, 2.43888621299e-006, 1.47386515437e-006, 6.8816075327e-007, 3.95557037791e-007, 2.25981551694e-007, 1.18340096833e-007],
        "var": [3.90132925077e-007, 7.02311899659e-006, 3.08665767079e-006, 4.17595828139e-007, 1.67739543144e-007, 4.56672957228e-008, 3.43327428709e-008, 1.15399378942e-008, 3.70432289287e-008, 5.88672897095e-008, 3.85927840796e-008, 2.21866383043e-008, 2.15357658817e-007, 6.83225422904e-008, 4.81425388443e-008, 2.71739928337e-008, 3.90649113058e-009, 1.34696227505e-008, 3.80118869714e-008, 4.8462251101e-008, 4.81223505489e-009, 2.26241470003e-009, 2.04352601507e-009, 8.2461909523e-010, 3.04436409415e-009, 6.9238298428e-010, 1.87284160402e-010, 1.62275734517e-010, 1.55400817214e-010, 1.87492493753e-010, 2.5030694184e-010, 1.90501989183e-010, 9.8236120627e-011, 3.06717012899e-011, 1.34237499588e-011, 4.66457601711e-012, 1.28575329637e-012, 4.5249603218e-013, 2.20117964112e-013, 5.8065592536e-014]
    },
    "mfcc": {
        "mean": [-589.109436035, 130.513824463, -33.1122207642, 34.6915435791, -5.96715354919, 20.070608139, -7.53803062439, 11.1036958694, 0.356159090996, 0.233998149633, -7.36545610428, -5.59879827499, -3.18388581276],
        "cov": [[1323.64550781, -504.211730957, 199.082473755, 0.115678213537, -88.5644683838, 68.2992095947, 6.19609737396, 6.09538078308, 5.04095745087, -16.7067489624, 2.83262443542, -17.809961319, -32.3729553223], [-504.211730957, 866.617797852, -286.593505859, 59.1412773132, 93.5749130249, -23.1657276154, 19.1956539154, 14.0693511963, 0.853013694286, 22.9109973907, -23.4984302521, 22.9532222748, 34.6611022949], [199.082473755, -286.593505859, 278.9246521, -25.8727664948, -4.90383386612, 31.8091506958, -5.70063686371, 5.8462100029, 5.73714923859, 0.677424907684, 16.2069225311, -15.1940917969, -1.90682017803], [0.115678213537, 59.1412773132, -25.8727664948, 112.434539795, 33.7542419434, -17.8548736572, -8.3243560791, 7.47488260269, -0.463987976313, 7.1530380249, 3.08096337318, 11.8964176178, -6.56848812103], [-88.5644683838, 93.5749130249, -4.90383386612, 33.7542419434, 134.046890259, -7.32242965698, 6.60302686691, -12.7653083801, -17.4027576447, 1.82088279724, -16.5635051727, 7.21727466583, 4.98295259476], [68.2992095947, -23.1657276154, 31.8091506958, -17.8548736572, -7.32242965698, 85.0399627686, 10.5621080399, 8.37998771667, 4.73354673386, 7.85749197006, 0.875634849072, -2.90295600891, 2.62580084801], [6.19609737396, 19.1956539154, -5.70063686371, -8.3243560791, 6.60302686691, 10.5621080399, 81.0812606812, 13.5129423141, 6.72693157196, -4.31008815765, 2.63723516464, 2.25662302971, 5.25499391556], [6.09538078308, 14.0693511963, 5.8462100029, 7.47488260269, -12.7653083801, 8.37998771667, 13.5129423141, 76.5178222656, 16.0691452026, 2.78286480904, 7.94606685638, 9.35237789154, -2.87693333626], [5.04095745087, 0.853013694286, 5.73714923859, -0.463987976313, -17.4027576447, 4.73354673386, 6.72693157196, 16.0691452026, 74.1633605957, 11.978521347, 11.6198205948, -7.32926654816, 4.57270383835], [-16.7067489624, 22.9109973907, 0.677424907684, 7.1530380249, 1.82088279724, 7.85749197006, -4.31008815765, 2.78286480904, 11.978521347, 63.5997390747, 12.8516836166, -5.84983062744, -2.98714232445], [2.83262443542, -23.4984302521, 16.2069225311, 3.08096337318, -16.5635051727, 0.875634849072, 2.63723516464, 7.94606685638, 11.6198205948, 12.8516836166, 52.3983345032, 12.2475061417, -3.28528666496], [-17.809961319, 22.9532222748, -15.1940917969, 11.8964176178, 7.21727466583, -2.90295600891, 2.25662302971, 9.35237789154, -7.32926654816, -5.84983062744, 12.2475061417, 55.3151473999, 5.96258926392], [-32.3729553223, 34.6611022949, -1.90682017803, -6.56848812103, 4.98295259476, 2.62580084801, 5.25499391556, -2.87693333626, 4.57270383835, -2.98714232445, -3.28528666496, 5.96258926392, 43.347454071]],
        "icov": [[0.00106704665814, 0.000508470984641, -0.000238615815761, -0.000616265984718, 0.000520064495504, -0.000717597547919, -0.000272969453363, 8.04013616289e-005, -8.64589856064e-006, 0.000144096615259, 0.00045526586473, -3.37679957738e-005, 0.000358542922186], [0.000508470984641, 0.00236689811572, 0.0020567192696, -0.000547425530385, -0.00112028885633, -0.000540461274795, -0.000174767323188, -0.000722556142136, -0.000120803539176, -0.00064835883677, 0.000274161691777, 0.000116736868222, -0.00139780086465], [-0.000238615815761, 0.0020567192696, 0.00629595667124, 0.000680258672219, -0.00204556249082, -0.00146202219184, 0.00073637906462, -0.00125216227025, -8.48605413921e-005, -0.000122252735309, -0.00195357622579, 0.00161203776952, -0.00166068773251], [-0.000616265984718, -0.000547425530385, 0.000680258672219, 0.0111864488572, -0.00309120351449, 0.00215067598037, 0.00155296979938, -0.0014916138025, -0.000553624820895, -0.000975967792328, -0.00109599111602, -0.0016098797787, 0.00176983349957], [0.000520064495504, -0.00112028885633, -0.00204556249082, -0.00309120351449, 0.0103205470368, 0.000170240688021, -0.0017112448113, 0.00214407010935, 0.00163213675842, -0.000767899793573, 0.00350136565976, -0.00154955033213, 0.000132274144562], [-0.000717597547919, -0.000540461274795, -0.00146202219184, 0.00215067598037, 0.000170240688021, 0.0136930998415, -0.00139177124947, -0.00115432625171, -2.8440661481e-005, -0.00215945998207, 0.000745454337448, -0.000249241769779, -0.0006541358307], [-0.000272969453363, -0.000174767323188, 0.00073637906462, 0.00155296979938, -0.0017112448113, -0.00139177124947, 0.013623772189, -0.00249113165773, -0.000919435697142, 0.00152346096002, -0.00155121018179, 0.000391608598875, -0.00130177324172], [8.04013616289e-005, -0.000722556142136, -0.00125216227025, -0.0014916138025, 0.00214407010935, -0.00115432625171, -0.00249113165773, 0.0154383406043, -0.00294089340605, 3.07653681375e-005, 0.000166473895661, -0.00321475788951, 0.00227395701222], [-8.64589856064e-006, -0.000120803539176, -8.48605413921e-005, -0.000553624820895, 0.00163213675842, -2.8440661481e-005, -0.000919435697142, -0.00294089340605, 0.0158896613866, -0.00209793401882, -0.00293896510266, 0.00329556781799, -0.00276392954402], [0.000144096615259, -0.00064835883677, -0.000122252735309, -0.000975967792328, -0.000767899793573, -0.00215945998207, 0.00152346096002, 3.07653681375e-005, -0.00209793401882, 0.0182715542614, -0.00515377474949, 0.00308000133373, 0.00117538438644], [0.00045526586473, 0.000274161691777, -0.00195357622579, -0.00109599111602, 0.00350136565976, 0.000745454337448, -0.00155121018179, 0.000166473895661, -0.00293896510266, -0.00515377474949, 0.0247842110693, -0.00733814900741, 0.00246286601759], [-3.37679957738e-005, 0.000116736868222, 0.00161203776952, -0.0016098797787, -0.00154955033213, -0.000249241769779, 0.000391608598875, -0.00321475788951, 0.00329556781799, 0.00308000133373, -0.00733814900741, 0.0223565045744, -0.00412597693503], [0.000358542922186, -0.00139780086465, -0.00166068773251, 0.00176983349957, 0.000132274144562, -0.0006541358307, -0.00130177324172, 0.00227395701222, -0.00276392954402, 0.00117538438644, 0.00246286601759, -0.00412597693503, 0.0261099226773]]
    },
    "spectral_contrast_coeffs": {
        "mean": [-0.604772508144, -0.773101508617, -0.774080336094, -0.773948848248, -0.776390194893, -0.653960227966],
        "var": [0.00409518834203, 0.0024071384687, 0.00259342836216, 0.00186406413559, 0.00102569558658, 0.00163766753394]
    },
    "spectral_contrast_valleys": {
        "mean": [-6.9765496254, -6.20003318787, -6.42274427414, -6.67451477051, -6.81883859634, -10.6135997772],
        "var": [0.988469719887, 0.878062367439, 0.841237306595, 0.790667176247, 0.845508694649, 1.06429088116]
    }
},
"metadata": {
    "audio_properties": {
        "analysis_sample_rate": 44100,
        "bit_rate": 117571,
        "equal_loudness": 0,
        "length": 45.0873451233,
        "lossless": 0,
        "replay_gain": -14.8267364502,
        "sample_rate": 44100,
        "codec": "mp3",
        "downmix": "mix",
        "md5_encoded": "e17f6c758a2e5f34227da5df1397c278"
    },
    "tags": {
        "file_name": "874.mp3"
    },
    "version": {
        "essentia": "2.1-beta2",
        "essentia_git_sha": "v2.1_beta2",
        "extractor": "music 1.0"
    }
},
"rhythm": {
    "beats_count": 89,
    "beats_loudness": {
        "mean": 0.0383547730744,
        "var": 0.0001227575558
    },
    "bpm": 119.99344635,
    "bpm_histogram_first_peak_bpm": {
        "mean": 120,
        "var": 0
    },
    "bpm_histogram_first_peak_spread": {
        "mean": 0.275000035763,
        "var": 0
    },
    "bpm_histogram_first_peak_weight": {
        "mean": 0.659090936184,
        "var": 0
    },
    "bpm_histogram_second_peak_bpm": {
        "mean": 112,
        "var": 0
    },
    "bpm_histogram_second_peak_spread": {
        "mean": 0.375,
        "var": 0
    },
    "bpm_histogram_second_peak_weight": {
        "mean": 0.0568181835115,
        "var": 0
    },
    "danceability": 1.260445714,
    "onset_rate": 4.32326841354,
    "beats_loudness_band_ratio": {
        "mean": [0.406221568584, 0.11119620502, 0.113662458956, 0.177921548486, 0.165934890509, 0.074461504817],
        "var": [0.0296089891344, 0.00494172237813, 0.00651464983821, 0.0112226614729, 0.0081943674013, 0.00269959587604]
    },
    "beats_position": [0.476009070873, 0.96362811327, 1.46285712719, 1.97369611263, 2.47292518616, 2.97215414047, 3.47138309479, 3.97061228752, 4.48145103455, 4.98067998886, 5.47990942001, 5.9675283432, 6.46675729752, 6.96598625183, 7.46521520615, 7.96444416046, 8.47528362274, 8.97451210022, 9.47374153137, 9.96135997772, 10.47219944, 10.9714279175, 11.4706573486, 11.9698867798, 12.4691152573, 12.9683446884, 13.4675731659, 13.966802597, 14.4660310745, 14.9536504745, 15.4412698746, 15.9521083832, 16.4397277832, 16.9389572144, 17.4381847382, 17.9490242004, 18.4482536316, 18.9474830627, 19.4467124939, 19.9459400177, 20.4451694489, 20.94439888, 21.4436283112, 21.942855835, 22.4536952972, 22.9529247284, 23.4521541595, 23.9513835907, 24.4506111145, 24.9498405457, 25.4490699768, 25.948299408, 26.4475269318, 26.9467563629, 27.4459857941, 27.9568252563, 28.4560546875, 28.9436721802, 29.4429016113, 29.9537410736, 30.4878005981, 31.0218582153, 31.5559177399, 32.0899772644, 32.6124267578, 33.146484375, 33.6689338684, 34.1913833618, 34.690612793, 35.1898422241, 35.6890678406, 36.1999092102, 36.6991386414, 37.1983680725, 37.6975975037, 38.1968231201, 38.6960525513, 39.1952819824, 39.6829032898, 40.1937408447, 40.6929702759, 41.192199707, 41.6914291382, 42.1906585693, 42.6898841858, 43.1891136169, 43.6999549866, 44.2107925415, 44.7216300964]
},
"tonal": {
    "chords_changes_rate": 0.0884773656726,
    "chords_number_rate": 0.0154320988804,
    "chords_strength": {
        "mean": 0.521128594875,
        "var": 0.0118743572384
    },
    "hpcp_entropy": {
        "mean": 2.54545354843,
        "var": 0.477582842112
    },
    "key_strength": 0.661055862904,
    "tuning_diatonic_strength": 0.495715856552,
    "tuning_equal_tempered_deviation": 0.099250100553,
    "tuning_frequency": 443.316436768,
    "tuning_nontempered_energy_ratio": 0.800703883171,
    "hpcp": {
        "mean": [0.286438941956, 0.186285763979, 0.129013463855, 0.133187890053, 0.141679435968, 0.239475563169, 0.294710367918, 0.206078618765, 0.166969060898, 0.167954966426, 0.147246465087, 0.148665457964, 0.148873180151, 0.138438925147, 0.18622495234, 0.252417504787, 0.224459305406, 0.159693360329, 0.151861250401, 0.201343879104, 0.315836757421, 0.301208406687, 0.170335009694, 0.1310788095, 0.119804695249, 0.100701227784, 0.123232588172, 0.138673111796, 0.145747557282, 0.231234043837, 0.301410406828, 0.261192053556, 0.22154738009, 0.232613667846, 0.266355633736, 0.3115029037],
        "var": [0.0699630603194, 0.0399045795202, 0.0314849540591, 0.0341840311885, 0.0359466858208, 0.061189122498, 0.0837854892015, 0.0442237257957, 0.0442672930658, 0.0403148941696, 0.0319181159139, 0.0332514643669, 0.039576292038, 0.035668566823, 0.0423316471279, 0.0622172504663, 0.0544068105519, 0.0408352427185, 0.0501138828695, 0.0682098418474, 0.104152344167, 0.0927632749081, 0.0390253253281, 0.0372945219278, 0.0394778028131, 0.026128873229, 0.033644657582, 0.0394920520484, 0.0378280319273, 0.055734846741, 0.0853500589728, 0.0744515806437, 0.0648215413094, 0.0713156089187, 0.0876939371228, 0.0887960717082]
    },
    "chords_histogram": [9.67078208923, 0.205761313438, 4.01234579086, 0, 0.102880656719, 1.23456788063, 0, 9.25925922394, 0.720164597034, 2.36625504494, 2.26337456703, 0, 1.33744859695, 0, 4.21810722351, 6.48148155212, 19.6502056122, 23.148147583, 1.44032919407, 4.21810722351, 0, 0.925925910473, 4.32098770142, 4.42386817932],
    "thpcp": [1, 0.953683853149, 0.539313435555, 0.415020763874, 0.379324734211, 0.318839490414, 0.390178114176, 0.439065784216, 0.461464822292, 0.732131540775, 0.954323410988, 0.826984345913, 0.701461672783, 0.736499667168, 0.843333244324, 0.986278176308, 0.906920850277, 0.589816629887, 0.408481478691, 0.421698510647, 0.448584377766, 0.758225739002, 0.933109760284, 0.652484595776, 0.528656184673, 0.531777799129, 0.466210663319, 0.470703482628, 0.471361160278, 0.438324302435, 0.589624047279, 0.799202442169, 0.710681378841, 0.505619943142, 0.480821967125, 0.637493491173],
    "chords_key": "G",
    "chords_scale": "major",
    "key_key": "G#",
    "key_scale": "minor"
}
}