{
"lowlevel": {
    "average_loudness": 0.921506583691,
    "barkbands_crest": {
        "mean": 8.64707565308,
        "var": 11.4093570709
    },
    "barkbands_flatness_db": {
        "mean": 0.102431640029,
        "var": 0.00204660487361
    },
    "barkbands_kurtosis": {
        "mean": 1.78192698956,
        "var": 15.1412591934
    },
    "barkbands_skewness": {
        "mean": 1.29376578331,
        "var": 0.567717730999
    },
    "barkbands_spread": {
        "mean": 29.3306846619,
        "var": 138.745162964
    },
    "dissonance": {
        "mean": 0.470041006804,
        "var": 0.000321599538438
    },
    "dynamic_complexity": 7.59984493256,
    "erbbands_crest": {
        "mean": 8.71877384186,
        "var": 17.4736537933
    },
    "erbbands_flatness_db": {
        "mean": 0.136194497347,
        "var": 0.00179619248956
    },
    "erbbands_kurtosis": {
        "mean": -0.0369417108595,
        "var": 1.46874904633
    },
    "erbbands_skewness": {
        "mean": 0.424874842167,
        "var": 0.289919197559
    },
    "erbbands_spread": {
        "mean": 39.5846290588,
        "var": 134.329040527
    },
    "hfc": {
        "mean": 32.6070976257,
        "var": 618.132263184
    },
    "melbands_crest": {
        "mean": 15.2541780472,
        "var": 30.1624660492
    },
    "melbands_flatness_db": {
        "mean": 0.165866211057,
        "var": 0.00282594538294
    },
    "melbands_kurtosis": {
        "mean": 8.64716625214,
        "var": 92.5306777954
    },
    "melbands_skewness": {
        "mean": 2.36436295509,
        "var": 1.05380439758
    },
    "melbands_spread": {
        "mean": 27.5878047943,
        "var": 174.293029785
    },
    "pitch_salience": {
        "mean": 0.537411153316,
        "var": 0.0150330578908
    },
    "silence_rate_20dB": {
        "mean": 1,
        "var": 0
    },
    "silence_rate_30dB": {
        "mean": 1,
        "var": 0
    },
    "silence_rate_60dB": {
        "mean": 0.226570546627,
        "var": 0.175236344337
    },
    "spectral_centroid": {
        "mean": 1686.03845215,
        "var": 374402.96875
    },
    "spectral_complexity": {
        "mean": 24.2404727936,
        "var": 226.009536743
    },
    "spectral_decrease": {
        "mean": -9.59597645789e-009,
        "var": 4.21917533503e-017
    },
    "spectral_energy": {
        "mean": 0.0391750223935,
        "var": 0.000683934427798
    },
    "spectral_energyband_high": {
        "mean": 0.00164098059759,
        "var": 3.78313370675e-006
    },
    "spectral_energyband_low": {
        "mean": 0.0184871144593,
        "var": 0.000264773785602
    },
    "spectral_energyband_middle_high": {
        "mean": 0.00897621084005,
        "var": 4.87829893245e-005
    },
    "spectral_energyband_middle_low": {
        "mean": 0.0118309473619,
        "var": 8.2849910541e-005
    },
    "spectral_entropy": {
        "mean": 7.80501317978,
        "var": 0.113668702543
    },
    "spectral_flux": {
        "mean": 0.0793176367879,
        "var": 0.00316614215262
    },
    "spectral_kurtosis": {
        "mean": 3.49817633629,
        "var": 3.04182386398
    },
    "spectral_rms": {
        "mean": 0.00537773035467,
        "var": 9.29958332563e-006
    },
    "spectral_rolloff": {
        "mean": 1742.31408691,
        "var": 1992686.125
    },
    "spectral_skewness": {
        "mean": 1.35449898243,
        "var": 0.0922382548451
    },
    "spectral_spread": {
        "mean": 4985110,
        "var": 4.05144679219e+012
    },
    "spectral_strongpeak": {
        "mean": 0.593479752541,
        "var": 0.796161472797
    },
    "zerocrossingrate": {
        "mean": 0.0749506726861,
        "var": 0.00142482738011
    },
    "barkbands": {
        "mean": [0.000388177839341, 0.0119489012286, 0.00581370806322, 0.000779177411459, 0.00237302458845, 0.00135639496148, 0.00102254096419, 0.00237362459302, 0.0012780581601, 0.00378822861239, 0.0014719577739, 0.000816179031972, 0.000466601341031, 0.000464065262349, 0.000433660083218, 0.000534153892659, 0.000973375863396, 0.000275977945421, 0.000638542929664, 0.000587286485825, 0.00032955466304, 0.000258681102423, 0.000226040850976, 0.000256530329352, 0.000179521361133, 0.000117966148537, 2.30907298828e-005],
        "var": [6.6023983436e-007, 0.000169469334651, 4.11089058616e-005, 1.01614944015e-006, 8.63331206347e-006, 1.92666448129e-006, 2.03808463084e-006, 9.57908014243e-006, 4.76541436001e-006, 2.44044040301e-005, 5.35640810995e-006, 2.12333884519e-006, 4.77574531033e-007, 4.72701799481e-007, 3.31521704311e-007, 3.91398685906e-007, 1.43268664488e-006, 1.36602068324e-007, 3.75618753878e-007, 3.29423954781e-007, 1.48381218423e-007, 1.3293687573e-007, 1.1366353192e-007, 1.24604127905e-007, 7.50559792095e-008, 3.81951856809e-008, 2.35668817794e-009]
    },
    "erbbands": {
        "mean": [0.284913688898, 2.84998083115, 7.82638931274, 3.47281169891, 6.90336751938, 6.37422275543, 8.58793449402, 10.6371393204, 10.7312250137, 30.1968250275, 55.2077445984, 32.1091308594, 129.256271362, 63.1942596436, 56.0824966431, 36.7745933533, 24.7207927704, 25.737745285, 21.0358867645, 24.862033844, 41.3923988342, 44.6186637878, 17.7929515839, 26.8461990356, 32.8003501892, 29.8723144531, 16.1223983765, 11.0843162537, 9.10112857819, 7.4997253418, 6.71566295624, 5.39290428162, 4.06120967865, 2.13455533981, 1.18623709679, 0.57523649931, 0.205837816, 0.0573678947985, 0.00246370444074, 9.42534898059e-005],
        "var": [0.20666334033, 8.73446083069, 74.7151489258, 13.0655269623, 95.1539993286, 82.1540908813, 118.348220825, 147.597351074, 131.7862854, 2500.82910156, 4914.80566406, 2007.29260254, 30967.5410156, 7309.61914063, 6643.66308594, 3452.06542969, 1180.61633301, 1379.2019043, 728.706115723, 1123.73327637, 2038.01525879, 2735.21264648, 719.434997559, 802.764892578, 968.556274414, 875.818786621, 320.880432129, 193.981765747, 163.285842896, 124.938453674, 94.2038497925, 56.1347084045, 34.1219520569, 10.8076934814, 3.63174390793, 0.912142693996, 0.124680876732, 0.0111056370661, 2.65027083515e-005, 1.05329469591e-008]
    },
    "gfcc": {
        "mean": [-18.720949173, 73.4572525024, -118.974906921, 25.1425437927, -60.7644271851, 10.4545545578, -28.951581955, 19.9607830048, -25.5071659088, 2.94371819496, -18.7675857544, 0.880972146988, -10.6004390717],
        "cov": [[32881.9960938, 1435.49926758, 1137.53686523, 2344.43261719, 1865.85742188, 2521.17480469, 2010.0802002, 1426.8125, 729.970397949, -33.6944999695, -49.1451911926, 194.920837402, 164.253005981], [1435.49926758, 1416.18359375, -453.617034912, 296.644714355, 272.061676025, -170.586196899, 354.965667725, -57.2073440552, 108.104110718, -188.477020264, 118.98575592, -132.457015991, 94.0754852295], [1137.53686523, -453.617034912, 711.189697266, 40.1156806946, 132.44682312, 320.611297607, 31.3770141602, 131.330871582, 16.0048160553, 69.5789871216, -62.8694992065, 80.1487426758, -37.3850517273], [2344.43261719, 296.644714355, 40.1156806946, 413.030822754, 168.7371521, 176.82774353, 176.94934082, 57.7001800537, 68.4910507202, -55.2350883484, 15.8688802719, -26.5395755768, 34.8074569702], [1865.85742188, 272.061676025, 132.44682312, 168.7371521, 316.796020508, 133.61882019, 226.762054443, 94.6550598145, 64.315864563, -30.8153076172, 16.4558753967, 20.5695896149, 32.4059181213], [2521.17480469, -170.586196899, 320.611297607, 176.82774353, 133.61882019, 405.33795166, 127.038398743, 157.778381348, 50.1833076477, 33.720790863, -42.1327438354, 40.1327857971, -4.2344827652], [2010.0802002, 354.965667725, 31.3770141602, 176.94934082, 226.762054443, 127.038398743, 291.339935303, 97.7752990723, 82.6279602051, -45.4715957642, 26.5377197266, -8.98004150391, 28.3626480103], [1426.8125, -57.2073440552, 131.330871582, 57.7001800537, 94.6550598145, 157.778381348, 97.7752990723, 147.646911621, 40.8627319336, 19.1244792938, -19.0663566589, 27.7527732849, 5.43687677383], [729.970397949, 108.104110718, 16.0048160553, 68.4910507202, 64.315864563, 50.1833076477, 82.6279602051, 40.8627319336, 85.5219497681, 10.9638519287, 16.6281070709, -7.85796976089, 6.44334173203], [-33.6944999695, -188.477020264, 69.5789871216, -55.2350883484, -30.8153076172, 33.720790863, -45.4715957642, 19.1244792938, 10.9638519287, 87.1483535767, 12.7543153763, 29.7282772064, -15.0626821518], [-49.1451911926, 118.98575592, -62.8694992065, 15.8688802719, 16.4558753967, -42.1327438354, 26.5377197266, -19.0663566589, 16.6281070709, 12.7543153763, 71.8845214844, 13.1528501511, 11.5200414658], [194.920837402, -132.457015991, 80.1487426758, -26.5395755768, 20.5695896149, 40.1327857971, -8.98004150391, 27.7527732849, -7.85796976089, 29.7282772064, 13.1528501511, 78.8296890259, 13.8447980881], [164.253005981, 94.0754852295, -37.3850517273, 34.8074569702, 32.4059181213, -4.2344827652, 28.3626480103, 5.43687677383, 6.44334173203, -15.0626821518, 11.5200414658, 13.8447980881, 50.6116294861]],
        "icov": [[0.000139879237395, -0.000145058555063, 0.00018410490884, -0.000430372252595, -7.58116220823e-005, -0.000452681095339, -0.000277367216768, -0.000512598024216, 2.8750671845e-005, -0.000381205492886, 0.000400883494876, -0.000513246341143, 0.000400853517931], [-0.000145058555063, 0.00324393273331, 0.000618126185145, 0.000292176497169, -0.00141132681165, 0.000998926116154, -0.00136045773979, 0.00143287482206, -0.00122735719196, 0.00357936974615, -0.00387076591142, 0.00413374509662, -0.00273582711816], [0.00018410490884, 0.000618126185145, 0.00350592960604, -0.000356561766239, -0.0021582217887, -0.00237796385773, 0.000220165864448, -0.00015969517699, -0.000366374762962, -0.000492971972562, 0.00135338352993, -0.00171347300056, 0.00222578062676], [-0.000430372252595, 0.000292176497169, -0.000356561766239, 0.00637907767668, -0.00088170071831, -0.00170228234492, 0.00124432006851, 0.00252426066436, -0.00172292755451, 0.00413463590667, -0.00362080335617, 0.00383589859121, -0.00311852945015], [-7.58116220823e-005, -0.00141132681165, -0.0021582217887, -0.00088170071831, 0.00974140502512, 0.00121625757311, -0.00530821364373, -0.000679354765452, 0.000468305399409, -0.000804288720246, 0.00168972939719, -0.00358538655564, -0.000909105408937], [-0.000452681095339, 0.000998926116154, -0.00237796385773, -0.00170228234492, 0.00121625757311, 0.00939465034753, -0.00158853002358, -0.00196847133338, 0.000395111681428, -0.00143646192737, 0.00184348388575, 0.000484912772663, -0.000894595868886], [-0.000277367216768, -0.00136045773979, 0.000220165864448, 0.00124432006851, -0.00530821364373, -0.00158853002358, 0.0147632900625, -0.00376453553326, -0.00417611515149, 0.00553182372823, -0.00468881288543, 0.00192633655388, 0.000851058633998], [-0.000512598024216, 0.00143287482206, -0.00015969517699, 0.00252426066436, -0.000679354765452, -0.00196847133338, -0.00376453553326, 0.0182192083448, -0.00322246621363, -0.00106476945803, 0.00337014836259, -0.000959090539254, -0.00284243631177], [2.8750671845e-005, -0.00122735719196, -0.000366374762962, -0.00172292755451, 0.000468305399409, 0.000395111681428, -0.00417611515149, -0.00322246621363, 0.0211331192404, -0.00876222271472, -0.000993816065602, 0.00366850360297, -0.000553483201656], [-0.000381205492886, 0.00357936974615, -0.000492971972562, 0.00413463590667, -0.000804288720246, -0.00143646192737, 0.00553182372823, -0.00106476945803, -0.00876222271472, 0.0283518135548, -0.0139465462416, 0.00135739229154, 0.00114192103501], [0.000400883494876, -0.00387076591142, 0.00135338352993, -0.00362080335617, 0.00168972939719, 0.00184348388575, -0.00468881288543, 0.00337014836259, -0.000993816065602, -0.0139465462416, 0.0305513795465, -0.0137426704168, 0.00350276427343], [-0.000513246341143, 0.00413374509662, -0.00171347300056, 0.00383589859121, -0.00358538655564, 0.000484912772663, 0.00192633655388, -0.000959090539254, 0.00366850360297, 0.00135739229154, -0.0137426704168, 0.02971999906, -0.0136269293725], [0.000400853517931, -0.00273582711816, 0.00222578062676, -0.00311852945015, -0.000909105408937, -0.000894595868886, 0.000851058633998, -0.00284243631177, -0.000553483201656, 0.00114192103501, 0.00350276427343, -0.0136269293725, 0.0310078263283]]
    },
    "melbands": {
        "mean": [0.0029039576184, 0.00408789236099, 0.000751970801502, 0.000495918560773, 0.000292621232802, 0.000249481934588, 0.000175600667717, 0.000342812767485, 0.00042398518417, 0.000201244634809, 0.000640859710984, 0.000237577376538, 0.000224486531806, 9.95057707769e-005, 6.44665997243e-005, 4.7146990255e-005, 4.81044662592e-005, 3.25594337482e-005, 2.7089348805e-005, 3.33489551849e-005, 5.79407424084e-005, 5.59652362426e-005, 2.01319107873e-005, 1.46280863191e-005, 2.2315991373e-005, 2.33707505686e-005, 2.44706934609e-005, 1.81493724085e-005, 9.31903923629e-006, 8.69828363648e-006, 5.9273656916e-006, 5.26402482137e-006, 4.63756259705e-006, 3.9316537368e-006, 4.03886770073e-006, 3.35007575814e-006, 3.24770076077e-006, 3.04375453197e-006, 2.3404327294e-006, 1.55703389737e-006],
        "var": [1.38943132697e-005, 1.60566705745e-005, 5.66914195588e-007, 4.44156341928e-007, 1.39564150459e-007, 7.46439923205e-008, 3.47781714538e-008, 3.1107717291e-007, 2.96310730619e-007, 8.60665778646e-008, 7.65668119129e-007, 1.29126007664e-007, 1.2529554283e-007, 3.56133540436e-008, 7.89681919855e-009, 3.56480556185e-009, 5.81180703563e-009, 1.64261937385e-009, 1.28729027438e-009, 1.99104666088e-009, 4.79508077689e-009, 4.90285101407e-009, 1.40250699943e-009, 3.8627806509e-010, 6.53346710067e-010, 5.17356657515e-010, 6.19313489381e-010, 3.76587233619e-010, 1.22222898469e-010, 1.05686244478e-010, 6.88731294218e-011, 5.9536854613e-011, 4.84172528459e-011, 3.78171140236e-011, 3.59487092871e-011, 2.41943617918e-011, 2.13760623785e-011, 2.03628624379e-011, 1.17682539061e-011, 6.46500257842e-012]
    },
    "mfcc": {
        "mean": [-660.106384277, 108.230987549, -3.72164607048, 19.1224803925, -5.49771642685, -4.97290182114, 4.90311050415, 7.36560487747, 4.86788606644, 6.67896461487, -4.11609506607, 0.607594609261, 1.58106219769],
        "cov": [[29695.7167969, 948.820556641, 606.811401367, 1382.73986816, 1177.7376709, 1710.86083984, 1663.82751465, 1965.55969238, 1476.87585449, 1043.56677246, 168.39541626, 535.69921875, 683.730163574], [948.820556641, 994.610290527, -381.034637451, 323.604736328, -48.3628349304, 11.7636566162, 128.861633301, 125.379058838, 31.3376789093, 56.8201675415, -20.501871109, 3.48441410065, 88.5657196045], [606.811401367, -381.034637451, 530.827941895, -117.245277405, 144.035110474, 137.524536133, 37.4703483582, 61.8174247742, 74.3727722168, 21.5308704376, 27.6814899445, 32.4021606445, -20.895942688], [1382.73986816, 323.604736328, -117.245277405, 333.30847168, 46.9706687927, 83.8814926147, 105.658180237, 121.216583252, 50.375213623, 55.0708389282, -8.01287174225, 5.61256551743, 42.7643699646], [1177.7376709, -48.3628349304, 144.035110474, 46.9706687927, 161.075561523, 111.924751282, 84.4923095703, 96.1070022583, 83.3182373047, 41.9091186523, -2.75869607925, 26.1984405518, 24.2199039459], [1710.86083984, 11.7636566162, 137.524536133, 83.8814926147, 111.924751282, 206.150436401, 119.120506287, 134.060043335, 98.4570770264, 66.2148590088, 16.4362754822, 33.0761299133, 30.0763473511], [1663.82751465, 128.861633301, 37.4703483582, 105.658180237, 84.4923095703, 119.120506287, 179.432052612, 157.990280151, 99.5895843506, 64.9911956787, -0.850199401379, 31.0436687469, 56.3840370178], [1965.55969238, 125.379058838, 61.8174247742, 121.216583252, 96.1070022583, 134.060043335, 157.990280151, 215.305938721, 135.700561523, 73.056350708, 2.91109466553, 34.2458724976, 54.7709465027], [1476.87585449, 31.3376789093, 74.3727722168, 50.375213623, 83.3182373047, 98.4570770264, 99.5895843506, 135.700561523, 145.314834595, 74.651763916, 4.39654302597, 20.3591079712, 31.4838905334], [1043.56677246, 56.8201675415, 21.5308704376, 55.0708389282, 41.9091186523, 66.2148590088, 64.9911956787, 73.056350708, 74.651763916, 92.0656738281, 25.4252662659, 13.9806814194, 17.5528030396], [168.39541626, -20.501871109, 27.6814899445, -8.01287174225, -2.75869607925, 16.4362754822, -0.850199401379, 2.91109466553, 4.39654302597, 25.4252662659, 56.3399581909, 20.4369297028, 0.652534127235], [535.69921875, 3.48441410065, 32.4021606445, 5.61256551743, 26.1984405518, 33.0761299133, 31.0436687469, 34.2458724976, 20.3591079712, 13.9806814194, 20.4369297028, 66.215423584, 36.0707893372], [683.730163574, 88.5657196045, -20.895942688, 42.7643699646, 24.2199039459, 30.0763473511, 56.3840370178, 54.7709465027, 31.4838905334, 17.5528030396, 0.652534127235, 36.0707893372, 80.9099807739]],
        "icov": [[0.000145645462908, 0.00010881430353, 0.000145608442836, -0.000158945666044, -9.25805943552e-005, -0.000415004731622, -0.000164151206263, -0.000446934282081, -0.000288010225631, -0.000522443093359, 4.45284968009e-005, -0.000375636212993, -0.000236836989643], [0.00010881430353, 0.00218263012357, 0.00113031535875, -0.0013572574826, 0.000666244595777, -0.000145772341057, -0.000789429759607, -0.000981383258477, 0.000197542685783, -0.000915638753213, 0.0002918834507, -0.000130475295009, -0.00105259730481], [0.000145608442836, 0.00113031535875, 0.00441220682114, 0.00110474403482, -0.00258530536667, -0.00228524906561, 9.1381596576e-005, -0.00136743835174, -0.000401349010644, 0.000415722373873, -0.0013153051259, -0.000757879519369, 0.000987705076113], [-0.000158945666044, -0.0013572574826, 0.00110474403482, 0.00626775296405, -0.00169807171915, -0.00114025664516, 0.00057728018146, -0.00246939202771, 0.00313628767617, -0.00119261490181, 0.00047293206444, 0.00146577332634, 0.000383945618523], [-9.25805943552e-005, 0.000666244595777, -0.00258530536667, -0.00169807171915, 0.0140311196446, -0.00267178681679, -0.00164967088494, 0.00119342107791, -0.00321642379276, -7.53381536924e-005, 0.00388970947824, -0.00184940127656, -0.000521283713169], [-0.000415004731622, -0.000145772341057, -0.00228524906561, -0.00114025664516, -0.00267178681679, 0.0134921493009, -0.00275792297907, -0.000688873464242, 0.000530611083377, -0.000213164734305, -0.00193531461991, 0.000126896542497, 0.00165050220676], [-0.000164151206263, -0.000789429759607, 9.1381596576e-005, 0.00057728018146, -0.00164967088494, -0.00275792297907, 0.0196987558156, -0.01007944718, 0.00296787568368, -0.00377953937277, 0.00318528292701, 0.000321431463817, -0.00391952786595], [-0.000446934282081, -0.000981383258477, -0.00136743835174, -0.00246939202771, 0.00119342107791, -0.000688873464242, -0.01007944718, 0.0245610289276, -0.01289129816, 0.00593978213146, -0.00137580430601, -0.000445358280558, 3.70960624423e-005], [-0.000288010225631, 0.000197542685783, -0.000401349010644, 0.00313628767617, -0.00321642379276, 0.000530611083377, 0.00296787568368, -0.01289129816, 0.0264541711658, -0.0123752048239, 0.0048336815089, 0.00184165604878, -0.000589007278904], [-0.000522443093359, -0.000915638753213, 0.000415722373873, -0.00119261490181, -7.53381536924e-005, -0.000213164734305, -0.00377953937277, 0.00593978213146, -0.0123752048239, 0.0287585109472, -0.0128087699413, 0.00364719633944, 0.00192355469335], [4.45284968009e-005, 0.0002918834507, -0.0013153051259, 0.00047293206444, 0.00388970947824, -0.00193531461991, 0.00318528292701, -0.00137580430601, 0.0048336815089, -0.0128087699413, 0.0282040778548, -0.00968584325165, 0.00196968135424], [-0.000375636212993, -0.000130475295009, -0.000757879519369, 0.00146577332634, -0.00184940127656, 0.000126896542497, 0.000321431463817, -0.000445358280558, 0.00184165604878, 0.00364719633944, -0.00968584325165, 0.0263863336295, -0.0102625386789], [-0.000236836989643, -0.00105259730481, 0.000987705076113, 0.000383945618523, -0.000521283713169, 0.00165050220676, -0.00391952786595, 3.70960624423e-005, -0.000589007278904, 0.00192355469335, 0.00196968135424, -0.0102625386789, 0.0221851598471]]
    },
    "spectral_contrast_coeffs": {
        "mean": [-0.662307441235, -0.747914135456, -0.743625819683, -0.79834407568, -0.786350190639, -0.752839803696],
        "var": [0.0061413324438, 0.00558204529807, 0.00667478051037, 0.00287103094161, 0.00275611248799, 0.00317281251773]
    },
    "spectral_contrast_valleys": {
        "mean": [-7.87953186035, -6.91992378235, -7.37398862839, -7.96500730515, -7.55285358429, -10.4111366272],
        "var": [5.83776283264, 2.39863538742, 2.85996580124, 2.66641759872, 2.97140812874, 3.36484670639]
    }
},
"metadata": {
    "audio_properties": {
        "analysis_sample_rate": 44100,
        "bit_rate": 111765,
        "equal_loudness": 0,
        "length": 45.0612258911,
        "lossless": 0,
        "replay_gain": -13.6979503632,
        "sample_rate": 44100,
        "codec": "mp3",
        "downmix": "mix",
        "md5_encoded": "b62715d9b6e68e9a8cd4def86d3ed739"
    },
    "tags": {
        "file_name": "876.mp3"
    },
    "version": {
        "essentia": "2.1-beta2",
        "essentia_git_sha": "v2.1_beta2",
        "extractor": "music 1.0"
    }
},
"rhythm": {
    "beats_count": 96,
    "beats_loudness": {
        "mean": 0.0459457300603,
        "var": 0.000755145738367
    },
    "bpm": 139.855712891,
    "bpm_histogram_first_peak_bpm": {
        "mean": 140,
        "var": 0
    },
    "bpm_histogram_first_peak_spread": {
        "mean": 0.185714244843,
        "var": 0
    },
    "bpm_histogram_first_peak_weight": {
        "mean": 0.600000023842,
        "var": 0
    },
    "bpm_histogram_second_peak_bpm": {
        "mean": 103,
        "var": 0
    },
    "bpm_histogram_second_peak_spread": {
        "mean": 0.533333301544,
        "var": 0
    },
    "bpm_histogram_second_peak_weight": {
        "mean": 0.0736842080951,
        "var": 0
    },
    "danceability": 0.775012850761,
    "onset_rate": 3.26075792313,
    "beats_loudness_band_ratio": {
        "mean": [0.516330182552, 0.107538186014, 0.189436078072, 0.091704942286, 0.0510970465839, 0.0905752182007],
        "var": [0.0815774202347, 0.0158137753606, 0.0237603262067, 0.00387028139085, 0.00236741825938, 0.00878720078617]
    },
    "beats_position": [0.476009070873, 0.952018141747, 1.38158726692, 1.8111563921, 2.24072551727, 2.67029476166, 3.09986400604, 3.52943301201, 3.95900225639, 4.38857126236, 4.80653047562, 5.23609972, 5.66566896439, 6.09523820877, 6.52480697632, 6.9543762207, 7.38394546509, 7.81351470947, 8.24308395386, 8.67265319824, 9.10222244263, 9.52018165588, 9.94974994659, 10.379319191, 10.8088884354, 11.2384576797, 11.6680269241, 12.0975961685, 12.5271654129, 12.9567346573, 13.3863039017, 13.8158731461, 14.2454423904, 14.6750106812, 15.0929698944, 15.5341491699, 15.9521083832, 16.3816776276, 16.8112468719, 17.2408161163, 17.6703853607, 18.0999546051, 18.5295238495, 18.9590930939, 19.3886623383, 19.8182315826, 20.247800827, 20.6657600403, 21.1069393158, 21.5248966217, 21.9544658661, 22.3840351105, 22.825214386, 23.2431735992, 23.6727428436, 24.102312088, 24.5318813324, 24.9498405457, 25.37940979, 25.8089790344, 26.2385482788, 26.6681175232, 27.0976867676, 27.527256012, 27.9568252563, 28.3863945007, 28.8159637451, 29.2455329895, 29.6751022339, 30.1046714783, 30.5458488464, 30.9870281219, 31.4514274597, 31.9158267975, 32.3802261353, 32.8678436279, 33.3554649353, 33.8546943665, 34.4351921082, 35.0156898499, 35.5961914063, 36.1882972717, 36.7804069519, 37.3957366943, 38.0110664368, 38.6263923645, 39.1952819824, 39.7641716003, 40.344669342, 40.9251708984, 41.5056686401, 42.0745582581, 42.6434440613, 43.2123336792, 43.7928352356, 44.3617210388]
},
"tonal": {
    "chords_changes_rate": 0.0627572014928,
    "chords_number_rate": 0.00925925932825,
    "chords_strength": {
        "mean": 0.543442189693,
        "var": 0.00843748915941
    },
    "hpcp_entropy": {
        "mean": 1.97258663177,
        "var": 0.491039842367
    },
    "key_strength": 0.753466904163,
    "tuning_diatonic_strength": 0.677782773972,
    "tuning_equal_tempered_deviation": 0.206780001521,
    "tuning_frequency": 435.700531006,
    "tuning_nontempered_energy_ratio": 0.915149450302,
    "hpcp": {
        "mean": [0.107838235795, 0.110417529941, 0.0904868766665, 0.078994333744, 0.0854777023196, 0.10993116349, 0.208245426416, 0.226869612932, 0.15372005105, 0.173576027155, 0.168450057507, 0.109440557659, 0.0947455689311, 0.0935277044773, 0.100620090961, 0.228927388787, 0.270750284195, 0.143687069416, 0.0789878815413, 0.0641455352306, 0.0748261809349, 0.113548524678, 0.10997261852, 0.0991238951683, 0.101076208055, 0.0722452178597, 0.0663750767708, 0.107261121273, 0.133481636643, 0.243759095669, 0.498521089554, 0.44448363781, 0.170811265707, 0.094724021852, 0.0960770696402, 0.0958008468151],
        "var": [0.029273442924, 0.0276171285659, 0.0277026817203, 0.0282164197415, 0.0327538587153, 0.0329376757145, 0.0611683987081, 0.0725101977587, 0.0403889380395, 0.0916267335415, 0.0842743143439, 0.0435693524778, 0.0347066819668, 0.0305314287543, 0.0193463265896, 0.0646542459726, 0.075691498816, 0.0334136933088, 0.0247353371233, 0.0180427450687, 0.026069957763, 0.0412025861442, 0.0363645553589, 0.0298950523138, 0.0417587384582, 0.021474070847, 0.0206755809486, 0.0312481615692, 0.0382574126124, 0.0588066466153, 0.148505553603, 0.108529224992, 0.0377331003547, 0.0368250086904, 0.03836081177, 0.0338519252837]
    },
    "chords_histogram": [57.3045272827, 5.76131677628, 0, 0, 0.308641970158, 2.67489719391, 0, 0, 0, 0, 0, 0, 0, 0.925925910473, 7.61316871643, 1.02880656719, 0, 2.77777767181, 0, 0.205761313438, 0.102880656719, 4.21810722351, 12.9629631042, 4.11522626877],
    "thpcp": [1, 0.891604483128, 0.342635989189, 0.1900100559, 0.192724183202, 0.192170098424, 0.21631629765, 0.221490189433, 0.18151062727, 0.158457353711, 0.17146256566, 0.220514565706, 0.417726427317, 0.455085277557, 0.308352142572, 0.348181903362, 0.337899565697, 0.219530448318, 0.190053284168, 0.187610328197, 0.201837182045, 0.45921304822, 0.543106973171, 0.288226664066, 0.158444419503, 0.128671661019, 0.150096327066, 0.227770760655, 0.220597729087, 0.198835909367, 0.202752113342, 0.144919082522, 0.133143976331, 0.215158641338, 0.267755240202, 0.488964468241],
    "chords_key": "G",
    "chords_scale": "major",
    "key_key": "G",
    "key_scale": "major"
}
}