{
"lowlevel": {
    "average_loudness": 0.936017930508,
    "barkbands_crest": {
        "mean": 16.095993042,
        "var": 23.1824131012
    },
    "barkbands_flatness_db": {
        "mean": 0.228614524007,
        "var": 0.00440904172137
    },
    "barkbands_kurtosis": {
        "mean": 18.2801513672,
        "var": 317.250213623
    },
    "barkbands_skewness": {
        "mean": 3.32121086121,
        "var": 2.28055047989
    },
    "barkbands_spread": {
        "mean": 8.40197086334,
        "var": 67.6368255615
    },
    "dissonance": {
        "mean": 0.443336337805,
        "var": 0.00135857937858
    },
    "dynamic_complexity": 1.68717217445,
    "erbbands_crest": {
        "mean": 8.07448768616,
        "var": 9.87146568298
    },
    "erbbands_flatness_db": {
        "mean": 0.150398954749,
        "var": 0.00173327163793
    },
    "erbbands_kurtosis": {
        "mean": 0.867423355579,
        "var": 2.51144480705
    },
    "erbbands_skewness": {
        "mean": 0.549221932888,
        "var": 0.298683583736
    },
    "erbbands_spread": {
        "mean": 34.3741836548,
        "var": 209.918457031
    },
    "hfc": {
        "mean": 16.4428577423,
        "var": 250.992538452
    },
    "melbands_crest": {
        "mean": 21.7231178284,
        "var": 27.9300117493
    },
    "melbands_flatness_db": {
        "mean": 0.336103111506,
        "var": 0.0059328591451
    },
    "melbands_kurtosis": {
        "mean": 32.6745529175,
        "var": 749.823791504
    },
    "melbands_skewness": {
        "mean": 4.29550170898,
        "var": 2.78292965889
    },
    "melbands_spread": {
        "mean": 6.87348890305,
        "var": 96.9651107788
    },
    "pitch_salience": {
        "mean": 0.386380314827,
        "var": 0.0157285146415
    },
    "silence_rate_20dB": {
        "mean": 0.999485313892,
        "var": 0.000514376908541
    },
    "silence_rate_30dB": {
        "mean": 0.776119410992,
        "var": 0.173757001758
    },
    "silence_rate_60dB": {
        "mean": 0.00308800814673,
        "var": 0.00307847349904
    },
    "spectral_centroid": {
        "mean": 616.292175293,
        "var": 335385.21875
    },
    "spectral_complexity": {
        "mean": 15.4956254959,
        "var": 79.706413269
    },
    "spectral_decrease": {
        "mean": -1.97268139601e-008,
        "var": 1.95717113624e-016
    },
    "spectral_energy": {
        "mean": 0.0759448483586,
        "var": 0.00286411703564
    },
    "spectral_energyband_high": {
        "mean": 0.000412028632127,
        "var": 8.26314533242e-007
    },
    "spectral_energyband_low": {
        "mean": 0.0593593679368,
        "var": 0.00254366127774
    },
    "spectral_energyband_middle_high": {
        "mean": 0.00306230876595,
        "var": 1.49915049406e-005
    },
    "spectral_energyband_middle_low": {
        "mean": 0.0137265594676,
        "var": 0.000111498688057
    },
    "spectral_entropy": {
        "mean": 6.99009418488,
        "var": 0.31599509716
    },
    "spectral_flux": {
        "mean": 0.104299716651,
        "var": 0.00481519568712
    },
    "spectral_kurtosis": {
        "mean": 9.6526889801,
        "var": 41.6283760071
    },
    "spectral_rms": {
        "mean": 0.00813648384064,
        "var": 7.89030582382e-006
    },
    "spectral_rolloff": {
        "mean": 398.979614258,
        "var": 1107525.75
    },
    "spectral_skewness": {
        "mean": 2.53498053551,
        "var": 0.630500912666
    },
    "spectral_spread": {
        "mean": 4393591,
        "var": 4.34489445581e+012
    },
    "spectral_strongpeak": {
        "mean": 0.682036280632,
        "var": 0.106662914157
    },
    "zerocrossingrate": {
        "mean": 0.0223204586655,
        "var": 0.000886724039447
    },
    "barkbands": {
        "mean": [0.00165607896633, 0.0460096299648, 0.011101635173, 0.00168405217119, 0.00681376922876, 0.00176390726119, 0.00142443785444, 0.00106992246583, 0.00092557980679, 0.000827880925499, 0.000172402971657, 0.000624870881438, 0.000377036165446, 0.000241424597334, 0.000218339788262, 0.000165306206327, 0.000166585377883, 0.000149093946675, 9.23798434087e-005, 0.000101157973404, 7.54054563004e-005, 5.55421247554e-005, 5.21033543919e-005, 5.41220761079e-005, 5.68467003177e-005, 5.60886364838e-005, 9.44918338064e-006],
        "var": [1.79376747838e-005, 0.00192749372218, 0.000249808188528, 5.42626185052e-006, 5.29252938577e-005, 5.62936702408e-006, 2.06141044146e-006, 1.88906130916e-006, 2.5033757538e-006, 6.61911258248e-007, 1.23138462982e-007, 9.1551623882e-007, 5.08470918703e-007, 3.61694475259e-007, 1.95904746647e-007, 1.38270706884e-007, 1.34716586331e-007, 2.0122874389e-007, 5.22577536799e-008, 6.42559498942e-008, 3.40362547036e-008, 1.84540791537e-008, 1.46264387269e-008, 2.92997839324e-008, 2.58631871475e-008, 2.90968849015e-008, 6.00017768804e-009]
    },
    "erbbands": {
        "mean": [1.32647895813, 10.0579805374, 16.2261581421, 7.40851354599, 15.7965888977, 24.0046749115, 17.9598064423, 11.6915397644, 22.9129676819, 13.1943292618, 28.5648422241, 23.9584503174, 12.2347297668, 29.7390270233, 15.095582962, 22.1387863159, 17.537355423, 11.9763345718, 13.2656202316, 10.7601480484, 8.26151371002, 8.74890995026, 8.73567485809, 5.3938293457, 5.18215847015, 4.68922710419, 3.4702539444, 2.59909319878, 2.11913061142, 1.65697419643, 1.44039070606, 1.16242587566, 0.884965837002, 0.598862946033, 0.427727401257, 0.219368487597, 0.10764605552, 0.0279927570373, 0.000979834818281, 0.000103121710708],
        "var": [3.41673159599, 86.833152771, 409.000854492, 70.2239761353, 254.452880859, 844.147827148, 878.838195801, 218.509765625, 512.21862793, 326.933380127, 1073.34460449, 1615.72851563, 165.007034302, 874.66973877, 554.453125, 889.908752441, 1082.18334961, 728.082275391, 649.378051758, 580.473693848, 288.227539063, 383.070251465, 581.945495605, 212.216583252, 158.71206665, 137.983673096, 80.0214538574, 40.3725624084, 27.1087627411, 16.6330108643, 10.5585641861, 12.5258169174, 7.01032304764, 2.66806769371, 1.97540926933, 0.437600821257, 0.107486717403, 0.0229550059885, 5.45942129975e-005, 1.73120557889e-008]
    },
    "gfcc": {
        "mean": [-7.34298324585, 129.444229126, -70.9985427856, 20.3423156738, -41.9359512329, 27.1621227264, -29.6422042847, 14.094086647, -20.9288825989, 3.67595815659, -12.4515371323, 1.98706436157, -8.43320655823],
        "cov": [[6121.74365234, -1288.13830566, -479.97567749, 489.94152832, -145.717224121, -155.616638184, -117.929290771, 141.059494019, -198.546661377, 330.576019287, -182.260574341, 220.161499023, -286.526550293], [-1288.13830566, 1256.95568848, 67.4698944092, -251.99899292, 76.5467453003, 85.6966094971, 78.885559082, -80.0441665649, 128.589141846, -198.176193237, 117.655982971, -155.768783569, 140.459091187], [-479.97567749, 67.4698944092, 458.122680664, -134.878372192, -6.87845230103, 129.244262695, -33.6427574158, 46.9478492737, -26.2338199615, 29.9590320587, 14.841750145, 42.2917785645, -7.83696842194], [489.94152832, -251.99899292, -134.878372192, 269.019134521, 20.0198879242, -103.361305237, 36.1120796204, -42.0907783508, 20.7431945801, 19.9606876373, -16.3769741058, 23.557964325, 1.00530493259], [-145.717224121, 76.5467453003, -6.87845230103, 20.0198879242, 153.646514893, -18.9056301117, 26.6220417023, -15.5457897186, 53.47605896, -14.1903972626, 3.75838565826, 1.16152441502, 17.4576663971], [-155.616638184, 85.6966094971, 129.244262695, -103.361305237, -18.9056301117, 206.326919556, -12.5552043915, 54.7869148254, 8.28692436218, 6.42270469666, 41.7178878784, -16.148431778, 22.79637146], [-117.929290771, 78.885559082, -33.6427574158, 36.1120796204, 26.6220417023, -12.5552043915, 190.687850952, -29.0057830811, 54.1757507324, 2.09824776649, 3.41998577118, 6.97312259674, 17.9344997406], [141.059494019, -80.0441665649, 46.9478492737, -42.0907783508, -15.5457897186, 54.7869148254, -29.0057830811, 109.719329834, -20.3053226471, 36.3699226379, 16.5700149536, 13.703584671, -6.06631469727], [-198.546661377, 128.589141846, -26.2338199615, 20.7431945801, 53.47605896, 8.28692436218, 54.1757507324, -20.3053226471, 121.771438599, -15.7227268219, 24.5713672638, -6.44625473022, 28.1202392578], [330.576019287, -198.176193237, 29.9590320587, 19.9606876373, -14.1903972626, 6.42270469666, 2.09824776649, 36.3699226379, -15.7227268219, 118.099632263, -4.02052497864, 31.2948722839, -26.8741779327], [-182.260574341, 117.655982971, 14.841750145, -16.3769741058, 3.75838565826, 41.7178878784, 3.41998577118, 16.5700149536, 24.5713672638, -4.02052497864, 92.2202835083, -14.1239795685, 23.509431839], [220.161499023, -155.768783569, 42.2917785645, 23.557964325, 1.16152441502, -16.148431778, 6.97312259674, 13.703584671, -6.44625473022, 31.2948722839, -14.1239795685, 98.0741043091, -16.0172405243], [-286.526550293, 140.459091187, -7.83696842194, 1.00530493259, 17.4576663971, 22.79637146, 17.9344997406, -6.06631469727, 28.1202392578, -26.8741779327, 23.509431839, -16.0172405243, 97.4908676147]],
        "icov": [[0.000371289555915, -0.000274676101981, 0.000541120185517, -0.000844859052449, 0.000122032295621, -0.000494679785334, 0.000291176897008, -0.000487874785904, 0.000439222465502, -0.000805474817753, 0.000633562449366, -0.000809074903373, 0.000914635253139], [-0.000274676101981, 0.00281130336225, -0.000906177738216, 0.00307149114087, -0.00043715571519, 0.00119101232849, -0.00108214083593, 0.00162638456095, -0.001647198922, 0.00294349039905, -0.00255995523185, 0.002965943655, -0.00247096968815], [0.000541120185517, -0.000906177738216, 0.0041090962477, -0.000533302023541, -0.000233575381571, -0.00260954420082, 0.000853865989484, -0.00047885053209, 0.00150875351392, -0.00217392132618, 0.00122957921121, -0.00345491291955, 0.00179830950219], [-0.000844859052449, 0.00307149114087, -0.000533302023541, 0.00968790799379, -0.000766285229474, 0.00362063571811, -0.00170262693428, 0.00354185746983, -0.00273808045313, 0.00245065265335, -0.00357574597001, 0.00270476331934, -0.004454866983], [0.000122032295621, -0.00043715571519, -0.000233575381571, -0.000766285229474, 0.00806283857673, 0.000845191534609, 0.000136908100103, -0.000542771653272, -0.00319392420352, -4.84011907247e-005, 0.000862593064085, -0.000665558094624, -0.000132239423692], [-0.000494679785334, 0.00119101232849, -0.00260954420082, 0.00362063571811, 0.000845191534609, 0.00925884768367, -0.000822856149171, -0.00177297950722, -0.00239295675419, 0.00151467963587, -0.00325277610682, 0.00344114401378, -0.00323470775038], [0.000291176897008, -0.00108214083593, 0.000853865989484, -0.00170262693428, 0.000136908100103, -0.000822856149171, 0.00686362572014, 0.000592494325247, -0.00169812096283, -0.00227799382992, 0.00139180617407, -0.00212242640555, 0.000620702048764], [-0.000487874785904, 0.00162638456095, -0.00047885053209, 0.00354185746983, -0.000542771653272, -0.00177297950722, 0.000592494325247, 0.0143978279084, 0.000338249956258, -0.00143528089393, -0.00368729443289, 0.000299568637274, -0.00210823304951], [0.000439222465502, -0.001647198922, 0.00150875351392, -0.00273808045313, -0.00319392420352, -0.00239295675419, -0.00169812096283, 0.000338249956258, 0.0134822400287, -0.00165901135188, -0.000767328892834, -0.00245618447661, 0.000713866727892], [-0.000805474817753, 0.00294349039905, -0.00217392132618, 0.00245065265335, -4.84011907247e-005, 0.00151467963587, -0.00227799382992, -0.00143528089393, -0.00165901135188, 0.0151191074401, -0.0032380761113, 0.00186669069808, -0.00109012261964], [0.000633562449366, -0.00255995523185, 0.00122957921121, -0.00357574597001, 0.000862593064085, -0.00325277610682, 0.00139180617407, -0.00368729443289, -0.000767328892834, -0.0032380761113, 0.0161173995584, -0.00183025444858, 0.000948044122197], [-0.000809074903373, 0.002965943655, -0.00345491291955, 0.00270476331934, -0.000665558094624, 0.00344114401378, -0.00212242640555, 0.000299568637274, -0.00245618447661, 0.00186669069808, -0.00183025444858, 0.0167667903006, -0.00281395274214], [0.000914635253139, -0.00247096968815, 0.00179830950219, -0.004454866983, -0.000132239423692, -0.00323470775038, 0.000620702048764, -0.00210823304951, 0.000713866727892, -0.00109012261964, 0.000948044122197, -0.00281395274214, 0.0160333607346]]
    },
    "melbands": {
        "mean": [0.0123962759972, 0.0104901148006, 0.00148851505946, 0.00170031737071, 0.000630604394246, 0.000268760399194, 0.000342333398294, 0.000149440180394, 0.000238861364778, 0.000130275875563, 6.28145571682e-005, 0.000130463769892, 3.67341963283e-005, 7.80437039793e-005, 4.06277285947e-005, 3.1375020626e-005, 2.1828998797e-005, 2.19682242459e-005, 1.60621475516e-005, 1.28186002257e-005, 9.08479614736e-006, 9.13212534215e-006, 8.0149184214e-006, 7.96820313553e-006, 3.87737236451e-006, 3.50415075445e-006, 3.81056088372e-006, 3.05627736452e-006, 2.06578351936e-006, 2.07991888601e-006, 1.3064994846e-006, 1.21709945233e-006, 1.03561808373e-006, 8.89927207481e-007, 8.41469557145e-007, 7.67188396367e-007, 6.87981469127e-007, 6.476117278e-007, 5.18178751463e-007, 5.0149026265e-007],
        "var": [0.000183772353921, 0.000104675775219, 2.21691311708e-006, 3.77520859729e-006, 7.7948368471e-007, 1.11586864193e-007, 1.13977314697e-007, 4.41907559434e-008, 7.13232850558e-008, 4.8573539857e-008, 4.47810322157e-009, 1.71568714791e-008, 3.79598930067e-009, 1.59393458432e-008, 3.94624199984e-009, 3.8728402707e-009, 2.59326871088e-009, 2.09077133384e-009, 1.31584632079e-009, 9.7481434036e-010, 3.53760076788e-010, 4.41564174114e-010, 3.51462858816e-010, 6.35339392208e-010, 1.09846180762e-010, 6.6784307251e-011, 1.07182158982e-010, 5.84330778208e-011, 3.30733287979e-011, 2.57053371644e-011, 1.10666927011e-011, 9.37271961432e-012, 6.65258516677e-012, 4.97657600892e-012, 3.61534391834e-012, 4.07667519534e-012, 4.9939592392e-012, 3.97342185196e-012, 2.3230584123e-012, 1.93204501876e-012]
    },
    "mfcc": {
        "mean": [-668.451477051, 169.727127075, 30.924829483, 15.0674524307, 16.3863658905, 13.0005989075, 10.3378648758, 10.2673311234, 5.32129669189, 4.28992414474, 2.28972172737, 4.42707061768, 2.51237297058],
        "cov": [[4361.00244141, -1489.65319824, -502.446228027, 519.17565918, -173.073730469, -33.1947860718, -68.4616317749, -79.816986084, -107.219100952, 98.7787399292, 25.7271823883, 38.2496795654, -34.0310592651], [-1489.65319824, 1255.14660645, 176.119781494, -267.294677734, 95.1256103516, 16.3458919525, 54.9003334045, 62.5243110657, 53.9464759827, -22.8424472809, 21.1266975403, -6.98939561844, 11.0365085602], [-502.446228027, 176.119781494, 389.125030518, -173.702011108, 46.6406860352, 11.4261207581, 50.9121742249, 16.234621048, 6.43243598938, -47.739074707, 39.4917564392, 27.3651103973, 33.5502662659], [519.17565918, -267.294677734, -173.702011108, 346.233673096, -76.3239517212, 27.2376899719, -56.3421516418, -13.0116291046, -4.82308483124, 13.9625329971, -56.9834632874, -8.84281826019, 0.53913629055], [-173.073730469, 95.1256103516, 46.6406860352, -76.3239517212, 194.678543091, -18.9714660645, -7.49652576447, -2.50311899185, 3.07884812355, -22.8005466461, 21.7981185913, 4.30016136169, 9.35464096069], [-33.1947860718, 16.3458919525, 11.4261207581, 27.2376899719, -18.9714660645, 122.715553284, -3.79314517975, 18.366481781, 27.4904556274, 20.4362316132, -8.53056716919, 18.9678726196, -1.82073140144], [-68.4616317749, 54.9003334045, 50.9121742249, -56.3421516418, -7.49652576447, -3.79314517975, 106.070327759, -1.0654720068, 4.37841081619, 5.91937017441, 31.0457859039, -4.55200433731, 8.29252719879], [-79.816986084, 62.5243110657, 16.234621048, -13.0116291046, -2.50311899185, 18.366481781, -1.0654720068, 97.9683532715, 13.134853363, 2.27739453316, -7.94905424118, 21.7217884064, 1.67040121555], [-107.219100952, 53.9464759827, 6.43243598938, -4.82308483124, 3.07884812355, 27.4904556274, 4.37841081619, 13.134853363, 84.024520874, 10.0889759064, -8.55227470398, -1.80331432819, 7.21431970596], [98.7787399292, -22.8424472809, -47.739074707, 13.9625329971, -22.8005466461, 20.4362316132, 5.91937017441, 2.27739453316, 10.0889759064, 84.7896499634, 9.3281621933, 4.36026716232, -9.57738018036], [25.7271823883, 21.1266975403, 39.4917564392, -56.9834632874, 21.7981185913, -8.53056716919, 31.0457859039, -7.94905424118, -8.55227470398, 9.3281621933, 88.8721313477, 22.9650764465, 3.53694367409], [38.2496795654, -6.98939561844, 27.3651103973, -8.84281826019, 4.30016136169, 18.9678726196, -4.55200433731, 21.7217884064, -1.80331432819, 4.36026716232, 22.9650764465, 71.1348419189, 13.7412090302], [-34.0310592651, 11.0365085602, 33.5502662659, 0.53913629055, 9.35464096069, -1.82073140144, 8.29252719879, 1.67040121555, 7.21431970596, -9.57738018036, 3.53694367409, 13.7412090302, 63.0460891724]],
        "icov": [[0.000463987729745, 0.000441153446445, 0.000314443139359, -0.000280613894574, 4.45498917543e-005, 9.50980174821e-005, -0.000113131158287, -1.48857197928e-005, 0.000210871789022, -0.000161229938385, -0.000422426790465, -0.000250677199801, 4.94161904498e-005], [0.000441153446445, 0.00145318277646, 0.000209150777664, 0.000424280093284, -0.00020105933072, -0.000137086128234, -0.000263074849499, -0.000558757805265, -0.000225838884944, -2.00499489438e-005, -0.000279052415863, 0.000176758592715, -5.59819600312e-005], [0.000314443139359, 0.000209150777664, 0.00424012262374, 0.00151499605272, 2.96418911603e-005, -0.00100105220918, -0.0010161397513, -9.36298893066e-005, 0.00020903366385, 0.00208424194716, -0.000698522140738, -0.000971819681581, -0.00148971192539], [-0.000280613894574, 0.000424280093284, 0.00151499605272, 0.00524328416213, 0.0010869204998, -0.00131712679286, 0.00124720518943, 0.000342133367667, 8.19696942926e-005, 0.000551425502636, 0.00183160568122, 0.000192914754734, -0.00151962961536], [4.45498917543e-005, -0.00020105933072, 2.96418911603e-005, 0.0010869204998, 0.00616457452998, 0.000527724216226, 0.00159405439626, 0.000290609168587, -0.000512884405907, 0.00127116311342, -0.00145336857531, 0.000107451931399, -0.000772730621975], [9.50980174821e-005, -0.000137086128234, -0.00100105220918, -0.00131712679286, 0.000527724216226, 0.0103442035615, -1.87656348771e-006, -0.000593692471739, -0.00290178181604, -0.00228794873692, 0.001100039226, -0.00301812612452, 0.00143630290404], [-0.000113131158287, -0.000263074849499, -0.0010161397513, 0.00124720518943, 0.00159405439626, -1.87656348771e-006, 0.0122853619978, -0.000295334059047, -0.000542471825611, -0.000997536233626, -0.00402923347428, 0.00306926830672, -0.00186197599396], [-1.48857197928e-005, -0.000558757805265, -9.36298893066e-005, 0.000342133367667, 0.000290609168587, -0.000593692471739, -0.000295334059047, 0.0120825693011, -0.00121551658958, -0.000136533170007, 0.00248563685454, -0.00450706435367, 0.000756371824536], [0.000210871789022, -0.000225838884944, 0.00020903366385, 8.19696942926e-005, -0.000512884405907, -0.00290178181604, -0.000542471825611, -0.00121551658958, 0.0140157295391, -0.00167159026023, 0.00111648452003, 0.0014377119951, -0.00209645950235], [-0.000161229938385, -2.00499489438e-005, 0.00208424194716, 0.000551425502636, 0.00127116311342, -0.00228794873692, -0.000997536233626, -0.000136533170007, -0.00167159026023, 0.0146636459976, -0.00231708376668, -0.000593480770476, 0.00136095157359], [-0.000422426790465, -0.000279052415863, -0.000698522140738, 0.00183160568122, -0.00145336857531, 0.001100039226, -0.00402923347428, 0.00248563685454, 0.00111648452003, -0.00231708376668, 0.0168755631894, -0.00595053518191, 0.000758885289542], [-0.000250677199801, 0.000176758592715, -0.000971819681581, 0.000192914754734, 0.000107451931399, -0.00301812612452, 0.00306926830672, -0.00450706435367, 0.0014377119951, -0.000593480770476, -0.00595053518191, 0.0197982899845, -0.00427411776036], [4.94161904498e-005, -5.59819600312e-005, -0.00148971192539, -0.00151962961536, -0.000772730621975, 0.00143630290404, -0.00186197599396, 0.000756371824536, -0.00209645950235, 0.00136095157359, 0.000758885289542, -0.00427411776036, 0.0184202715755]]
    },
    "spectral_contrast_coeffs": {
        "mean": [-0.650788486004, -0.731398761272, -0.751370787621, -0.777328550816, -0.794754326344, -0.780543923378],
        "var": [0.00663597974926, 0.00350995291956, 0.00323926028796, 0.00223049847409, 0.00187299423851, 0.00212088087574]
    },
    "spectral_contrast_valleys": {
        "mean": [-6.313372612, -6.52676916122, -7.31279039383, -8.15345859528, -8.53748035431, -10.8111200333],
        "var": [1.10897171497, 1.04224991798, 0.981516361237, 1.21392571926, 1.67942380905, 1.34787201881]
    }
},
"metadata": {
    "audio_properties": {
        "analysis_sample_rate": 44100,
        "bit_rate": 113548,
        "equal_loudness": 0,
        "length": 45.0873451233,
        "lossless": 0,
        "replay_gain": -11.4503059387,
        "sample_rate": 44100,
        "codec": "mp3",
        "downmix": "mix",
        "md5_encoded": "98c480aee2f39d98b97809027548b53a"
    },
    "tags": {
        "file_name": "879.mp3"
    },
    "version": {
        "essentia": "2.1-beta2",
        "essentia_git_sha": "v2.1_beta2",
        "extractor": "music 1.0"
    }
},
"rhythm": {
    "beats_count": 65,
    "beats_loudness": {
        "mean": 0.102868422866,
        "var": 0.00124555930961
    },
    "bpm": 86.5465240479,
    "bpm_histogram_first_peak_bpm": {
        "mean": 86,
        "var": 0
    },
    "bpm_histogram_first_peak_spread": {
        "mean": 0.21875,
        "var": 0
    },
    "bpm_histogram_first_peak_weight": {
        "mean": 0.78125,
        "var": 0
    },
    "bpm_histogram_second_peak_bpm": {
        "mean": 0,
        "var": 0
    },
    "bpm_histogram_second_peak_spread": {
        "mean": 0,
        "var": 0
    },
    "bpm_histogram_second_peak_weight": {
        "mean": 0,
        "var": 0
    },
    "danceability": 1.42450404167,
    "onset_rate": 5.40962839127,
    "beats_loudness_band_ratio": {
        "mean": [0.739827334881, 0.138854891062, 0.0519377589226, 0.0405406616628, 0.0355317406356, 0.0244439058006],
        "var": [0.0240602362901, 0.00932267401367, 0.00127549527679, 0.000923010229599, 0.000998548232019, 0.000519087479915]
    },
    "beats_position": [0.650158703327, 1.3235373497, 2.02013611794, 2.71673464775, 3.41333317757, 4.1099319458, 4.80653047562, 5.50312900543, 6.17650794983, 6.87310647964, 7.56970500946, 8.26630401611, 8.96290206909, 9.65950107574, 10.3560991287, 11.0410881042, 11.7260770798, 12.4226751328, 13.1192741394, 13.8158731461, 14.512471199, 15.2090702057, 15.8940582275, 16.5790481567, 17.2756462097, 17.9722442627, 18.6688423157, 19.365442276, 20.062040329, 20.758638382, 21.4552383423, 22.1518363953, 22.825214386, 23.5218143463, 24.2184123993, 24.9150104523, 25.6116104126, 26.3082084656, 27.0048065186, 27.7014045715, 28.3863945007, 29.0713825226, 29.7679805756, 30.4645805359, 31.1611785889, 31.8577766418, 32.5543746948, 33.2509727478, 33.9243545532, 34.6209526062, 35.3175506592, 36.0141487122, 36.7107467651, 37.4073448181, 38.1039466858, 38.7889328003, 39.4739227295, 40.1705207825, 40.8671188354, 41.5637168884, 42.2603149414, 42.9569168091, 43.6535148621, 44.3385009766, 45.0234909058]
},
"tonal": {
    "chords_changes_rate": 0.0432098768651,
    "chords_number_rate": 0.00925925932825,
    "chords_strength": {
        "mean": 0.52449709177,
        "var": 0.00862905196846
    },
    "hpcp_entropy": {
        "mean": 1.8754748106,
        "var": 0.499835759401
    },
    "key_strength": 0.733159005642,
    "tuning_diatonic_strength": 0.645786166191,
    "tuning_equal_tempered_deviation": 0.173881903291,
    "tuning_frequency": 434.193115234,
    "tuning_nontempered_energy_ratio": 0.861555397511,
    "hpcp": {
        "mean": [0.290153592825, 0.234312951565, 0.0622578151524, 0.0332869887352, 0.0370236486197, 0.0492173843086, 0.122733645141, 0.154560998082, 0.0791510641575, 0.0285046417266, 0.0229283031076, 0.0237087998539, 0.0274611320347, 0.0282964836806, 0.0503449290991, 0.178818747401, 0.21256390214, 0.0868293941021, 0.0277674905956, 0.0236696433276, 0.0340257361531, 0.0825592055917, 0.0937288403511, 0.073359452188, 0.080879740417, 0.0582515224814, 0.0515918396413, 0.10886798799, 0.109934605658, 0.0843969210982, 0.139270395041, 0.122063949704, 0.0456180796027, 0.0267871469259, 0.0304879341274, 0.120430707932],
        "var": [0.1269069314, 0.077036306262, 0.0169215742499, 0.016765344888, 0.0208750162274, 0.017290065065, 0.0629880726337, 0.104042835534, 0.0341103672981, 0.0142287276685, 0.0124340113252, 0.0135679217055, 0.00824045017362, 0.0111258625984, 0.0184235684574, 0.0845942348242, 0.123601801693, 0.0324833467603, 0.0164562799037, 0.0120620420203, 0.0141055537388, 0.0397837534547, 0.0532980039716, 0.0303730573505, 0.0593357570469, 0.0289422050118, 0.0217333901674, 0.0669693052769, 0.0653345286846, 0.0331303663552, 0.0935782715678, 0.0776822119951, 0.0222330782562, 0.013166542165, 0.0149385267869, 0.0383033566177]
    },
    "chords_histogram": [45.7818946838, 1.95473253727, 13.8888893127, 0, 6.17283964157, 0, 0, 0, 0, 0, 0, 0, 0, 0, 0, 1.54320991039, 0.308641970158, 23.6625518799, 0, 0.102880656719, 1.95473253727, 2.46913576126, 0, 2.16049385071],
    "thpcp": [1, 0.807547986507, 0.214568480849, 0.114721961319, 0.127600178123, 0.169625282288, 0.422995448112, 0.532686829567, 0.27279022336, 0.098239839077, 0.0790212601423, 0.0817112028599, 0.0946434363723, 0.0975224301219, 0.173511311412, 0.616289973259, 0.732590973377, 0.299253195524, 0.0956992805004, 0.0815762579441, 0.117268018425, 0.284536212683, 0.323031812906, 0.252829730511, 0.278748035431, 0.200760990381, 0.177808716893, 0.37520813942, 0.378884166479, 0.290869802237, 0.479988515377, 0.420687377453, 0.157220453024, 0.0923205763102, 0.105075158179, 0.415058463812],
    "chords_key": "D",
    "chords_scale": "major",
    "key_key": "D",
    "key_scale": "major"
}
}