{
"lowlevel": {
    "average_loudness": 0.970830500126,
    "barkbands_crest": {
        "mean": 11.1307735443,
        "var": 14.4920425415
    },
    "barkbands_flatness_db": {
        "mean": 0.179366111755,
        "var": 0.00547374598682
    },
    "barkbands_kurtosis": {
        "mean": 12.4520969391,
        "var": 266.736541748
    },
    "barkbands_skewness": {
        "mean": 2.67345666885,
        "var": 2.16601371765
    },
    "barkbands_spread": {
        "mean": 15.9244861603,
        "var": 174.294235229
    },
    "dissonance": {
        "mean": 0.463702350855,
        "var": 0.000809026358183
    },
    "dynamic_complexity": 2.22840452194,
    "erbbands_crest": {
        "mean": 7.58208370209,
        "var": 10.2792835236
    },
    "erbbands_flatness_db": {
        "mean": 0.147417157888,
        "var": 0.0023253983818
    },
    "erbbands_kurtosis": {
        "mean": 0.136713966727,
        "var": 6.44486236572
    },
    "erbbands_skewness": {
        "mean": 0.358072668314,
        "var": 0.713587403297
    },
    "erbbands_spread": {
        "mean": 48.7889900208,
        "var": 475.268371582
    },
    "hfc": {
        "mean": 20.6270561218,
        "var": 369.296417236
    },
    "melbands_crest": {
        "mean": 16.8195724487,
        "var": 21.0048751831
    },
    "melbands_flatness_db": {
        "mean": 0.263679236174,
        "var": 0.00845750141889
    },
    "melbands_kurtosis": {
        "mean": 35.1042709351,
        "var": 1532.10839844
    },
    "melbands_skewness": {
        "mean": 4.33022546768,
        "var": 4.42459344864
    },
    "melbands_spread": {
        "mean": 12.8805656433,
        "var": 153.531311035
    },
    "pitch_salience": {
        "mean": 0.567716896534,
        "var": 0.0115973446518
    },
    "silence_rate_20dB": {
        "mean": 1,
        "var": 0
    },
    "silence_rate_30dB": {
        "mean": 0.855303823948,
        "var": 0.123758688569
    },
    "silence_rate_60dB": {
        "mean": 0.0242018532008,
        "var": 0.0236167553812
    },
    "spectral_centroid": {
        "mean": 957.046386719,
        "var": 463784
    },
    "spectral_complexity": {
        "mean": 19.6750774384,
        "var": 157.945358276
    },
    "spectral_decrease": {
        "mean": -1.31496333822e-008,
        "var": 1.43696241061e-016
    },
    "spectral_energy": {
        "mean": 0.051500659436,
        "var": 0.00212768907659
    },
    "spectral_energyband_high": {
        "mean": 0.000896558805835,
        "var": 3.30591501552e-006
    },
    "spectral_energyband_low": {
        "mean": 0.0326499864459,
        "var": 0.00180315214675
    },
    "spectral_energyband_middle_high": {
        "mean": 0.00404881639406,
        "var": 1.98277211894e-005
    },
    "spectral_energyband_middle_low": {
        "mean": 0.0170044079423,
        "var": 0.00011004525004
    },
    "spectral_entropy": {
        "mean": 7.34618234634,
        "var": 0.446375012398
    },
    "spectral_flux": {
        "mean": 0.111534371972,
        "var": 0.00709510035813
    },
    "spectral_kurtosis": {
        "mean": 6.6390709877,
        "var": 98.1610870361
    },
    "spectral_rms": {
        "mean": 0.00651345448568,
        "var": 7.81955714046e-006
    },
    "spectral_rolloff": {
        "mean": 805.797302246,
        "var": 1762514.875
    },
    "spectral_skewness": {
        "mean": 1.7522906065,
        "var": 0.860930919647
    },
    "spectral_spread": {
        "mean": 4424500,
        "var": 4.36289981645e+012
    },
    "spectral_strongpeak": {
        "mean": 0.54493355751,
        "var": 0.166198506951
    },
    "zerocrossingrate": {
        "mean": 0.0389320068061,
        "var": 0.00115602789447
    },
    "barkbands": {
        "mean": [0.00146405980922, 0.0174772515893, 0.0107109267265, 0.00667410669848, 0.00609944807366, 0.00141186406836, 0.00103386119008, 0.00054390745936, 0.00104492960963, 0.000413176283473, 0.000342586514307, 0.00036134434049, 0.000343068270013, 0.000661760626826, 0.000478520290926, 0.000321080879075, 0.000385431252653, 0.000429660140071, 0.000313139287755, 0.000189320708159, 0.000188780817552, 0.000207826014957, 0.000155629037181, 0.000142701275763, 7.74827203713e-005, 2.79009454971e-005, 9.57016368375e-007],
        "var": [4.66609844807e-006, 0.000981475226581, 0.000206303870073, 4.95801250509e-005, 2.83478893834e-005, 2.97707629215e-006, 2.4654527806e-006, 1.01058253676e-006, 2.58029422184e-006, 5.05723164679e-007, 5.85976579259e-007, 4.92402136842e-007, 3.21511265611e-007, 1.31892727495e-006, 6.35742310351e-007, 1.99973726467e-007, 2.36259424469e-007, 3.34622285436e-007, 1.97240296984e-007, 7.63413012805e-008, 1.66451243899e-007, 2.36199468873e-007, 1.62307770779e-007, 1.87735508916e-007, 3.21227240363e-008, 4.35826796874e-009, 1.3043971285e-011]
    },
    "erbbands": {
        "mean": [0.564026772976, 3.71875452995, 12.2448225021, 16.9717922211, 23.2083377838, 20.8141155243, 12.3766183853, 10.778263092, 11.1803693771, 18.0379886627, 14.6734972, 25.9794406891, 15.6565294266, 10.852060318, 13.7421560287, 15.7545337677, 16.7496490479, 31.8829059601, 29.704788208, 21.0844688416, 18.3003120422, 21.7850551605, 24.8677864075, 16.3941040039, 14.7668237686, 8.87160301208, 8.11345672607, 7.37670183182, 7.64336109161, 5.77017498016, 4.26288127899, 3.55386614799, 1.94027388096, 0.956119298935, 0.522396981716, 0.153658658266, 0.0466234758496, 0.0064049474895, 0.00017569422198, 6.4647232648e-005],
        "var": [0.983923852444, 52.4695854187, 301.804870605, 237.87298584, 423.233215332, 371.023132324, 131.800323486, 221.362380981, 330.396759033, 955.103820801, 526.764892578, 1713.86340332, 672.042663574, 269.383789063, 783.126647949, 959.036682129, 657.872314453, 3481.0625, 2458.41381836, 963.792541504, 516.466918945, 700.402648926, 1078.86132813, 475.450958252, 474.293884277, 159.659088135, 218.189529419, 295.726257324, 346.896606445, 178.669219971, 126.818809509, 125.044815063, 30.8191356659, 5.90252447128, 1.35864233971, 0.15122961998, 0.0117179555818, 0.000275111087831, 1.74992663915e-007, 3.2348630441e-009]
    },
    "gfcc": {
        "mean": [-2.96467161179, 115.62336731, -98.3726882935, 50.1905403137, -44.2101135254, 15.0330600739, -39.7685012817, 6.61973905563, -21.1144866943, -3.48848009109, -19.9906997681, -7.97772216797, -12.705365181],
        "cov": [[9947.98632813, -2451.79370117, -889.781494141, 612.997619629, -778.858886719, 527.779968262, -341.018829346, 481.754638672, -232.473327637, 502.586669922, -127.9557724, 323.23638916, -432.998962402], [-2451.79370117, 1789.19165039, -90.4717254639, -328.322113037, 412.911193848, -290.843383789, 207.458312988, -211.218811035, 179.102905273, -273.151855469, 97.4531326294, -213.966278076, 223.401153564], [-889.781494141, -90.4717254639, 785.985656738, 54.8650512695, 33.5873374939, 80.5642089844, 0.505690574646, 21.9198188782, 5.39870357513, -15.0561227798, -54.9812202454, 15.0004901886, 25.3624210358], [612.997619629, -328.322113037, 54.8650512695, 289.661712646, -46.8656272888, 68.7885894775, -8.58635234833, 29.512172699, 8.16780281067, 51.7200241089, 14.7681732178, 32.5669403076, -5.81883096695], [-778.858886719, 412.911193848, 33.5873374939, -46.8656272888, 237.814453125, -54.6527519226, 82.5389938354, -56.9406051636, 54.4373550415, -46.9443054199, 25.1029491425, -37.9765510559, 54.0067901611], [527.779968262, -290.843383789, 80.5642089844, 68.7885894775, -54.6527519226, 201.117095947, 0.955897390842, 59.4431037903, -14.9356374741, 52.0221252441, 19.0439815521, 46.0763053894, -15.1117362976], [-341.018829346, 207.458312988, 0.505690574646, -8.58635234833, 82.5389938354, 0.955897390842, 173.6065979, -6.56092691422, 28.7323989868, -26.7055206299, 17.6584739685, -2.82051229477, 29.1506252289], [481.754638672, -211.218811035, 21.9198188782, 29.512172699, -56.9406051636, 59.4431037903, -6.56092691422, 121.777336121, 8.69640445709, 35.4334526062, -8.61817932129, 30.4703502655, -17.7332553864], [-232.473327637, 179.102905273, 5.39870357513, 8.16780281067, 54.4373550415, -14.9356374741, 28.7323989868, 8.69640445709, 111.640449524, -3.66376328468, 10.4669466019, -35.7200622559, 34.7157287598], [502.586669922, -273.151855469, -15.0561227798, 51.7200241089, -46.9443054199, 52.0221252441, -26.7055206299, 35.4334526062, -3.66376328468, 113.213546753, 5.19213819504, 34.1941833496, -44.1789665222], [-127.9557724, 97.4531326294, -54.9812202454, 14.7681732178, 25.1029491425, 19.0439815521, 17.6584739685, -8.61817932129, 10.4669466019, 5.19213819504, 94.8253631592, 12.0387687683, 19.2465629578], [323.23638916, -213.966278076, 15.0004901886, 32.5669403076, -37.9765510559, 46.0763053894, -2.82051229477, 30.4703502655, -35.7200622559, 34.1941833496, 12.0387687683, 92.7994384766, -15.8137149811], [-432.998962402, 223.401153564, 25.3624210358, -5.81883096695, 54.0067901611, -15.1117362976, 29.1506252289, -17.7332553864, 34.7157287598, -44.1789665222, 19.2465629578, -15.8137149811, 94.5691223145]],
        "icov": [[0.000348630477674, -0.000473952997709, 0.00053197768284, -0.00084992457414, 0.000452438514913, -0.000781046808697, 0.000482906441903, -0.000884438864887, 0.000476234243251, -0.00073800329119, 0.0011570447823, -0.000751083658542, 0.000942359911278], [-0.000473952997709, 0.0049998681061, -0.000768534606323, 0.00406798115, -0.00277395709418, 0.00326353008859, -0.00255314586684, 0.00324204424396, -0.00343509204686, 0.004852745682, -0.00558145111427, 0.0048154159449, -0.00455510616302], [0.00053197768284, -0.000768534606323, 0.00233757309616, -0.0016065769596, 0.000142975244671, -0.00206250185147, 0.00102010474075, -0.0014221498277, 0.000715127913281, -0.000726700178348, 0.00311622349545, -0.00154265994206, 0.00103896390647], [-0.00084992457414, 0.00406798115, -0.0016065769596, 0.00814479868859, -0.0017916560173, 0.00266020395793, -0.00254552462138, 0.00378532730974, -0.00382388452999, 0.00298079987988, -0.00596942333505, 0.00372025952674, -0.00499335164204], [0.000452438514913, -0.00277395709418, 0.000142975244671, -0.0017916560173, 0.00880415737629, -0.00115397095215, -0.000955424562562, 0.000223434224608, -0.000239482833422, -0.0027460262645, 0.0020787823014, -0.00237250723876, 0.00158528867178], [-0.000781046808697, 0.00326353008859, -0.00206250185147, 0.00266020395793, -0.00115397095215, 0.0103500848636, -0.00288276118226, 0.000618349877186, -0.00145714345854, 0.00152976380195, -0.00662102038041, 0.00276314793155, -0.00419220468029], [0.000482906441903, -0.00255314586684, 0.00102010474075, -0.00254552462138, -0.000955424562562, -0.00288276118226, 0.0088773118332, -0.00264061568305, 0.00087318016449, -0.00110579840839, 0.00314601720311, -0.0038954555057, 0.00253678578883], [-0.000884438864887, 0.00324204424396, -0.0014221498277, 0.00378532730974, 0.000223434224608, 0.000618349877186, -0.00264061568305, 0.0151137327775, -0.00620296131819, 0.00281186122447, -0.00317472172901, 0.000653870345559, -0.00312856328674], [0.000476234243251, -0.00343509204686, 0.000715127913281, -0.00382388452999, -0.000239482833422, -0.00145714345854, 0.00087318016449, -0.00620296131819, 0.0165006145835, -0.0066329096444, 0.00324719655327, 0.00253064068966, -0.00105381850153], [-0.00073800329119, 0.004852745682, -0.000726700178348, 0.00298079987988, -0.0027460262645, 0.00152976380195, -0.00110579840839, 0.00281186122447, -0.0066329096444, 0.0196275897324, -0.00678772246465, 0.00132855935954, 0.00142408302054], [0.0011570447823, -0.00558145111427, 0.00311622349545, -0.00596942333505, 0.0020787823014, -0.00662102038041, 0.00314601720311, -0.00317472172901, 0.00324719655327, -0.00678772246465, 0.0208626110107, -0.00839841552079, 0.00345625192858], [-0.000751083658542, 0.0048154159449, -0.00154265994206, 0.00372025952674, -0.00237250723876, 0.00276314793155, -0.0038954555057, 0.000653870345559, 0.00253064068966, 0.00132855935954, -0.00839841552079, 0.0212991181761, -0.00608948199078], [0.000942359911278, -0.00455510616302, 0.00103896390647, -0.00499335164204, 0.00158528867178, -0.00419220468029, 0.00253678578883, -0.00312856328674, -0.00105381850153, 0.00142408302054, 0.00345625192858, -0.00608948199078, 0.0214502848685]]
    },
    "melbands": {
        "mean": [0.00488891499117, 0.0059204059653, 0.0032941729296, 0.00162598979659, 0.000522335118148, 0.000250020326348, 0.000180598144652, 0.000178000263986, 0.000139125797432, 0.000149650644744, 7.38435046514e-005, 4.20483083872e-005, 5.03029696119e-005, 3.80228193535e-005, 3.85079147236e-005, 3.92312758777e-005, 6.17290643277e-005, 5.01515241922e-005, 3.05429493892e-005, 2.43150043389e-005, 2.11679835047e-005, 2.15716991079e-005, 2.55830036622e-005, 1.89654765563e-005, 1.25138003568e-005, 1.20251661428e-005, 7.99685767561e-006, 5.4016222748e-006, 5.293099548e-006, 4.30955060438e-006, 4.27513305112e-006, 4.51032383353e-006, 3.66359381587e-006, 3.04023205899e-006, 2.40952590502e-006, 2.31803801398e-006, 2.1431908408e-006, 1.47601747358e-006, 9.29311340769e-007, 7.71418001477e-007],
        "var": [7.43143609725e-005, 8.06970201666e-005, 7.64840115153e-006, 1.7797988221e-006, 1.96617705228e-007, 1.10890319149e-007, 7.95592427494e-008, 9.41542381838e-008, 4.45349037648e-008, 5.64362601096e-008, 1.63867071024e-008, 4.26976232148e-009, 1.24872228113e-008, 6.07949868225e-009, 5.03658359463e-009, 4.51204229535e-009, 1.33245992018e-008, 7.39229610858e-009, 2.64226840407e-009, 1.28109356456e-009, 7.42478856175e-010, 7.1751327102e-010, 1.15758314045e-009, 7.16584125371e-010, 2.95678342921e-010, 3.29208854621e-010, 1.46619119623e-010, 6.29041332911e-011, 8.59234489115e-011, 9.45772765659e-011, 1.11103230782e-010, 1.21350138271e-010, 7.74171282636e-011, 5.32918570384e-011, 3.95754644333e-011, 4.91637112965e-011, 5.17705218972e-011, 1.99423273034e-011, 6.26553800162e-012, 3.9757988568e-012]
    },
    "mfcc": {
        "mean": [-647.125732422, 137.149291992, 12.8577213287, 39.0367240906, 19.4362716675, 11.5648813248, -1.01504826546, 5.93407821655, 1.331797719, 3.69071149826, 1.90467524529, -3.22984933853, -8.13565254211],
        "cov": [[8414.03222656, -2609.22412109, -515.45111084, -83.3473205566, -373.109008789, 20.9175109863, -41.4257011414, 49.3161621094, -158.509918213, 153.379806519, 197.238510132, 191.231292725, 48.4014015198], [-2609.22412109, 1783.95288086, -218.207427979, 13.50801754, 113.007476807, -48.3702049255, 7.84654283524, 0.356111168861, 84.2570266724, -29.3425045013, -47.0281600952, -61.0674057007, -43.0847816467], [-515.45111084, -218.207427979, 657.838928223, 16.3483715057, 101.738845825, 41.1987915039, 15.4206495285, 34.4390258789, 43.0789337158, 12.8349752426, -21.5110740662, -14.3024291992, 12.3546476364], [-83.3473205566, 13.50801754, 16.3483715057, 216.779754639, 17.7314167023, 25.636297226, -2.98559951782, -1.75636124611, 25.3474502563, 3.78342294693, -5.44208049774, -6.59223985672, 23.8049449921], [-373.109008789, 113.007476807, 101.738845825, 17.7314167023, 161.440628052, 14.7795648575, -11.9979543686, -8.72178649902, 16.4514942169, 10.900390625, -4.23350906372, -6.74732065201, -4.15733575821], [20.9175109863, -48.3702049255, 41.1987915039, 25.636297226, 14.7795648575, 129.670303345, 41.2097663879, 10.8213768005, 2.64056229591, 7.89409065247, 6.90518856049, 5.89748239517, 16.3367137909], [-41.4257011414, 7.84654283524, 15.4206495285, -2.98559951782, -11.9979543686, 41.2097663879, 114.175476074, 38.0826797485, -4.51619577408, -19.1220626831, 4.55597066879, 18.8312149048, 17.8758277893], [49.3161621094, 0.356111168861, 34.4390258789, -1.75636124611, -8.72178649902, 10.8213768005, 38.0826797485, 96.6948394775, 24.5100841522, -3.09335446358, -6.35229444504, 12.4293823242, 17.4044780731], [-158.509918213, 84.2570266724, 43.0789337158, 25.3474502563, 16.4514942169, 2.64056229591, -4.51619577408, 24.5100841522, 104.341636658, 29.0959377289, -11.2542123795, -4.92582607269, 4.38574075699], [153.379806519, -29.3425045013, 12.8349752426, 3.78342294693, 10.900390625, 7.89409065247, -19.1220626831, -3.09335446358, 29.0959377289, 78.8478164673, 24.1684589386, 2.0317530632, -9.07661247253], [197.238510132, -47.0281600952, -21.5110740662, -5.44208049774, -4.23350906372, 6.90518856049, 4.55597066879, -6.35229444504, -11.2542123795, 24.1684589386, 76.8192749023, 19.2473583221, -6.37878227234], [191.231292725, -61.0674057007, -14.3024291992, -6.59223985672, -6.74732065201, 5.89748239517, 18.8312149048, 12.4293823242, -4.92582607269, 2.0317530632, 19.2473583221, 66.2191772461, 22.1367721558], [48.4014015198, -43.0847816467, 12.3546476364, 23.8049449921, -4.15733575821, 16.3367137909, 17.8758277893, 17.4044780731, 4.38574075699, -9.07661247253, -6.37878227234, 22.1367721558, 74.8449554443]],
        "icov": [[0.000327426474541, 0.00049104320351, 0.000399414799176, 2.61982440861e-005, 0.000153621222125, 1.15459270091e-005, 0.000141935321153, -0.00038054084871, 9.37957593123e-005, -0.000476967165014, -0.00021598082094, -0.000294722121907, 6.26914843451e-005], [0.00049104320351, 0.001476904843, 0.00100530474447, 5.82921711612e-005, -0.000515434716363, 0.000284673267743, -0.000167853751918, -0.000570593168959, -0.000628950481769, -0.000267315161182, -0.000170282946783, 0.000126862578327, 0.000382559228456], [0.000399414799176, 0.00100530474447, 0.00249926839024, 0.00012294643966, -0.00129741767887, -0.000203869843972, -0.000159802453709, -0.0010158426594, -0.000650454196148, -0.000507955206558, 0.000140315692988, 0.00037663715193, -7.34739978725e-006], [2.61982440861e-005, 5.82921711612e-005, 0.00012294643966, 0.00513533642516, -0.000379238714231, -0.000951518595684, 0.000404101097956, 0.000484863965539, -0.00129750615451, 0.000277922692476, -0.000216237123823, 0.000930123031139, -0.00184344279114], [0.000153621222125, -0.000515434716363, -0.00129741767887, -0.000379238714231, 0.00801133550704, -0.00101449666545, 0.00115690927487, 0.000755902205128, 0.000119841388369, -0.000939551042393, -2.38843294937e-005, -0.000850649492349, 0.000281666609226], [1.15459270091e-005, 0.000284673267743, -0.000203869843972, -0.000951518595684, -0.00101449666545, 0.00965232588351, -0.00393487466499, 0.000405933096772, 0.00030695355963, -0.0017844758695, -0.000337074423442, 0.000787415308878, -0.00132111948915], [0.000141935321153, -0.000167853751918, -0.000159802453709, 0.000404101097956, 0.00115690927487, -0.00393487466499, 0.0129157565534, -0.00432629231364, 0.000706308754161, 0.00306248292327, -0.00149915134534, -0.00237634568475, -0.000541070010513], [-0.00038054084871, -0.000570593168959, -0.0010158426594, 0.000484863965539, 0.000755902205128, 0.000405933096772, -0.00432629231364, 0.0140570728108, -0.00351492036134, 0.000807416741736, 0.00115705351345, -0.00103969371412, -0.00164106977172], [9.37957593123e-005, -0.000628950481769, -0.000650454196148, -0.00129750615451, 0.000119841388369, 0.00030695355963, 0.000706308754161, -0.00351492036134, 0.0136883817613, -0.00620013894513, 0.00265724468045, -2.89516719931e-005, -0.000633320014458], [-0.000476967165014, -0.000267315161182, -0.000507955206558, 0.000277922692476, -0.000939551042393, -0.0017844758695, 0.00306248292327, 0.000807416741736, -0.00620013894513, 0.0189289283007, -0.00583868613467, 0.000184822798474, 0.00167473370675], [-0.00021598082094, -0.000170282946783, 0.000140315692988, -0.000216237123823, -2.38843294937e-005, -0.000337074423442, -0.00149915134534, 0.00115705351345, 0.00265724468045, -0.00583868613467, 0.0172925982624, -0.00468778423965, 0.00224501220509], [-0.000294722121907, 0.000126862578327, 0.00037663715193, 0.000930123031139, -0.000850649492349, 0.000787415308878, -0.00237634568475, -0.00103969371412, -2.89516719931e-005, 0.000184822798474, -0.00468778423965, 0.0202768780291, -0.00587684428319], [6.26914843451e-005, 0.000382559228456, -7.34739978725e-006, -0.00184344279114, 0.000281666609226, -0.00132111948915, -0.000541070010513, -0.00164106977172, -0.000633320014458, 0.00167473370675, 0.00224501220509, -0.00587684428319, 0.01711275056]]
    },
    "spectral_contrast_coeffs": {
        "mean": [-0.605176687241, -0.728763997555, -0.763266086578, -0.786579489708, -0.795269012451, -0.753631412983],
        "var": [0.00488075008616, 0.00405500736088, 0.00381630589254, 0.00248368410394, 0.00158088235185, 0.00197449955158]
    },
    "spectral_contrast_valleys": {
        "mean": [-6.58070278168, -6.87980890274, -7.66902399063, -7.74889421463, -7.64304971695, -10.4704961777],
        "var": [1.19963622093, 1.31418442726, 1.43142318726, 1.56670701504, 1.90141582489, 2.30832982063]
    }
},
"metadata": {
    "audio_properties": {
        "analysis_sample_rate": 44100,
        "bit_rate": 110192,
        "equal_loudness": 0,
        "length": 45.0612258911,
        "lossless": 0,
        "replay_gain": -12.7526435852,
        "sample_rate": 44100,
        "codec": "mp3",
        "downmix": "mix",
        "md5_encoded": "fe17a0849237e243f81962ac0b678641"
    },
    "tags": {
        "file_name": "88.mp3"
    },
    "version": {
        "essentia": "2.1-beta2",
        "essentia_git_sha": "v2.1_beta2",
        "extractor": "music 1.0"
    }
},
"rhythm": {
    "beats_count": 97,
    "beats_loudness": {
        "mean": 0.12288916111,
        "var": 0.00151599466335
    },
    "bpm": 129.964111328,
    "bpm_histogram_first_peak_bpm": {
        "mean": 129,
        "var": 0
    },
    "bpm_histogram_first_peak_spread": {
        "mean": 0.336956530809,
        "var": 0
    },
    "bpm_histogram_first_peak_weight": {
        "mean": 0.635416686535,
        "var": 0
    },
    "bpm_histogram_second_peak_bpm": {
        "mean": 136,
        "var": 0
    },
    "bpm_histogram_second_peak_spread": {
        "mean": 0.5,
        "var": 0
    },
    "bpm_histogram_second_peak_weight": {
        "mean": 0.0208333339542,
        "var": 0
    },
    "danceability": 1.71635782719,
    "onset_rate": 3.85967278481,
    "beats_loudness_band_ratio": {
        "mean": [0.851499736309, 0.0775412023067, 0.0394876226783, 0.0175960250199, 0.022239010781, 0.0141123868525],
        "var": [0.0107492934912, 0.0032684369944, 0.00316330208443, 0.000243145870627, 0.000411922374042, 0.00013000384206]
    },
    "beats_position": [0.406349211931, 0.835918366909, 1.26548755169, 1.71827661991, 2.18267560005, 2.6470746994, 3.11147379875, 3.5758728981, 4.04027223587, 4.49306106567, 4.96907043457, 5.4334692955, 5.89786815643, 6.3622674942, 6.81505680084, 7.26784563065, 7.72063493729, 8.17342376709, 8.63782310486, 9.10222244263, 9.56662082672, 10.0310201645, 10.4954195023, 10.9482088089, 11.4009971619, 11.8653964996, 12.3297958374, 12.7941951752, 13.2469835281, 13.6997728348, 14.1641721725, 14.6285715103, 15.0929698944, 15.5573692322, 16.0217685699, 16.4861679077, 16.9505672455, 17.4149665833, 17.8793640137, 18.3437633514, 18.8081626892, 19.272562027, 19.7369613647, 20.1897506714, 20.6541500092, 21.1069393158, 21.5713367462, 22.035736084, 22.5001354218, 22.9645347595, 23.4289340973, 23.8933334351, 24.3577327728, 24.7989120483, 25.2633094788, 25.7277088165, 26.1921081543, 26.6332874298, 27.0976867676, 27.5620861053, 28.0264854431, 28.4908847809, 28.9552822113, 29.4196815491, 29.8724708557, 30.3252601624, 30.7896595001, 31.265668869, 31.7300682068, 32.1828575134, 32.6472549438, 33.1000442505, 33.5528335571, 34.0172348022, 34.4816322327, 34.9460296631, 35.422039032, 35.8864402771, 36.3392295837, 36.7920188904, 37.244808197, 37.7092056274, 38.1619949341, 38.6147842407, 39.0791816711, 39.5319709778, 39.9963722229, 40.4491615295, 40.91355896, 41.3779602051, 41.8423576355, 42.2951469421, 42.7479362488, 43.2123336792, 43.6767349243, 44.1527442932, 44.6287536621]
},
"tonal": {
    "chords_changes_rate": 0.0555555559695,
    "chords_number_rate": 0.00823045242578,
    "chords_strength": {
        "mean": 0.553867280483,
        "var": 0.00836480688304
    },
    "hpcp_entropy": {
        "mean": 2.27075862885,
        "var": 0.548801898956
    },
    "key_strength": 0.673866152763,
    "tuning_diatonic_strength": 0.495480328798,
    "tuning_equal_tempered_deviation": 0.187993630767,
    "tuning_frequency": 434.193115234,
    "tuning_nontempered_energy_ratio": 0.908463001251,
    "hpcp": {
        "mean": [0.23938716948, 0.243278771639, 0.120666846633, 0.0672386661172, 0.0688780173659, 0.0923762470484, 0.185878530145, 0.201499342918, 0.0923851057887, 0.0326061733067, 0.0220039784908, 0.0204135198146, 0.0307805016637, 0.0395319201052, 0.0416449084878, 0.0693624466658, 0.0937387645245, 0.075928747654, 0.048878941685, 0.0456233508885, 0.1277359128, 0.344687849283, 0.344169288874, 0.243153899908, 0.266224056482, 0.142759799957, 0.0368605665863, 0.041637301445, 0.0506789721549, 0.0806158185005, 0.18230496347, 0.212647378445, 0.13154605031, 0.094729013741, 0.0898585617542, 0.125530689955],
        "var": [0.117059290409, 0.121461302042, 0.0438398867846, 0.0248726923019, 0.029807638377, 0.0341998040676, 0.0719350725412, 0.0706815868616, 0.0245614703745, 0.00827993452549, 0.00592315942049, 0.00310541084036, 0.00799666251987, 0.011307365261, 0.00972320605069, 0.0196626149118, 0.0359738692641, 0.0281765665859, 0.0144653003663, 0.0137134650722, 0.0318413563073, 0.143604308367, 0.126033321023, 0.0583300814033, 0.122960269451, 0.0384115613997, 0.0161703657359, 0.0147259747609, 0.0174478255212, 0.02986000292, 0.0939030498266, 0.116465255618, 0.0529737137258, 0.0358962118626, 0.0393858924508, 0.046019770205]
    },
    "chords_histogram": [4.21810722351, 3.08641982079, 55.7613182068, 7.09876537323, 0, 4.52674913406, 0, 16.9753093719, 0, 2.16049385071, 0, 0, 0, 0, 0, 0, 0, 0, 0, 0.823045253754, 0.514403283596, 0, 4.52674913406, 0.308641970158],
    "thpcp": [1, 0.998495578766, 0.70543217659, 0.77236276865, 0.414171248674, 0.10693898052, 0.120797127485, 0.147028595209, 0.233880653977, 0.528898715973, 0.61692738533, 0.381638199091, 0.274825513363, 0.260695487261, 0.364186584949, 0.694504201412, 0.705794453621, 0.350075721741, 0.195071175694, 0.199827224016, 0.267999708652, 0.53926628828, 0.584585011005, 0.268025428057, 0.0945962369442, 0.0638374090195, 0.0592232085764, 0.0892996415496, 0.114689044654, 0.120819196105, 0.201232641935, 0.271952629089, 0.220282629132, 0.141806393862, 0.132361352444, 0.370584309101],
    "chords_key": "E",
    "chords_scale": "minor",
    "key_key": "A",
    "key_scale": "minor"
}
}