{
"lowlevel": {
    "average_loudness": 0.964830458164,
    "barkbands_crest": {
        "mean": 8.80627918243,
        "var": 9.5728521347
    },
    "barkbands_flatness_db": {
        "mean": 0.145690366626,
        "var": 0.00120743468869
    },
    "barkbands_kurtosis": {
        "mean": 1.73528432846,
        "var": 26.1982536316
    },
    "barkbands_skewness": {
        "mean": 1.34818220139,
        "var": 0.89530736208
    },
    "barkbands_spread": {
        "mean": 31.6407966614,
        "var": 145.461959839
    },
    "dissonance": {
        "mean": 0.483450680971,
        "var": 0.000172738669789
    },
    "dynamic_complexity": 0.653402924538,
    "erbbands_crest": {
        "mean": 6.79163265228,
        "var": 9.26038265228
    },
    "erbbands_flatness_db": {
        "mean": 0.171935856342,
        "var": 0.000690144661348
    },
    "erbbands_kurtosis": {
        "mean": -0.094553694129,
        "var": 0.942040741444
    },
    "erbbands_skewness": {
        "mean": -0.480408638716,
        "var": 0.295744180679
    },
    "erbbands_spread": {
        "mean": 45.7407073975,
        "var": 219.706222534
    },
    "hfc": {
        "mean": 28.7405834198,
        "var": 88.6877593994
    },
    "melbands_crest": {
        "mean": 14.9437227249,
        "var": 19.1302986145
    },
    "melbands_flatness_db": {
        "mean": 0.181081101298,
        "var": 0.00244340952486
    },
    "melbands_kurtosis": {
        "mean": 12.0260229111,
        "var": 189.977981567
    },
    "melbands_skewness": {
        "mean": 2.98833417892,
        "var": 1.75497996807
    },
    "melbands_spread": {
        "mean": 29.6499938965,
        "var": 246.444442749
    },
    "pitch_salience": {
        "mean": 0.547076880932,
        "var": 0.0090797347948
    },
    "silence_rate_20dB": {
        "mean": 1,
        "var": 0
    },
    "silence_rate_30dB": {
        "mean": 1,
        "var": 0
    },
    "silence_rate_60dB": {
        "mean": 0.00154400407337,
        "var": 0.00154162046965
    },
    "spectral_centroid": {
        "mean": 1887.38232422,
        "var": 456670.0625
    },
    "spectral_complexity": {
        "mean": 31.3623256683,
        "var": 95.3851013184
    },
    "spectral_decrease": {
        "mean": -9.32554833355e-009,
        "var": 1.54331934162e-017
    },
    "spectral_energy": {
        "mean": 0.0378036089242,
        "var": 0.000222533140914
    },
    "spectral_energyband_high": {
        "mean": 0.00147169001866,
        "var": 9.97120423563e-007
    },
    "spectral_energyband_low": {
        "mean": 0.0167851168662,
        "var": 0.000155905305292
    },
    "spectral_energyband_middle_high": {
        "mean": 0.00804522261024,
        "var": 1.49006891661e-005
    },
    "spectral_energyband_middle_low": {
        "mean": 0.0160194616765,
        "var": 0.000123009798699
    },
    "spectral_entropy": {
        "mean": 7.63782787323,
        "var": 0.0913640260696
    },
    "spectral_flux": {
        "mean": 0.101145431399,
        "var": 0.000807522621471
    },
    "spectral_kurtosis": {
        "mean": 2.24659729004,
        "var": 3.43657040596
    },
    "spectral_rms": {
        "mean": 0.00596318719909,
        "var": 1.32195646074e-006
    },
    "spectral_rolloff": {
        "mean": 1890.6361084,
        "var": 1497112.125
    },
    "spectral_skewness": {
        "mean": 0.815443634987,
        "var": 0.124579504132
    },
    "spectral_spread": {
        "mean": 3614382.75,
        "var": 1.68568999117e+012
    },
    "spectral_strongpeak": {
        "mean": 0.655627667904,
        "var": 0.617027163506
    },
    "zerocrossingrate": {
        "mean": 0.0637670680881,
        "var": 0.000657519383822
    },
    "barkbands": {
        "mean": [6.68584689265e-005, 0.00529970461503, 0.00732077239081, 0.00750949466601, 0.0056703328155, 0.000774488376919, 0.000446240068413, 0.00042258069152, 0.000651205366012, 0.0012800762197, 0.000816552026663, 0.00101151841227, 0.000558178406209, 0.0005485539441, 0.000329424481606, 0.000412251363741, 0.000853318138979, 0.000799453409854, 0.00117547076661, 0.000758425798267, 0.000532106903847, 0.000306490284856, 0.000199373651412, 5.48920288566e-005, 5.46696992387e-006, 3.84388528119e-007, 6.98300395285e-009],
        "var": [8.56426041196e-009, 2.32047204918e-005, 6.57408309053e-005, 6.68228312861e-005, 3.44437576132e-005, 8.30768101423e-007, 2.38068480485e-007, 1.27509963477e-007, 3.32448848894e-007, 2.1479672796e-006, 1.76744754299e-006, 2.95830272989e-006, 4.47857274821e-007, 5.4871810562e-007, 9.37195068218e-008, 9.505806986e-008, 6.27436918421e-007, 4.7213200105e-007, 7.76685567416e-007, 3.19392626125e-007, 1.62949703508e-007, 5.99114997613e-008, 2.01818775025e-008, 1.68310565485e-009, 1.8917752781e-011, 3.46359253127e-013, 2.70643560731e-014]
    },
    "erbbands": {
        "mean": [0.0809981375933, 1.50365912914, 6.91441583633, 19.5582351685, 24.1847496033, 15.9165754318, 9.02223396301, 6.79819631577, 6.64965295792, 8.11239814758, 8.575963974, 15.1516513824, 40.3758659363, 24.9640388489, 41.8561019897, 45.4178085327, 30.2478752136, 27.91680336, 20.1379299164, 21.5234661102, 25.6097888947, 42.9276313782, 42.9352073669, 58.6834983826, 53.6947288513, 39.0154266357, 25.7106189728, 17.1024837494, 11.4384613037, 8.27736949921, 5.06166934967, 2.11702942848, 0.566406428814, 0.11112626642, 0.0178813356906, 0.00341149582528, 0.000549583637621, 4.86440912937e-005, 2.52345180343e-005, 4.61128984171e-005],
        "var": [0.0054076956585, 1.73201215267, 42.7984199524, 367.066101074, 717.215759277, 330.893249512, 166.141738892, 83.2742767334, 50.3165855408, 59.0492591858, 50.5886077881, 193.756622314, 2068.48828125, 647.682495117, 4448.24169922, 6141.7421875, 1055.74450684, 1203.64611816, 340.315307617, 258.689453125, 339.125, 1330.1027832, 919.792724609, 2360.87402344, 1860.4588623, 920.55847168, 407.633087158, 172.705749512, 85.4976348877, 36.6596488953, 14.1359243393, 2.43846988678, 0.163149893284, 0.00655388925225, 0.00027834874345, 1.57976464834e-005, 8.85352278601e-007, 2.73281699492e-008, 1.28623545148e-009, 2.62764171532e-010]
    },
    "gfcc": {
        "mean": [22.7033557892, 118.87902832, -152.598342896, 77.4895019531, -60.1456336975, 17.1755752563, -19.1720218658, -3.70509243011, -20.7875022888, -24.8999958038, -8.07420825958, -15.0416030884, -6.64336633682],
        "cov": [[2384.61938477, -96.9953842163, -213.87701416, 278.50491333, -286.124938965, 36.8103561401, -126.670852661, 0.980598688126, -17.1022338867, 21.6667613983, -24.2228794098, 4.27138996124, -30.1195964813], [-96.9953842163, 352.284545898, 1.81227612495, -163.871841431, 174.083084106, 9.46735954285, 79.935874939, -42.4229316711, -29.8100833893, -32.9674873352, 8.16243362427, -17.9111881256, 17.2464828491], [-213.87701416, 1.81227612495, 281.54498291, 61.1347084045, -55.2490272522, -23.4229831696, -16.6972961426, 20.8045310974, 12.8709011078, -3.20520663261, -17.0474185944, -4.34281635284, 19.085313797], [278.50491333, -163.871841431, 61.1347084045, 300.637023926, -160.08996582, -49.4461250305, -32.1987533569, 37.5187110901, 73.8711853027, -33.6287689209, 12.58842659, -17.5634098053, 34.1220664978], [-286.124938965, 174.083084106, -55.2490272522, -160.08996582, 273.046234131, 76.500869751, 73.7813110352, -26.2317581177, -42.0852050781, 0.173766970634, 5.02274465561, 6.30743598938, -23.0209121704], [36.8103561401, 9.46735954285, -23.4229831696, -49.4461250305, 76.500869751, 114.27205658, 11.6699800491, -11.593044281, -5.66251039505, 25.0713939667, 9.21136665344, 8.84055805206, -13.7672548294], [-126.670852661, 79.935874939, -16.6972961426, -32.1987533569, 73.7813110352, 11.6699800491, 85.3662185669, 19.3556213379, 0.00466799968854, -15.0856103897, 4.26801490784, -0.669908225536, 6.69865322113], [0.980598688126, -42.4229316711, 20.8045310974, 37.5187110901, -26.2317581177, -11.593044281, 19.3556213379, 66.3858261108, 31.2598266602, 0.755340099335, -0.463887661695, 8.99808311462, 2.84977078438], [-17.1022338867, -29.8100833893, 12.8709011078, 73.8711853027, -42.0852050781, -5.66251039505, 0.00466799968854, 31.2598266602, 71.4252319336, 5.49241113663, 14.7803039551, -4.52850580215, 14.1053695679], [21.6667613983, -32.9674873352, -3.20520663261, -33.6287689209, 0.173766970634, 25.0713939667, -15.0856103897, 0.755340099335, 5.49241113663, 71.7997970581, 15.0571813583, 15.5290565491, -16.8108768463], [-24.2228794098, 8.16243362427, -17.0474185944, 12.58842659, 5.02274465561, 9.21136665344, 4.26801490784, -0.463887661695, 14.7803039551, 15.0571813583, 46.3554878235, 10.0061092377, -1.77248036861], [4.27138996124, -17.9111881256, -4.34281635284, -17.5634098053, 6.30743598938, 8.84055805206, -0.669908225536, 8.99808311462, -4.52850580215, 15.5290565491, 10.0061092377, 49.4340171814, 12.4893417358], [-30.1195964813, 17.2464828491, 19.085313797, 34.1220664978, -23.0209121704, -13.7672548294, 6.69865322113, 2.84977078438, 14.1053695679, -16.8108768463, -1.77248036861, 12.4893417358, 58.7860832214]],
        "icov": [[0.00271757575683, -0.00779193034396, 0.00474192993715, -0.00826389621943, 0.00528602581471, -0.00548323523253, 0.00477741518989, -0.00506158964708, 0.00744398403913, -0.00482775410637, 0.00728263752535, -0.00495771737769, 0.00552861904725], [-0.00779193034396, 0.0311802402139, -0.0154733732343, 0.028813296929, -0.018135914579, 0.0182500313967, -0.0179723761976, 0.0192940533161, -0.0243608094752, 0.0175662860274, -0.0256586670876, 0.0187524110079, -0.020445343107], [0.00474192993715, -0.0154733732343, 0.0126801459119, -0.0161602776498, 0.00982302613556, -0.00988449342549, 0.0100022554398, -0.0112848039716, 0.014330775477, -0.0100920954719, 0.0150856385008, -0.00882892496884, 0.00917772576213], [-0.00826389621943, 0.028813296929, -0.0161602776498, 0.0352251455188, -0.0149019202217, 0.0177252143621, -0.0156181761995, 0.0168218296021, -0.0287508703768, 0.0208835974336, -0.0277892537415, 0.0193649213761, -0.0206886995584], [0.00528602581471, -0.018135914579, 0.00982302613556, -0.0149019202217, 0.0198572538793, -0.0151170175523, 0.00445009348914, -0.00841281749308, 0.0153933884576, -0.00844808481634, 0.0150366108865, -0.0123655265197, 0.0145973311737], [-0.00548323523253, 0.0182500313967, -0.00988449342549, 0.0177252143621, -0.0151170175523, 0.0239535626024, -0.0107130678371, 0.0133751602843, -0.017527282238, 0.00705367513001, -0.0157827958465, 0.0098136710003, -0.0113188931718], [0.00477741518989, -0.0179723761976, 0.0100022554398, -0.0156181761995, 0.00445009348914, -0.0107130678371, 0.032191131264, -0.0224091578275, 0.016397729516, -0.00665691448376, 0.0104368058965, -0.00573795521632, 0.00588607881218], [-0.00506158964708, 0.0192940533161, -0.0112848039716, 0.0168218296021, -0.00841281749308, 0.0133751602843, -0.0224091578275, 0.0402506552637, -0.0281498227268, 0.010879884474, -0.00884682498872, 0.000368822802557, -0.0043935184367], [0.00744398403913, -0.0243608094752, 0.014330775477, -0.0287508703768, 0.0153933884576, -0.017527282238, 0.016397729516, -0.0281498227268, 0.0493754856288, -0.0197120569646, 0.013593881391, -0.00612911535427, 0.00864374730736], [-0.00482775410637, 0.0175662860274, -0.0100920954719, 0.0208835974336, -0.00844808481634, 0.00705367513001, -0.00665691448376, 0.010879884474, -0.0197120569646, 0.0322754941881, -0.0201640557498, 0.00459272833541, -0.00552185764536], [0.00728263752535, -0.0256586670876, 0.0150856385008, -0.0277892537415, 0.0150366108865, -0.0157827958465, 0.0104368058965, -0.00884682498872, 0.013593881391, -0.0201640557498, 0.0517031811178, -0.0241579189897, 0.0215865932405], [-0.00495771737769, 0.0187524110079, -0.00882892496884, 0.0193649213761, -0.0123655265197, 0.0098136710003, -0.00573795521632, 0.000368822802557, -0.00612911535427, 0.00459272833541, -0.0241579189897, 0.0425117984414, -0.0252998899668], [0.00552861904725, -0.020445343107, 0.00917772576213, -0.0206886995584, 0.0145973311737, -0.0113188931718, 0.00588607881218, -0.0043935184367, 0.00864374730736, -0.00552185764536, 0.0215865932405, -0.0252998899668, 0.0398513898253]]
    },
    "melbands": {
        "mean": [0.00114444294013, 0.00317114661448, 0.00360969267786, 0.00141852116212, 0.000411224522395, 0.000151259504491, 9.92282584775e-005, 9.05808410607e-005, 7.06192658981e-005, 9.78763055173e-005, 0.000205382428248, 9.99503608909e-005, 0.000133393899887, 0.000107595551526, 0.000101045246993, 4.9926002248e-005, 5.42145207874e-005, 3.37934252457e-005, 2.54267433775e-005, 3.0610794056e-005, 3.20016915794e-005, 4.57464630017e-005, 4.37372000306e-005, 3.80643723474e-005, 4.96488646604e-005, 4.00939243264e-005, 3.11257244903e-005, 2.4195680453e-005, 1.64856628544e-005, 1.25635251607e-005, 8.86241923581e-006, 6.57513828628e-006, 5.39163283975e-006, 4.29942929259e-006, 3.02804119201e-006, 2.10895814234e-006, 9.9519104424e-007, 4.36406850213e-007, 1.69388044924e-007, 6.16831812295e-008],
        "var": [1.07607013433e-006, 7.12327755537e-006, 1.01420009742e-005, 1.80987080967e-006, 4.35032262658e-007, 3.75677906561e-008, 1.14246638816e-008, 7.10549352689e-009, 3.78136943979e-009, 7.82179743197e-009, 5.73249998581e-008, 1.28326007598e-008, 5.15094065179e-008, 2.8765066773e-008, 2.10562696168e-008, 2.98372437868e-009, 5.88600945761e-009, 1.13624865072e-009, 4.35821018163e-010, 5.82578651986e-010, 8.6390644638e-010, 2.11420436713e-009, 1.76607195534e-009, 1.04469854989e-009, 2.24860441378e-009, 1.30273036802e-009, 5.25592014355e-010, 4.12839096242e-010, 2.0298773773e-010, 9.56505083471e-011, 5.46487195774e-011, 3.21594903485e-011, 2.076314988e-011, 1.03908852009e-011, 5.77182225625e-012, 2.62244891601e-012, 6.17908827404e-013, 1.09871333765e-013, 1.58186333634e-014, 2.67890961997e-015]
    },
    "mfcc": {
        "mean": [-592.65637207, 111.6092453, -15.2598085403, 50.0069274902, -4.50298786163, 18.9125404358, 7.23463630676, 20.6192188263, -5.86727714539, 3.40584421158, -9.05982780457, -2.51225566864, -8.10892677307],
        "cov": [[1147.01342773, -399.75769043, 107.430595398, 131.739654541, -93.0179595947, -29.8454284668, -122.43056488, -35.4279708862, -44.8806724548, 13.2901191711, -5.47803020477, 44.5512504578, 10.130074501], [-399.75769043, 652.926513672, -212.047622681, -173.619857788, 77.8349838257, 99.942565918, 144.344985962, 7.59941053391, 5.96670389175, -18.79022789, 1.08422076702, -44.1089324951, -21.1334285736], [107.430595398, -212.047622681, 358.386932373, 143.893875122, -48.7309341431, -81.6546936035, -83.6403045654, -5.49074459076, 11.5795574188, 18.7069587708, -7.36479330063, -9.68879508972, -3.56371498108], [131.739654541, -173.619857788, 143.893875122, 207.12562561, -35.6419296265, -75.0032730103, -49.6766662598, 25.3313293457, 24.8952960968, 5.1854352951, -11.8434400558, 1.0278621912, -1.05203294754], [-93.0179595947, 77.8349838257, -48.7309341431, -35.6419296265, 94.0283126831, 57.3350028992, 32.9389419556, 10.7968759537, -4.73538732529, 3.81585931778, 10.166934967, -2.84210562706, 4.5825920105], [-29.8454284668, 99.942565918, -81.6546936035, -75.0032730103, 57.3350028992, 110.570167542, 52.6354827881, -5.21436977386, -13.4740161896, 7.71156358719, 8.20763778687, -6.49534845352, -0.795144677162], [-122.43056488, 144.344985962, -83.6403045654, -49.6766662598, 32.9389419556, 52.6354827881, 90.8228988647, 22.1046924591, 0.877327144146, -3.184217453, 4.90658760071, -10.2993774414, -1.61074578762], [-35.4279708862, 7.59941053391, -5.49074459076, 25.3313293457, 10.7968759537, -5.21436977386, 22.1046924591, 67.5023880005, 29.7211380005, -2.32340526581, -0.420830219984, 3.15288710594, 7.02004575729], [-44.8806724548, 5.96670389175, 11.5795574188, 24.8952960968, -4.73538732529, -13.4740161896, 0.877327144146, 29.7211380005, 60.355178833, 7.66484308243, -12.0334224701, 0.183427557349, 1.06878101826], [13.2901191711, -18.79022789, 18.7069587708, 5.1854352951, 3.81585931778, 7.71156358719, -3.184217453, -2.32340526581, 7.66484308243, 52.2759208679, 19.4512214661, -4.82008218765, -3.68201470375], [-5.47803020477, 1.08422076702, -7.36479330063, -11.8434400558, 10.166934967, 8.20763778687, 4.90658760071, -0.420830219984, -12.0334224701, 19.4512214661, 53.2969322205, 14.2364826202, 3.84244823456], [44.5512504578, -44.1089324951, -9.68879508972, 1.0278621912, -2.84210562706, -6.49534845352, -10.2993774414, 3.15288710594, 0.183427557349, -4.82008218765, 14.2364826202, 63.3011474609, 24.7529888153], [10.130074501, -21.1334285736, -3.56371498108, -1.05203294754, 4.5825920105, -0.795144677162, -1.61074578762, 7.02004575729, 1.06878101826, -3.68201470375, 3.84244823456, 24.7529888153, 53.6841812134]],
        "icov": [[0.00138315965887, 0.000436622096458, 0.00027067316114, -0.000793243700173, 0.00142686674371, -0.00166877603624, 0.00140656065196, -0.000390908739064, 0.00131943740416, -0.000423558143666, 0.00046543229837, -0.000640661572106, 6.68761131237e-005], [0.000436622096458, 0.00319963390939, 0.000511914375238, 0.00119475554675, -0.00070504960604, 0.000302414584439, -0.00335170025937, 0.00120123452507, -0.00134022778366, 0.00109078350943, -0.000373735500034, 0.00132847658824, 0.000557303952519], [0.00027067316114, 0.000511914375238, 0.0047121392563, -0.00230001960881, 0.000433081702795, 0.00046316155931, 0.0022218558006, 0.000382794620236, 0.000257972220425, -0.00120755808894, -4.34467292507e-005, 0.00137392769102, -0.000313667696901], [-0.000793243700173, 0.00119475554675, -0.00230001960881, 0.00962864048779, -0.00156874512322, 0.00456271739677, -0.00118040351663, -0.00266150734387, -0.00185711251106, -0.000144940495375, 0.000782418064773, 0.000723212782759, 0.000807696778793], [0.00142686674371, -0.00070504960604, 0.000433081702795, -0.00156874512322, 0.018492365256, -0.0105131156743, 0.00303963804618, -0.00434636231512, 0.00267318962142, -0.000373693706933, -0.00149032764602, -2.22618109547e-005, -0.00158541090786], [-0.00166877603624, 0.000302414584439, 0.00046316155931, 0.00456271739677, -0.0105131156743, 0.0223240349442, -0.0100284963846, 0.00401661358774, -0.000192991195945, -0.00347128417343, 0.00144811510108, 0.000656047370285, 0.00031566247344], [0.00140656065196, -0.00335170025937, 0.0022218558006, -0.00118040351663, 0.00303963804618, -0.0100284963846, 0.0269484110177, -0.0100591545925, 0.00382951973006, 5.66159069422e-005, -0.000829044613056, 0.00135631090961, -0.000382936850656], [-0.000390908739064, 0.00120123452507, 0.000382794620236, -0.00266150734387, -0.00434636231512, 0.00401661358774, -0.0100591545925, 0.02559601143, -0.0124413417652, 0.00391752691939, -0.00347546953708, 0.000477507070173, -0.00215352373198], [0.00131943740416, -0.00134022778366, 0.000257972220425, -0.00185711251106, 0.00267318962142, -0.000192991195945, 0.00382951973006, -0.0124413417652, 0.0276309885085, -0.00900216400623, 0.00927679426968, -0.0034953772556, 0.000495069834869], [-0.000423558143666, 0.00109078350943, -0.00120755808894, -0.000144940495375, -0.000373693706933, -0.00347128417343, 5.66159069422e-005, 0.00391752691939, -0.00900216400623, 0.0275124832988, -0.0131302149966, 0.00519210938364, 0.000508226919919], [0.00046543229837, -0.000373735500034, -4.34467292507e-005, 0.000782418064773, -0.00149032764602, 0.00144811510108, -0.000829044613056, -0.00347546953708, 0.00927679426968, -0.0131302149966, 0.0281103793532, -0.00825201254338, 0.00106339517515], [-0.000640661572106, 0.00132847658824, 0.00137392769102, 0.000723212782759, -2.22618109547e-005, 0.000656047370285, 0.00135631090961, 0.000477507070173, -0.0034953772556, 0.00519210938364, -0.00825201254338, 0.023436376825, -0.00905072316527], [6.68761131237e-005, 0.000557303952519, -0.000313667696901, 0.000807696778793, -0.00158541090786, 0.00031566247344, -0.000382936850656, -0.00215352373198, 0.000495069834869, 0.000508226919919, 0.00106339517515, -0.00905072316527, 0.023361409083]]
    },
    "spectral_contrast_coeffs": {
        "mean": [-0.599674165249, -0.791299521923, -0.763110697269, -0.77496278286, -0.757541298866, -0.659407019615],
        "var": [0.00462219631299, 0.00207982421853, 0.00307128974237, 0.00298044946976, 0.002159134252, 0.00119955290575]
    },
    "spectral_contrast_valleys": {
        "mean": [-6.64769744873, -6.63663101196, -6.81783676147, -7.34003067017, -6.80056476593, -10.4387722015],
        "var": [0.65172034502, 0.672621846199, 0.584796905518, 0.684373497963, 0.806244730949, 0.659812450409]
    }
},
"metadata": {
    "audio_properties": {
        "analysis_sample_rate": 44100,
        "bit_rate": 119367,
        "equal_loudness": 0,
        "length": 45.0873451233,
        "lossless": 0,
        "replay_gain": -14.3578796387,
        "sample_rate": 44100,
        "codec": "mp3",
        "downmix": "mix",
        "md5_encoded": "643d9fcaa9d5b91e744b44b6c36a415a"
    },
    "tags": {
        "file_name": "880.mp3"
    },
    "version": {
        "essentia": "2.1-beta2",
        "essentia_git_sha": "v2.1_beta2",
        "extractor": "music 1.0"
    }
},
"rhythm": {
    "beats_count": 63,
    "beats_loudness": {
        "mean": 0.0466703437269,
        "var": 0.000195596556296
    },
    "bpm": 85.460609436,
    "bpm_histogram_first_peak_bpm": {
        "mean": 86,
        "var": 0
    },
    "bpm_histogram_first_peak_spread": {
        "mean": 0.137931033969,
        "var": 0
    },
    "bpm_histogram_first_peak_weight": {
        "mean": 0.806451618671,
        "var": 0
    },
    "bpm_histogram_second_peak_bpm": {
        "mean": 81,
        "var": 0
    },
    "bpm_histogram_second_peak_spread": {
        "mean": 0,
        "var": 0
    },
    "bpm_histogram_second_peak_weight": {
        "mean": 0.0645161271095,
        "var": 0
    },
    "danceability": 1.34148466587,
    "onset_rate": 1.30806589127,
    "beats_loudness_band_ratio": {
        "mean": [0.610194504261, 0.160543188453, 0.0673148483038, 0.0921186432242, 0.0728672966361, 0.079466342926],
        "var": [0.0257507991046, 0.0106931170449, 0.00191236811224, 0.00819003488868, 0.0018075639382, 0.00245249923319]
    },
    "beats_position": [0.719818592072, 1.46285712719, 2.20589566231, 2.92571425438, 3.64553284645, 4.38857126236, 5.11999988556, 5.86303853989, 6.59446716309, 7.31428575516, 8.01088428497, 8.70748329163, 9.41569137573, 10.1122903824, 10.8204984665, 11.5170974731, 12.2136955261, 12.9102945328, 13.6068935394, 14.3151016235, 15.0233106613, 15.7315187454, 16.4397277832, 17.1363258362, 17.8329238892, 18.5179138184, 19.2029018402, 19.8994998932, 20.6077098846, 21.3159179688, 22.0125160217, 22.7091159821, 23.405714035, 24.102312088, 24.8105201721, 25.5187301636, 26.2269382477, 26.9119262695, 27.6085262299, 28.3051242828, 29.0017223358, 29.6983222961, 30.3949203491, 31.0915184021, 31.7881164551, 32.4847145081, 33.1813163757, 33.8779144287, 34.5745124817, 35.2827186584, 35.9909286499, 36.6991386414, 37.4073448181, 38.1039466858, 38.8005447388, 39.5087509155, 40.2053489685, 40.91355896, 41.6101570129, 42.3067550659, 43.0033569336, 43.7115631104, 44.4197731018]
},
"tonal": {
    "chords_changes_rate": 0.042181070894,
    "chords_number_rate": 0.00823045242578,
    "chords_strength": {
        "mean": 0.556493699551,
        "var": 0.00595696084201
    },
    "hpcp_entropy": {
        "mean": 2.42304372787,
        "var": 0.478588283062
    },
    "key_strength": 0.820433735847,
    "tuning_diatonic_strength": 0.739487886429,
    "tuning_equal_tempered_deviation": 0.0731182172894,
    "tuning_frequency": 447.691040039,
    "tuning_nontempered_energy_ratio": 0.737740516663,
    "hpcp": {
        "mean": [0.114787429571, 0.0926340222359, 0.0689251497388, 0.0723327621818, 0.0875903218985, 0.151900887489, 0.222842335701, 0.240814611316, 0.239449203014, 0.210827246308, 0.145661637187, 0.098146699369, 0.0871272832155, 0.10470481962, 0.212542518973, 0.314378410578, 0.233681231737, 0.120618857443, 0.0989303737879, 0.12825460732, 0.197291091084, 0.213362887502, 0.152800366282, 0.0975999310613, 0.0771898627281, 0.0901342332363, 0.116970203817, 0.132427126169, 0.160631686449, 0.251615792513, 0.292105704546, 0.191633075476, 0.110064193606, 0.085975266993, 0.0742226019502, 0.0954522788525],
        "var": [0.0227136351168, 0.0185003876686, 0.015960469842, 0.0206014178693, 0.0269484464079, 0.0365550145507, 0.0624749176204, 0.0862770006061, 0.0945724919438, 0.0769137665629, 0.0461720004678, 0.0344186499715, 0.0279095675796, 0.035314347595, 0.0666429772973, 0.121850945055, 0.0834719538689, 0.0446568988264, 0.0322065502405, 0.0483593046665, 0.0778579339385, 0.0825483128428, 0.0558542832732, 0.0308605935425, 0.0225772503763, 0.0388043820858, 0.0497190617025, 0.0429689586163, 0.0542570501566, 0.0896565765142, 0.105519086123, 0.0594334714115, 0.0313313305378, 0.0232817456126, 0.0219185184687, 0.0210171509534]
    },
    "chords_histogram": [33.8477363586, 6.48148155212, 9.15637874603, 0, 0, 0, 1.85185182095, 0, 8.95061683655, 0, 0, 0, 0, 0, 0, 0, 0, 0, 0, 0, 0, 4.52674913406, 17.0781898499, 18.1069965363],
    "thpcp": [1, 0.743311941624, 0.383674114943, 0.314685642719, 0.407962501049, 0.627559304237, 0.678681731224, 0.486039638519, 0.310453683138, 0.245531693101, 0.28670617938, 0.372068196535, 0.42123478651, 0.510950148106, 0.800359666348, 0.929153203964, 0.609561800957, 0.35010099411, 0.273477017879, 0.236093193293, 0.303622245789, 0.365125030279, 0.294657707214, 0.219242632389, 0.23008184135, 0.27861431241, 0.483178496361, 0.708834707737, 0.766002357006, 0.76165920496, 0.670616149902, 0.463332176208, 0.312192887068, 0.277141422033, 0.333053469658, 0.676072239876],
    "chords_key": "G",
    "chords_scale": "major",
    "key_key": "G",
    "key_scale": "major"
}
}