{
"lowlevel": {
    "average_loudness": 0.921261012554,
    "barkbands_crest": {
        "mean": 7.34606361389,
        "var": 5.75514554977
    },
    "barkbands_flatness_db": {
        "mean": 0.173415198922,
        "var": 0.000982257770374
    },
    "barkbands_kurtosis": {
        "mean": -0.79161041975,
        "var": 1.76436948776
    },
    "barkbands_skewness": {
        "mean": -0.0630053281784,
        "var": 0.505774915218
    },
    "barkbands_spread": {
        "mean": 29.1688079834,
        "var": 88.4041442871
    },
    "dissonance": {
        "mean": 0.47579061985,
        "var": 0.000300282525131
    },
    "dynamic_complexity": 1.77004897594,
    "erbbands_crest": {
        "mean": 10.9359664917,
        "var": 25.8395614624
    },
    "erbbands_flatness_db": {
        "mean": 0.253397881985,
        "var": 0.00219268398359
    },
    "erbbands_kurtosis": {
        "mean": 2.13329172134,
        "var": 11.4504289627
    },
    "erbbands_skewness": {
        "mean": -1.15376603603,
        "var": 0.534080088139
    },
    "erbbands_spread": {
        "mean": 19.464881897,
        "var": 55.7736625671
    },
    "hfc": {
        "mean": 20.2790107727,
        "var": 193.054122925
    },
    "melbands_crest": {
        "mean": 10.5663022995,
        "var": 12.1607370377
    },
    "melbands_flatness_db": {
        "mean": 0.208058401942,
        "var": 0.00163516541943
    },
    "melbands_kurtosis": {
        "mean": 0.362791597843,
        "var": 4.21759319305
    },
    "melbands_skewness": {
        "mean": 0.921369314194,
        "var": 0.663484692574
    },
    "melbands_spread": {
        "mean": 46.8605995178,
        "var": 220.814422607
    },
    "pitch_salience": {
        "mean": 0.573496758938,
        "var": 0.0137369781733
    },
    "silence_rate_20dB": {
        "mean": 1,
        "var": 0
    },
    "silence_rate_30dB": {
        "mean": 1,
        "var": 0
    },
    "silence_rate_60dB": {
        "mean": 0.0108080292121,
        "var": 0.0106908259913
    },
    "spectral_centroid": {
        "mean": 2007.94677734,
        "var": 355440.5625
    },
    "spectral_complexity": {
        "mean": 21.648481369,
        "var": 55.795337677
    },
    "spectral_decrease": {
        "mean": -3.7559999555e-009,
        "var": 3.99849057864e-018
    },
    "spectral_energy": {
        "mean": 0.0160153657198,
        "var": 7.16068825568e-005
    },
    "spectral_energyband_high": {
        "mean": 0.000286025140667,
        "var": 2.65620286655e-007
    },
    "spectral_energyband_low": {
        "mean": 0.00396501692012,
        "var": 1.55167799676e-005
    },
    "spectral_energyband_middle_high": {
        "mean": 0.0083354562521,
        "var": 2.4582777769e-005
    },
    "spectral_energyband_middle_low": {
        "mean": 0.00394145678729,
        "var": 1.10364053398e-005
    },
    "spectral_entropy": {
        "mean": 7.14318323135,
        "var": 0.0771423280239
    },
    "spectral_flux": {
        "mean": 0.0544398613274,
        "var": 0.000533732876647
    },
    "spectral_kurtosis": {
        "mean": 10.3246221542,
        "var": 37.6256103516
    },
    "spectral_rms": {
        "mean": 0.00381197337992,
        "var": 1.09362633793e-006
    },
    "spectral_rolloff": {
        "mean": 2394.1574707,
        "var": 863021
    },
    "spectral_skewness": {
        "mean": 1.47907030582,
        "var": 0.575309932232
    },
    "spectral_spread": {
        "mean": 2132828.75,
        "var": 1.97224117043e+012
    },
    "spectral_strongpeak": {
        "mean": 1.75279545784,
        "var": 5.2741317749
    },
    "zerocrossingrate": {
        "mean": 0.0745348855853,
        "var": 0.000776743108872
    },
    "barkbands": {
        "mean": [3.46801098203e-005, 0.00276636448689, 0.000778856454417, 0.000623997708317, 0.000965624931268, 0.000860632106196, 0.00045850611059, 0.00039841682883, 0.000428355793701, 0.000862012209836, 0.000397590192733, 0.000353500596248, 0.0002601648157, 0.000541446788702, 0.00168652506545, 0.0012683320092, 0.0011394280009, 0.00114172697067, 0.000626313732937, 0.000284477428067, 0.000115999682748, 7.51777633923e-006, 4.04784441344e-006, 4.50001880381e-006, 4.91281525683e-006, 1.44753039422e-006, 5.72716263303e-010],
        "var": [4.38695968441e-009, 9.32658622332e-006, 1.12924624318e-006, 7.31408533738e-007, 1.19205503779e-006, 1.15768887099e-006, 7.58925750688e-007, 2.47095414352e-007, 7.21931542103e-007, 1.18370667224e-006, 3.66456021084e-007, 1.80728335408e-007, 1.02561450888e-007, 4.30777959082e-007, 3.22908931594e-006, 1.71084661815e-006, 1.71714555108e-006, 3.22789628626e-006, 1.20194692954e-006, 2.69498343641e-007, 5.94918851959e-008, 2.09439146581e-010, 7.97674773456e-011, 9.41542677158e-011, 3.76992242979e-010, 1.95721980289e-011, 8.15640253936e-019]
    },
    "erbbands": {
        "mean": [0.0496519245207, 0.714693069458, 1.11487555504, 1.71546292305, 2.19737315178, 2.8146147728, 9.10482978821, 4.3307762146, 7.54090976715, 4.38611650467, 10.4494276047, 11.4345664978, 14.897026062, 28.0554027557, 20.1181869507, 17.0530872345, 12.4715528488, 29.7325668335, 56.539150238, 106.91242981, 55.8222579956, 54.0466842651, 64.1486282349, 50.1619529724, 19.0841064453, 13.4961357117, 9.15902328491, 1.36897146702, 0.331867903471, 0.166277989745, 0.110074825585, 0.107643723488, 0.0697410851717, 0.0608628951013, 0.02899222821, 0.00903728231788, 0.00247671548277, 0.000162543219631, 1.35431464514e-005, 2.05326432479e-005],
        "var": [0.00453392835334, 0.586548864841, 1.47001492977, 4.93378639221, 10.5227527618, 11.6270589828, 208.691940308, 30.0394687653, 185.436843872, 47.7063789368, 163.874389648, 469.602478027, 445.570861816, 1698.70922852, 832.886657715, 406.753723145, 189.998016357, 954.829101563, 2823.68994141, 18737.1035156, 2109.75170898, 3927.52050781, 7108.71289063, 7074.28515625, 935.30078125, 581.905395508, 364.72088623, 5.70634937286, 0.413790047169, 0.129001930356, 0.0522481873631, 0.0423864424229, 0.0426572375, 0.0551525689662, 0.0135435936972, 0.000958084769081, 5.51472257939e-005, 2.64416172513e-007, 1.49679796335e-010, 1.20754142796e-010]
    },
    "gfcc": {
        "mean": [-54.232334137, 137.468109131, -179.528060913, 32.6206626892, -18.2784957886, -7.17859697342, -31.9930763245, 8.69635391235, -17.4479961395, -7.1333489418, -9.095952034, -7.35786485672, 2.8644258976],
        "cov": [[4469.99560547, -155.364349365, 453.679870605, 410.964233398, -155.739440918, 478.993041992, -306.438537598, 290.773590088, -134.788864136, 69.7828369141, -109.891075134, 43.1794700623, -171.160049438], [-155.364349365, 1041.4017334, -61.5278930664, 35.3946838379, 271.968688965, -124.748001099, 176.69833374, -145.46736145, 149.241119385, -76.6866149902, 147.272079468, -55.7895088196, 80.7336807251], [453.679870605, -61.5278930664, 1293.00134277, -64.062789917, 189.848510742, 738.570861816, -600.66015625, 212.317123413, -90.0158691406, 141.649429321, -70.6946411133, 65.4511489868, -112.175506592], [410.964233398, 35.3946838379, -64.062789917, 316.883575439, 31.3172035217, -23.0042686462, 187.009963989, -17.8675575256, 57.7356758118, -32.2931404114, 35.9180717468, -7.39141702652, 6.64447164536], [-155.739440918, 271.968688965, 189.848510742, 31.3172035217, 306.905822754, 141.288101196, -44.5779151917, 15.4604358673, 57.1657676697, 1.47384727001, 25.2065525055, 1.06138086319, 18.4512310028], [478.993041992, -124.748001099, 738.570861816, -23.0042686462, 141.288101196, 588.013671875, -363.332702637, 137.037719727, -47.8652496338, 70.4957809448, -52.6265258789, 38.9316444397, -65.1106872559], [-306.438537598, 176.69833374, -600.66015625, 187.009963989, -44.5779151917, -363.332702637, 539.536376953, -92.6800994873, 99.4941253662, -71.9437332153, 66.9632339478, -24.0028839111, 67.4378814697], [290.773590088, -145.46736145, 212.317123413, -17.8675575256, 15.4604358673, 137.037719727, -92.6800994873, 167.025314331, -16.496427536, 46.8262367249, -45.7590637207, 15.4355659485, -32.4325752258], [-134.788864136, 149.241119385, -90.0158691406, 57.7356758118, 57.1657676697, -47.8652496338, 99.4941253662, -16.496427536, 114.240432739, -16.620344162, 27.0368251801, -21.7812175751, 22.3282089233], [69.7828369141, -76.6866149902, 141.649429321, -32.2931404114, 1.47384727001, 70.4957809448, -71.9437332153, 46.8262367249, -16.620344162, 107.407020569, -2.33705306053, 31.0596542358, -7.89814472198], [-109.891075134, 147.272079468, -70.6946411133, 35.9180717468, 25.2065525055, -52.6265258789, 66.9632339478, -45.7590637207, 27.0368251801, -2.33705306053, 102.426025391, 20.8771343231, 13.7661342621], [43.1794700623, -55.7895088196, 65.4511489868, -7.39141702652, 1.06138086319, 38.9316444397, -24.0028839111, 15.4355659485, -21.7812175751, 31.0596542358, 20.8771343231, 77.7217483521, 6.86548471451], [-171.160049438, 80.7336807251, -112.175506592, 6.64447164536, 18.4512310028, -65.1106872559, 67.4378814697, -32.4325752258, 22.3282089233, -7.89814472198, 13.7661342621, 6.86548471451, 89.0269546509]],
        "icov": [[0.00097378884675, -0.00183115783148, 0.00215315190144, -0.00304991868325, 0.00180945638567, -0.00183205108624, 0.00213718111627, -0.00229196948931, 0.00159496115521, -0.00117232417688, 0.00211752671748, -0.00174584169872, 0.00160777941346], [-0.00183115783148, 0.00621833419427, -0.00575633207336, 0.0069233844988, -0.00524599011987, 0.00479799276218, -0.00520851882175, 0.00564833451062, -0.00426508113742, 0.00353596173227, -0.00697262585163, 0.00556908128783, -0.00429784273729], [0.00215315190144, -0.00575633207336, 0.00972823332995, -0.0083009460941, 0.00445125298575, -0.00789527222514, 0.00753648765385, -0.00667327456176, 0.00453733606264, -0.00487919896841, 0.00629262300208, -0.00569976354018, 0.00529585313052], [-0.00304991868325, 0.0069233844988, -0.0083009460941, 0.014950286597, -0.00634499965236, 0.00556958233938, -0.00998059008271, 0.00795778166503, -0.00637359637767, 0.00519884051755, -0.00856642704457, 0.00658872071654, -0.00499328039587], [0.00180945638567, -0.00524599011987, 0.00445125298575, -0.00634499965236, 0.0093452045694, -0.00527924019843, 0.00463825650513, -0.00515383202583, 0.00136069918517, -0.00229835114442, 0.00459906132892, -0.00428018905222, 0.00220319093205], [-0.00183205108624, 0.00479799276218, -0.00789527222514, 0.00556958233938, -0.00527924019843, 0.0107253529131, -0.00351952272467, 0.00413191644475, -0.0037537261378, 0.00365612842143, -0.00447200797498, 0.00342400046065, -0.00343435141258], [0.00213718111627, -0.00520851882175, 0.00753648765385, -0.00998059008271, 0.00463825650513, -0.00351952272467, 0.0113902818412, -0.00645705359057, 0.00226770527661, -0.00303497817367, 0.00522108562291, -0.00557147758082, 0.00334173836745], [-0.00229196948931, 0.00564833451062, -0.00667327456176, 0.00795778166503, -0.00515383202583, 0.00413191644475, -0.00645705359057, 0.015487245284, -0.00531902723014, 0.00088630488608, -0.00244419905357, 0.00365867698565, -0.00239923782647], [0.00159496115521, -0.00426508113742, 0.00453733606264, -0.00637359637767, 0.00136069918517, -0.0037537261378, 0.00226770527661, -0.00531902723014, 0.0167919099331, -0.00305495108478, 0.00228928332217, 0.000416243681684, 0.00157558172941], [-0.00117232417688, 0.00353596173227, -0.00487919896841, 0.00519884051755, -0.00229835114442, 0.00365612842143, -0.00303497817367, 0.00088630488608, -0.00305495108478, 0.0150847854093, -0.00503941625357, -0.000358700432116, -0.00331280543469], [0.00211752671748, -0.00697262585163, 0.00629262300208, -0.00856642704457, 0.00459906132892, -0.00447200797498, 0.00522108562291, -0.00244419905357, 0.00228928332217, -0.00503941625357, 0.0223319772631, -0.0119232675061, 0.00633820611984], [-0.00174584169872, 0.00556908128783, -0.00569976354018, 0.00658872071654, -0.00428018905222, 0.00342400046065, -0.00557147758082, 0.00365867698565, 0.000416243681684, -0.000358700432116, -0.0119232675061, 0.0232571363449, -0.00722187710926], [0.00160777941346, -0.00429784273729, 0.00529585313052, -0.00499328039587, 0.00220319093205, -0.00343435141258, 0.00334173836745, -0.00239923782647, 0.00157558172941, -0.00331280543469, 0.00633820611984, -0.00722187710926, 0.0177806522697]]
    },
    "melbands": {
        "mean": [0.000648204004392, 0.00075315189315, 0.000297580671031, 0.000179082504474, 0.000262534216745, 0.000110207489342, 0.000111824003397, 4.80684466311e-005, 8.93513133633e-005, 6.62025122438e-005, 7.27456208551e-005, 0.000115927672596, 6.01188985456e-005, 4.63819742436e-005, 3.13708696922e-005, 3.1806914194e-005, 5.59233412787e-005, 7.7582517406e-005, 0.000114680442493, 0.00014480460959, 5.33092716068e-005, 5.75703197683e-005, 5.73731158511e-005, 6.21688377578e-005, 3.94741800847e-005, 1.59631727001e-005, 9.66442439676e-006, 8.781276847e-006, 7.14634870747e-006, 2.16650914808e-006, 3.06966370545e-007, 1.81439290259e-007, 1.20304946449e-007, 7.98380312972e-008, 5.91249929016e-008, 6.84433842935e-008, 6.28879703868e-008, 4.77123229814e-008, 5.25774588311e-008, 5.04004162849e-008],
        "var": [5.89653723182e-007, 5.13808572578e-007, 1.40224841516e-007, 5.90139741519e-008, 1.58327836175e-007, 1.80683397133e-008, 4.24084163342e-008, 5.57586288252e-009, 1.2286298201e-008, 1.63115245755e-008, 1.09993116837e-008, 3.20092468087e-008, 7.46953876529e-009, 2.78168843515e-009, 1.5099616002e-009, 1.20449916707e-009, 4.38023795013e-009, 6.94349600039e-009, 1.71287322104e-008, 2.42670541439e-008, 2.96312308024e-009, 4.71711869565e-009, 5.4465116861e-009, 1.27935306793e-008, 5.18406118033e-009, 7.3380257426e-010, 2.90584806217e-010, 2.80564488309e-010, 2.32339980588e-010, 1.76781592837e-011, 3.70880219982e-013, 1.52683868695e-013, 5.83150606796e-014, 4.01676643878e-014, 1.87423454577e-014, 1.66500825985e-014, 1.70940718584e-014, 2.23103650219e-014, 3.74118054244e-014, 4.03522565839e-014]
    },
    "mfcc": {
        "mean": [-678.888000488, 160.805664063, -74.6240234375, 37.1460113525, 21.2840003967, -5.34636878967, 4.03225421906, 3.34035277367, 3.29625272751, 6.05297899246, -9.32255744934, -1.3314152956, -1.99008345604],
        "cov": [[2178.83789063, -295.260345459, 300.456207275, 305.180206299, -100.099098206, 102.052772522, 66.7516784668, 167.961700439, 31.6879043579, 47.3117294312, 51.6963233948, 49.4478607178, -78.3295516968], [-295.260345459, 894.156005859, 99.7027740479, -23.047542572, 310.447784424, 90.6810836792, 18.7565956116, -10.8060102463, -5.89245843887, 2.6859152317, 40.05519104, 8.0739402771, 29.4077453613], [300.456207275, 99.7027740479, 911.606567383, -344.388183594, 546.272216797, 220.393463135, -32.7129821777, 32.6545715332, -37.784412384, 34.4810180664, 38.794719696, -31.770778656, -24.2484416962], [305.180206299, -23.047542572, -344.388183594, 465.129180908, -292.154937744, -23.0213527679, 61.6434555054, 49.2130355835, 46.2204551697, 5.73450088501, 8.87688159943, 52.6721496582, 3.12049388885], [-100.099098206, 310.447784424, 546.272216797, -292.154937744, 695.253662109, 210.134048462, -35.9996490479, 33.4210510254, -19.6742229462, 52.5584640503, 31.0660591125, -64.3145828247, 9.6764755249], [102.052772522, 90.6810836792, 220.393463135, -23.0213527679, 210.134048462, 236.321914673, 25.4036483765, 44.7286109924, 0.604883790016, 26.9550533295, 1.50322258472, 5.46471261978, 3.98339700699], [66.7516784668, 18.7565956116, -32.7129821777, 61.6434555054, -35.9996490479, 25.4036483765, 108.938400269, 31.7314987183, 18.6282062531, -8.16923427582, 9.76484298706, 33.400806427, 20.2436847687], [167.961700439, -10.8060102463, 32.6545715332, 49.2130355835, 33.4210510254, 44.7286109924, 31.7314987183, 121.461265564, 28.3880691528, 23.3686294556, 8.95468425751, 6.53121328354, -4.22261333466], [31.6879043579, -5.89245843887, -37.784412384, 46.2204551697, -19.6742229462, 0.604883790016, 18.6282062531, 28.3880691528, 106.698982239, 39.3579559326, 6.00751543045, -6.55528354645, 10.1953420639], [47.3117294312, 2.6859152317, 34.4810180664, 5.73450088501, 52.5584640503, 26.9550533295, -8.16923427582, 23.3686294556, 39.3579559326, 92.4355239868, 12.0679969788, -23.2432060242, -16.1444168091], [51.6963233948, 40.05519104, 38.794719696, 8.87688159943, 31.0660591125, 1.50322258472, 9.76484298706, 8.95468425751, 6.00751543045, 12.0679969788, 84.2131576538, 26.3375320435, 6.64589548111], [49.4478607178, 8.0739402771, -31.770778656, 52.6721496582, -64.3145828247, 5.46471261978, 33.400806427, 6.53121328354, -6.55528354645, -23.2432060242, 26.3375320435, 111.773017883, 30.7143764496], [-78.3295516968, 29.4077453613, -24.2484416962, 3.12049388885, 9.6764755249, 3.98339700699, 20.2436847687, -4.22261333466, 10.1953420639, -16.1444168091, 6.64589548111, 30.7143764496, 76.1483840942]],
        "icov": [[0.000771191203967, 0.000214460713323, -0.000679643475451, -0.000772866536863, 0.000224529634579, 6.373776705e-005, -0.00011448461737, -0.000574639008846, 6.07665788266e-005, -4.14043061028e-005, -0.000200917507755, -9.55469804467e-005, 0.000531570171006], [0.000214460713323, 0.00158624118194, 0.00019154320762, -0.000608695554547, -0.00118177151307, 3.23817184835e-005, -0.000393811496906, 0.000461850228021, -6.99021838955e-005, 0.000361094891559, -0.000433981680544, -0.000351261434844, 0.000238206106587], [-0.000679643475451, 0.00019154320762, 0.00334572955035, 0.00180210545659, -0.00173736980651, -0.0012897948036, 0.000126365732285, 0.000292544486001, -2.00223075808e-005, 0.000391015637433, -0.00072537449887, -0.000592913245782, 0.000877384329215], [-0.000772866536863, -0.000608695554547, 0.00180210545659, 0.00500036589801, 0.00134876172524, -0.00154526729602, -0.000387703476008, -0.000901382183656, -0.00058053410612, -0.000459643924842, -0.000688570959028, -0.000397902069381, -2.75938764389e-005], [0.000224529634579, -0.00118177151307, -0.00173736980651, 0.00134876172524, 0.00509093469009, -0.00212558940984, 0.000913192809094, -0.00137330952566, 0.000687152089085, -0.00127537816297, -0.00114213838242, 0.00227947253734, -0.00195795856416], [6.373776705e-005, 3.23817184835e-005, -0.0012897948036, -0.00154526729602, -0.00212558940984, 0.00765001866966, -0.00174560688902, -0.000850908865687, 0.00055419903947, -0.00131195876747, 0.00224997173063, -0.00147591286805, 3.90550776501e-005], [-0.00011448461737, -0.000393811496906, 0.000126365732285, -0.000387703476008, 0.000913192809094, -0.00174560688902, 0.0123612787575, -0.00248594791628, -0.00161041144747, 0.00176452263258, -0.000697765848599, -0.00164103892166, -0.00204579299316], [-0.000574639008846, 0.000461850228021, 0.000292544486001, -0.000901382183656, -0.00137330952566, -0.000850908865687, -0.00248594791628, 0.0114067392424, -0.00195230054669, -0.000970162102021, 6.27880217507e-005, -0.00059408438392, 0.00116291281302], [6.07665788266e-005, -6.99021838955e-005, -2.00223075808e-005, -0.00058053410612, 0.000687152089085, 0.00055419903947, -0.00161041144747, -0.00195230054669, 0.0131400469691, -0.00591942667961, -0.000161828371347, 0.00171688396949, -0.00338219804689], [-4.14043061028e-005, 0.000361094891559, 0.000391015637433, -0.000459643924842, -0.00127537816297, -0.00131195876747, 0.00176452263258, -0.000970162102021, -0.00591942667961, 0.0161452628672, -0.00263227266259, 0.00188892753795, 0.00335249165073], [-0.000200917507755, -0.000433981680544, -0.00072537449887, -0.000688570959028, -0.00114213838242, 0.00224997173063, -0.000697765848599, 6.27880217507e-005, -0.000161828371347, -0.00263227266259, 0.0148223182186, -0.00434506125748, -0.000102883168438], [-9.55469804467e-005, -0.000351261434844, -0.000592913245782, -0.000397902069381, 0.00227947253734, -0.00147591286805, -0.00164103892166, -0.00059408438392, 0.00171688396949, 0.00188892753795, -0.00434506125748, 0.0138255171478, -0.00497095054016], [0.000531570171006, 0.000238206106587, 0.000877384329215, -2.75938764389e-005, -0.00195795856416, 3.90550776501e-005, -0.00204579299316, 0.00116291281302, -0.00338219804689, 0.00335249165073, -0.000102883168438, -0.00497095054016, 0.0179003067315]]
    },
    "spectral_contrast_coeffs": {
        "mean": [-0.680552661419, -0.696145832539, -0.721800923347, -0.699553370476, -0.704879045486, -0.71101719141],
        "var": [0.00419034203514, 0.00443886825815, 0.00436190096661, 0.00331584364176, 0.00234021549113, 0.00646952679381]
    },
    "spectral_contrast_valleys": {
        "mean": [-7.71614217758, -7.50750589371, -7.67296981812, -7.56060028076, -7.73625135422, -12.4605913162],
        "var": [1.76196372509, 1.02185761929, 0.90519708395, 0.81956166029, 1.07515788078, 1.46900546551]
    }
},
"metadata": {
    "audio_properties": {
        "analysis_sample_rate": 44100,
        "bit_rate": 109740,
        "equal_loudness": 0,
        "length": 45.0873451233,
        "lossless": 0,
        "replay_gain": -10.6278858185,
        "sample_rate": 44100,
        "codec": "mp3",
        "downmix": "mix",
        "md5_encoded": "ae3653c543f6e431b8f377b589dc7fde"
    },
    "tags": {
        "file_name": "882.mp3"
    },
    "version": {
        "essentia": "2.1-beta2",
        "essentia_git_sha": "v2.1_beta2",
        "extractor": "music 1.0"
    }
},
"rhythm": {
    "beats_count": 66,
    "beats_loudness": {
        "mean": 0.0223459359258,
        "var": 0.000113406589662
    },
    "bpm": 88.0862350464,
    "bpm_histogram_first_peak_bpm": {
        "mean": 88,
        "var": 0
    },
    "bpm_histogram_first_peak_spread": {
        "mean": 0.174603149295,
        "var": 0
    },
    "bpm_histogram_first_peak_weight": {
        "mean": 0.800000071526,
        "var": 0
    },
    "bpm_histogram_second_peak_bpm": {
        "mean": 94,
        "var": 0
    },
    "bpm_histogram_second_peak_spread": {
        "mean": 0,
        "var": 0
    },
    "bpm_histogram_second_peak_weight": {
        "mean": 0.0307692307979,
        "var": 0
    },
    "danceability": 0.988887369633,
    "onset_rate": 2.88217902184,
    "beats_loudness_band_ratio": {
        "mean": [0.33117249608, 0.111138708889, 0.0785529240966, 0.117662250996, 0.34398368001, 0.0481522344053],
        "var": [0.0265961345285, 0.00995621830225, 0.00385829410516, 0.00456186197698, 0.0199462566525, 0.00300404219888]
    },
    "beats_position": [0.638548731804, 1.28870749474, 1.92725622654, 2.56580495834, 3.21596360207, 3.86612248421, 4.53950119019, 5.22448968887, 5.90947818756, 6.59446716309, 7.26784563065, 7.96444416046, 8.63782310486, 9.32281208038, 10.0078001022, 10.6927890778, 11.3777770996, 12.051156044, 12.7245349884, 13.4095239639, 14.0945119858, 14.7678909302, 15.4528799057, 16.1378688812, 16.8112468719, 17.5078449249, 18.1928348541, 18.877822876, 19.5512008667, 20.2361907959, 20.9211788177, 21.6061668396, 22.2911567688, 22.9761447906, 23.6611328125, 24.3345127106, 25.0195007324, 25.6928787231, 26.3778686523, 27.0628566742, 27.7362346649, 28.4212245941, 29.106212616, 29.7795906067, 30.4529705048, 31.1263484955, 31.8113365173, 32.4847145081, 33.1697044373, 33.8546943665, 34.5512924194, 35.2362823486, 35.9096603394, 36.5946464539, 37.2680282593, 37.9530143738, 38.6263923645, 39.3229942322, 40.0079803467, 40.6929702759, 41.3663482666, 42.0629463196, 42.7479362488, 43.4445343018, 44.1411323547, 44.8377304077]
},
"tonal": {
    "chords_changes_rate": 0.0401234552264,
    "chords_number_rate": 0.00617283955216,
    "chords_strength": {
        "mean": 0.494846224785,
        "var": 0.0041182897985
    },
    "hpcp_entropy": {
        "mean": 1.67231523991,
        "var": 0.583934962749
    },
    "key_strength": 0.722835421562,
    "tuning_diatonic_strength": 0.537587761879,
    "tuning_equal_tempered_deviation": 0.045995015651,
    "tuning_frequency": 443.572570801,
    "tuning_nontempered_energy_ratio": 0.641461610794,
    "hpcp": {
        "mean": [0.39999333024, 0.201111808419, 0.0646980106831, 0.0612035468221, 0.0700945258141, 0.158548787236, 0.182840630412, 0.146988525987, 0.214905679226, 0.217114761472, 0.0989371687174, 0.0516381897032, 0.0570033937693, 0.0665069669485, 0.390766233206, 0.644091248512, 0.332035690546, 0.0659512132406, 0.0485991202295, 0.0394546687603, 0.103540353477, 0.173687919974, 0.138470321894, 0.140408709645, 0.150602608919, 0.0997324213386, 0.149360373616, 0.171386688948, 0.0974846482277, 0.141831889749, 0.197993934155, 0.143332600594, 0.0835061147809, 0.0489950999618, 0.0611862540245, 0.270033091307],
        "var": [0.104603692889, 0.0351898372173, 0.0159453302622, 0.0152063174173, 0.0117970798165, 0.0485013686121, 0.0742233172059, 0.0263292584568, 0.050118394196, 0.0718619897962, 0.0301310047507, 0.0117259183899, 0.0136179421097, 0.00940829515457, 0.0646707639098, 0.151412144303, 0.0458944328129, 0.0145661085844, 0.0128920515999, 0.00890578981489, 0.0184543710202, 0.0395332016051, 0.0263168588281, 0.0557425878942, 0.0699879676104, 0.0252969190478, 0.0330450162292, 0.0556941702962, 0.0179032050073, 0.0510886795819, 0.0868764221668, 0.0378246568143, 0.0219626501203, 0.0101298950613, 0.00766025064513, 0.0497047454119]
    },
    "chords_histogram": [26.9547328949, 4.83539104462, 30.6584358215, 0, 0, 0, 0, 0, 0, 0, 0, 0, 0, 0, 0, 0, 0, 3.60082316399, 0.514403283596, 28.8065853119, 0.925925910473, 3.70370364189, 0, 0],
    "thpcp": [1, 0.515510320663, 0.102394208312, 0.0754537805915, 0.0612563341856, 0.160754173994, 0.269663542509, 0.214985564351, 0.21799506247, 0.233821853995, 0.154842063785, 0.231893181801, 0.26609069109, 0.151352226734, 0.220204651356, 0.307400435209, 0.222534611821, 0.129649505019, 0.0760685727, 0.0949962511659, 0.419246643782, 0.621019661427, 0.31224116683, 0.100448518991, 0.0950231030583, 0.108827009797, 0.246158897877, 0.283873796463, 0.22821071744, 0.333657205105, 0.337086975574, 0.15360738337, 0.0801721662283, 0.0885020494461, 0.103257060051, 0.606693923473],
    "chords_key": "D",
    "chords_scale": "major",
    "key_key": "G",
    "key_scale": "major"
}
}