{
"lowlevel": {
    "average_loudness": 0.976439118385,
    "barkbands_crest": {
        "mean": 9.18083286285,
        "var": 14.1168403625
    },
    "barkbands_flatness_db": {
        "mean": 0.135534748435,
        "var": 0.00112535932567
    },
    "barkbands_kurtosis": {
        "mean": 4.9126625061,
        "var": 28.7749862671
    },
    "barkbands_skewness": {
        "mean": 1.63263297081,
        "var": 0.774034976959
    },
    "barkbands_spread": {
        "mean": 13.2810115814,
        "var": 19.7791976929
    },
    "dissonance": {
        "mean": 0.445617645979,
        "var": 0.000793994695414
    },
    "dynamic_complexity": 1.72066092491,
    "erbbands_crest": {
        "mean": 9.21428966522,
        "var": 11.8781309128
    },
    "erbbands_flatness_db": {
        "mean": 0.153876140714,
        "var": 0.000850919634104
    },
    "erbbands_kurtosis": {
        "mean": 1.23908019066,
        "var": 1.71947002411
    },
    "erbbands_skewness": {
        "mean": 0.858868122101,
        "var": 0.170263215899
    },
    "erbbands_spread": {
        "mean": 28.5627384186,
        "var": 154.770599365
    },
    "hfc": {
        "mean": 19.6065540314,
        "var": 87.7705383301
    },
    "melbands_crest": {
        "mean": 11.8950872421,
        "var": 17.5982494354
    },
    "melbands_flatness_db": {
        "mean": 0.220384329557,
        "var": 0.00175470544491
    },
    "melbands_kurtosis": {
        "mean": 9.58902549744,
        "var": 148.939315796
    },
    "melbands_skewness": {
        "mean": 2.0836122036,
        "var": 1.49260902405
    },
    "melbands_spread": {
        "mean": 14.7245044708,
        "var": 60.6173324585
    },
    "pitch_salience": {
        "mean": 0.564747571945,
        "var": 0.00952988769859
    },
    "silence_rate_20dB": {
        "mean": 1,
        "var": 0
    },
    "silence_rate_30dB": {
        "mean": 0.996397316456,
        "var": 0.00358965829946
    },
    "silence_rate_60dB": {
        "mean": 0.00205867225304,
        "var": 0.00205448735505
    },
    "spectral_centroid": {
        "mean": 869.184387207,
        "var": 167758.328125
    },
    "spectral_complexity": {
        "mean": 18.5476074219,
        "var": 23.2689666748
    },
    "spectral_decrease": {
        "mean": -9.85420811617e-009,
        "var": 2.09958622673e-017
    },
    "spectral_energy": {
        "mean": 0.0389703959227,
        "var": 0.000322502106428
    },
    "spectral_energyband_high": {
        "mean": 0.00035010476131,
        "var": 8.80266881609e-008
    },
    "spectral_energyband_low": {
        "mean": 0.0121023878455,
        "var": 0.000130198459374
    },
    "spectral_energyband_middle_high": {
        "mean": 0.00553658278659,
        "var": 1.11513090815e-005
    },
    "spectral_energyband_middle_low": {
        "mean": 0.0218041259795,
        "var": 0.000172690182808
    },
    "spectral_entropy": {
        "mean": 7.23488044739,
        "var": 0.0844826027751
    },
    "spectral_flux": {
        "mean": 0.0776157453656,
        "var": 0.00137339858338
    },
    "spectral_kurtosis": {
        "mean": 5.8606338501,
        "var": 5.91980266571
    },
    "spectral_rms": {
        "mean": 0.00600820127875,
        "var": 1.92143352251e-006
    },
    "spectral_rolloff": {
        "mean": 800.557800293,
        "var": 734773.1875
    },
    "spectral_skewness": {
        "mean": 1.8779758215,
        "var": 0.119250141084
    },
    "spectral_spread": {
        "mean": 4072319,
        "var": 2.14277868749e+012
    },
    "spectral_strongpeak": {
        "mean": 1.01891446114,
        "var": 0.857873797417
    },
    "zerocrossingrate": {
        "mean": 0.037924349308,
        "var": 0.000571023439988
    },
    "barkbands": {
        "mean": [0.000388354237657, 0.00771211413667, 0.0032952055335, 0.0018969157245, 0.00549889588729, 0.00488103600219, 0.00316894100979, 0.0030058552511, 0.00304343714379, 0.00170984910801, 0.00119795172941, 0.00102575367782, 0.000405428960221, 0.000375773146516, 0.000210336787859, 0.000148914768943, 0.000201243543415, 0.000184260890819, 0.000182003364898, 0.000152400811203, 9.83336794889e-005, 6.01403335168e-005, 4.47551719844e-005, 3.04087843688e-005, 2.33839728025e-005, 2.22597791435e-005, 6.49280264042e-006],
        "var": [6.79342122112e-007, 8.52059165481e-005, 8.219605661e-006, 7.00838700141e-006, 3.08286471409e-005, 3.02260468743e-005, 1.51104441102e-005, 1.56077567226e-005, 1.2596684428e-005, 4.81079769088e-006, 2.58330192082e-006, 1.44915270539e-006, 3.04912845195e-007, 2.00530308803e-007, 4.46426433598e-008, 2.56502641349e-008, 3.16531973965e-008, 3.16042481074e-008, 2.10668975598e-008, 1.43966110144e-008, 7.70963737295e-009, 2.95921709359e-009, 2.8091131643e-009, 1.16062937039e-009, 7.80296494085e-010, 1.81609827177e-009, 2.85105439257e-010]
    },
    "erbbands": {
        "mean": [0.134302705526, 1.97561299801, 4.67212724686, 4.716319561, 8.26129436493, 22.7556419373, 38.0575065613, 36.1927719116, 27.377576828, 69.6541366577, 71.1235351563, 57.7176895142, 72.727394104, 53.8056716919, 46.5687828064, 45.1320037842, 25.7698001862, 20.7365646362, 13.0972909927, 10.0398674011, 8.37764549255, 11.2784862518, 10.1185045242, 8.2583398819, 9.96822071075, 7.19539833069, 4.93251895905, 3.10764479637, 2.32794237137, 1.52662503719, 1.18490505219, 0.762734174728, 0.447047054768, 0.295249074697, 0.159650489688, 0.0725946202874, 0.0439264141023, 0.0166139807552, 0.000641009188257, 5.57580169698e-005],
        "var": [0.0800383388996, 4.53553676605, 11.7293167114, 31.1482105255, 90.3538894653, 815.032043457, 1752.94238281, 1930.5480957, 715.323486328, 8700.50585938, 10158.8964844, 4500.60205078, 6543.28369141, 3117.36376953, 2758.26464844, 3201.23828125, 834.095397949, 658.855834961, 162.04196167, 173.974975586, 60.8898887634, 107.037475586, 75.0101242065, 43.9013633728, 64.5631713867, 33.4335327148, 17.0258655548, 7.8800573349, 4.53229427338, 2.58583164215, 2.02425146103, 0.689732670784, 0.2943816185, 0.124299891293, 0.0415045469999, 0.0130445621908, 0.0079749468714, 0.00148386496585, 2.62384673988e-006, 1.49606038669e-009]
    },
    "gfcc": {
        "mean": [26.4519996643, 113.083770752, -105.022323608, 17.6571102142, -62.6905441284, 6.28400850296, -26.9611682892, 9.78811168671, -26.8217849731, 3.13143014908, -14.744477272, 2.90754079819, -12.8295249939],
        "cov": [[4308.37353516, -127.478240967, -412.764221191, -155.968673706, -159.385452271, -105.742614746, -151.607299805, 12.3338689804, -179.11505127, 54.6819038391, -102.381782532, 17.1420650482, -146.750518799], [-127.478240967, 428.420593262, -105.816230774, 11.9544897079, 23.2278060913, 2.05178356171, 48.5644378662, -8.3073015213, 23.1223182678, -51.9970550537, 48.7400436401, -18.3818893433, 52.8527870178], [-412.764221191, -105.816230774, 333.763397217, 111.129165649, 50.7552871704, 60.9929542542, 27.1715488434, 25.0056285858, 68.4356460571, 34.2363739014, -9.21371555328, 27.6769695282, 20.769317627], [-155.968673706, 11.9544897079, 111.129165649, 205.686935425, 24.1976337433, 88.1043624878, 19.5708847046, 16.0767555237, 47.9381866455, 18.8386802673, 12.1133613586, -2.86142039299, 36.6520957947], [-159.385452271, 23.2278060913, 50.7552871704, 24.1976337433, 95.7052764893, 35.0291824341, 38.8288574219, 12.5796136856, 21.4783668518, 9.9339094162, 8.62913322449, 9.56750392914, 7.73503112793], [-105.742614746, 2.05178356171, 60.9929542542, 88.1043624878, 35.0291824341, 101.168968201, 42.4884605408, 27.1806812286, 28.9488105774, 16.2629432678, 10.1283531189, 2.46917009354, 19.7798919678], [-151.607299805, 48.5644378662, 27.1715488434, 19.5708847046, 38.8288574219, 42.4884605408, 86.7280273438, 40.2313537598, 20.2649116516, -1.25741505623, 13.7790346146, 8.7483253479, 12.1936607361], [12.3338689804, -8.3073015213, 25.0056285858, 16.0767555237, 12.5796136856, 27.1806812286, 40.2313537598, 65.9633789063, 34.3412437439, 11.443523407, 0.760166764259, 6.95804357529, 5.66314315796], [-179.11505127, 23.1223182678, 68.4356460571, 47.9381866455, 21.4783668518, 28.9488105774, 20.2649116516, 34.3412437439, 80.1441040039, 27.9622898102, 4.26115942001, -0.879254162312, 22.9701023102], [54.6819038391, -51.9970550537, 34.2363739014, 18.8386802673, 9.9339094162, 16.2629432678, -1.25741505623, 11.443523407, 27.9622898102, 57.7952461243, 11.0307006836, 1.76407516003, -2.18162250519], [-102.381782532, 48.7400436401, -9.21371555328, 12.1133613586, 8.62913322449, 10.1283531189, 13.7790346146, 0.760166764259, 4.26115942001, 11.0307006836, 48.6889190674, 13.4627313614, 9.35049629211], [17.1420650482, -18.3818893433, 27.6769695282, -2.86142039299, 9.56750392914, 2.46917009354, 8.7483253479, 6.95804357529, -0.879254162312, 1.76407516003, 13.4627313614, 43.208530426, 13.0541639328], [-146.750518799, 52.8527870178, 20.769317627, 36.6520957947, 7.73503112793, 19.7798919678, 12.1936607361, 5.66314315796, 22.9701023102, -2.18162250519, 9.35049629211, 13.0541639328, 55.1058044434]],
        "icov": [[0.000496232882142, -0.00070679403143, 0.00056160899112, -0.000413338770159, 0.000424474972533, -0.000185554905329, 0.000889449263923, -0.00120856636204, 0.0015478876885, -0.00214826082811, 0.00232805870473, -0.0019635874778, 0.00133692240342], [-0.00070679403143, 0.00645165191963, 0.00088616652647, 0.00052294426132, -0.00177116726991, 0.00150062143803, -0.00395571067929, 0.00420069135725, -0.00638156337664, 0.00916067324579, -0.00921583455056, 0.00700385961682, -0.00567100849003], [0.00056160899112, 0.00088616652647, 0.00630894722417, -0.00274939299561, -0.00085264298832, -0.000138712435728, -0.000704195466824, 0.00127017474733, -0.00317234452814, -0.00169954239391, 0.00442129001021, -0.00597518822178, 0.00221160310321], [-0.000413338770159, 0.00052294426132, -0.00274939299561, 0.0105155641213, 0.000429635780165, -0.00770607357845, 0.00194234552328, 0.00140135595575, -0.00279831024818, 0.00280468957499, -0.00451569119468, 0.00520052434877, -0.00461653387174], [0.000424474972533, -0.00177116726991, -0.00085264298832, 0.000429635780165, 0.0152890058234, -0.00337098794989, -0.00493864528835, 0.00261738733388, -0.000656121934298, -0.00398643687367, 0.00340200704522, -0.00491617666557, 0.00345552689396], [-0.000185554905329, 0.00150062143803, -0.000138712435728, -0.00770607357845, -0.00337098794989, 0.0220508426428, -0.00763775920495, -0.00207773060538, 0.00139632564969, -0.00183049519546, -0.0017705563223, 0.00335261016153, -0.00344218849204], [0.000889449263923, -0.00395571067929, -0.000704195466824, 0.00194234552328, -0.00493864528835, -0.00763775920495, 0.0270599834621, -0.016286149621, 0.00631411466748, -0.000740911287721, 0.000393916852772, -0.00345531245694, 0.0023472646717], [-0.00120856636204, 0.00420069135725, 0.00127017474733, 0.00140135595575, 0.00261738733388, -0.00207773060538, -0.016286149621, 0.033993575722, -0.0183841455728, 0.00615816190839, -0.00236677005887, -0.00110065448098, 0.000399754557293], [0.0015478876885, -0.00638156337664, -0.00317234452814, -0.00279831024818, -0.000656121934298, 0.00139632564969, 0.00631411466748, -0.0183841455728, 0.0358443558216, -0.0203892942518, 0.0103795826435, -0.000172367843334, -0.00408614752814], [-0.00214826082811, 0.00916067324579, -0.00169954239391, 0.00280468957499, -0.00398643687367, -0.00183049519546, -0.000740911287721, 0.00615816190839, -0.0203892942518, 0.0415318086743, -0.0239021461457, 0.0126487845555, -0.00378171214834], [0.00232805870473, -0.00921583455056, 0.00442129001021, -0.00451569119468, 0.00340200704522, -0.0017705563223, 0.000393916852772, -0.00236677005887, 0.0103795826435, -0.0239021461457, 0.0457092560828, -0.0242204144597, 0.00939870253205], [-0.0019635874778, 0.00700385961682, -0.00597518822178, 0.00520052434877, -0.00491617666557, 0.00335261016153, -0.00345531245694, -0.00110065448098, -0.000172367843334, 0.0126487845555, -0.0242204144597, 0.0455861985683, -0.0189058948308], [0.00133692240342, -0.00567100849003, 0.00221160310321, -0.00461653387174, 0.00345552689396, -0.00344218849204, 0.0023472646717, 0.000399754557293, -0.00408614752814, -0.00378171214834, 0.00939870253205, -0.0189058948308, 0.0340108238161]]
    },
    "melbands": {
        "mean": [0.00169103697408, 0.00265209702775, 0.000946824904531, 0.00100645213388, 0.00133589771576, 0.000832163263112, 0.000475094508147, 0.000719634525012, 0.000537857296877, 0.00038941114326, 0.000367562228348, 0.000222219663556, 0.000188337158761, 9.60642282735e-005, 9.25271160668e-005, 5.15266838192e-005, 3.31894152623e-005, 2.14422616409e-005, 1.19168380479e-005, 1.17715471788e-005, 9.47715852817e-006, 1.12794541565e-005, 1.236391563e-005, 7.8075181591e-006, 6.28512179901e-006, 7.40384029996e-006, 6.36518325337e-006, 4.39054520029e-006, 3.28113537762e-006, 2.43511976805e-006, 1.56913984029e-006, 1.39276141908e-006, 9.68866743278e-007, 8.29994974083e-007, 7.10926542524e-007, 5.94133098275e-007, 4.05475731213e-007, 3.19709130281e-007, 2.30746280749e-007, 2.70060183993e-007],
        "var": [6.13755764789e-006, 4.34736921306e-006, 1.11833708161e-006, 1.26362272113e-006, 1.68345002294e-006, 9.52063146542e-007, 2.27316149903e-007, 7.66959374232e-007, 6.12396775068e-007, 2.02644045544e-007, 1.76579646904e-007, 6.97218780488e-008, 6.05654690844e-008, 1.46138106061e-008, 1.07779740688e-008, 3.14885650887e-009, 1.89563853503e-009, 4.83514173144e-010, 1.51417323124e-010, 2.40662711981e-010, 9.75008476733e-011, 1.44687567483e-010, 1.73129399705e-010, 6.66897578827e-011, 3.13240232364e-011, 4.0110931937e-011, 2.81021837745e-011, 1.51360937672e-011, 8.05105721674e-012, 5.81472326885e-012, 2.28221131229e-012, 1.73888551128e-012, 9.01491121336e-013, 9.27801563876e-013, 7.70327920376e-013, 5.3891553763e-013, 1.95777503367e-013, 1.53843314498e-013, 1.02943539381e-013, 1.20400407309e-013]
    },
    "mfcc": {
        "mean": [-621.198425293, 149.369277954, 8.41238594055, 20.2667484283, -10.6840248108, -0.558069944382, 3.86479330063, 4.16835594177, -2.28462934494, 1.50540792942, -0.539605438709, 0.680323004723, -0.829646348953],
        "cov": [[2112.68554688, -88.9910583496, -271.380706787, -93.3861083984, -94.3682556152, -106.0366745, -13.7284936905, -98.8709182739, -108.103401184, -40.9801712036, 0.18458622694, 20.0150299072, -48.0943984985], [-88.9910583496, 371.861541748, -95.5141830444, -11.772851944, -22.8500137329, -26.3179302216, 17.1277694702, 27.862493515, -8.55441188812, -10.5425567627, -13.3524751663, -13.8858375549, 13.0271930695], [-271.380706787, -95.5141830444, 269.21887207, 78.8476638794, 61.1474533081, 63.7552528381, -10.0175962448, 27.1029605865, 60.6469955444, 32.3152999878, 11.9934444427, 5.4110326767, 12.1924991608], [-93.3861083984, -11.772851944, 78.8476638794, 89.7653656006, 39.6560745239, 37.076587677, 7.25481700897, 19.4236087799, 28.5951976776, 17.2047958374, 3.0874516964, 0.621603429317, 10.0597391129], [-94.3682556152, -22.8500137329, 61.1474533081, 39.6560745239, 78.0754089355, 46.669631958, -3.197732687, 7.1205406189, 23.0633487701, 19.6778144836, 7.78546905518, -1.48981082439, 5.70348930359], [-106.0366745, -26.3179302216, 63.7552528381, 37.076587677, 46.669631958, 85.0942382813, 23.0830497742, 8.18041324615, 25.3629455566, 18.62865448, 6.65648841858, 4.83788728714, 7.76736307144], [-13.7284936905, 17.1277694702, -10.0175962448, 7.25481700897, -3.197732687, 23.0830497742, 72.383972168, 33.0922203064, 2.83776783943, 2.03094530106, 6.33017349243, 5.72823524475, 5.07955598831], [-98.8709182739, 27.862493515, 27.1029605865, 19.4236087799, 7.1205406189, 8.18041324615, 33.0922203064, 76.6395492554, 37.2022590637, 6.18521404266, 6.36322259903, 1.93089485168, 4.00980472565], [-108.103401184, -8.55441188812, 60.6469955444, 28.5951976776, 23.0633487701, 25.3629455566, 2.83776783943, 37.2022590637, 82.0084609985, 40.4987258911, 6.63627910614, 2.02770972252, 6.96264410019], [-40.9801712036, -10.5425567627, 32.3152999878, 17.2047958374, 19.6778144836, 18.62865448, 2.03094530106, 6.18521404266, 40.4987258911, 64.3592529297, 20.8531932831, 1.15481352806, 9.8368062973], [0.18458622694, -13.3524751663, 11.9934444427, 3.0874516964, 7.78546905518, 6.65648841858, 6.33017349243, 6.36322259903, 6.63627910614, 20.8531932831, 49.3353652954, 18.2129478455, -2.32058048248], [20.0150299072, -13.8858375549, 5.4110326767, 0.621603429317, -1.48981082439, 4.83788728714, 5.72823524475, 1.93089485168, 2.02770972252, 1.15481352806, 18.2129478455, 44.749458313, 10.0316858292], [-48.0943984985, 13.0271930695, 12.1924991608, 10.0597391129, 5.70348930359, 7.76736307144, 5.07955598831, 4.00980472565, 6.96264410019, 9.8368062973, -2.32058048248, 10.0316858292, 46.9119262695]],
        "icov": [[0.000615388096776, 0.00026210048236, 0.000552798330318, -0.000206700555282, 0.000128280837089, 0.000431113410741, -0.000217174179852, 0.0005067937891, 0.000165838078829, -0.000181335053639, 6.47040651529e-005, -0.000426537648309, 0.000459808856249], [0.00026210048236, 0.00339166331105, 0.00162407686003, -0.000627990579233, 0.000309379858663, 0.000328976428136, 0.000141106676892, -0.00158165942412, 0.000351952039637, -0.000117711933854, 0.000268406874966, 0.000906051835045, -0.00114077248145], [0.000552798330318, 0.00162407686003, 0.00727866962552, -0.00373334041797, -0.000411475833971, -0.0024142654147, 0.00267412164249, -0.00142112979665, -0.00180639827158, 0.000286824681098, -0.000722532276995, -0.000125838094391, -0.00049461692106], [-0.000206700555282, -0.000627990579233, -0.00373334041797, 0.0181043725461, -0.00503975432366, -0.00199411157519, -0.000911961484235, -0.00191416684538, -0.000605963519774, -0.000665698607918, 0.00124525465071, 0.000218718880205, -0.00149988883641], [0.000128280837089, 0.000309379858663, -0.000411475833971, -0.00503975432366, 0.0239019021392, -0.0116701368243, 0.00642386265099, -0.00260376138613, 0.00140134431422, -0.00224130554125, -0.00242934352718, 0.00263111758977, -0.000634271244053], [0.000431113410741, 0.000328976428136, -0.0024142654147, -0.00199411157519, -0.0116701368243, 0.0253051444888, -0.0119917672127, 0.00766919273883, -0.00497040478513, 0.000814559229184, 0.000807822449133, -0.0018800937105, 0.000286525057163], [-0.000217174179852, 0.000141106676892, 0.00267412164249, -0.000911961484235, 0.00642386265099, -0.0119917672127, 0.0248716883361, -0.0143203986809, 0.00747796846554, -0.00343961291946, -0.000542850175407, -0.000978231546469, -0.00123210484162], [0.0005067937891, -0.00158165942412, -0.00142112979665, -0.00191416684538, -0.00260376138613, 0.00766919273883, -0.0143203986809, 0.0281943492591, -0.0158558040857, 0.00911892484874, -0.00472317961976, 0.00163563794922, -0.000216176980757], [0.000165838078829, 0.000351952039637, -0.00180639827158, -0.000605963519774, 0.00140134431422, -0.00497040478513, 0.00747796846554, -0.0158558040857, 0.0303822793067, -0.0182255171239, 0.007240107283, -0.00380811537616, 0.00235467939638], [-0.000181335053639, -0.000117711933854, 0.000286824681098, -0.000665698607918, -0.00224130554125, 0.000814559229184, -0.00343961291946, 0.00911892484874, -0.0182255171239, 0.0322806499898, -0.0148038603365, 0.00743211852387, -0.0067397817038], [6.47040651529e-005, 0.000268406874966, -0.000722532276995, 0.00124525465071, -0.00242934352718, 0.000807822449133, -0.000542850175407, -0.00472317961976, 0.007240107283, -0.0148038603365, 0.0323809795082, -0.0145262628794, 0.00727434223518], [-0.000426537648309, 0.000906051835045, -0.000125838094391, 0.000218718880205, 0.00263111758977, -0.0018800937105, -0.000978231546469, 0.00163563794922, -0.00380811537616, 0.00743211852387, -0.0145262628794, 0.0311114508659, -0.00911025423557], [0.000459808856249, -0.00114077248145, -0.00049461692106, -0.00149988883641, -0.000634271244053, 0.000286525057163, -0.00123210484162, -0.000216176980757, 0.00235467939638, -0.0067397817038, 0.00727434223518, -0.00911025423557, 0.026108218357]]
    },
    "spectral_contrast_coeffs": {
        "mean": [-0.620722591877, -0.702476918697, -0.691608071327, -0.748375117779, -0.75689715147, -0.723912298679],
        "var": [0.00511026242748, 0.00378139829263, 0.00362929911353, 0.00343185500242, 0.00289069069549, 0.000965168583207]
    },
    "spectral_contrast_valleys": {
        "mean": [-6.8588924408, -6.10386705399, -7.0854177475, -7.97759103775, -7.91706705093, -10.7562274933],
        "var": [0.981117725372, 0.885245919228, 0.838613331318, 0.733117043972, 0.788178145885, 0.761633634567]
    }
},
"metadata": {
    "audio_properties": {
        "analysis_sample_rate": 44100,
        "bit_rate": 106185,
        "equal_loudness": 0,
        "length": 45.0873451233,
        "lossless": 0,
        "replay_gain": -12.3520755768,
        "sample_rate": 44100,
        "codec": "mp3",
        "downmix": "mix",
        "md5_encoded": "f6023892432e4ea09b0cec7e76d499c5"
    },
    "tags": {
        "file_name": "886.mp3"
    },
    "version": {
        "essentia": "2.1-beta2",
        "essentia_git_sha": "v2.1_beta2",
        "extractor": "music 1.0"
    }
},
"rhythm": {
    "beats_count": 90,
    "beats_loudness": {
        "mean": 0.0539633817971,
        "var": 0.000376366951969
    },
    "bpm": 120.023086548,
    "bpm_histogram_first_peak_bpm": {
        "mean": 120,
        "var": 0
    },
    "bpm_histogram_first_peak_spread": {
        "mean": 0.404494404793,
        "var": 0
    },
    "bpm_histogram_first_peak_weight": {
        "mean": 0.595505595207,
        "var": 0
    },
    "bpm_histogram_second_peak_bpm": {
        "mean": 0,
        "var": 0
    },
    "bpm_histogram_second_peak_spread": {
        "mean": 0,
        "var": 0
    },
    "bpm_histogram_second_peak_weight": {
        "mean": 0,
        "var": 0
    },
    "danceability": 1.34891366959,
    "onset_rate": 3.4586148262,
    "beats_loudness_band_ratio": {
        "mean": [0.418051689863, 0.251134544611, 0.222134634852, 0.0965054482222, 0.0211314614862, 0.0217867475003],
        "var": [0.0463818833232, 0.0202830675989, 0.0194589141756, 0.00396276265383, 9.44570856518e-005, 0.000146534948726]
    },
    "beats_position": [0.46439909935, 0.96362811327, 1.46285712719, 1.9620860815, 2.46131515503, 2.96054410934, 3.45977306366, 3.95900225639, 4.45823097229, 4.95746040344, 5.45668935776, 5.9675283432, 6.46675729752, 6.96598625183, 7.46521520615, 7.96444416046, 8.46367359161, 8.95129203796, 9.45052146912, 9.96135997772, 10.4605894089, 10.9714279175, 11.4706573486, 11.9582767487, 12.4575052261, 12.9451246262, 13.4443531036, 13.9551925659, 14.4544210434, 14.9652605057, 15.4644899368, 15.9753284454, 16.4629478455, 16.9621772766, 17.4614048004, 17.9606342316, 18.4598636627, 18.9474830627, 19.4467124939, 19.9459400177, 20.45677948, 20.9676189423, 21.4552383423, 21.9544658661, 22.4536952972, 22.9413146973, 23.4405441284, 23.9513835907, 24.4622211456, 24.9730606079, 25.4606800079, 25.9599094391, 26.4591369629, 26.9699764252, 27.4692058563, 27.9800453186, 28.4676647186, 28.9785022736, 29.4661216736, 29.9653511047, 30.4645805359, 30.9754180908, 31.474647522, 31.9738769531, 32.4614944458, 32.9723358154, 33.4715652466, 33.9707946777, 34.4700202942, 34.9692497253, 35.4568710327, 35.9561004639, 36.455329895, 36.9545555115, 37.4537849426, 37.9530143738, 38.4522438049, 38.9630813599, 39.462310791, 39.9615402222, 40.4607696533, 40.9599990845, 41.4476165771, 41.9584579468, 42.4692955017, 42.9801368713, 43.467754364, 43.9785919189, 44.4662132263, 44.9654426575]
},
"tonal": {
    "chords_changes_rate": 0.0390946492553,
    "chords_number_rate": 0.00823045242578,
    "chords_strength": {
        "mean": 0.485099375248,
        "var": 0.005978343077
    },
    "hpcp_entropy": {
        "mean": 1.70818281174,
        "var": 0.403180152178
    },
    "key_strength": 0.64251857996,
    "tuning_diatonic_strength": 0.482511788607,
    "tuning_equal_tempered_deviation": 0.0313670709729,
    "tuning_frequency": 441.527557373,
    "tuning_nontempered_energy_ratio": 0.600542426109,
    "hpcp": {
        "mean": [0.17140352726, 0.109843418002, 0.0431525185704, 0.0320148840547, 0.0362422838807, 0.2312592417, 0.399424821138, 0.20829513669, 0.0305067822337, 0.0213366337121, 0.0169210489839, 0.0606358796358, 0.143555268645, 0.119604498148, 0.121237792075, 0.24486091733, 0.185474976897, 0.0658698230982, 0.0548094063997, 0.0547371953726, 0.226513773203, 0.425341635942, 0.283066421747, 0.0843276530504, 0.0517306216061, 0.0442318208516, 0.180626884103, 0.32480353117, 0.206278339028, 0.116076268256, 0.135118573904, 0.0719741284847, 0.0441722869873, 0.0816410332918, 0.0905364006758, 0.123917393386],
        "var": [0.071385897696, 0.0327588692307, 0.0123033989221, 0.00899202283472, 0.00812338292599, 0.0442460440099, 0.118161253631, 0.0356703996658, 0.00612349994481, 0.00583130959421, 0.0037445242051, 0.0126155735925, 0.0700529962778, 0.047121476382, 0.019676707685, 0.101212367415, 0.0659677535295, 0.0158712808043, 0.0197473578155, 0.0200491175056, 0.0779169425368, 0.191147714853, 0.0937401950359, 0.0298497062176, 0.0186417419463, 0.0153239751235, 0.0478852503002, 0.125749528408, 0.0552056394517, 0.0349004305899, 0.058232396841, 0.0186167769134, 0.00908633973449, 0.0270322449505, 0.0320362821221, 0.044575445354]
    },
    "chords_histogram": [17.2839508057, 0, 2.67489719391, 0, 0.411522626877, 0, 0, 0, 0, 0, 0, 0, 0, 3.08641982079, 0, 0.617283940315, 0, 16.0493831635, 15.7407407761, 28.292181015, 3.39506173134, 0, 12.448559761, 0],
    "thpcp": [1, 0.665503680706, 0.198258638382, 0.121621347964, 0.103991277516, 0.424663066864, 0.763629734516, 0.484970957041, 0.272901266813, 0.317670702934, 0.169214874506, 0.103851310909, 0.191942259669, 0.21285572648, 0.291336148977, 0.402978479862, 0.258247494698, 0.101453781128, 0.0752686336637, 0.0852074697614, 0.543702363968, 0.939068257809, 0.489712536335, 0.0717230066657, 0.0501635186374, 0.0397822521627, 0.142558068037, 0.337505787611, 0.281196296215, 0.28503626585, 0.575680553913, 0.436061173677, 0.154863327742, 0.128859728575, 0.128689959645, 0.532545506954],
    "chords_key": "B",
    "chords_scale": "minor",
    "key_key": "E",
    "key_scale": "major"
}
}