{
"lowlevel": {
    "average_loudness": 0.950458049774,
    "barkbands_crest": {
        "mean": 10.5077228546,
        "var": 13.5394802094
    },
    "barkbands_flatness_db": {
        "mean": 0.185578733683,
        "var": 0.00171554228291
    },
    "barkbands_kurtosis": {
        "mean": 4.07502174377,
        "var": 48.7361183167
    },
    "barkbands_skewness": {
        "mean": 1.72864425182,
        "var": 1.13727271557
    },
    "barkbands_spread": {
        "mean": 18.6840553284,
        "var": 85.0274276733
    },
    "dissonance": {
        "mean": 0.473347067833,
        "var": 0.000422712124418
    },
    "dynamic_complexity": 1.95303332806,
    "erbbands_crest": {
        "mean": 9.03604412079,
        "var": 30.5757770538
    },
    "erbbands_flatness_db": {
        "mean": 0.208593055606,
        "var": 0.0010172087932
    },
    "erbbands_kurtosis": {
        "mean": -0.297730386257,
        "var": 1.8538223505
    },
    "erbbands_skewness": {
        "mean": 0.0187929868698,
        "var": 0.534965991974
    },
    "erbbands_spread": {
        "mean": 39.3234443665,
        "var": 211.465362549
    },
    "hfc": {
        "mean": 18.2670383453,
        "var": 93.0156326294
    },
    "melbands_crest": {
        "mean": 14.2989311218,
        "var": 19.3583774567
    },
    "melbands_flatness_db": {
        "mean": 0.249748960137,
        "var": 0.00392652722076
    },
    "melbands_kurtosis": {
        "mean": 14.1102867126,
        "var": 252.721496582
    },
    "melbands_skewness": {
        "mean": 2.95693612099,
        "var": 2.30496263504
    },
    "melbands_spread": {
        "mean": 19.4225597382,
        "var": 188.677886963
    },
    "pitch_salience": {
        "mean": 0.553292572498,
        "var": 0.0115359071642
    },
    "silence_rate_20dB": {
        "mean": 1,
        "var": 0
    },
    "silence_rate_30dB": {
        "mean": 0.991250634193,
        "var": 0.00867275800556
    },
    "silence_rate_60dB": {
        "mean": 0.00308800814673,
        "var": 0.00307847349904
    },
    "spectral_centroid": {
        "mean": 1348.05310059,
        "var": 433883.34375
    },
    "spectral_complexity": {
        "mean": 24.7092132568,
        "var": 98.6210403442
    },
    "spectral_decrease": {
        "mean": -9.8066665899e-009,
        "var": 4.27667563726e-017
    },
    "spectral_energy": {
        "mean": 0.0386694744229,
        "var": 0.000634735100903
    },
    "spectral_energyband_high": {
        "mean": 0.000352179427864,
        "var": 1.23007879438e-007
    },
    "spectral_energyband_low": {
        "mean": 0.0199181251228,
        "var": 0.000414013164118
    },
    "spectral_energyband_middle_high": {
        "mean": 0.00501386728138,
        "var": 1.08864114736e-005
    },
    "spectral_energyband_middle_low": {
        "mean": 0.0169833470136,
        "var": 0.000148264181917
    },
    "spectral_entropy": {
        "mean": 7.38868522644,
        "var": 0.0821364223957
    },
    "spectral_flux": {
        "mean": 0.0850205421448,
        "var": 0.0016942282673
    },
    "spectral_kurtosis": {
        "mean": 4.08338928223,
        "var": 11.4178686142
    },
    "spectral_rms": {
        "mean": 0.00579934567213,
        "var": 4.09386257161e-006
    },
    "spectral_rolloff": {
        "mean": 1124.39013672,
        "var": 1375237.25
    },
    "spectral_skewness": {
        "mean": 0.977881908417,
        "var": 0.214690864086
    },
    "spectral_spread": {
        "mean": 2761727.5,
        "var": 2.40192323584e+012
    },
    "spectral_strongpeak": {
        "mean": 0.905159175396,
        "var": 1.1389040947
    },
    "zerocrossingrate": {
        "mean": 0.0438008122146,
        "var": 0.000765625562053
    },
    "barkbands": {
        "mean": [0.0002072975185, 0.0107197817415, 0.00574959954247, 0.00510180182755, 0.00453673209995, 0.00172825739719, 0.000906921981368, 0.00273350742646, 0.00130179594271, 0.00102624751162, 0.000386551109841, 0.000330636801664, 0.000442501943326, 0.000428688508691, 0.000491338025313, 0.000486904173158, 0.000725152145606, 0.000381417426979, 0.000464625365566, 0.000327570043737, 0.000151466971147, 2.65134531219e-005, 1.03036200017e-005, 2.70408486358e-006, 8.69427992711e-007, 3.13403603514e-007, 2.40069866209e-008],
        "var": [1.37600352446e-007, 0.00017825854593, 5.32099984412e-005, 4.84680531372e-005, 2.40660046984e-005, 2.11417750506e-006, 1.99013288693e-006, 2.6562191124e-005, 1.09910624815e-005, 6.93809943186e-006, 2.11787138937e-007, 3.11377476692e-007, 7.73691965605e-007, 1.70268435795e-007, 2.0631958364e-007, 2.21836145897e-007, 1.48231868025e-006, 1.60055023457e-007, 1.6882900411e-007, 1.00413188875e-007, 2.83245089605e-008, 1.2499755675e-009, 2.50781756472e-010, 1.0619963936e-010, 1.90963460323e-011, 2.76851415057e-012, 2.81193999834e-014]
    },
    "erbbands": {
        "mean": [0.309141248465, 2.41904091835, 5.6355009079, 14.6652336121, 13.2065267563, 16.3767051697, 17.4853363037, 12.3159675598, 11.3726978302, 33.665019989, 54.495010376, 38.6986999512, 37.3705062866, 17.6265354156, 16.767332077, 17.0780601501, 21.7895259857, 24.1598567963, 25.2187423706, 25.7495632172, 28.6624240875, 35.2108917236, 22.7629623413, 22.051492691, 22.4597816467, 15.6308965683, 9.6843328476, 3.40515613556, 1.01413500309, 0.652397453785, 0.266967058182, 0.087529361248, 0.0306782666594, 0.0119849853218, 0.00541531667113, 0.00179633987136, 0.000518077460583, 8.84688924998e-005, 2.21682294068e-005, 4.41782649432e-005],
        "var": [0.21078068018, 8.66550922394, 38.5664672852, 347.250061035, 274.330474854, 389.683074951, 350.304779053, 109.587478638, 79.3047561646, 5717.34667969, 13081.2890625, 8194.35839844, 10261.6308594, 389.21786499, 395.834350586, 807.528930664, 1929.93200684, 481.627868652, 579.688110352, 406.863098145, 1990.5435791, 1519.23278809, 410.480895996, 649.193603516, 378.716278076, 224.294372559, 100.294639587, 16.3169956207, 1.85674011707, 0.686080157757, 0.235597118735, 0.0949094668031, 0.00998490303755, 0.00273163802922, 0.00093794404529, 0.000105680621346, 6.66240293867e-006, 1.1701591518e-007, 9.26956955638e-010, 7.72137520588e-010]
    },
    "gfcc": {
        "mean": [-24.8742904663, 157.354629517, -156.569747925, 49.4737281799, -37.0012512207, -18.5428657532, -16.967004776, -8.82090568542, -16.3050804138, -8.2584066391, -13.1140699387, -12.7904863358, -6.9743437767],
        "cov": [[3894.81103516, 251.03527832, -398.875, 486.566497803, -92.5433959961, 260.415466309, 38.0449104309, 45.9075927734, 128.805084229, -104.05909729, 57.209236145, -59.9151268005, 5.14204549789], [251.03527832, 601.66229248, 212.878753662, -74.5024108887, 243.559310913, -0.584024786949, 197.038497925, 65.9559555054, 113.940238953, 75.6209182739, 84.1430435181, -9.54378795624, 16.7826900482], [-398.875, 212.878753662, 600.387207031, 161.353500366, 251.195266724, 98.2369155884, 117.158119202, 67.2636413574, 33.5666656494, 79.5676574707, 52.0158424377, 49.4801559448, 49.6817970276], [486.566497803, -74.5024108887, 161.353500366, 462.698638916, 77.1697769165, 173.143951416, 53.6503067017, -1.03359389305, 46.0209312439, -37.6324043274, 54.645324707, 11.531375885, 63.2753982544], [-92.5433959961, 243.559310913, 251.195266724, 77.1697769165, 298.437225342, 103.872169495, 133.462356567, 83.926902771, 92.5868911743, 65.9129714966, 59.244846344, 44.4078636169, 35.4489974976], [260.415466309, -0.584024786949, 98.2369155884, 173.143951416, 103.872169495, 179.54045105, 83.5149383545, 57.2153511047, 73.0000534058, 2.3786239624, 44.942150116, 12.5134916306, 30.5116291046], [38.0449104309, 197.038497925, 117.158119202, 53.6503067017, 133.462356567, 83.5149383545, 188.183959961, 85.3964691162, 103.019760132, 46.2522926331, 53.3339958191, -1.69772088528, 23.65858078], [45.9075927734, 65.9559555054, 67.2636413574, -1.03359389305, 83.926902771, 57.2153511047, 85.3964691162, 114.068313599, 75.4553604126, 44.3425788879, 26.0438461304, 20.9925613403, 17.4829521179], [128.805084229, 113.940238953, 33.5666656494, 46.0209312439, 92.5868911743, 73.0000534058, 103.019760132, 75.4553604126, 133.437316895, 36.5097541809, 58.0183181763, 4.85995912552, 9.11477661133], [-104.05909729, 75.6209182739, 79.5676574707, -37.6324043274, 65.9129714966, 2.3786239624, 46.2522926331, 44.3425788879, 36.5097541809, 112.502655029, 45.0838623047, 25.0341243744, -4.51994943619], [57.209236145, 84.1430435181, 52.0158424377, 54.645324707, 59.244846344, 44.942150116, 53.3339958191, 26.0438461304, 58.0183181763, 45.0838623047, 87.4452514648, 20.1192073822, 6.99478244781], [-59.9151268005, -9.54378795624, 49.4801559448, 11.531375885, 44.4078636169, 12.5134916306, -1.69772088528, 20.9925613403, 4.85995912552, 25.0341243744, 20.1192073822, 71.145111084, 23.2911663055], [5.14204549789, 16.7826900482, 49.6817970276, 63.2753982544, 35.4489974976, 30.5116291046, 23.65858078, 17.4829521179, 9.11477661133, -4.51994943619, 6.99478244781, 23.2911663055, 68.0513534546]],
        "icov": [[0.00113666348625, -0.00344204157591, 0.00177720934153, -0.00256635993719, 0.00242133717984, -0.00314801721834, 0.00269689643756, -0.00241670571268, 0.000799321976956, -0.00108681374695, 0.0023850640282, -0.0014236922143, 0.00174803950358], [-0.00344204157591, 0.0158730521798, -0.006210249383, 0.00951274856925, -0.0111028356478, 0.0132643450052, -0.0120533173904, 0.00922398548573, -0.00368197844364, 0.005034877453, -0.0112960767001, 0.00752775883302, -0.00689639989287], [0.00177720934153, -0.006210249383, 0.00612531695515, -0.00538337090984, 0.00194180605467, -0.00515290070325, 0.00404217792675, -0.00486224703491, 0.00392968207598, -0.00340838404372, 0.00440299790353, -0.00273029366508, 0.00280283531174], [-0.00256635993719, 0.00951274856925, -0.00538337090984, 0.0111024761572, -0.00586724374443, 0.00404788833112, -0.00696164695546, 0.00872922874987, -0.00307823391631, 0.00462732231244, -0.00849801395088, 0.00457723112777, -0.00709957350045], [0.00242133717984, -0.0111028356478, 0.00194180605467, -0.00586724374443, 0.0159119796008, -0.0113694583997, 0.00594767509028, -0.00552378082648, -0.000166252459167, -0.00433625979349, 0.00860540382564, -0.0083691328764, 0.00446735555306], [-0.00314801721834, 0.0132643450052, -0.00515290070325, 0.00404788833112, -0.0113694583997, 0.024590594694, -0.0110653741285, 0.00327352480963, -0.00416198279709, 0.00675160624087, -0.0110934544355, 0.0063299802132, -0.00515254214406], [0.00269689643756, -0.0120533173904, 0.00404217792675, -0.00696164695546, 0.00594767509028, -0.0110653741285, 0.0227078367025, -0.0112259052694, -0.0018113097176, -0.00464919954538, 0.00627844734117, 0.00027875698288, 0.00233639287762], [-0.00241670571268, 0.00922398548573, -0.00486224703491, 0.00872922874987, -0.00552378082648, 0.00327352480963, -0.0112259052694, 0.0272652246058, -0.0110284937546, -0.00144489656668, -0.000304783083266, -0.000734761473723, -0.00668723974377], [0.000799321976956, -0.00368197844364, 0.00392968207598, -0.00307823391631, -0.000166252459167, -0.00416198279709, -0.0018113097176, -0.0110284937546, 0.0223679803312, -0.000290265801596, -0.00597946764901, 0.00112012133468, 0.00347263016738], [-0.00108681374695, 0.005034877453, -0.00340838404372, 0.00462732231244, -0.00433625979349, 0.00675160624087, -0.00464919954538, -0.00144489656668, -0.000290265801596, 0.0180575400591, -0.0114093627781, -0.000121007746202, 0.000697796989698], [0.0023850640282, -0.0112960767001, 0.00440299790353, -0.00849801395088, 0.00860540382564, -0.0110934544355, 0.00627844734117, -0.000304783083266, -0.00597946764901, -0.0114093627781, 0.031422175467, -0.010868659243, 0.00621267315], [-0.0014236922143, 0.00752775883302, -0.00273029366508, 0.00457723112777, -0.0083691328764, 0.0063299802132, 0.00027875698288, -0.000734761473723, 0.00112012133468, -0.000121007746202, -0.010868659243, 0.025754051283, -0.0102537265047], [0.00174803950358, -0.00689639989287, 0.00280283531174, -0.00709957350045, 0.00446735555306, -0.00515254214406, 0.00233639287762, -0.00668723974377, 0.00347263016738, 0.000697796989698, 0.00621267315, -0.0102537265047, 0.024159444496]]
    },
    "melbands": {
        "mean": [0.00293690757826, 0.00312741566449, 0.00246449233964, 0.0010210708715, 0.000659319804981, 0.000284826237475, 0.000171323568793, 0.000409455911722, 0.000410848704632, 0.000224937713938, 0.000179252267117, 6.72397509334e-005, 5.40808832739e-005, 4.30288964708e-005, 4.44047545898e-005, 4.12962763221e-005, 4.66105702799e-005, 3.71347523469e-005, 3.30675356963e-005, 4.16304101236e-005, 3.33315474563e-005, 3.95391580241e-005, 2.60532488028e-005, 1.8404718503e-005, 1.73415901372e-005, 1.76965986611e-005, 1.3260495507e-005, 9.69060238276e-006, 6.7900027716e-006, 3.69750750906e-006, 1.29663283133e-006, 5.33157958671e-007, 4.92619790293e-007, 2.90975208372e-007, 1.81214147688e-007, 5.88070143692e-008, 5.20818197458e-008, 2.18360209914e-008, 1.23599059876e-008, 9.19986931081e-009],
        "var": [1.51530275616e-005, 1.04055088741e-005, 8.84701512405e-006, 1.37847928272e-006, 4.66000557253e-007, 5.45277281105e-008, 2.45525075826e-008, 7.86466443969e-007, 7.55535609187e-007, 3.47548819946e-007, 2.54648313103e-007, 6.19734930041e-009, 3.99065447354e-009, 3.86255161189e-009, 6.97991220378e-009, 3.92065757637e-009, 2.15620810096e-009, 1.33333832864e-009, 7.98878407871e-010, 1.98349781044e-009, 5.87223292214e-009, 3.14148596026e-009, 6.86065704247e-010, 3.66006142061e-010, 5.0197751511e-010, 2.56469095961e-010, 1.62742097576e-010, 9.30624674544e-011, 4.80015298343e-011, 2.05102306666e-011, 2.58806387779e-012, 6.63836986683e-013, 4.14384536884e-013, 1.34575876376e-013, 1.40651542063e-013, 8.97890584177e-015, 6.86923933534e-014, 3.99392340015e-015, 2.23260266611e-015, 1.96282584878e-015]
    },
    "mfcc": {
        "mean": [-652.09161377, 171.578872681, -47.2250137329, 62.4303092957, -6.67687320709, 7.82551670074, -1.74132323265, -0.128488972783, -2.1807641983, 4.83058404922, -6.18842029572, -3.54957699776, -2.42073488235],
        "cov": [[2186.79052734, -393.024932861, -4.3221206665, 94.7780075073, 39.4712867737, 190.527053833, -15.866186142, 215.680038452, 15.0382709503, 76.3819732666, 36.8805427551, 58.4683113098, -33.050201416], [-393.024932861, 877.756958008, -7.97130060196, 15.1287708282, 70.5278244019, -20.9354839325, 102.554473877, -6.86830568314, 87.4323806763, 69.8849945068, 107.272293091, 87.4418563843, 107.506401062], [-4.3221206665, -7.97130060196, 352.856079102, 157.066177368, 109.496124268, 107.784706116, 94.4012451172, 42.5062446594, 34.5200920105, 19.5043811798, 10.6597929001, 29.6143550873, -4.00339984894], [94.7780075073, 15.1287708282, 157.066177368, 221.815170288, 96.8022003174, 107.852661133, 73.0241470337, 52.7478179932, 36.2267036438, 36.5109863281, 7.9198102951, 15.8238315582, 12.7737760544], [39.4712867737, 70.5278244019, 109.496124268, 96.8022003174, 182.033203125, 97.7487945557, 70.7068557739, 68.9309463501, 47.8280029297, 29.1352062225, 31.6942481995, 25.7200889587, 39.7510910034], [190.527053833, -20.9354839325, 107.784706116, 107.852661133, 97.7487945557, 149.99508667, 72.2066192627, 70.0278930664, 32.9486656189, 43.857635498, 32.555519104, 28.0010147095, 12.65554142], [-15.866186142, 102.554473877, 94.4012451172, 73.0241470337, 70.7068557739, 72.2066192627, 109.390052795, 49.3947715759, 49.7031593323, 45.3769645691, 35.8534698486, 36.5647544861, 22.5669441223], [215.680038452, -6.86830568314, 42.5062446594, 52.7478179932, 68.9309463501, 70.0278930664, 49.3947715759, 131.33972168, 64.9326782227, 40.5943641663, 29.677816391, 27.066286087, 22.2140693665], [15.0382709503, 87.4323806763, 34.5200920105, 36.2267036438, 47.8280029297, 32.9486656189, 49.7031593323, 64.9326782227, 100.667610168, 58.4945678711, 25.0264358521, 25.5323181152, 25.9077224731], [76.3819732666, 69.8849945068, 19.5043811798, 36.5109863281, 29.1352062225, 43.857635498, 45.3769645691, 40.5943641663, 58.4945678711, 90.3695373535, 53.5520401001, 38.2694778442, 23.3112354279], [36.8805427551, 107.272293091, 10.6597929001, 7.9198102951, 31.6942481995, 32.555519104, 35.8534698486, 29.677816391, 25.0264358521, 53.5520401001, 99.468788147, 69.5421295166, 40.2865409851], [58.4683113098, 87.4418563843, 29.6143550873, 15.8238315582, 25.7200889587, 28.0010147095, 36.5647544861, 27.066286087, 25.5323181152, 38.2694778442, 69.5421295166, 105.614364624, 61.6947288513], [-33.050201416, 107.506401062, -4.00339984894, 12.7737760544, 39.7510910034, 12.65554142, 22.5669441223, 22.2140693665, 25.9077224731, 23.3112354279, 40.2865409851, 61.6947288513, 95.6059799194]],
        "icov": [[0.000755966291763, 0.000115877810458, 0.000231741098105, -0.000108482250653, 0.000140388772707, -0.000850957527291, 0.000976051029284, -0.00144024915062, 0.000816968618892, -0.000815998588223, 0.000548308598809, -0.00102503295057, 0.00072173884837], [0.000115877810458, 0.0019226311706, 0.000425185571657, -0.000308006856358, -0.000476830435218, 0.00125523994211, -0.00190135440789, 0.00126662466209, -0.0014492648188, 0.000519893248565, -0.0018421264831, 0.000401484692702, -0.00109321507625], [0.000231741098105, 0.000425185571657, 0.00541540514678, -0.00246541714296, -0.00143811770249, -0.000786746037193, -0.002451894572, 0.000891166913789, -0.000909800000954, 0.00171945523471, 0.000581044645514, -0.00274705165066, 0.00258706579916], [-0.000108482250653, -0.000308006856358, -0.00246541714296, 0.00900453515351, -0.00106643594336, -0.00356671074405, -0.00079504866153, -0.000178707297891, 0.00095274875639, -0.00253884564154, 0.00292865396477, 0.000592186755966, -0.00110811460763], [0.000140388772707, -0.000476830435218, -0.00143811770249, -0.00106643594336, 0.0118375560269, -0.0051149642095, -0.000927441869862, -0.00193728180602, -0.00216293497942, 0.00352989509702, -0.0026806788519, 0.00381927611306, -0.00451828259975], [-0.000850957527291, 0.00125523994211, -0.000786746037193, -0.00356671074405, -0.0051149642095, 0.0190982185304, -0.00627710716799, -0.0025219663512, 0.00381795200519, -0.00373970228247, -0.00176959275268, 0.000298303581076, 0.000834624574054], [0.000976051029284, -0.00190135440789, -0.002451894572, -0.00079504866153, -0.000927441869862, -0.00627710716799, 0.0225684549659, -0.00310759688728, -0.00185611506458, -0.00366258039139, 0.00122302339878, -0.00369001296349, 0.00235230685212], [-0.00144024915062, 0.00126662466209, 0.000891166913789, -0.000178707297891, -0.00193728180602, -0.0025219663512, -0.00310759688728, 0.0184095706791, -0.0115078566596, 0.00482052145526, -0.00406201416627, 0.0017506229924, -0.00174054584932], [0.000816968618892, -0.0014492648188, -0.000909800000954, 0.00095274875639, -0.00216293497942, 0.00381795200519, -0.00185611506458, -0.0115078566596, 0.027243245393, -0.0164748392999, 0.0083309262991, -0.00190569390543, -0.000393666501623], [-0.000815998588223, 0.000519893248565, 0.00171945523471, -0.00253884564154, 0.00352989509702, -0.00373970228247, -0.00366258039139, 0.00482052145526, -0.0164748392999, 0.0304011255503, -0.0141279092059, 0.0025385399349, -0.000316696037771], [0.000548308598809, -0.0018421264831, 0.000581044645514, 0.00292865396477, -0.0026806788519, -0.00176959275268, 0.00122302339878, -0.00406201416627, 0.0083309262991, -0.0141279092059, 0.0286190118641, -0.0149354822934, 0.00266354111955], [-0.00102503295057, 0.000401484692702, -0.00274705165066, 0.000592186755966, 0.00381927611306, 0.000298303581076, -0.00369001296349, 0.0017506229924, -0.00190569390543, 0.0025385399349, -0.0149354822934, 0.0276497025043, -0.0138146150857], [0.00072173884837, -0.00109321507625, 0.00258706579916, -0.00110811460763, -0.00451828259975, 0.000834624574054, 0.00235230685212, -0.00174054584932, -0.000393666501623, -0.000316696037771, 0.00266354111955, -0.0138146150857, 0.0217882078141]]
    },
    "spectral_contrast_coeffs": {
        "mean": [-0.60597628355, -0.731911718845, -0.768106579781, -0.780247449875, -0.793258845806, -0.654670596123],
        "var": [0.0093692438677, 0.00518188299611, 0.00409523304552, 0.00172147934791, 0.000899951381143, 0.00124173169024]
    },
    "spectral_contrast_valleys": {
        "mean": [-6.99865961075, -6.48915433884, -7.18189144135, -7.34940433502, -7.0124130249, -12.027967453],
        "var": [1.85157668591, 0.93331515789, 0.916594922543, 0.901821136475, 0.947528600693, 0.735203742981]
    }
},
"metadata": {
    "audio_properties": {
        "analysis_sample_rate": 44100,
        "bit_rate": 121022,
        "equal_loudness": 0,
        "length": 45.0873451233,
        "lossless": 0,
        "replay_gain": -9.80229949951,
        "sample_rate": 44100,
        "codec": "mp3",
        "downmix": "mix",
        "md5_encoded": "7f6882bda4efe47f8acdfdacc8dbc504"
    },
    "tags": {
        "file_name": "887.mp3"
    },
    "version": {
        "essentia": "2.1-beta2",
        "essentia_git_sha": "v2.1_beta2",
        "extractor": "music 1.0"
    }
},
"rhythm": {
    "beats_count": 82,
    "beats_loudness": {
        "mean": 0.0513665378094,
        "var": 0.000631309929304
    },
    "bpm": 111.248245239,
    "bpm_histogram_first_peak_bpm": {
        "mean": 112,
        "var": 0
    },
    "bpm_histogram_first_peak_spread": {
        "mean": 0.555555582047,
        "var": 0
    },
    "bpm_histogram_first_peak_weight": {
        "mean": 0.395061731339,
        "var": 0
    },
    "bpm_histogram_second_peak_bpm": {
        "mean": 101,
        "var": 0
    },
    "bpm_histogram_second_peak_spread": {
        "mean": 0.555555582047,
        "var": 0
    },
    "bpm_histogram_second_peak_weight": {
        "mean": 0.0493827164173,
        "var": 0
    },
    "danceability": 1.32295703888,
    "onset_rate": 3.30342054367,
    "beats_loudness_band_ratio": {
        "mean": [0.578341543674, 0.169238954782, 0.110957190394, 0.0609530359507, 0.0805299654603, 0.0412066429853],
        "var": [0.0372414141893, 0.0101702148095, 0.00932147912681, 0.00193049141672, 0.00349889486097, 0.00139745592605]
    },
    "beats_position": [0.580498874187, 1.14938771725, 1.72988653183, 2.29877543449, 2.87927436829, 3.47138309479, 4.06349182129, 4.65560102463, 5.24770975113, 5.8282084465, 6.38548755646, 6.94276618958, 7.50004529953, 8.05732440948, 8.6146030426, 9.17188167572, 9.70594120026, 10.2516098022, 10.7856683731, 11.3197278976, 11.8653964996, 12.3994560242, 12.933514595, 13.4675731659, 14.0016326904, 14.5240812302, 15.0465307236, 15.5805892944, 16.1030387878, 16.6254863739, 17.1711559296, 17.7168254852, 18.2741031647, 18.8197727203, 19.365442276, 19.8878898621, 20.4335594177, 20.9676189423, 21.5016784668, 22.035736084, 22.5930156708, 23.1270751953, 23.6611328125, 24.195192337, 24.7292518616, 25.2633094788, 25.7973690033, 26.3314285278, 26.865486145, 27.3995456696, 27.9336051941, 28.4792747498, 29.0249423981, 29.5706119537, 30.1046714783, 30.6271190643, 31.1611785889, 31.6952381134, 32.2409057617, 32.7865753174, 33.3206329346, 33.8663024902, 34.4119720459, 34.9460296631, 35.4916992188, 36.0257606506, 36.5714263916, 37.1054878235, 37.6395454407, 38.1852149963, 38.730884552, 39.2765541077, 39.8106117249, 40.3330612183, 40.8555107117, 41.3779602051, 41.9120178223, 42.4692955017, 43.0033569336, 43.560634613, 44.1179122925, 44.6751937866]
},
"tonal": {
    "chords_changes_rate": 0.0452674888074,
    "chords_number_rate": 0.00925925932825,
    "chords_strength": {
        "mean": 0.53324842453,
        "var": 0.00772478524595
    },
    "hpcp_entropy": {
        "mean": 2.04443693161,
        "var": 0.703666329384
    },
    "key_strength": 0.709227502346,
    "tuning_diatonic_strength": 0.589991927147,
    "tuning_equal_tempered_deviation": 0.0796489268541,
    "tuning_frequency": 443.316436768,
    "tuning_nontempered_energy_ratio": 0.717354178429,
    "hpcp": {
        "mean": [0.242032304406, 0.144387587905, 0.0643783509731, 0.0572568066418, 0.0643547996879, 0.118712335825, 0.151111349463, 0.16500146687, 0.265986442566, 0.253687471151, 0.119158565998, 0.0783145949244, 0.0818298384547, 0.0977093949914, 0.253733485937, 0.333161890507, 0.184274494648, 0.0801023468375, 0.0586327984929, 0.0655156746507, 0.144906431437, 0.192757636309, 0.142925739288, 0.126059308648, 0.113435439765, 0.071208961308, 0.073666639626, 0.0750950500369, 0.070257499814, 0.160388559103, 0.21224476397, 0.118478946388, 0.0478001534939, 0.0467097647488, 0.0735928416252, 0.179773658514],
        "var": [0.105422213674, 0.0372033901513, 0.0149910049513, 0.0147500708699, 0.0175893381238, 0.0410062782466, 0.0594140291214, 0.0504327937961, 0.117119565606, 0.114887103438, 0.0391217544675, 0.0300501510501, 0.0344056412578, 0.0321268215775, 0.0884403437376, 0.14271594584, 0.0542079433799, 0.0290623866022, 0.019455710426, 0.0172971785069, 0.0517881028354, 0.0841318517923, 0.042318597436, 0.0584565214813, 0.0602365359664, 0.0207560248673, 0.0168757494539, 0.0197353940457, 0.0132664367557, 0.056400578469, 0.106534399092, 0.0427600592375, 0.00921242218465, 0.0117372376844, 0.0203454289585, 0.0590748228133]
    },
    "chords_histogram": [15.843621254, 1.95473253727, 25.5144023895, 2.57201647758, 7.71604919434, 0, 4.01234579086, 0.308641970158, 5.14403295517, 0, 0, 0, 0, 0, 0, 0, 0, 0, 0, 0, 0, 7.40740728378, 0, 29.5267486572],
    "thpcp": [1, 0.553107976913, 0.240430697799, 0.175988912582, 0.196648165584, 0.434942990541, 0.578570485115, 0.42899787426, 0.378372520208, 0.340481430292, 0.213736817241, 0.22111363709, 0.225401073694, 0.210880964994, 0.481413275003, 0.637061953545, 0.355619758368, 0.143474251032, 0.140201404691, 0.220892131329, 0.53959852457, 0.726470530033, 0.433385670185, 0.193234443665, 0.171858817339, 0.193163752556, 0.356320261955, 0.453567326069, 0.495259135962, 0.798369944096, 0.761454045773, 0.357659637928, 0.235064685345, 0.245615839958, 0.293279021978, 0.761592149734],
    "chords_key": "A",
    "chords_scale": "minor",
    "key_key": "C",
    "key_scale": "major"
}
}