{
"lowlevel": {
    "average_loudness": 0.982579171658,
    "barkbands_crest": {
        "mean": 9.98250102997,
        "var": 19.4784412384
    },
    "barkbands_flatness_db": {
        "mean": 0.141046673059,
        "var": 0.00211988994852
    },
    "barkbands_kurtosis": {
        "mean": 3.68730211258,
        "var": 79.7850799561
    },
    "barkbands_skewness": {
        "mean": 1.52629864216,
        "var": 2.0399415493
    },
    "barkbands_spread": {
        "mean": 27.7878417969,
        "var": 141.512924194
    },
    "dissonance": {
        "mean": 0.47641992569,
        "var": 0.000203430769034
    },
    "dynamic_complexity": 1.73719131947,
    "erbbands_crest": {
        "mean": 7.89052534103,
        "var": 12.0191316605
    },
    "erbbands_flatness_db": {
        "mean": 0.157374605536,
        "var": 0.00111507961992
    },
    "erbbands_kurtosis": {
        "mean": 0.108581542969,
        "var": 2.02228498459
    },
    "erbbands_skewness": {
        "mean": -0.493594259024,
        "var": 0.353240609169
    },
    "erbbands_spread": {
        "mean": 42.1676712036,
        "var": 245.993255615
    },
    "hfc": {
        "mean": 20.5356216431,
        "var": 118.4296875
    },
    "melbands_crest": {
        "mean": 16.5631446838,
        "var": 27.791311264
    },
    "melbands_flatness_db": {
        "mean": 0.198756590486,
        "var": 0.00439192960039
    },
    "melbands_kurtosis": {
        "mean": 16.7309608459,
        "var": 670.412475586
    },
    "melbands_skewness": {
        "mean": 3.16539621353,
        "var": 4.10866594315
    },
    "melbands_spread": {
        "mean": 29.2730369568,
        "var": 376.000183105
    },
    "pitch_salience": {
        "mean": 0.472867667675,
        "var": 0.0113283600658
    },
    "silence_rate_20dB": {
        "mean": 1,
        "var": 0
    },
    "silence_rate_30dB": {
        "mean": 0.948506712914,
        "var": 0.0488427951932
    },
    "silence_rate_60dB": {
        "mean": 0.0185375902802,
        "var": 0.0181938316673
    },
    "spectral_centroid": {
        "mean": 1719.86303711,
        "var": 513442.78125
    },
    "spectral_complexity": {
        "mean": 21.3244075775,
        "var": 64.0080871582
    },
    "spectral_decrease": {
        "mean": -9.08070418859e-009,
        "var": 8.80087613928e-017
    },
    "spectral_energy": {
        "mean": 0.0361353307962,
        "var": 0.00128634634893
    },
    "spectral_energyband_high": {
        "mean": 0.000842484179884,
        "var": 6.85058523686e-007
    },
    "spectral_energyband_low": {
        "mean": 0.020653354004,
        "var": 0.000992347486317
    },
    "spectral_energyband_middle_high": {
        "mean": 0.005532507319,
        "var": 1.33072344397e-005
    },
    "spectral_energyband_middle_low": {
        "mean": 0.0116624655202,
        "var": 0.000293855991913
    },
    "spectral_entropy": {
        "mean": 7.52837228775,
        "var": 0.108675964177
    },
    "spectral_flux": {
        "mean": 0.112345732749,
        "var": 0.00564960390329
    },
    "spectral_kurtosis": {
        "mean": 3.89035820961,
        "var": 4.75892496109
    },
    "spectral_rms": {
        "mean": 0.00540541857481,
        "var": 6.03538228461e-006
    },
    "spectral_rolloff": {
        "mean": 1704.38134766,
        "var": 1833493.875
    },
    "spectral_skewness": {
        "mean": 1.23405408859,
        "var": 0.112487927079
    },
    "spectral_spread": {
        "mean": 3909912.75,
        "var": 2.89837521306e+012
    },
    "spectral_strongpeak": {
        "mean": 0.69342982769,
        "var": 0.979568183422
    },
    "zerocrossingrate": {
        "mean": 0.0614623390138,
        "var": 0.00102798768785
    },
    "barkbands": {
        "mean": [0.000184305143193, 0.010093215853, 0.00793815776706, 0.00418475829065, 0.00453309668228, 0.000751209736336, 0.000488341262098, 0.000754203123506, 0.000691121327691, 0.000452499079984, 0.00048662617337, 0.00048512549256, 0.000528621021658, 0.000458282185718, 0.000477591907838, 0.000749281782191, 0.000909160240553, 0.000650462752674, 0.000343137449818, 0.000389936380088, 0.000259361666394, 0.000144388992339, 9.65946965152e-005, 3.67028296751e-005, 2.52806621575e-005, 2.34200779232e-005, 4.57123036313e-007],
        "var": [2.92933577839e-007, 0.000551310076844, 9.95135997073e-005, 3.19428254443e-005, 0.000149397339555, 7.28256964067e-007, 7.55097630645e-007, 1.12771283511e-006, 1.00832073713e-006, 2.56457065007e-006, 8.42709198423e-007, 5.15093745435e-007, 5.64732999919e-007, 6.47711146939e-007, 2.87489115181e-007, 1.42972510275e-006, 1.08016240574e-006, 7.51985396619e-007, 7.88790046613e-008, 2.39259577484e-007, 8.61382432049e-008, 2.2234022623e-008, 1.7225731952e-008, 2.02112215852e-009, 1.39639089181e-009, 1.67370695081e-009, 2.67970303065e-012]
    },
    "erbbands": {
        "mean": [0.190604612231, 2.66867828369, 8.65489196777, 12.9358539581, 17.2519512177, 12.6495075226, 7.98072767258, 4.3661570549, 5.57220315933, 9.55409622192, 19.6236038208, 16.4210567474, 17.5385303497, 13.3719453812, 18.4910202026, 20.9234733582, 25.4957847595, 28.3613243103, 22.8433151245, 31.1429615021, 47.4009246826, 41.965713501, 37.830280304, 26.3095531464, 15.7431678772, 18.3464641571, 12.2905340195, 9.65211963654, 5.29403162003, 2.86305379868, 3.3443608284, 1.04358565807, 0.541245043278, 0.267618119717, 0.207778453827, 0.144374758005, 0.0220259111375, 0.00281331711449, 8.68322604219e-005, 4.49859762739e-005],
        "var": [0.261978924274, 33.5843048096, 123.238189697, 233.731430054, 1773.53430176, 1004.53253174, 91.5801391602, 31.400390625, 76.1659240723, 202.460876465, 776.142944336, 483.638183594, 3766.84838867, 405.218658447, 1474.31103516, 756.919677734, 1060.20300293, 1767.11975098, 609.294189453, 2244.4765625, 3276.4206543, 1755.14135742, 2147.72949219, 971.422241211, 170.821456909, 679.572937012, 171.462051392, 135.272903442, 26.936580658, 7.30329990387, 26.9542217255, 1.35536718369, 0.502605021, 0.138684883714, 0.101869918406, 0.0596048682928, 0.00272386334836, 6.65375919198e-005, 3.73197224235e-008, 1.65911606675e-009]
    },
    "gfcc": {
        "mean": [8.52005386353, 95.9653244019, -132.992996216, 57.2174835205, -42.0602264404, 15.3917455673, -35.191783905, 7.26811552048, -24.1227493286, -3.8805410862, -23.8356838226, -5.93166637421, -16.3764572144],
        "cov": [[4646.859375, -163.767227173, -67.3366165161, 48.7113990784, -292.532806396, 138.469650269, -137.799179077, 68.5137634277, -178.649154663, 74.814491272, -144.191680908, 55.8783378601, -80.2742996216], [-163.767227173, 841.469116211, -65.6001434326, 112.36907959, 242.088790894, -73.572517395, 159.197235107, -117.061973572, 120.729553223, -131.91394043, 105.433891296, -92.0117416382, 80.1773223877], [-67.3366165161, -65.6001434326, 555.575561523, 4.89244508743, 77.2085266113, 83.6128616333, -10.8366746902, 47.9874839783, 4.35004520416, 44.244052887, -25.4385852814, 51.6081085205, -28.9613895416], [48.7113990784, 112.36907959, 4.89244508743, 221.95401001, 53.8463630676, 29.3019790649, 92.9587631226, -19.6713943481, 35.3661613464, -11.9632205963, 18.8165073395, -46.9902496338, 55.9186019897], [-292.532806396, 242.088790894, 77.2085266113, 53.8463630676, 295.243225098, 21.9488105774, 41.3108825684, -7.88249111176, 57.0884208679, -39.8435058594, 61.7648162842, 18.595281601, -1.9259057045], [138.469650269, -73.572517395, 83.6128616333, 29.3019790649, 21.9488105774, 151.4165802, 51.5371246338, 40.3825035095, 2.30452394485, 43.2042503357, 11.5934991837, 32.375125885, 1.7375549078], [-137.799179077, 159.197235107, -10.8366746902, 92.9587631226, 41.3108825684, 51.5371246338, 193.895553589, 16.6155376434, 53.4875030518, -5.09604501724, 30.8357944489, -42.8122825623, 45.4984931946], [68.5137634277, -117.061973572, 47.9874839783, -19.6713943481, -7.88249111176, 40.3825035095, 16.6155376434, 119.239898682, 27.8164405823, 32.9920120239, -12.8643331528, 7.61077880859, -17.6167850494], [-178.649154663, 120.729553223, 4.35004520416, 35.3661613464, 57.0884208679, 2.30452394485, 53.4875030518, 27.8164405823, 102.174919128, 9.06475734711, 16.6249332428, -22.5047607422, 14.7435884476], [74.814491272, -131.91394043, 44.244052887, -11.9632205963, -39.8435058594, 43.2042503357, -5.09604501724, 32.9920120239, 9.06475734711, 106.239318848, 15.8155593872, 23.6028842926, -25.891160965], [-144.191680908, 105.433891296, -25.4385852814, 18.8165073395, 61.7648162842, 11.5934991837, 30.8357944489, -12.8643331528, 16.6249332428, 15.8155593872, 98.8242950439, 19.2365894318, 6.60110712051], [55.8783378601, -92.0117416382, 51.6081085205, -46.9902496338, 18.595281601, 32.375125885, -42.8122825623, 7.61077880859, -22.5047607422, 23.6028842926, 19.2365894318, 121.138832092, -16.1708717346], [-80.2742996216, 80.1773223877, -28.9613895416, 55.9186019897, -1.9259057045, 1.7375549078, 45.4984931946, -17.6167850494, 14.7435884476, -25.891160965, 6.60110712051, -16.1708717346, 99.1339187622]],
        "icov": [[0.000366233347449, -0.000695452617947, 0.00021088666108, -0.000567161827348, 0.00046798074618, -0.000540690321941, 0.000585665984545, -0.000835792045109, 0.00107663939707, -0.000622493796982, 0.000897165038623, -0.000444379635155, 0.000386871572118], [-0.000695452617947, 0.00536884879693, -0.000776622211561, 0.00185415591113, -0.00226074480452, 0.00189545238391, -0.00302584422752, 0.00510939350352, -0.00568089913577, 0.00467739999294, -0.00470175268129, 0.00252296682447, -0.00116741342936], [0.00021088666108, -0.000776622211561, 0.00244960701093, -0.000588345981669, -0.000594820245169, -0.00115084415302, 0.000689968466759, -0.00116277334746, 0.0012045110343, -0.00167891941965, 0.00225214008242, -0.000996336806566, 0.000401585712098], [-0.000567161827348, 0.00185415591113, -0.000588345981669, 0.00797305628657, -0.00205408292823, -0.000115627794003, -0.0030446187593, 0.00351707846858, -0.00270430580713, 0.000849582604133, -0.0018568347441, 0.00324003235437, -0.00336738419719], [0.00046798074618, -0.00226074480452, -0.000594820245169, -0.00205408292823, 0.00716197909787, -0.00210662698373, 0.00176762940828, -0.00172422896139, -0.00106959673576, 0.00258402084, -0.00163685262669, -0.00234679644927, 0.00281078391708], [-0.000540690321941, 0.00189545238391, -0.00115084415302, -0.000115627794003, -0.00210662698373, 0.0118911676109, -0.00476758228615, -0.000596305064391, 0.000637231452856, -0.00228680623695, -0.00105335260741, -0.00181342475116, -0.00132669555023], [0.000585665984545, -0.00302584422752, 0.000689968466759, -0.0030446187593, 0.00176762940828, -0.00476758228615, 0.011095081456, -0.00392572861165, 0.000476596498629, -0.00103944470175, 0.000230243575061, 0.00125020882115, -0.000985240912996], [-0.000835792045109, 0.00510939350352, -0.00116277334746, 0.00351707846858, -0.00172422896139, -0.000596305064391, -0.00392572861165, 0.0166746918112, -0.00959033798426, 0.00279391254298, -0.00237825117074, 0.00220450060442, 0.000283155153738], [0.00107663939707, -0.00568089913577, 0.0012045110343, -0.00270430580713, -0.00106959673576, 0.000637231452856, 0.000476596498629, -0.00959033798426, 0.0220445785671, -0.00900247879326, 0.00557928159833, -0.000743407639675, -0.000733787950594], [-0.000622493796982, 0.00467739999294, -0.00167891941965, 0.000849582604133, 0.00258402084, -0.00228680623695, -0.00103944470175, 0.00279391254298, -0.00900247879326, 0.0201624240726, -0.00923931412399, 0.00084506731946, 0.00316493655555], [0.000897165038623, -0.00470175268129, 0.00225214008242, -0.0018568347441, -0.00163685262669, -0.00105335260741, 0.000230243575061, -0.00237825117074, 0.00557928159833, -0.00923931412399, 0.0196644999087, -0.00514705432579, 0.000301005900837], [-0.000444379635155, 0.00252296682447, -0.000996336806566, 0.00324003235437, -0.00234679644927, -0.00181342475116, 0.00125020882115, 0.00220450060442, -0.000743407639675, 0.00084506731946, -0.00514705432579, 0.0134743917733, -0.00184292474296], [0.000386871572118, -0.00116741342936, 0.000401585712098, -0.00336738419719, 0.00281078391708, -0.00132669555023, -0.000985240912996, 0.000283155153738, -0.000733787950594, 0.00316493655555, 0.000301005900837, -0.00184292474296, 0.0145570104942]]
    },
    "melbands": {
        "mean": [0.00234780739993, 0.00432569906116, 0.00236817472614, 0.00118949834723, 0.000283884408418, 0.000106652274553, 9.24923078855e-005, 0.000108564454422, 0.000159546005307, 0.00010228373867, 8.42682129587e-005, 4.95044696436e-005, 5.88245675317e-005, 4.71294479212e-005, 5.87482645642e-005, 6.06718567724e-005, 5.18595879839e-005, 3.34034120897e-005, 3.39917096426e-005, 5.71107229916e-005, 5.65019945498e-005, 4.8258480092e-005, 3.60201811418e-005, 2.91608121188e-005, 2.07762477658e-005, 1.11311182991e-005, 1.00076804301e-005, 1.38563036671e-005, 7.56059580453e-006, 7.4415374911e-006, 4.99389125252e-006, 3.27126895172e-006, 2.04169896278e-006, 1.28753845274e-006, 2.23718825509e-006, 9.59157318903e-007, 5.21795868735e-007, 3.93262723719e-007, 2.82514434957e-007, 2.02826484497e-007],
        "var": [3.44376203429e-005, 3.93917434849e-005, 8.2446840679e-006, 1.04008313428e-005, 1.20222338751e-007, 1.62054298869e-008, 2.33139143546e-008, 2.35136194959e-008, 5.22541974135e-008, 2.33308181663e-008, 9.40795246152e-008, 6.49470344172e-009, 1.59726294413e-008, 3.93335408688e-009, 1.08535775922e-008, 1.032815522e-008, 8.51392290002e-009, 1.73529846048e-009, 1.93532101456e-009, 9.77401448665e-009, 5.52060797077e-009, 2.60852006662e-009, 2.03691863376e-009, 1.48567935732e-009, 7.26692372943e-010, 1.05478348278e-010, 1.08666631249e-010, 5.60655799564e-010, 6.39402766844e-011, 1.01947728037e-010, 3.39575728647e-011, 1.3416547387e-011, 4.43752890336e-012, 1.63006912655e-012, 1.41008602364e-011, 1.27805567778e-012, 4.58109570244e-013, 2.79349514441e-013, 1.68339639645e-013, 8.34374344789e-014]
    },
    "mfcc": {
        "mean": [-626.148254395, 113.840515137, -18.2974147797, 44.5442504883, 12.9310512543, 15.3420095444, -0.0352740511298, 10.2286186218, 3.38606333733, 0.890342414379, -2.07396888733, 2.11184048653, -5.06908559799],
        "cov": [[2427.46166992, -199.997390747, 138.872039795, -91.9433822632, -150.833999634, -8.75022315979, 20.9736480713, -35.4365501404, -1.46179175377, 23.3841362, -46.1911315918, -55.7432365417, -53.0065155029], [-199.997390747, 691.714599609, -74.6692581177, 126.232978821, 135.736831665, 65.4297714233, 17.0692119598, 67.0213775635, -2.49098324776, -29.4126319885, 22.7716083527, 8.49098682404, 44.0185394287], [138.872039795, -74.6692581177, 367.577575684, -5.79716825485, 14.3033809662, 35.3706359863, 27.7712345123, 0.944367229939, 32.9208488464, 47.1419334412, -5.11964797974, -4.04487323761, -15.114358902], [-91.9433822632, 126.232978821, -5.79716825485, 204.229629517, 41.5785751343, 63.5062637329, 33.5059089661, 16.2166538239, 36.4826545715, 6.31854724884, 6.85112476349, 7.63220405579, -5.84131336212], [-150.833999634, 135.736831665, 14.3033809662, 41.5785751343, 224.683822632, 22.0593986511, 3.34262037277, 40.7934608459, -12.437836647, -25.1398639679, 22.6605453491, 19.3835582733, 30.4981689453], [-8.75022315979, 65.4297714233, 35.3706359863, 63.5062637329, 22.0593986511, 152.40927124, 52.7022361755, 35.7655830383, 11.0689105988, 13.1985025406, 9.78860759735, 10.6571826935, 23.644990921], [20.9736480713, 17.0692119598, 27.7712345123, 33.5059089661, 3.34262037277, 52.7022361755, 124.0728302, 34.1459083557, 22.7472839355, 24.8046627045, 10.7447738647, 2.82698440552, 1.71693885326], [-35.4365501404, 67.0213775635, 0.944367229939, 16.2166538239, 40.7934608459, 35.7655830383, 34.1459083557, 109.721992493, 22.2289295197, 1.47111260891, 10.9684209824, 7.20400476456, 22.6212921143], [-1.46179175377, -2.49098324776, 32.9208488464, 36.4826545715, -12.437836647, 11.0689105988, 22.7472839355, 22.2289295197, 121.296096802, 53.9138298035, 6.66881799698, -6.56057214737, -23.9909687042], [23.3841362, -29.4126319885, 47.1419334412, 6.31854724884, -25.1398639679, 13.1985025406, 24.8046627045, 1.47111260891, 53.9138298035, 103.103263855, 28.3844451904, 11.8165636063, -14.1166620255], [-46.1911315918, 22.7716083527, -5.11964797974, 6.85112476349, 22.6605453491, 9.78860759735, 10.7447738647, 10.9684209824, 6.66881799698, 28.3844451904, 81.9438018799, 35.4366912842, 10.59815979], [-55.7432365417, 8.49098682404, -4.04487323761, 7.63220405579, 19.3835582733, 10.6571826935, 2.82698440552, 7.20400476456, -6.56057214737, 11.8165636063, 35.4366912842, 75.9472045898, 48.0037727356], [-53.0065155029, 44.0185394287, -15.114358902, -5.84131336212, 30.4981689453, 23.644990921, 1.71693885326, 22.6212921143, -23.9909687042, -14.1166620255, 10.59815979, 48.0037727356, 108.273040771]],
        "icov": [[0.000452314881841, 3.87917934859e-005, -0.000157665301231, 0.000133688619826, 0.000239088214585, -4.52428357676e-005, -9.60739926086e-005, 1.18683556138e-005, 7.82035931479e-005, -1.89014226635e-005, 8.48705312819e-005, 0.000188717167475, 5.53343852516e-005], [3.87917934859e-005, 0.00196228199638, 0.000359305238817, -0.000992611865513, -0.000778134854045, -0.000265829992713, 0.000198241119506, -0.000638701603748, 0.000159216826432, 0.000105866187369, -0.000435386609752, 0.000828527496196, -0.000650271191262], [-0.000157665301231, 0.000359305238817, 0.00322640920058, 0.000352423347067, -0.000847924675327, -0.000862019369379, -0.0002588382049, 0.000274590507615, -0.000359817844583, -0.00137959164567, 0.000830097240396, -0.000109321008495, 0.000327583489707], [0.000133688619826, -0.000992611865513, 0.000352423347067, 0.00706092547625, -0.000765641743783, -0.00254482985474, -0.000879500294104, 0.00112800195348, -0.00230528018437, 0.000892720476259, 0.000682930287439, -0.00178439880256, 0.00177868979517], [0.000239088214585, -0.000778134854045, -0.000847924675327, -0.000765641743783, 0.00600528111681, 0.000272437318927, 0.00035257669515, -0.00158836215269, 0.00048755473108, 0.00166423956398, -0.0015965354396, -0.000260723259998, -0.00055417814292], [-4.52428357676e-005, -0.000265829992713, -0.000862019369379, -0.00254482985474, 0.000272437318927, 0.00948302168399, -0.00264750467613, -0.00159204844385, 0.000926317530684, -0.0007877733442, -0.000289963034447, 0.00075028964784, -0.00214648898691], [-9.60739926086e-005, 0.000198241119506, -0.0002588382049, -0.000879500294104, 0.00035257669515, -0.00264750467613, 0.0105395931751, -0.00256905914284, -4.12641093135e-005, -0.00167555792723, -0.000514376733918, 0.000446251797257, 0.000262160087004], [1.18683556138e-005, -0.000638701603748, 0.000274590507615, 0.00112800195348, -0.00158836215269, -0.00159204844385, -0.00256905914284, 0.0123596424237, -0.00318560074084, 0.0013912729919, -0.000883206375875, 0.000839324027766, -0.00219192937948], [7.82035931479e-005, 0.000159216826432, -0.000359817844583, -0.00230528018437, 0.00048755473108, 0.000926317530684, -4.12641093135e-005, -0.00318560074084, 0.0127753056586, -0.00643682293594, 0.000921934610233, 0.000965886632912, 0.00159856933169], [-1.89014226635e-005, 0.000105866187369, -0.00137959164567, 0.000892720476259, 0.00166423956398, -0.0007877733442, -0.00167555792723, 0.0013912729919, -0.00643682293594, 0.0163705851883, -0.00486145960167, -0.00232995161787, 0.00145943544339], [8.48705312819e-005, -0.000435386609752, 0.000830097240396, 0.000682930287439, -0.0015965354396, -0.000289963034447, -0.000514376733918, -0.000883206375875, 0.000921934610233, -0.00486145960167, 0.018030744046, -0.00865986850113, 0.00272194785066], [0.000188717167475, 0.000828527496196, -0.000109321008495, -0.00178439880256, -0.000260723259998, 0.00075028964784, 0.000446251797257, 0.000839324027766, 0.000965886632912, -0.00232995161787, -0.00865986850113, 0.0245308242738, -0.0107468729839], [5.53343852516e-005, -0.000650271191262, 0.000327583489707, 0.00177868979517, -0.00055417814292, -0.00214648898691, 0.000262160087004, -0.00219192937948, 0.00159856933169, 0.00145943544339, 0.00272194785066, -0.0107468729839, 0.0157904848456]]
    },
    "spectral_contrast_coeffs": {
        "mean": [-0.614223003387, -0.722722232342, -0.758900880814, -0.746002137661, -0.741816818714, -0.697526991367],
        "var": [0.00590966502205, 0.00428737839684, 0.00392595026642, 0.0032208149787, 0.00271536200307, 0.00208494742401]
    },
    "spectral_contrast_valleys": {
        "mean": [-7.05545091629, -7.14644861221, -7.57132673264, -7.56389808655, -7.38958311081, -10.6106767654],
        "var": [1.27908289433, 1.14989244938, 1.04275393486, 0.973985254765, 0.978166818619, 1.09925091267]
    }
},
"metadata": {
    "audio_properties": {
        "analysis_sample_rate": 44100,
        "bit_rate": 110728,
        "equal_loudness": 0,
        "length": 45.0612258911,
        "lossless": 0,
        "replay_gain": -14.6051864624,
        "sample_rate": 44100,
        "codec": "mp3",
        "downmix": "mix",
        "md5_encoded": "1ca4830caf3ad6b7db9a3a5901ddbfa4"
    },
    "tags": {
        "file_name": "889.mp3"
    },
    "version": {
        "essentia": "2.1-beta2",
        "essentia_git_sha": "v2.1_beta2",
        "extractor": "music 1.0"
    }
},
"rhythm": {
    "beats_count": 102,
    "beats_loudness": {
        "mean": 0.0338018611073,
        "var": 0.000208190758713
    },
    "bpm": 137.816375732,
    "bpm_histogram_first_peak_bpm": {
        "mean": 136,
        "var": 0
    },
    "bpm_histogram_first_peak_spread": {
        "mean": 0.494382023811,
        "var": 0
    },
    "bpm_histogram_first_peak_weight": {
        "mean": 0.445544540882,
        "var": 0
    },
    "bpm_histogram_second_peak_bpm": {
        "mean": 144,
        "var": 0
    },
    "bpm_histogram_second_peak_spread": {
        "mean": 0,
        "var": 0
    },
    "bpm_histogram_second_peak_weight": {
        "mean": 0.0594059415162,
        "var": 0
    },
    "danceability": 1.55643200874,
    "onset_rate": 4.41422367096,
    "beats_loudness_band_ratio": {
        "mean": [0.469615846872, 0.198743805289, 0.0873029008508, 0.0818546488881, 0.137262552977, 0.0775120854378],
        "var": [0.0346765629947, 0.0113011496142, 0.00381102017127, 0.00315685011446, 0.0056964433752, 0.00175545585807]
    },
    "beats_position": [0.46439909935, 0.905578196049, 1.369977355, 1.84598636627, 2.32199549675, 2.80961441994, 3.27401351929, 3.73841261864, 4.17959165573, 4.62077093124, 5.05034017563, 5.47990942001, 5.92108821869, 6.35065746307, 6.78022670746, 7.22140598297, 7.63936471939, 8.08054447174, 8.51011276245, 8.93968200684, 9.36925125122, 9.79882049561, 10.2399997711, 10.6811790466, 11.1223583221, 11.5519275665, 11.9814968109, 12.4226751328, 12.840634346, 13.2818136215, 13.722992897, 14.1641721725, 14.6053514481, 15.0465307236, 15.4760990143, 15.9056682587, 16.3468475342, 16.7764167786, 17.2059860229, 17.6355552673, 18.0651245117, 18.5063037872, 18.9474830627, 19.3886623383, 19.8182315826, 20.247800827, 20.6889801025, 21.1301574707, 21.5597267151, 21.9892959595, 22.430475235, 22.8716545105, 23.312833786, 23.7540130615, 24.195192337, 24.6363716125, 25.0659408569, 25.4955101013, 25.9366893768, 26.3778686523, 26.8074378967, 27.2486171722, 27.6781845093, 28.0961437225, 28.5257129669, 28.9552822113, 29.3848514557, 29.8144207001, 30.2555999756, 30.6735591888, 31.1147384644, 31.5443077087, 31.9738769531, 32.4150543213, 32.8562355042, 33.2974128723, 33.7269821167, 34.1565513611, 34.5977325439, 35.0389099121, 35.480091095, 35.9096603394, 36.3392295837, 36.7804069519, 37.2099761963, 37.6279373169, 38.0691146851, 38.5102958679, 38.9398651123, 39.3810424805, 39.8222198486, 40.251789093, 40.6813583374, 41.1225395203, 41.5521087646, 41.981678009, 42.4112472534, 42.8408164978, 43.2703857422, 43.6999549866, 44.1179122925, 44.5590934753]
},
"tonal": {
    "chords_changes_rate": 0.0761316865683,
    "chords_number_rate": 0.0102880662307,
    "chords_strength": {
        "mean": 0.520625352859,
        "var": 0.00774741452187
    },
    "hpcp_entropy": {
        "mean": 1.94891393185,
        "var": 0.507843792439
    },
    "key_strength": 0.669387102127,
    "tuning_diatonic_strength": 0.501639306545,
    "tuning_equal_tempered_deviation": 0.0240207184106,
    "tuning_frequency": 440.763122559,
    "tuning_nontempered_energy_ratio": 0.680973351002,
    "hpcp": {
        "mean": [0.107759810984, 0.0941020324826, 0.138476639986, 0.204243570566, 0.143778026104, 0.0689513087273, 0.0661392360926, 0.0855845361948, 0.179725572467, 0.230273619294, 0.150211155415, 0.0916427671909, 0.0868323966861, 0.0876292064786, 0.165727198124, 0.282666116953, 0.250577807426, 0.184464693069, 0.169686883688, 0.0994073674083, 0.0564257875085, 0.0596584454179, 0.0638758838177, 0.12885594368, 0.172065421939, 0.100263878703, 0.0494800433517, 0.0539842024446, 0.0776197686791, 0.174778774381, 0.24378041923, 0.182758167386, 0.13387799263, 0.132503882051, 0.110464408994, 0.10473626107],
        "var": [0.0414734631777, 0.0362374298275, 0.0459267012775, 0.0932930931449, 0.0523089617491, 0.0179162472486, 0.0213916487992, 0.0285758338869, 0.0624392591417, 0.0966385900974, 0.0531421378255, 0.0378115698695, 0.0387505851686, 0.0395132750273, 0.0515875443816, 0.112039096653, 0.0765302181244, 0.060836520046, 0.0828224644065, 0.0348746739328, 0.0142416134477, 0.0193686429411, 0.0188496187329, 0.0412989482284, 0.0681351944804, 0.0248864293098, 0.0130177885294, 0.0180061440915, 0.0283647943288, 0.0699304565787, 0.112735643983, 0.0705728456378, 0.0618877895176, 0.0690801665187, 0.051359642297, 0.0419481247663]
    },
    "chords_histogram": [17.5925922394, 10.1851854324, 12.6543207169, 25.8230457306, 2.05761313438, 5.04115247726, 0, 0.925925910473, 0, 12.1399173737, 0, 1.02880656719, 0, 0, 0, 0, 0, 0, 0, 0, 0, 0, 4.93827152252, 7.61316871643],
    "thpcp": [1, 0.886479794979, 0.652588605881, 0.600308537483, 0.351677685976, 0.199619919062, 0.211056232452, 0.22597643733, 0.455859184265, 0.608723223209, 0.354707807302, 0.175047665834, 0.190982222557, 0.274598777294, 0.618322312832, 0.862432420254, 0.646551370621, 0.473625898361, 0.46876463294, 0.390794664621, 0.370529949665, 0.381226480007, 0.332908779383, 0.489894717932, 0.722561180592, 0.508649647236, 0.243931993842, 0.2339836061, 0.302776068449, 0.635822832584, 0.814648807049, 0.531408429146, 0.324208527803, 0.307190686464, 0.310009598732, 0.586300194263],
    "chords_key": "A#",
    "chords_scale": "major",
    "key_key": "C",
    "key_scale": "minor"
}
}