{
"lowlevel": {
    "average_loudness": 0.874248981476,
    "barkbands_crest": {
        "mean": 9.44314289093,
        "var": 6.13801574707
    },
    "barkbands_flatness_db": {
        "mean": 0.174879685044,
        "var": 0.0010014573345
    },
    "barkbands_kurtosis": {
        "mean": 5.55824184418,
        "var": 26.147310257
    },
    "barkbands_skewness": {
        "mean": 2.12630677223,
        "var": 0.721621453762
    },
    "barkbands_spread": {
        "mean": 13.6851224899,
        "var": 34.4067764282
    },
    "dissonance": {
        "mean": 0.475703716278,
        "var": 0.000232374120969
    },
    "dynamic_complexity": 3.83975124359,
    "erbbands_crest": {
        "mean": 7.93548679352,
        "var": 8.25061416626
    },
    "erbbands_flatness_db": {
        "mean": 0.18622609973,
        "var": 0.00042419048259
    },
    "erbbands_kurtosis": {
        "mean": -0.865365862846,
        "var": 0.458143800497
    },
    "erbbands_skewness": {
        "mean": 0.267066806555,
        "var": 0.246922537684
    },
    "erbbands_spread": {
        "mean": 42.0248794556,
        "var": 98.5885696411
    },
    "hfc": {
        "mean": 12.4366254807,
        "var": 118.002349854
    },
    "melbands_crest": {
        "mean": 14.9156675339,
        "var": 21.4192619324
    },
    "melbands_flatness_db": {
        "mean": 0.254033505917,
        "var": 0.00157115445472
    },
    "melbands_kurtosis": {
        "mean": 15.6239719391,
        "var": 111.903526306
    },
    "melbands_skewness": {
        "mean": 3.24847865105,
        "var": 1.15756201744
    },
    "melbands_spread": {
        "mean": 13.294421196,
        "var": 67.1162643433
    },
    "pitch_salience": {
        "mean": 0.571130335331,
        "var": 0.00664239097387
    },
    "silence_rate_20dB": {
        "mean": 1,
        "var": 0
    },
    "silence_rate_30dB": {
        "mean": 0.981471955776,
        "var": 0.0181847959757
    },
    "silence_rate_60dB": {
        "mean": 0.124549664557,
        "var": 0.109037183225
    },
    "spectral_centroid": {
        "mean": 866.032043457,
        "var": 241218.4375
    },
    "spectral_complexity": {
        "mean": 16.633556366,
        "var": 90.0822067261
    },
    "spectral_decrease": {
        "mean": -6.98115121267e-009,
        "var": 4.26068061119e-017
    },
    "spectral_energy": {
        "mean": 0.0274765789509,
        "var": 0.000649959547445
    },
    "spectral_energyband_high": {
        "mean": 8.65610127221e-005,
        "var": 1.52550043708e-008
    },
    "spectral_energyband_low": {
        "mean": 0.0102940956131,
        "var": 0.000110427405161
    },
    "spectral_energyband_middle_high": {
        "mean": 0.00376219116151,
        "var": 1.79734761332e-005
    },
    "spectral_energyband_middle_low": {
        "mean": 0.0182021874934,
        "var": 0.000348845176632
    },
    "spectral_entropy": {
        "mean": 7.17659139633,
        "var": 0.0586636289954
    },
    "spectral_flux": {
        "mean": 0.067762054503,
        "var": 0.00265537248924
    },
    "spectral_kurtosis": {
        "mean": 6.56617164612,
        "var": 7.77851343155
    },
    "spectral_rms": {
        "mean": 0.00467579253018,
        "var": 4.94344112667e-006
    },
    "spectral_rolloff": {
        "mean": 723.81060791,
        "var": 870081.375
    },
    "spectral_skewness": {
        "mean": 1.62970292568,
        "var": 0.127757877111
    },
    "spectral_spread": {
        "mean": 2908869.25,
        "var": 2.39924333773e+012
    },
    "spectral_strongpeak": {
        "mean": 0.594768702984,
        "var": 0.226003885269
    },
    "zerocrossingrate": {
        "mean": 0.0344729572535,
        "var": 0.000549316173419
    },
    "barkbands": {
        "mean": [4.10095235566e-005, 0.002592880046, 0.00283664488234, 0.00669208029285, 0.00435782922432, 0.00509798852727, 0.000479140580865, 0.000915050215553, 0.000558006868232, 0.000794184743427, 0.000248805503361, 0.00035893250606, 0.000379905337468, 0.000370642519556, 0.00046819387353, 0.000327170128003, 0.000349111447576, 0.000279178872006, 0.000197351735551, 7.37186419428e-005, 2.65237922576e-005, 1.33822104544e-005, 7.81218295742e-006, 5.06586184201e-006, 4.80347034681e-006, 9.5337094308e-007, 2.11274397088e-007],
        "var": [5.62354296463e-009, 9.84742655419e-006, 2.13676212297e-005, 6.0837064666e-005, 7.63996431488e-005, 2.05681917578e-005, 5.53923428015e-007, 4.25696043749e-006, 8.59804458742e-007, 4.16856209995e-006, 3.27461322058e-007, 4.46920978447e-007, 3.9185863443e-007, 3.17334297506e-007, 4.13122592136e-007, 1.71105412505e-007, 1.56598360945e-007, 1.25513324178e-007, 8.3928476613e-008, 2.03412309219e-008, 1.58485935486e-009, 5.81564518765e-010, 5.79483405705e-010, 1.45859796463e-010, 1.14821777086e-010, 8.0850231024e-012, 1.33338855907e-013]
    },
    "erbbands": {
        "mean": [0.0469734743237, 0.692251205444, 2.37264704704, 17.3173694611, 12.7020845413, 12.7666406631, 42.3777694702, 39.0883255005, 9.53590869904, 9.2095451355, 22.040222168, 14.3605508804, 12.460603714, 28.5243873596, 13.2742166519, 14.6649417877, 19.1308383942, 20.2241859436, 23.1802768707, 20.3005847931, 17.8816127777, 19.333398819, 15.5880231857, 9.84544181824, 9.3561706543, 3.71630048752, 1.50717949867, 0.798394680023, 0.475958406925, 0.357015073299, 0.215876102448, 0.111509613693, 0.0840335935354, 0.0738837495446, 0.0251949075609, 0.00511765200645, 0.00115119747352, 0.000825719384011, 3.13886484946e-005, 3.15534780384e-005],
        "var": [0.00368561921641, 0.679783940315, 12.0481967926, 361.681549072, 980.110168457, 497.861236572, 2524.16552734, 1163.64538574, 139.288650513, 298.723052979, 2958.90942383, 539.820068359, 638.827575684, 5972.9375, 605.680419922, 596.825317383, 992.909790039, 889.12713623, 1334.00170898, 567.795593262, 442.829437256, 475.989074707, 327.584838867, 217.627258301, 201.162094116, 47.9025344849, 5.51094150543, 1.57707536221, 0.649807810783, 1.04060435295, 0.460163861513, 0.106073588133, 0.0302858091891, 0.0210534688085, 0.00479999836534, 0.00055136095034, 9.43059694691e-006, 1.94217841454e-006, 1.21864840441e-009, 8.27358681565e-010]
    },
    "gfcc": {
        "mean": [-47.2759170532, 145.340133667, -128.090637207, 38.7539215088, -34.8920059204, -9.14401626587, -43.5461235046, -2.70725512505, -23.8368778229, -8.94193267822, -9.05606269836, -7.33728837967, -2.87410092354],
        "cov": [[7525.77636719, 24.4304294586, -544.148864746, -267.293701172, -294.389129639, 358.860900879, 7.41940879822, 95.1366043091, -108.152397156, 58.7053833008, 16.7957115173, 56.8885383606, -74.3185119629], [24.4304294586, 348.806610107, -60.1038246155, 38.6175727844, 47.9952964783, -56.7798728943, 54.6249008179, -37.874622345, 33.1861419678, -55.7126922607, 32.1220932007, -57.4132270813, 31.3980922699], [-544.148864746, -60.1038246155, 272.499725342, 43.885471344, 66.2703323364, -8.59890937805, -25.9374866486, 5.50107526779, -5.54827356339, 15.5610389709, -29.3857555389, 23.1263370514, -20.8715267181], [-267.293701172, 38.6175727844, 43.885471344, 195.760299683, 67.3491592407, -60.1185455322, -34.1353912354, -27.8371162415, 22.9657611847, -15.775601387, -14.1062841415, -22.4486885071, 14.8370132446], [-294.389129639, 47.9952964783, 66.2703323364, 67.3491592407, 129.298309326, -25.3917713165, 15.1236581802, -11.6101570129, 5.54582262039, 1.90935087204, -6.88914346695, -1.97407841682, 2.15117621422], [358.860900879, -56.7798728943, -8.59890937805, -60.1185455322, -25.3917713165, 145.164077759, 24.7152900696, 28.9381866455, -2.79719209671, 15.6470785141, 8.65664100647, 20.7175559998, -7.69917440414], [7.41940879822, 54.6249008179, -25.9374866486, -34.1353912354, 15.1236581802, 24.7152900696, 93.0041503906, 15.6848659515, 2.66987895966, -8.91875839233, 12.7119102478, 0.502533495426, 2.64882493019], [95.1366043091, -37.874622345, 5.50107526779, -27.8371162415, -11.6101570129, 28.9381866455, 15.6848659515, 72.9608459473, 17.6880130768, 18.2730083466, -0.183021888137, 16.1412696838, -1.97093355656], [-108.152397156, 33.1861419678, -5.54827356339, 22.9657611847, 5.54582262039, -2.79719209671, 2.66987895966, 17.6880130768, 69.7916946411, 13.4483165741, 6.21868896484, -8.51985645294, 9.57207965851], [58.7053833008, -55.7126922607, 15.5610389709, -15.775601387, 1.90935087204, 15.6470785141, -8.91875839233, 18.2730083466, 13.4483165741, 63.9933242798, 13.0417079926, 19.7392520905, -3.13375377655], [16.7957115173, 32.1220932007, -29.3857555389, -14.1062841415, -6.88914346695, 8.65664100647, 12.7119102478, -0.183021888137, 6.21868896484, 13.0417079926, 60.2717285156, 11.2538528442, 10.5029783249], [56.8885383606, -57.4132270813, 23.1263370514, -22.4486885071, -1.97407841682, 20.7175559998, 0.502533495426, 16.1412696838, -8.51985645294, 19.7392520905, 11.2538528442, 63.4304084778, 2.5461935997], [-74.3185119629, 31.3980922699, -20.8715267181, 14.8370132446, 2.15117621422, -7.69917440414, 2.64882493019, -1.97093355656, 9.57207965851, -3.13375377655, 10.5029783249, 2.5461935997, 52.1970787048]],
        "icov": [[0.00022866166546, -0.000443221535534, 0.000491756829433, -0.000157413844136, 0.000326348876115, -0.000581780390348, 0.000328333495418, -0.00031966107781, 0.000625903019682, -0.000563997309655, 0.000475575594464, -0.000406440056395, 0.000481055147247], [-0.000443221535534, 0.00692520849407, -0.000615035824012, 0.00102035747841, -0.00274505582638, 0.0025956146419, -0.00312050967477, 0.00240361317992, -0.0042665055953, 0.00554107595235, -0.00475143361837, 0.00438616937026, -0.00273045152426], [0.000491756829433, -0.000615035824012, 0.0061565390788, -0.000735201232601, -0.00199853489175, -0.00127436930779, 0.00200609257445, -0.00122268253472, 0.00146898510866, -0.0015520658344, 0.00277982093394, -0.00277458433993, 0.0027007132303], [-0.000157413844136, 0.00102035747841, -0.000735201232601, 0.00887925550342, -0.00462785270065, 0.00199368014, 0.00294229993597, 0.00165892287623, -0.00380781665444, 0.0031735796947, -0.000448273669463, 0.0019102729857, -0.00237184180878], [0.000326348876115, -0.00274505582638, -0.00199853489175, -0.00462785270065, 0.0134439524263, -0.00031324318843, -0.00380614213645, 0.000732423330192, 0.00233142869547, -0.00475909933448, 0.00268106628209, -0.0020477140788, 0.00109990604687], [-0.000581780390348, 0.0025956146419, -0.00127436930779, 0.00199368014, -0.00031324318843, 0.0105244666338, -0.00321871018969, -0.000562104978599, -0.00208471971564, 0.0014607423218, -0.00228617154062, 0.000467878358904, -0.0008513542125], [0.000328333495418, -0.00312050967477, 0.00200609257445, 0.00294229993597, -0.00380614213645, -0.00321871018969, 0.0166810248047, -0.00450685806572, 0.00123106059618, 0.00207365560345, -0.000800937355962, -0.00124337396119, 0.00109633768443], [-0.00031966107781, 0.00240361317992, -0.00122268253472, 0.00165892287623, 0.000732423330192, -0.000562104978599, -0.00450685806572, 0.0199235714972, -0.00725290924311, -0.00125037319958, 0.0013485084055, -0.00212066830136, -0.000906418194063], [0.000625903019682, -0.0042665055953, 0.00146898510866, -0.00380781665444, 0.00233142869547, -0.00208471971564, 0.00123106059618, -0.00725290924311, 0.0219532102346, -0.00834190938622, 0.00154653459322, 0.00157450023107, -0.00052724161651], [-0.000563997309655, 0.00554107595235, -0.0015520658344, 0.0031735796947, -0.00475909933448, 0.0014607423218, 0.00207365560345, -0.00125037319958, -0.00834190938622, 0.0263055227697, -0.0085817752406, -0.000876289734151, -0.000521067588124], [0.000475575594464, -0.00475143361837, 0.00277982093394, -0.000448273669463, 0.00268106628209, -0.00228617154062, -0.000800937355962, 0.0013485084055, 0.00154653459322, -0.0085817752406, 0.0241720341146, -0.00677963905036, -0.000913889380172], [-0.000406440056395, 0.00438616937026, -0.00277458433993, 0.0019102729857, -0.0020477140788, 0.000467878358904, -0.00124337396119, -0.00212066830136, 0.00157450023107, -0.000876289734151, -0.00677963905036, 0.0240035001189, -0.00488118035719], [0.000481055147247, -0.00273045152426, 0.0027007132303, -0.00237184180878, 0.00109990604687, -0.0008513542125, 0.00109633768443, -0.000906418194063, -0.00052724161651, -0.000521067588124, -0.000913889380172, -0.00488118035719, 0.0234662722796]]
    },
    "melbands": {
        "mean": [0.000618059188128, 0.00116325845011, 0.00270416517742, 0.000798141700216, 0.00126764725428, 0.000841238477733, 0.000128589861561, 0.000110148306703, 0.000178498085006, 8.3306527813e-005, 6.08920963714e-005, 0.000120814678667, 3.84726045013e-005, 4.74164371553e-005, 3.35660042765e-005, 3.83214864996e-005, 3.75588788302e-005, 3.42703060596e-005, 3.34573633154e-005, 2.48692103924e-005, 1.94332151295e-005, 2.02900027944e-005, 2.04437583307e-005, 1.00553061202e-005, 7.46076693758e-006, 7.94455263531e-006, 4.22213406637e-006, 2.06336721931e-006, 1.01352804904e-006, 6.39757104182e-007, 3.88735372781e-007, 2.81642513755e-007, 2.2413080103e-007, 1.79080103635e-007, 1.38532740834e-007, 7.92012428974e-008, 5.87500004201e-008, 5.62626318867e-008, 5.22918988111e-008, 6.61636860855e-008],
        "var": [5.75987883167e-007, 2.30966293202e-006, 1.12342886496e-005, 3.62263062925e-006, 2.24018845074e-006, 5.24491724718e-007, 2.75672515926e-008, 4.74837520414e-008, 2.08594471474e-007, 1.98203586876e-008, 1.69357665669e-008, 1.11282965065e-007, 6.48936904213e-009, 8.40879188502e-009, 2.96879254513e-009, 3.62067775761e-009, 3.30727956133e-009, 3.6625369404e-009, 1.90183335746e-009, 1.02922659284e-009, 5.59350288309e-010, 7.58175411342e-010, 5.61624136086e-010, 1.95233107458e-010, 1.50871620752e-010, 1.61499300044e-010, 4.23094302648e-011, 1.7007752845e-011, 2.61871427321e-012, 1.02334688033e-012, 4.06593107707e-013, 2.27226901574e-013, 2.82273445069e-013, 3.05301492637e-013, 2.04034136591e-013, 5.54560568202e-014, 2.87443917139e-014, 1.49022436643e-014, 1.28170145667e-014, 1.65739394187e-014]
    },
    "mfcc": {
        "mean": [-685.141784668, 167.819549561, -22.347661972, 43.4367370605, 19.4573612213, -1.65893733501, -1.71552419662, -4.50080919266, -5.23356819153, -6.46087169647, -3.76809644699, -8.52518367767, -1.93658399582],
        "cov": [[5609.22558594, -21.1741962433, -232.334915161, -495.411895752, -256.968933105, 115.947761536, 102.303512573, 119.144218445, -43.9884910583, 86.0164794922, 56.3382911682, 8.25680541992, 32.8529167175], [-21.1741962433, 316.933349609, -33.3642807007, 36.5822982788, -7.8116312027, -0.904140293598, 31.6998958588, 14.6580371857, 2.04444122314, 8.53820705414, -4.67950201035, -0.282111465931, 2.48042058945], [-232.334915161, -33.3642807007, 162.674026489, 15.7018890381, 46.3625602722, 9.14182662964, -17.5939273834, 0.490924417973, 1.97006809711, -5.28172588348, -5.93548059464, 3.72043466568, 4.8890504837], [-495.411895752, 36.5822982788, 15.7018890381, 268.922485352, 88.7892532349, -7.73789644241, -31.9644985199, -37.4178237915, 20.9254207611, -24.0767784119, -29.606836319, 2.85608935356, -0.134264215827], [-256.968933105, -7.8116312027, 46.3625602722, 88.7892532349, 119.006835938, 16.5152397156, -14.2219486237, -18.8932495117, 15.1558589935, -5.27219772339, -9.69210147858, 5.19661712646, 7.36308574677], [115.947761536, -0.904140293598, 9.14182662964, -7.73789644241, 16.5152397156, 77.2131652832, 14.9355230331, 12.304353714, -3.84383392334, 2.60450053215, -3.71577119827, 2.27422165871, 2.49024057388], [102.303512573, 31.6998958588, -17.5939273834, -31.9644985199, -14.2219486237, 14.9355230331, 85.0749206543, 15.9622831345, 1.90508985519, -12.0808534622, 13.473657608, -5.48432636261, 1.75344061852], [119.144218445, 14.6580371857, 0.490924417973, -37.4178237915, -18.8932495117, 12.304353714, 15.9622831345, 73.5615463257, 6.3776550293, 11.6717433929, -1.18247258663, 8.34342956543, -4.77535247803], [-43.9884910583, 2.04444122314, 1.97006809711, 20.9254207611, 15.1558589935, -3.84383392334, 1.90508985519, 6.3776550293, 68.6094818115, 6.27612161636, 5.69655752182, -6.65830755234, 6.36884641647], [86.0164794922, 8.53820705414, -5.28172588348, -24.0767784119, -5.27219772339, 2.60450053215, -12.0808534622, 11.6717433929, 6.27612161636, 66.6273269653, 7.28019428253, -2.37019872665, -4.5331029892], [56.3382911682, -4.67950201035, -5.93548059464, -29.606836319, -9.69210147858, -3.71577119827, 13.473657608, -1.18247258663, 5.69655752182, 7.28019428253, 61.9184112549, 9.65239429474, 6.93767929077], [8.25680541992, -0.282111465931, 3.72043466568, 2.85608935356, 5.19661712646, 2.27422165871, -5.48432636261, 8.34342956543, -6.65830755234, -2.37019872665, 9.65239429474, 58.1107826233, 14.0010547638], [32.8529167175, 2.48042058945, 4.8890504837, -0.134264215827, 7.36308574677, 2.49024057388, 1.75344061852, -4.77535247803, 6.36884641647, -4.5331029892, 6.93767929077, 14.0010547638, 48.7562866211]],
        "icov": [[0.00024170895631, 2.7860112823e-005, 0.00027879155823, 0.00030862345011, 0.000222667687922, -0.000375207251636, -2.50343055086e-005, -0.00010794471018, 2.6219713618e-005, -0.000155691275722, 1.56237620104e-005, -9.11336610443e-006, -0.000233033148106], [2.7860112823e-005, 0.00357728009112, 0.000540207896847, -0.000979539356194, 0.00044253320084, 0.000273924903013, -0.00168222293723, -0.000710694352165, 0.000336185854394, -0.00107812113129, 0.00042745663086, -2.51188375842e-005, -0.000545323942788], [0.00027879155823, 0.000540207896847, 0.00764475995675, 0.000995132606477, -0.00301395962015, -0.000618420774117, 0.00137891212944, -0.00129740301054, 0.000375996576622, 0.000714024179615, 8.43093002914e-005, 0.000271744211204, -0.000741851807106], [0.00030862345011, -0.000979539356194, 0.000995132606477, 0.00657309405506, -0.00383347226307, 0.000262673565885, 0.00158077734523, 0.00168749748264, -0.00162639131304, 0.00182055006735, 0.00196445779875, -0.000820318469778, 0.00077187892748], [0.000222667687922, 0.00044253320084, -0.00301395962015, -0.00383347226307, 0.0141972117126, -0.00371543876827, -0.000142228527693, 0.00234865001403, -0.00211894558743, -0.00110422202852, 0.000424639933044, -0.00120669032913, -0.00113978271838], [-0.000375207251636, 0.000273924903013, -0.000618420774117, 0.000262673565885, -0.00371543876827, 0.0155479935929, -0.00300664594397, -0.00220760679804, 0.00167090306059, -0.000916854653042, 0.00142210745253, -0.000120824057376, -0.000510656100232], [-2.50343055086e-005, -0.00168222293723, 0.00137891212944, 0.00158077734523, -0.000142228527693, -0.00300664594397, 0.0158589649945, -0.0029392526485, -0.000623254280072, 0.00497248023748, -0.00383521383628, 0.00274671753868, -0.000413951725932], [-0.00010794471018, -0.000710694352165, -0.00129740301054, 0.00168749748264, 0.00234865001403, -0.00220760679804, -0.0029392526485, 0.0178768318146, -0.0034865764901, -0.00261338567361, 0.00296482862905, -0.00467503303662, 0.00299140880816], [2.6219713618e-005, 0.000336185854394, 0.000375996576622, -0.00162639131304, -0.00211894558743, 0.00167090306059, -0.000623254280072, -0.0034865764901, 0.0169993527234, -0.00179230677895, -0.00246575893834, 0.00368860480376, -0.0032569412142], [-0.000155691275722, -0.00107812113129, 0.000714024179615, 0.00182055006735, -0.00110422202852, -0.000916854653042, 0.00497248023748, -0.00261338567361, -0.00179230677895, 0.0180080421269, -0.00273172953166, 0.00141931523103, 0.00176151061896], [1.56237620104e-005, 0.00042745663086, 8.43093002914e-005, 0.00196445779875, 0.000424639933044, 0.00142210745253, -0.00383521383628, 0.00296482862905, -0.00246575893834, -0.00273172953166, 0.0195170138031, -0.00432760221884, -0.00121006113477], [-9.11336610443e-006, -2.51188375842e-005, 0.000271744211204, -0.000820318469778, -0.00120669032913, -0.000120824057376, 0.00274671753868, -0.00467503303662, 0.00368860480376, 0.00141931523103, -0.00432760221884, 0.0209548771381, -0.0061419242993], [-0.000233033148106, -0.000545323942788, -0.000741851807106, 0.00077187892748, -0.00113978271838, -0.000510656100232, -0.000413951725932, 0.00299140880816, -0.0032569412142, 0.00176151061896, -0.00121006113477, -0.0061419242993, 0.0238026827574]]
    },
    "spectral_contrast_coeffs": {
        "mean": [-0.597848176956, -0.675328373909, -0.781285762787, -0.784700632095, -0.773528456688, -0.741984128952],
        "var": [0.00457785651088, 0.00357377086766, 0.00239989627153, 0.00138738274109, 0.000990973669104, 0.00134651362896]
    },
    "spectral_contrast_valleys": {
        "mean": [-7.16896152496, -6.87111139297, -7.64738702774, -7.69399213791, -7.87535619736, -11.735411644],
        "var": [1.18132960796, 1.27608048916, 1.48273730278, 1.27460169792, 1.11293101311, 1.16379594803]
    }
},
"metadata": {
    "audio_properties": {
        "analysis_sample_rate": 44100,
        "bit_rate": 106809,
        "equal_loudness": 0,
        "length": 45.0873451233,
        "lossless": 0,
        "replay_gain": -8.28832054138,
        "sample_rate": 44100,
        "codec": "mp3",
        "downmix": "mix",
        "md5_encoded": "74e0a76978763552c4ac1e99f9396ea7"
    },
    "tags": {
        "file_name": "89.mp3"
    },
    "version": {
        "essentia": "2.1-beta2",
        "essentia_git_sha": "v2.1_beta2",
        "extractor": "music 1.0"
    }
},
"rhythm": {
    "beats_count": 63,
    "beats_loudness": {
        "mean": 0.0444242507219,
        "var": 0.000973217538558
    },
    "bpm": 84.6280670166,
    "bpm_histogram_first_peak_bpm": {
        "mean": 83,
        "var": 0
    },
    "bpm_histogram_first_peak_spread": {
        "mean": 0.607142865658,
        "var": 0
    },
    "bpm_histogram_first_peak_weight": {
        "mean": 0.354838699102,
        "var": 0
    },
    "bpm_histogram_second_peak_bpm": {
        "mean": 88,
        "var": 0
    },
    "bpm_histogram_second_peak_spread": {
        "mean": 0.20000000298,
        "var": 0
    },
    "bpm_histogram_second_peak_weight": {
        "mean": 0.0645161271095,
        "var": 0
    },
    "danceability": 1.11947762966,
    "onset_rate": 2.5496199131,
    "beats_loudness_band_ratio": {
        "mean": [0.565670013428, 0.293026745319, 0.0510516278446, 0.0503599569201, 0.0746176615357, 0.0237397346646],
        "var": [0.0303821861744, 0.0184711609036, 0.00262884236872, 0.00235223118216, 0.00191698619165, 0.000348187109921]
    },
    "beats_position": [0.638548731804, 1.28870749474, 1.92725622654, 2.60063481331, 3.29723358154, 3.99383211136, 4.71365070343, 5.45668935776, 6.15328788757, 6.84988641739, 7.56970500946, 8.26630401611, 8.99773216248, 9.72916126251, 10.4489793777, 11.1687984467, 11.8770065308, 12.5968255997, 13.3050336838, 14.0248527527, 14.7330608368, 15.4412698746, 16.1378688812, 16.8576869965, 17.5775051117, 18.2973232269, 19.0171432495, 19.7253513336, 20.4335594177, 21.153377533, 21.8731975555, 22.5930156708, 23.2780036926, 23.9862117767, 24.7060317993, 25.4142398834, 26.1340579987, 26.8422679901, 27.5620861053, 28.2819042206, 28.9785022736, 29.6751022339, 30.3717002869, 31.0682983398, 31.7881164551, 32.5079345703, 33.2161445618, 33.9243545532, 34.6209526062, 35.3407707214, 36.0489807129, 36.7571868896, 37.4537849426, 38.1503829956, 38.8353729248, 39.520362854, 40.216960907, 40.9251708984, 41.6217689514, 42.3183670044, 43.0265769958, 43.7347831726, 44.4429931641]
},
"tonal": {
    "chords_changes_rate": 0.0339506156743,
    "chords_number_rate": 0.00411522621289,
    "chords_strength": {
        "mean": 0.487720251083,
        "var": 0.00836133211851
    },
    "hpcp_entropy": {
        "mean": 2.10081267357,
        "var": 0.464872866869
    },
    "key_strength": 0.564435899258,
    "tuning_diatonic_strength": 0.521835029125,
    "tuning_equal_tempered_deviation": 0.0549154058099,
    "tuning_frequency": 445.884552002,
    "tuning_nontempered_energy_ratio": 0.69239282608,
    "hpcp": {
        "mean": [0.117083907127, 0.0558659210801, 0.030129397288, 0.0314612351358, 0.02681790106, 0.0278222914785, 0.0290766470134, 0.0361996665597, 0.0503545217216, 0.0561733320355, 0.0480258129537, 0.0466392412782, 0.0635815560818, 0.148835733533, 0.589353263378, 0.889951944351, 0.462861984968, 0.0656844452024, 0.0220077503473, 0.0159931816161, 0.031012153253, 0.046948723495, 0.0751527547836, 0.216004014015, 0.234996363521, 0.0944146811962, 0.0532647892833, 0.0405422151089, 0.0269702635705, 0.0314102768898, 0.0266966056079, 0.0182631853968, 0.0198422875255, 0.0214992389083, 0.035706140101, 0.0992249771953],
        "var": [0.0231638718396, 0.0065426141955, 0.00362424063496, 0.0040672221221, 0.00337788183242, 0.00669558206573, 0.00748054916039, 0.0142331225798, 0.0181448869407, 0.0141763091087, 0.0114220390096, 0.0161931943148, 0.0247878804803, 0.0419184267521, 0.0475411564112, 0.062118139118, 0.0473271235824, 0.0169457122684, 0.00484947720543, 0.0025475921575, 0.00244694948196, 0.00403760420159, 0.00715930340812, 0.0328509546816, 0.045481748879, 0.0172504559159, 0.0285433791578, 0.0126194152981, 0.00320134754293, 0.00623900583014, 0.00422214623541, 0.00162000348791, 0.00227211136371, 0.00340895215049, 0.00510728918016, 0.0186209473759]
    },
    "chords_histogram": [65.4320983887, 0, 0, 0, 0, 0, 0, 4.52674913406, 0, 0.617283940315, 0.720164597034, 0, 0, 0, 0, 0, 0, 0, 0, 0, 0, 0, 3.70370364189, 25],
    "thpcp": [1, 0.520097732544, 0.073806732893, 0.0247291438282, 0.0179708376527, 0.0348469987512, 0.0527542233467, 0.0844458565116, 0.242714241147, 0.264055103064, 0.106089636683, 0.0598513111472, 0.0455555096269, 0.0303053036332, 0.0352943502367, 0.0299978051335, 0.0205215401947, 0.0222959090024, 0.0241577532142, 0.0401214249432, 0.111494757235, 0.131562054157, 0.0627740845084, 0.0338550843298, 0.0353516116738, 0.030134100467, 0.0312626883388, 0.0326721556485, 0.0406759791076, 0.0565811693668, 0.0631195083261, 0.0539645031095, 0.0524064712226, 0.071443811059, 0.167240187526, 0.662230432034],
    "chords_key": "D",
    "chords_scale": "minor",
    "key_key": "D",
    "key_scale": "minor"
}
}