{
"lowlevel": {
    "average_loudness": 0.945287168026,
    "barkbands_crest": {
        "mean": 15.7007331848,
        "var": 17.718296051
    },
    "barkbands_flatness_db": {
        "mean": 0.286231845617,
        "var": 0.00330479838885
    },
    "barkbands_kurtosis": {
        "mean": 17.7405910492,
        "var": 227.434463501
    },
    "barkbands_skewness": {
        "mean": 2.74896669388,
        "var": 1.57526564598
    },
    "barkbands_spread": {
        "mean": 4.13283252716,
        "var": 10.5833654404
    },
    "dissonance": {
        "mean": 0.401940882206,
        "var": 0.00229712505825
    },
    "dynamic_complexity": 2.38134407997,
    "erbbands_crest": {
        "mean": 15.5270614624,
        "var": 22.7193965912
    },
    "erbbands_flatness_db": {
        "mean": 0.279439508915,
        "var": 0.00256437552162
    },
    "erbbands_kurtosis": {
        "mean": 5.10654163361,
        "var": 51.3892364502
    },
    "erbbands_skewness": {
        "mean": 1.85498487949,
        "var": 1.23101842403
    },
    "erbbands_spread": {
        "mean": 17.1304550171,
        "var": 81.9300308228
    },
    "hfc": {
        "mean": 9.16710186005,
        "var": 43.5108642578
    },
    "melbands_crest": {
        "mean": 18.4563941956,
        "var": 29.3983783722
    },
    "melbands_flatness_db": {
        "mean": 0.381592690945,
        "var": 0.00452689919621
    },
    "melbands_kurtosis": {
        "mean": 23.817609787,
        "var": 395.889007568
    },
    "melbands_skewness": {
        "mean": 3.03965210915,
        "var": 1.94343304634
    },
    "melbands_spread": {
        "mean": 4.94851922989,
        "var": 44.6294708252
    },
    "pitch_salience": {
        "mean": 0.543837964535,
        "var": 0.0200497731566
    },
    "silence_rate_20dB": {
        "mean": 1,
        "var": 0
    },
    "silence_rate_30dB": {
        "mean": 1,
        "var": 0
    },
    "silence_rate_60dB": {
        "mean": 0.00617601629347,
        "var": 0.00613787723705
    },
    "spectral_centroid": {
        "mean": 408.937957764,
        "var": 146191.25
    },
    "spectral_complexity": {
        "mean": 8.89346408844,
        "var": 11.1667528152
    },
    "spectral_decrease": {
        "mean": -7.07570224634e-009,
        "var": 2.14386106902e-017
    },
    "spectral_energy": {
        "mean": 0.0275367982686,
        "var": 0.000324395514326
    },
    "spectral_energyband_high": {
        "mean": 4.29080755566e-005,
        "var": 2.61542307811e-008
    },
    "spectral_energyband_low": {
        "mean": 0.00191992113832,
        "var": 2.96048415294e-006
    },
    "spectral_energyband_middle_high": {
        "mean": 0.00136214995291,
        "var": 4.15734893977e-006
    },
    "spectral_energyband_middle_low": {
        "mean": 0.0246613398194,
        "var": 0.000294367026072
    },
    "spectral_entropy": {
        "mean": 5.90709877014,
        "var": 0.257249623537
    },
    "spectral_flux": {
        "mean": 0.048006888479,
        "var": 0.00114040239714
    },
    "spectral_kurtosis": {
        "mean": 28.3627700806,
        "var": 476.885620117
    },
    "spectral_rms": {
        "mean": 0.00491310143843,
        "var": 2.72656052402e-006
    },
    "spectral_rolloff": {
        "mean": 437.887084961,
        "var": 562799.8125
    },
    "spectral_skewness": {
        "mean": 3.65813803673,
        "var": 2.0311768055
    },
    "spectral_spread": {
        "mean": 2063346.25,
        "var": 2.28534360474e+012
    },
    "spectral_strongpeak": {
        "mean": 1.08412694931,
        "var": 0.390477955341
    },
    "zerocrossingrate": {
        "mean": 0.0197677258402,
        "var": 0.000402652629418
    },
    "barkbands": {
        "mean": [0.000139037103509, 0.000504251162056, 0.000829919998068, 0.00170747353695, 0.0155884679407, 0.00553591735661, 0.00113453087397, 0.00030733589665, 0.000376728043193, 0.000155600544531, 0.000475990556879, 0.000233955826843, 0.000128783518448, 0.000168550366652, 5.49259311811e-005, 6.72136957292e-005, 3.15322358801e-005, 2.34114922932e-005, 1.92593961401e-005, 3.45653643308e-005, 9.38733592193e-006, 3.28339524458e-006, 3.13772966365e-006, 1.11879637643e-006, 1.44008879488e-006, 9.98368250293e-007, 2.46019684624e-008],
        "var": [3.63017846894e-008, 1.12616390879e-007, 1.96127530216e-006, 3.53907080353e-006, 0.000203338408028, 4.05397622671e-005, 9.75133298198e-006, 4.93385755362e-007, 6.44875967737e-007, 1.30078575467e-007, 1.12465443181e-006, 1.97843959882e-007, 1.42124619629e-007, 4.03937946203e-007, 1.3934677412e-008, 1.84098070122e-008, 2.34433961133e-009, 1.87897652992e-009, 1.81938564214e-009, 1.94930560582e-008, 1.22504539846e-009, 1.41270495302e-010, 2.51816845154e-010, 3.17303787412e-011, 4.11676179257e-011, 3.17350451473e-011, 2.96668681917e-014]
    },
    "erbbands": {
        "mean": [0.00405213236809, 0.154534161091, 0.887498021126, 3.28500699997, 15.9687604904, 51.6771659851, 87.2417144775, 45.5982093811, 29.5870170593, 5.27502775192, 8.15884590149, 7.33040475845, 6.11745214462, 17.7321643829, 8.72058963776, 8.6150598526, 6.20165157318, 5.1020860672, 7.71493530273, 3.66776919365, 2.86748099327, 1.92328238487, 1.48752272129, 1.14846074581, 0.908588886261, 1.3731534481, 0.918799757957, 0.225724905729, 0.118720248342, 0.0998629853129, 0.0810186937451, 0.0284122657031, 0.01799438335, 0.0143678132445, 0.0113808205351, 0.00578535441309, 0.00142760656308, 0.000140042204293, 1.64974208019e-005, 3.07060981868e-005],
        "var": [5.29970475327e-006, 0.0100551499054, 1.15484178066, 11.1291913986, 296.650909424, 3813.09326172, 9705.59179688, 3907.32519531, 3252.7331543, 47.0123214722, 210.49319458, 103.032165527, 415.882781982, 1387.7734375, 182.589447021, 216.798294067, 247.664825439, 151.437011719, 758.686096191, 49.9345245361, 38.5748329163, 9.19879150391, 7.47238731384, 5.50771999359, 3.62902164459, 26.7696857452, 13.8969230652, 0.507578909397, 0.162014096975, 0.172270253301, 0.183644846082, 0.03272632882, 0.0051975287497, 0.00391397066414, 0.00326559320092, 0.00101708027069, 7.13482004358e-005, 7.36107153898e-007, 6.29524210538e-010, 4.03095334889e-010]
    },
    "gfcc": {
        "mean": [-112.928192139, 182.93649292, -107.13809967, 7.03211688995, -40.0487327576, -21.8420448303, -43.6809387207, -18.7395114899, -33.4818687439, -14.0888824463, -10.5162601471, -4.88054513931, 3.85549235344],
        "cov": [[4042.02368164, -610.256774902, -751.923583984, 358.788879395, -521.12121582, 76.4642333984, -18.9150466919, -99.6923599243, -173.810165405, 209.331420898, -20.6445770264, 66.1339569092, -34.3693351746], [-610.256774902, 1043.88342285, -56.8403816223, -413.944610596, 297.110961914, -238.503265381, 76.8653259277, -78.7938613892, 135.98840332, -171.222122192, 105.059906006, -107.362327576, 94.7965545654], [-751.923583984, -56.8403816223, 615.877197266, -40.4347953796, 53.4761047363, 49.8917121887, -168.064651489, 120.363174438, 11.7321033478, -28.4877052307, -85.7766723633, 25.6907939911, -32.3378944397], [358.788879395, -413.944610596, -40.4347953796, 443.53338623, -89.9227218628, 9.34794425964, 14.0965127945, -30.5021686554, -48.5947799683, 44.2888526917, -33.0533790588, 17.0384025574, -4.01562404633], [-521.12121582, 297.110961914, 53.4761047363, -89.9227218628, 278.693725586, -52.6790466309, -20.7950000763, -24.4851703644, 13.7497367859, -91.5780410767, 5.84297847748, -11.7746553421, 55.5713844299], [76.4642333984, -238.503265381, 49.8917121887, 9.34794425964, -52.6790466309, 213.089111328, -22.4132614136, 41.9243888855, -38.3575630188, 29.202299118, -33.0484962463, 37.1617355347, -39.1174583435], [-18.9150466919, 76.8653259277, -168.064651489, 14.0965127945, -20.7950000763, -22.4132614136, 148.562469482, -30.942445755, -2.71897435188, -4.30366230011, 29.9866657257, -20.5669631958, 12.9713745117], [-99.6923599243, -78.7938613892, 120.363174438, -30.5021686554, -24.4851703644, 41.9243888855, -30.942445755, 132.416534424, -6.34209156036, -4.48692083359, -37.6843032837, 22.1406097412, -27.5581855774], [-173.810165405, 135.98840332, 11.7321033478, -48.5947799683, 13.7497367859, -38.3575630188, -2.71897435188, -6.34209156036, 93.876663208, 8.87727642059, 15.6069602966, -29.1124362946, 6.72664308548], [209.331420898, -171.222122192, -28.4877052307, 44.2888526917, -91.5780410767, 29.202299118, -4.30366230011, -4.48692083359, 8.87727642059, 162.216705322, 15.4393224716, -12.5840148926, -41.3690338135], [-20.6445770264, 105.059906006, -85.7766723633, -33.0533790588, 5.84297847748, -33.0484962463, 29.9866657257, -37.6843032837, 15.6069602966, 15.4393224716, 82.5459671021, -10.6990890503, -1.24211335182], [66.1339569092, -107.362327576, 25.6907939911, 17.0384025574, -11.7746553421, 37.1617355347, -20.5669631958, 22.1406097412, -29.1124362946, -12.5840148926, -10.6990890503, 71.8616638184, -0.277569204569], [-34.3693351746, 94.7965545654, -32.3378944397, -4.01562404633, 55.5713844299, -39.1174583435, 12.9713745117, -27.5581855774, 6.72664308548, -41.3690338135, -1.24211335182, -0.277569204569, 85.7678070068]],
        "icov": [[0.000889911083505, -0.00143873831257, 0.00162962055765, -0.00105969631113, 0.00210666935891, -0.000525813200511, 0.00253254896961, -8.7726082711e-005, 0.00203756568953, -0.00114732794464, 0.00169273826759, -0.00105506926775, -0.000196473294636], [-0.00143873831257, 0.00894937571138, -0.0031815492548, 0.00605134991929, -0.00649878149852, 0.00422011641786, -0.00678199902177, 0.00134611316025, -0.00713123427704, 0.0058607221581, -0.00638531241566, 0.00597904389724, -0.000477548892377], [0.00162962055765, -0.0031815492548, 0.00600641593337, -0.0023335069418, 0.00352970138192, -0.00129729916807, 0.00744329858571, -0.00191498163622, 0.00339139997959, -0.00208969973028, 0.00489644473419, -0.00213864049874, 0.000495282467455], [-0.00105969631113, 0.00605134991929, -0.0023335069418, 0.00695048086345, -0.00376694975421, 0.00330433552153, -0.00507164886221, 0.00209640618414, -0.00370207289234, 0.00326244998723, -0.002689485671, 0.00344829680398, -0.000442866585217], [0.00210666935891, -0.00649878149852, 0.00352970138192, -0.00376694975421, 0.0118527151644, -0.00246526463889, 0.00811770185828, 0.000252716272371, 0.00693656271324, -0.00228774012066, 0.0049358587712, -0.00341909565032, -0.00235608383082], [-0.000525813200511, 0.00422011641786, -0.00129729916807, 0.00330433552153, -0.00246526463889, 0.00842203386128, -0.00298118265346, 0.000312965945341, -0.00153325439896, 0.00162836350501, -0.000702489982359, 0.000326176115777, 0.00167696585413], [0.00253254896961, -0.00678199902177, 0.00744329858571, -0.00507164886221, 0.00811770185828, -0.00298118265346, 0.018799431622, -0.00160345458426, 0.00807568989694, -0.00346646970138, 0.00450464198366, -0.00184456515126, -0.0011441068491], [-8.7726082711e-005, 0.00134611316025, -0.00191498163622, 0.00209640618414, 0.000252716272371, 0.000312965945341, -0.00160345458426, 0.0117561332881, -0.0013053601142, 0.00131454376969, 0.00298268906772, -0.00176642707083, 0.00262594921514], [0.00203756568953, -0.00713123427704, 0.00339139997959, -0.00370207289234, 0.00693656271324, -0.00153325439896, 0.00807568989694, -0.0013053601142, 0.0208471547812, -0.0061327884905, 0.00414414098486, -0.000238513574004, -0.00156450713985], [-0.00114732794464, 0.0058607221581, -0.00208969973028, 0.00326244998723, -0.00228774012066, 0.00162836350501, -0.00346646970138, 0.00131454376969, -0.0061327884905, 0.0129121858627, -0.00638139434159, 0.00600653328001, 0.00223504961468], [0.00169273826759, -0.00638531241566, 0.00489644473419, -0.002689485671, 0.0049358587712, -0.000702489982359, 0.00450464198366, 0.00298268906772, 0.00414414098486, -0.00638139434159, 0.0233701579273, -0.00661515584216, 0.00312870927155], [-0.00105506926775, 0.00597904389724, -0.00213864049874, 0.00344829680398, -0.00341909565032, 0.000326176115777, -0.00184456515126, -0.00176642707083, -0.000238513574004, 0.00600653328001, -0.00661515584216, 0.0230136327446, -0.00270610605367], [-0.000196473294636, -0.000477548892377, 0.000495282467455, -0.000442866585217, -0.00235608383082, 0.00167696585413, -0.0011441068491, 0.00262594921514, -0.00156450713985, 0.00223504961468, 0.00312870927155, -0.00270610605367, 0.0168199781328]]
    },
    "melbands": {
        "mean": [9.04324624571e-005, 0.000381787860533, 0.000884001899976, 0.00217048032209, 0.00316688464954, 0.000978369847871, 0.000404573656851, 5.1843260735e-005, 6.66610794724e-005, 4.63700998807e-005, 2.92586355499e-005, 6.796233356e-005, 3.94029411837e-005, 2.69239444606e-005, 1.63751137734e-005, 1.48379867824e-005, 8.90801311471e-006, 1.56056903506e-005, 4.06053004554e-006, 5.76757383897e-006, 2.63026868197e-006, 2.01322950488e-006, 1.36012090479e-006, 1.10431744815e-006, 9.32969214773e-007, 6.8711909762e-007, 7.4108896797e-007, 1.05878609702e-006, 7.8721330965e-007, 2.37571711637e-007, 9.81030581215e-008, 7.57659037731e-008, 4.25092920864e-008, 6.58049259528e-008, 5.88944111257e-008, 1.84050641394e-008, 1.59523168008e-008, 1.11959339577e-008, 1.27247696824e-008, 1.1967813407e-008],
        "var": [2.82559775577e-009, 1.67544399687e-007, 6.13350266576e-007, 8.16072406451e-006, 1.12058733066e-005, 1.62718151842e-006, 5.58943952456e-007, 8.24808399358e-009, 1.18373648661e-008, 7.30488336487e-009, 1.06778994535e-008, 1.90903062247e-008, 5.86574477879e-009, 2.97421687279e-009, 3.30076521671e-009, 2.41710873539e-009, 6.0973909255e-010, 3.92988974696e-009, 6.31085531055e-011, 1.25004173679e-010, 5.59914510589e-011, 1.09392234854e-011, 5.89548678973e-012, 3.6970608866e-012, 4.49424482005e-012, 2.24185036854e-012, 5.64634016625e-012, 2.2199407243e-011, 1.26477344223e-011, 8.38316774939e-013, 1.23021682901e-013, 9.31086398303e-014, 1.91142742367e-014, 1.03178309809e-013, 1.00761114947e-013, 1.0443256401e-014, 1.29954564565e-014, 2.12796762734e-015, 2.81953042999e-015, 3.02324248908e-015]
    },
    "mfcc": {
        "mean": [-763.80078125, 217.318878174, -4.12945842743, 29.4582176208, 9.32850933075, -3.8074388504, -2.25903177261, -11.1754140854, -13.1305131912, -14.6942205429, -19.1555213928, -11.7033729553, -3.77600860596],
        "cov": [[2966.1730957, -871.701538086, -434.071777344, 238.913116455, -553.632995605, 143.228363037, 4.03306627274, -155.885437012, -77.4296722412, -12.1051988602, -29.8151912689, 66.904510498, 91.5570144653], [-871.701538086, 1185.4810791, -100.691871643, -264.202026367, 200.121383667, -176.396179199, -15.8294248581, 25.3368453979, 9.66759586334, -21.5795917511, 0.283731460571, 5.05225324631, -32.9992713928], [-434.071777344, -100.691871643, 422.983886719, -40.9877815247, 97.8418884277, -18.9121570587, -69.0433349609, 33.5281143188, 25.5234508514, 38.1873054504, 26.4498023987, -24.8139305115, -12.0894575119], [238.913116455, -264.202026367, -40.9877815247, 344.057556152, -44.2255516052, 31.4079971313, 4.09563302994, -51.3486480713, -1.33270120621, 6.56234073639, -13.1753454208, -18.2121009827, -19.0278453827], [-553.632995605, 200.121383667, 97.8418884277, -44.2255516052, 318.84564209, -24.0222892761, -21.3856563568, 58.7516326904, 16.4871177673, -24.2770118713, -16.9197444916, -67.7344360352, -57.8039894104], [143.228363037, -176.396179199, -18.9121570587, 31.4079971313, -24.0222892761, 152.269805908, 22.1022205353, -25.8914737701, -9.05079936981, 7.30367326736, -10.2217187881, -14.9479322433, 7.25348377228], [4.03306627274, -15.8294248581, -69.0433349609, 4.09563302994, -21.3856563568, 22.1022205353, 106.504516602, 20.9266300201, -12.0494413376, -8.4478187561, -18.0485687256, -2.80859827995, 1.87446963787], [-155.885437012, 25.3368453979, 33.5281143188, -51.3486480713, 58.7516326904, -25.8914737701, 20.9266300201, 141.980667114, 15.3183250427, -46.2978935242, -11.6521492004, -29.4098472595, -17.0796394348], [-77.4296722412, 9.66759586334, 25.5234508514, -1.33270120621, 16.4871177673, -9.05079936981, -12.0494413376, 15.3183250427, 84.2166061401, 10.9362688065, -16.0020866394, -6.15796089172, -7.41331005096], [-12.1051988602, -21.5795917511, 38.1873054504, 6.56234073639, -24.2770118713, 7.30367326736, -8.4478187561, -46.2978935242, 10.9362688065, 101.832572937, 16.2736434937, -2.83623766899, 16.9599819183], [-29.8151912689, 0.283731460571, 26.4498023987, -13.1753454208, -16.9197444916, -10.2217187881, -18.0485687256, -11.6521492004, -16.0020866394, 16.2736434937, 77.0752792358, 19.0350971222, -4.36496973038], [66.904510498, 5.05225324631, -24.8139305115, -18.2121009827, -67.7344360352, -14.9479322433, -2.80859827995, -29.4098472595, -6.15796089172, -2.83623766899, 19.0350971222, 104.734428406, 40.7898445129], [91.5570144653, -32.9992713928, -12.0894575119, -19.0278453827, -57.8039894104, 7.25348377228, 1.87446963787, -17.0796394348, -7.41331005096, 16.9599819183, -4.36496973038, 40.7898445129, 86.5422515869]],
        "icov": [[0.000791705853771, 0.000552774174139, 0.000816616869997, 0.000142753662658, 0.000898428726941, 0.000114632857731, 0.000825976487249, 0.00027952741948, 0.000412258232245, 0.000185030017747, 0.000464427575935, 0.000322125706589, 1.70639341377e-005], [0.000552774174139, 0.00194981996901, 0.00132427876815, 0.00122894078959, -0.000392339599784, 0.00168452633079, 0.000571318552829, 0.000848096329719, 0.00020540888363, -1.83529573405e-005, 0.000397133466322, 0.000124174315715, 0.000348331901478], [0.000816616869997, 0.00132427876815, 0.00436752848327, 0.000773655774537, -0.000333487609169, 0.000670920242555, 0.00275906501338, -0.000683163525537, 0.000127283390611, -0.0015032030642, -0.000226531206863, 0.00031819922151, 9.17665311135e-005], [0.000142753662658, 0.00122894078959, 0.000773655774537, 0.00417560292408, 2.99258658742e-006, 0.000878109945916, 9.15738637559e-005, 0.00187444454059, -0.000138438379508, 0.000231466285186, 0.000716319540516, 0.000799066270702, 0.00124237174168], [0.000898428726941, -0.000392339599784, -0.000333487609169, 2.99258658742e-006, 0.0061504249461, -0.000492880528327, 0.00157699536067, -0.000685187696945, 0.000533987011295, 0.000956862408202, 0.00146393093746, 0.00225086929277, 0.00170510879252], [0.000114632857731, 0.00168452633079, 0.000670920242555, 0.000878109945916, -0.000492880528327, 0.00918117724359, -0.00166098971386, 0.00259390706196, 0.000218071101699, 0.000411249726312, 0.000476825807709, 0.00206329044886, -0.000753335247282], [0.000825976487249, 0.000571318552829, 0.00275906501338, 9.15738637559e-005, 0.00157699536067, -0.00166098971386, 0.013229678385, -0.00330377253704, 0.0027521958109, -0.0017233126564, 0.00323417619802, -0.000534772407264, 0.000992191839032], [0.00027952741948, 0.000848096329719, -0.000683163525537, 0.00187444454059, -0.000685187696945, 0.00259390706196, -0.00330377253704, 0.0120698455721, -0.00261363969184, 0.00591687532142, -0.000876169651747, 0.00375702907331, -0.00107551494148], [0.000412258232245, 0.00020540888363, 0.000127283390611, -0.000138438379508, 0.000533987011295, 0.000218071101699, 0.0027521958109, -0.00261363969184, 0.0144230620936, -0.00352511927485, 0.00473823305219, -0.00155079073738, 0.0022887205705], [0.000185030017747, -1.83529573405e-005, -0.0015032030642, 0.000231466285186, 0.000956862408202, 0.000411249726312, -0.0017233126564, 0.00591687532142, -0.00352511927485, 0.0149000175297, -0.00378253636882, 0.0042973710224, -0.00399037171155], [0.000464427575935, 0.000397133466322, -0.000226531206863, 0.000716319540516, 0.00146393093746, 0.000476825807709, 0.00323417619802, -0.000876169651747, 0.00473823305219, -0.00378253636882, 0.0174105931073, -0.00410762848333, 0.00444215675816], [0.000322125706589, 0.000124174315715, 0.00031819922151, 0.000799066270702, 0.00225086929277, 0.00206329044886, -0.000534772407264, 0.00375702907331, -0.00155079073738, 0.0042973710224, -0.00410762848333, 0.0156663767993, -0.00655596656725], [1.70639341377e-005, 0.000348331901478, 9.17665311135e-005, 0.00124237174168, 0.00170510879252, -0.000753335247282, 0.000992191839032, -0.00107551494148, 0.0022887205705, -0.00399037171155, 0.00444215675816, -0.00655596656725, 0.0172162037343]]
    },
    "spectral_contrast_coeffs": {
        "mean": [-0.497092455626, -0.599223911762, -0.710745513439, -0.743890047073, -0.756347179413, -0.781776964664],
        "var": [0.00542494747788, 0.00644154008478, 0.00476902350783, 0.0039262259379, 0.00272190803662, 0.00266009918414]
    },
    "spectral_contrast_valleys": {
        "mean": [-7.56053543091, -7.55856513977, -8.39118671417, -9.06158256531, -9.61440372467, -12.8627567291],
        "var": [0.736840903759, 0.914839923382, 0.701830148697, 0.685957372189, 0.823160886765, 0.737767279148]
    }
},
"metadata": {
    "audio_properties": {
        "analysis_sample_rate": 44100,
        "bit_rate": 112945,
        "equal_loudness": 0,
        "length": 45.0873451233,
        "lossless": 0,
        "replay_gain": -15.3382568359,
        "sample_rate": 44100,
        "codec": "mp3",
        "downmix": "mix",
        "md5_encoded": "343a7aeed7d768d4a127d46556df3fc0"
    },
    "tags": {
        "file_name": "891.mp3"
    },
    "version": {
        "essentia": "2.1-beta2",
        "essentia_git_sha": "v2.1_beta2",
        "extractor": "music 1.0"
    }
},
"rhythm": {
    "beats_count": 81,
    "beats_loudness": {
        "mean": 0.0440991334617,
        "var": 0.000404915655963
    },
    "bpm": 108.804496765,
    "bpm_histogram_first_peak_bpm": {
        "mean": 108,
        "var": 0
    },
    "bpm_histogram_first_peak_spread": {
        "mean": 0.402597397566,
        "var": 0
    },
    "bpm_histogram_first_peak_weight": {
        "mean": 0.574999988079,
        "var": 0
    },
    "bpm_histogram_second_peak_bpm": {
        "mean": 99,
        "var": 0
    },
    "bpm_histogram_second_peak_spread": {
        "mean": 0.666666686535,
        "var": 0
    },
    "bpm_histogram_second_peak_weight": {
        "mean": 0.0125000001863,
        "var": 0
    },
    "danceability": 1.17340373993,
    "onset_rate": 4.05722141266,
    "beats_loudness_band_ratio": {
        "mean": [0.15403829515, 0.741079866886, 0.0814013034105, 0.0577143579721, 0.0183670241386, 0.00752910645679],
        "var": [0.0127504756674, 0.0350304283202, 0.0142340781167, 0.00826843921095, 0.000726455647964, 0.000213175298995]
    },
    "beats_position": [0.510838985443, 1.04489791393, 1.60217678547, 2.15945577621, 2.71673464775, 3.27401351929, 3.83129239082, 4.38857126236, 4.94585037231, 5.4915189743, 6.03718805313, 6.57124710083, 7.10530614853, 7.66258478165, 8.23147392273, 8.78875255585, 9.34603118896, 9.89170074463, 10.4489793777, 10.9830379486, 11.5170974731, 12.0743761063, 12.6316547394, 13.177324295, 13.722992897, 14.2802715302, 14.8375511169, 15.3948297501, 15.9521083832, 16.50938797, 17.0434455872, 17.5775051117, 18.1347846985, 18.6688423157, 19.2029018402, 19.7369613647, 20.2826309204, 20.8282985687, 21.3855781555, 21.942855835, 22.4885253906, 23.0458049774, 23.5914726257, 24.1487522125, 24.7292518616, 25.3329696655, 25.9250793457, 26.4939670563, 27.0512466431, 27.5969161987, 28.142583847, 28.6882534027, 29.2339229584, 29.7912006378, 30.3484802246, 30.9057598114, 31.4630374908, 32.0087051392, 32.5543746948, 33.111656189, 33.6689338684, 34.2262115479, 34.783493042, 35.3407707214, 35.8980484009, 36.455329895, 36.9893875122, 37.5466651917, 38.1039466858, 38.6612243652, 39.2185020447, 39.7757797241, 40.3330612183, 40.8903388977, 41.4476165771, 42.0048980713, 42.5621757507, 43.1194534302, 43.6535148621, 44.1875724792, 44.7332420349]
},
"tonal": {
    "chords_changes_rate": 0.0277777779847,
    "chords_number_rate": 0.00514403311536,
    "chords_strength": {
        "mean": 0.50631326437,
        "var": 0.00837550032884
    },
    "hpcp_entropy": {
        "mean": 1.38672149181,
        "var": 0.416562765837
    },
    "key_strength": 0.850650429726,
    "tuning_diatonic_strength": 0.553308725357,
    "tuning_equal_tempered_deviation": 0.0498031377792,
    "tuning_frequency": 443.572570801,
    "tuning_nontempered_energy_ratio": 0.604340791702,
    "hpcp": {
        "mean": [0.018577111885, 0.042345546186, 0.155817851424, 0.23547399044, 0.122143678367, 0.0533561110497, 0.0737787038088, 0.0401151552796, 0.0113086188212, 0.0112711088732, 0.0219733584672, 0.328184723854, 0.603581249714, 0.301057636738, 0.013528380543, 0.00501647917554, 0.00887130852789, 0.0726148188114, 0.104876898229, 0.0499644763768, 0.0291086118668, 0.0294177550822, 0.0160193499178, 0.0386359095573, 0.0509182810783, 0.0495211780071, 0.269567072392, 0.402393907309, 0.181502372026, 0.0219565983862, 0.00857358332723, 0.0117867141962, 0.0752510130405, 0.114719301462, 0.0517064221203, 0.00927232671529],
        "var": [0.0062170708552, 0.0217830985785, 0.0589607805014, 0.131718367338, 0.0432130806148, 0.0258149374276, 0.055841371417, 0.0190499685705, 0.00192500534467, 0.00153334776405, 0.00568930385634, 0.0535343810916, 0.161435887218, 0.0463860109448, 0.00143392966129, 0.000114192655019, 0.00102823541965, 0.0267663989216, 0.0518623329699, 0.0120994178578, 0.0135813374072, 0.0217552222311, 0.00521038239822, 0.0172333307564, 0.025839118287, 0.00788291078061, 0.0636447370052, 0.121867127717, 0.0262450221926, 0.00282060005702, 0.00195686658844, 0.0033158576116, 0.0341798476875, 0.0786696597934, 0.0166697874665, 0.00153086869977]
    },
    "chords_histogram": [73.5596694946, 0.925925910473, 5.96707820892, 0, 0.823045253754, 0, 0, 0, 0, 0, 0, 0, 0, 0, 0, 0, 0, 0.823045253754, 0, 6.68724298477, 0, 0.411522626877, 2.26337456703, 8.53909492493],
    "thpcp": [1, 0.498785614967, 0.0224135201424, 0.00831119157374, 0.0146977864206, 0.120306618512, 0.173757717013, 0.08278003335, 0.0482265017927, 0.0487386845052, 0.0265405029058, 0.0640111193061, 0.0843602791429, 0.0820455849171, 0.446612745523, 0.666677296162, 0.300709098577, 0.0363772027194, 0.0142045225948, 0.0195279661566, 0.124674208462, 0.190064385533, 0.0856660529971, 0.0153621844947, 0.0307781454176, 0.0701571628451, 0.258155554533, 0.390128076077, 0.202364936471, 0.0883992165327, 0.122234918177, 0.0664618983865, 0.0187358688563, 0.0186737235636, 0.0364049710333, 0.543729186058],
    "chords_key": "F#",
    "chords_scale": "major",
    "key_key": "F#",
    "key_scale": "major"
}
}