{
"lowlevel": {
    "average_loudness": 0.96375644207,
    "barkbands_crest": {
        "mean": 11.5989017487,
        "var": 12.5045833588
    },
    "barkbands_flatness_db": {
        "mean": 0.258392333984,
        "var": 0.000874074874446
    },
    "barkbands_kurtosis": {
        "mean": 5.42603874207,
        "var": 27.4446277618
    },
    "barkbands_skewness": {
        "mean": -0.258064329624,
        "var": 0.740702092648
    },
    "barkbands_spread": {
        "mean": 5.1370639801,
        "var": 10.3118267059
    },
    "dissonance": {
        "mean": 0.484486728907,
        "var": 0.000401909172069
    },
    "dynamic_complexity": 1.72484433651,
    "erbbands_crest": {
        "mean": 13.9637126923,
        "var": 16.9831218719
    },
    "erbbands_flatness_db": {
        "mean": 0.372180491686,
        "var": 0.00105186353903
    },
    "erbbands_kurtosis": {
        "mean": 3.58530712128,
        "var": 10.2454595566
    },
    "erbbands_skewness": {
        "mean": 0.545958638191,
        "var": 0.543826639652
    },
    "erbbands_spread": {
        "mean": 6.95037794113,
        "var": 22.2413482666
    },
    "hfc": {
        "mean": 23.5835399628,
        "var": 1044.74353027
    },
    "melbands_crest": {
        "mean": 13.4455013275,
        "var": 18.9550457001
    },
    "melbands_flatness_db": {
        "mean": 0.23495683074,
        "var": 0.00194878701586
    },
    "melbands_kurtosis": {
        "mean": 4.16500902176,
        "var": 15.9818258286
    },
    "melbands_skewness": {
        "mean": -0.0615056976676,
        "var": 0.51302498579
    },
    "melbands_spread": {
        "mean": 11.8578910828,
        "var": 107.145828247
    },
    "pitch_salience": {
        "mean": 0.671324372292,
        "var": 0.00493134418502
    },
    "silence_rate_20dB": {
        "mean": 1,
        "var": 0
    },
    "silence_rate_30dB": {
        "mean": 1,
        "var": 0
    },
    "silence_rate_60dB": {
        "mean": 0.00257466523908,
        "var": 0.00256808288395
    },
    "spectral_centroid": {
        "mean": 1833.71704102,
        "var": 503537.75
    },
    "spectral_complexity": {
        "mean": 17.0777549744,
        "var": 46.2753944397
    },
    "spectral_decrease": {
        "mean": -2.91873591962e-009,
        "var": 3.45435152616e-018
    },
    "spectral_energy": {
        "mean": 0.0131550878286,
        "var": 8.73352619237e-005
    },
    "spectral_energyband_high": {
        "mean": 0.00104086496867,
        "var": 2.12470822589e-005
    },
    "spectral_energyband_low": {
        "mean": 1.0560192095e-005,
        "var": 1.51916909608e-010
    },
    "spectral_energyband_middle_high": {
        "mean": 0.0113013442606,
        "var": 4.27496452176e-005
    },
    "spectral_energyband_middle_low": {
        "mean": 0.000952477683313,
        "var": 3.3834946862e-006
    },
    "spectral_entropy": {
        "mean": 7.1999745369,
        "var": 0.083400465548
    },
    "spectral_flux": {
        "mean": 0.0678017735481,
        "var": 0.000824202375952
    },
    "spectral_kurtosis": {
        "mean": 10.7565155029,
        "var": 53.4451904297
    },
    "spectral_rms": {
        "mean": 0.0034154241439,
        "var": 1.16906835501e-006
    },
    "spectral_rolloff": {
        "mean": 2081.23583984,
        "var": 1366168.625
    },
    "spectral_skewness": {
        "mean": 1.9389756918,
        "var": 0.692304193974
    },
    "spectral_spread": {
        "mean": 1910219.5,
        "var": 2.4740322345e+012
    },
    "spectral_strongpeak": {
        "mean": 2.56115293503,
        "var": 2.53250432014
    },
    "zerocrossingrate": {
        "mean": 0.0775177925825,
        "var": 0.00102745217737
    },
    "barkbands": {
        "mean": [2.22368471441e-005, 1.60406011673e-006, 4.27298488148e-007, 4.89727142394e-007, 3.07706386593e-006, 5.2489216614e-005, 0.000165347955772, 0.000268695992418, 0.000239780987613, 0.000505795585923, 0.00086811761139, 0.00177722808439, 0.0044375276193, 0.00107322400436, 0.000965152110439, 0.000632593291812, 7.05397978891e-005, 0.000250421609962, 0.00056379113812, 0.000535728642717, 0.000419862306444, 0.000222638467676, 6.02096042712e-005, 1.80247425305e-005, 7.53097637585e-008, 1.03102797411e-008, 4.66773231178e-010],
        "var": [1.2300380714e-009, 2.04036657361e-012, 1.53018832956e-013, 2.22126760345e-013, 3.59565155428e-011, 2.71242246441e-008, 3.45383028844e-007, 7.28696477381e-007, 4.24524102982e-007, 1.95404004444e-006, 5.69868780076e-006, 5.60157241125e-006, 6.92031244398e-006, 1.60097363278e-006, 9.95961499939e-007, 4.83117503336e-007, 1.94375182616e-008, 3.47920462218e-007, 4.968102985e-006, 6.88350564815e-006, 4.13102952734e-006, 1.28867247895e-006, 8.53437214232e-008, 7.30315052877e-009, 4.68499555895e-015, 3.42730134536e-015, 1.62304565604e-017]
    },
    "erbbands": {
        "mean": [0.000164624303579, 0.00015336778597, 0.000438891293015, 0.00120010157116, 0.00266238162294, 0.0105962166563, 0.0901729166508, 0.616853356361, 1.40850090981, 4.13220787048, 6.44602108002, 6.1930809021, 15.9095029831, 15.4730997086, 45.0870513916, 79.2055664063, 199.967681885, 89.8253555298, 44.021068573, 49.2876815796, 24.3733901978, 5.33643341064, 13.7736797333, 16.7693424225, 32.2068634033, 25.6000099182, 22.8445568085, 12.6682777405, 7.71050596237, 5.84791231155, 1.12905228138, 0.676114559174, 0.0923635959625, 0.00362593168393, 0.000614166958258, 0.000141878015711, 2.77617036772e-005, 8.4126713773e-006, 1.0366551578e-005, 1.81234336196e-005],
        "var": [3.32296643535e-008, 1.4581940988e-008, 1.38030799235e-007, 1.08477820504e-006, 4.28806379205e-006, 0.000258251093328, 0.0331249199808, 3.88209342957, 14.5491247177, 132.923721313, 542.237121582, 304.137573242, 2104.49169922, 850.815856934, 12688.8935547, 8322.359375, 13658.7763672, 2951.93505859, 3657.00610352, 2128.91772461, 612.20135498, 62.3009414673, 1103.1081543, 2225.49682617, 19139.1464844, 16051.0771484, 12674.0576172, 3969.64697266, 1560.15551758, 929.783203125, 29.6399269104, 10.267999649, 0.17042952776, 0.000129879641463, 1.31594811137e-006, 2.30500674547e-007, 1.26612933471e-008, 5.76101499838e-010, 2.04877351195e-010, 2.87416562772e-010]
    },
    "gfcc": {
        "mean": [-136.181991577, 70.8153457642, -259.936645508, -14.5547323227, -58.610206604, 15.5432491302, -9.73582839966, -19.0114898682, 2.8729019165, 6.09027910233, 12.8143081665, -10.2040643692, 2.6876065731],
        "cov": [[3382.76806641, -468.472167969, -689.544433594, 510.520172119, -567.249267578, -243.441970825, 8.24148750305, -119.511650085, 58.3173446655, -85.0199203491, 230.721115112, 48.739490509, -125.86051178], [-468.472167969, 818.2734375, 33.2401733398, -626.651672363, 236.594497681, -19.4899921417, -101.90461731, 122.871253967, 57.8322143555, 55.0615501404, -82.2675552368, 35.7983360291, 100.018730164], [-689.544433594, 33.2401733398, 255.075897217, -62.8736686707, 52.1013908386, 85.5997314453, 9.94290065765, 21.9983329773, -16.4216918945, 22.0325737, -37.9852371216, -9.20229530334, 18.4472427368], [510.520172119, -626.651672363, -62.8736686707, 681.689453125, -182.270874023, -39.8393630981, 59.8238868713, -133.314605713, -50.9567756653, -61.285320282, 108.036331177, -13.0446128845, -88.9712753296], [-567.249267578, 236.594497681, 52.1013908386, -182.270874023, 312.931091309, 74.501449585, -37.0825691223, 33.8486671448, -24.3379840851, 29.1706409454, -63.2235794067, -2.68714952469, 31.434299469], [-243.441970825, -19.4899921417, 85.5997314453, -39.8393630981, 74.501449585, 225.870498657, 66.9811630249, 2.52023029327, -21.0636100769, 13.8227510452, -60.7247314453, -57.4602508545, 27.7316856384], [8.24148750305, -101.90461731, 9.94290065765, 59.8238868713, -37.0825691223, 66.9811630249, 159.357162476, 9.15070056915, -19.696516037, 23.5231342316, -36.7336273193, -41.9795455933, -0.546180427074], [-119.511650085, 122.871253967, 21.9983329773, -133.314605713, 33.8486671448, 2.52023029327, 9.15070056915, 113.415016174, 33.6806259155, -0.243045061827, -26.7570304871, -5.8785033226, 10.9700574875], [58.3173446655, 57.8322143555, -16.4216918945, -50.9567756653, -24.3379840851, -21.0636100769, -19.696516037, 33.6806259155, 73.821434021, 5.72081422806, 8.71162033081, 17.622587204, 3.28022837639], [-85.0199203491, 55.0615501404, 22.0325737, -61.285320282, 29.1706409454, 13.8227510452, 23.5231342316, -0.243045061827, 5.72081422806, 73.4144439697, -9.96117973328, -3.41314220428, 18.7836532593], [230.721115112, -82.2675552368, -37.9852371216, 108.036331177, -63.2235794067, -60.7247314453, -36.7336273193, -26.7570304871, 8.71162033081, -9.96117973328, 116.172027588, 42.3241233826, -27.0711269379], [48.739490509, 35.7983360291, -9.20229530334, -13.0446128845, -2.68714952469, -57.4602508545, -41.9795455933, -5.8785033226, 17.622587204, -3.41314220428, 42.3241233826, 79.6152267456, 10.9427881241], [-125.86051178, 100.018730164, 18.4472427368, -88.9712753296, 31.434299469, 27.7316856384, -0.546180427074, 10.9700574875, 3.28022837639, 18.7836532593, -27.0711269379, 10.9427881241, 64.2296676636]],
        "icov": [[0.00138246500865, -0.000575158395804, 0.00368211814202, -0.00073498277925, 0.00247283582576, -0.00152702757623, 0.000808463082649, -0.000775747641455, 0.00098148942925, -0.00121596595272, 0.000138037707075, -0.00151394854765, 0.00173904467374], [-0.000575158395804, 0.00584356160834, -0.00154559127986, 0.0047730631195, -0.00332032539882, 0.00283368723467, -0.000181398485438, 0.000735242094379, -0.00208950624801, 0.00136726384517, -0.00126893864945, 0.00197356101125, -0.00406088773161], [0.00368211814202, -0.00154559127986, 0.0149250868708, -0.00222028722055, 0.00716643594205, -0.00654851971194, 0.0036305335816, -0.00408875616267, 0.00484362849966, -0.00552000664175, 0.00191763718612, -0.00615856796503, 0.00553360255435], [-0.00073498277925, 0.0047730631195, -0.00222028722055, 0.00717669073492, -0.00276485504583, 0.00296255247667, -0.00237755686976, 0.00390939880162, -0.00168859551195, 0.00382546568289, -0.0034104117658, 0.00291117164306, -0.00187375990208], [0.00247283582576, -0.00332032539882, 0.00716643594205, -0.00276485504583, 0.0108329011127, -0.00603374652565, 0.00449248636141, -0.00382190500386, 0.00627323472872, -0.00551630929112, 0.00348575087264, -0.00583407608792, 0.00587825011462], [-0.00152702757623, 0.00283368723467, -0.00654851971194, 0.00296255247667, -0.00603374652565, 0.0111686550081, -0.00461247190833, 0.00389184453525, -0.00400224048644, 0.00464390218258, -0.00185118929949, 0.008176763542, -0.00732050603256], [0.000808463082649, -0.000181398485438, 0.0036305335816, -0.00237755686976, 0.00449248636141, -0.00461247190833, 0.0124149853364, -0.00542067317292, 0.00492274295539, -0.00737891159952, 0.00450086640194, -0.00154618208762, 0.00242172926664], [-0.000775747641455, 0.000735242094379, -0.00408875616267, 0.00390939880162, -0.00382190500386, 0.00389184453525, -0.00542067317292, 0.0167167000473, -0.00877474714071, 0.00676685804501, -0.00176926562563, 0.00479958951473, -0.00188068661373], [0.00098148942925, -0.00208950624801, 0.00484362849966, -0.00168859551195, 0.00627323472872, -0.00400224048644, 0.00492274295539, -0.00877474714071, 0.0222962033004, -0.00642381887883, 0.00190210295841, -0.00692920573056, 0.00436741765589], [-0.00121596595272, 0.00136726384517, -0.00552000664175, 0.00382546568289, -0.00551630929112, 0.00464390218258, -0.00737891159952, 0.00676685804501, -0.00642381887883, 0.0216946918517, -0.00474774977192, 0.0057511315681, -0.00714853266254], [0.000138037707075, -0.00126893864945, 0.00191763718612, -0.0034104117658, 0.00348575087264, -0.00185118929949, 0.00450086640194, -0.00176926562563, 0.00190210295841, -0.00474774977192, 0.0178365763277, -0.00988160632551, 0.00689787650481], [-0.00151394854765, 0.00197356101125, -0.00615856796503, 0.00291117164306, -0.00583407608792, 0.008176763542, -0.00154618208762, 0.00479958951473, -0.00692920573056, 0.0057511315681, -0.00988160632551, 0.0262517724186, -0.0117119317874], [0.00173904467374, -0.00406088773161, 0.00553360255435, -0.00187375990208, 0.00587825011462, -0.00732050603256, 0.00242172926664, -0.00188068661373, 0.00436741765589, -0.00714853266254, 0.00689787650481, -0.0117119317874, 0.0285114422441]]
    },
    "melbands": {
        "mean": [2.09715949495e-006, 2.11262815242e-007, 2.38899048099e-007, 3.44710400668e-007, 2.58794602814e-006, 1.28184001369e-005, 2.58903510257e-005, 4.71859020763e-005, 5.40945802641e-005, 3.58853721991e-005, 7.98439214122e-005, 5.5766555306e-005, 0.000131518027047, 0.000150023712195, 0.000317804457154, 0.000491724465974, 0.000116472299851, 5.97780308453e-005, 9.04187763808e-005, 5.61886481592e-005, 1.95503143914e-005, 3.87125874113e-006, 8.19919296191e-006, 1.39116637001e-005, 1.19663018268e-005, 2.64763639279e-005, 1.77758593054e-005, 1.69592822203e-005, 1.63083623193e-005, 9.68345102592e-006, 6.32930823485e-006, 4.83951907881e-006, 3.38580139214e-006, 2.79930145552e-006, 5.26161443304e-007, 3.47856115468e-007, 4.57017819144e-007, 6.3757070734e-008, 1.22292787008e-009, 8.37765190553e-010],
        "var": [6.36430231432e-012, 2.71734911861e-014, 3.49250318878e-014, 1.27561291608e-013, 2.7190378421e-011, 1.5767179784e-009, 6.56461462967e-009, 1.485774348e-008, 4.24271249244e-008, 9.85059767089e-009, 5.565711092e-008, 1.21721113189e-008, 1.34229139803e-007, 5.70600349192e-008, 7.45343271547e-008, 1.0233454617e-007, 7.60090568264e-009, 1.43960487975e-008, 8.04426125711e-009, 3.96462240815e-009, 6.35350716482e-010, 5.05111126536e-011, 3.65509122968e-010, 1.15133824696e-009, 1.23921983786e-009, 1.31483011145e-008, 6.49107878559e-009, 7.92878207534e-009, 6.90945567428e-009, 2.05988870405e-009, 1.27121779769e-009, 7.07713776471e-010, 2.97148972095e-010, 2.20806109508e-010, 7.71443065678e-012, 2.91399153071e-012, 4.8576550768e-012, 8.06373739483e-014, 4.95231274977e-019, 7.52629770775e-019]
    },
    "mfcc": {
        "mean": [-734.161621094, 104.290245056, -124.571311951, -27.4644012451, -38.1130752563, 23.1914100647, -5.24456453323, -6.50284290314, -8.12112998962, 11.7381811142, 6.65874814987, 11.8945465088, 7.3282251358],
        "cov": [[1975.0480957, -913.374267578, -52.2319869995, 599.616271973, -475.99710083, -23.5381660461, -258.905212402, 154.157119751, -429.861541748, 110.921058655, -47.9037971497, 109.847930908, -124.488624573], [-913.374267578, 1348.54748535, -163.835662842, -645.903686523, 326.580078125, -271.064727783, 37.1094589233, -130.428695679, 355.134979248, -201.497177124, 147.399505615, -15.3010396957, 101.398979187], [-52.2319869995, -163.835662842, 205.398727417, 18.6463794708, -75.2363204956, 65.8501968384, 5.98461818695, 21.0240821838, -27.7186450958, 55.4518089294, -51.4249687195, 18.4952297211, -5.59736585617], [599.616271973, -645.903686523, 18.6463794708, 469.678131104, -147.429702759, 76.2606277466, -44.0006332397, 44.4454345703, -217.02305603, 54.334487915, -32.6948814392, -7.46271944046, -45.5335845947], [-475.99710083, 326.580078125, -75.2363204956, -147.429702759, 299.381378174, -30.7432842255, 21.0113296509, -25.0727596283, 59.549495697, -66.2816314697, 41.0932044983, -36.8060340881, 18.9781608582], [-23.5381660461, -271.064727783, 65.8501968384, 76.2606277466, -30.7432842255, 235.816619873, 91.7299041748, -5.04547214508, -8.2778968811, 65.1861343384, -60.588142395, -12.9914493561, 16.2608547211], [-258.905212402, 37.1094589233, 5.98461818695, -44.0006332397, 21.0113296509, 91.7299041748, 162.027648926, -13.9576530457, 77.8026199341, 32.0606460571, -17.992275238, -15.8270969391, 27.2035045624], [154.157119751, -130.428695679, 21.0240821838, 44.4454345703, -25.0727596283, -5.04547214508, -13.9576530457, 105.182380676, -33.3826789856, 24.5699577332, -3.47421598434, 10.3584671021, -26.1603393555], [-429.861541748, 355.134979248, -27.7186450958, -217.02305603, 59.549495697, -8.2778968811, 77.8026199341, -33.3826789856, 255.622711182, -16.2949714661, 14.2804088593, -3.07124853134, 36.1359214783], [110.921058655, -201.497177124, 55.4518089294, 54.334487915, -66.2816314697, 65.1861343384, 32.0606460571, 24.5699577332, -16.2949714661, 119.739250183, -32.3270568848, 6.79127264023, -10.7742891312], [-47.9037971497, 147.399505615, -51.4249687195, -32.6948814392, 41.0932044983, -60.588142395, -17.992275238, -3.47421598434, 14.2804088593, -32.3270568848, 92.3880386353, 4.29453039169, 3.69256973267], [109.847930908, -15.3010396957, 18.4952297211, -7.46271944046, -36.8060340881, -12.9914493561, -15.8270969391, 10.3584671021, -3.07124853134, 6.79127264023, 4.29453039169, 77.8929367065, 3.35259509087], [-124.488624573, 101.398979187, -5.59736585617, -45.5335845947, 18.9781608582, 16.2608547211, 27.2035045624, -26.1603393555, 36.1359214783, -10.7742891312, 3.69256973267, 3.35259509087, 74.6456451416]],
        "icov": [[0.00578713743016, -0.00532014993951, 0.00687768403441, -0.00620625913143, 0.00809577573091, -0.00498409103602, 0.00699894316494, -0.0062057278119, 0.00636434787884, -0.00525685818866, 0.00466859992594, -0.00591730745509, 0.00410520751029], [-0.00532014993951, 0.0128960963339, -0.00609487155452, 0.0122357737273, -0.00950150098652, 0.0101703973487, -0.00827015563846, 0.00938105769455, -0.00871184375137, 0.00894081406295, -0.00829856097698, 0.00658107362688, -0.00725929066539], [0.00687768403441, -0.00609487155452, 0.0150705594569, -0.00600278982893, 0.0106569994241, -0.00723554287106, 0.00899903569371, -0.00803911406547, 0.00836956501007, -0.00770144816488, 0.00770881678909, -0.00795368198305, 0.00480013573542], [-0.00620625913143, 0.0122357737273, -0.00600278982893, 0.0165812261403, -0.00867768656462, 0.00839130301028, -0.00879425462335, 0.00908197183162, -0.0058254217729, 0.00859784614295, -0.00843811128289, 0.00823709461838, -0.00643247971311], [0.00809577573091, -0.00950150098652, 0.0106569994241, -0.00867768656462, 0.016908345744, -0.009053286165, 0.00979081261903, -0.00989258941263, 0.0103070978075, -0.00669964822009, 0.00639702798799, -0.00650576176122, 0.00657152477652], [-0.00498409103602, 0.0101703973487, -0.00723554287106, 0.00839130301028, -0.009053286165, 0.0160889420658, -0.0111144026741, 0.00874177739024, -0.00731715699658, 0.00557900359854, -0.00404107524082, 0.00629863888025, -0.00737596862018], [0.00699894316494, -0.00827015563846, 0.00899903569371, -0.00879425462335, 0.00979081261903, -0.0111144026741, 0.0194986239076, -0.00845992006361, 0.00548317283392, -0.00936746224761, 0.00655416725203, -0.00611603911966, 0.00402192864567], [-0.0062057278119, 0.00938105769455, -0.00803911406547, 0.00908197183162, -0.00989258941263, 0.00874177739024, -0.00845992006361, 0.0196990258992, -0.00765395723283, 0.00554994912818, -0.00723483925685, 0.00555815594271, -0.00294334348291], [0.00636434787884, -0.00871184375137, 0.00836956501007, -0.0058254217729, 0.0103070978075, -0.00731715699658, 0.00548317283392, -0.00765395723283, 0.015748558566, -0.00730485282838, 0.0063122715801, -0.00676103169098, 0.00512827280909], [-0.00525685818866, 0.00894081406295, -0.00770144816488, 0.00859784614295, -0.00669964822009, 0.00557900359854, -0.00936746224761, 0.00554994912818, -0.00730485282838, 0.0194401126355, -0.00537125347182, 0.00543231982738, -0.00403424957767], [0.00466859992594, -0.00829856097698, 0.00770881678909, -0.00843811128289, 0.00639702798799, -0.00404107524082, 0.00655416725203, -0.00723483925685, 0.0063122715801, -0.00537125347182, 0.0205887183547, -0.00681223440915, 0.00427583325654], [-0.00591730745509, 0.00658107362688, -0.00795368198305, 0.00823709461838, -0.00650576176122, 0.00629863888025, -0.00611603911966, 0.00555815594271, -0.00676103169098, 0.00543231982738, -0.00681223440915, 0.0210620071739, -0.00647314405069], [0.00410520751029, -0.00725929066539, 0.00480013573542, -0.00643247971311, 0.00657152477652, -0.00737596862018, 0.00402192864567, -0.00294334348291, 0.00512827280909, -0.00403424957767, 0.00427583325654, -0.00647314405069, 0.0209932830185]]
    },
    "spectral_contrast_coeffs": {
        "mean": [-0.770277500153, -0.7723762393, -0.785770475864, -0.723914861679, -0.783842563629, -0.648783385754],
        "var": [0.00218354375102, 0.00483434321359, 0.00243908865377, 0.00142385868821, 0.00446930760518, 0.00675136549398]
    },
    "spectral_contrast_valleys": {
        "mean": [-10.7818422318, -7.98139762878, -7.06224155426, -6.81473302841, -7.99019479752, -12.5150794983],
        "var": [0.579027235508, 0.871075212955, 0.840975999832, 0.823107421398, 1.01402449608, 0.442626625299]
    }
},
"metadata": {
    "audio_properties": {
        "analysis_sample_rate": 44100,
        "bit_rate": 103522,
        "equal_loudness": 0,
        "length": 45.0612258911,
        "lossless": 0,
        "replay_gain": -9.13816833496,
        "sample_rate": 44100,
        "codec": "mp3",
        "downmix": "mix",
        "md5_encoded": "6c81f22e49aedbfa1b247214d2a576b9"
    },
    "tags": {
        "file_name": "892.mp3"
    },
    "version": {
        "essentia": "2.1-beta2",
        "essentia_git_sha": "v2.1_beta2",
        "extractor": "music 1.0"
    }
},
"rhythm": {
    "beats_count": 71,
    "beats_loudness": {
        "mean": 0.0167892463505,
        "var": 0.000148827763041
    },
    "bpm": 103.828804016,
    "bpm_histogram_first_peak_bpm": {
        "mean": 103,
        "var": 0
    },
    "bpm_histogram_first_peak_spread": {
        "mean": 0.428571462631,
        "var": 0
    },
    "bpm_histogram_first_peak_weight": {
        "mean": 0.114285714924,
        "var": 0
    },
    "bpm_histogram_second_peak_bpm": {
        "mean": 133,
        "var": 0
    },
    "bpm_histogram_second_peak_spread": {
        "mean": 0.384615391493,
        "var": 0
    },
    "bpm_histogram_second_peak_weight": {
        "mean": 0.114285714924,
        "var": 0
    },
    "danceability": 1.21247780323,
    "onset_rate": 2.68402528763,
    "beats_loudness_band_ratio": {
        "mean": [0.00259942561388, 0.00353789026849, 0.0767850875854, 0.594496965408, 0.191842898726, 0.150436669588],
        "var": [1.12507123049e-005, 5.32720405317e-005, 0.00960683356971, 0.053323969245, 0.0170053243637, 0.0696858614683]
    },
    "beats_position": [0.53405892849, 1.07972788811, 1.62539684772, 2.17106580734, 2.71673464775, 3.29723358154, 3.87773227692, 4.45823097229, 5.02712011337, 5.59600877762, 6.1648979187, 6.74539661407, 7.32589578629, 7.85995435715, 8.38240337372, 8.90485286713, 9.35764122009, 9.82204055786, 10.2632198334, 10.7276191711, 11.1804075241, 11.6331968307, 12.0975961685, 12.5503854752, 13.0031747818, 13.4559631348, 13.8971424103, 14.3499317169, 14.8027210236, 15.3135595322, 15.8243989944, 16.3352375031, 16.8576869965, 17.391746521, 17.9606342316, 18.5295238495, 19.1100215912, 19.760181427, 20.4103393555, 20.9908390045, 21.5713367462, 22.1866664886, 22.7903842926, 23.405714035, 24.0442619324, 24.7060317993, 25.4142398834, 26.1224479675, 26.8422679901, 27.5620861053, 28.2586841583, 28.9552822113, 29.7215423584, 30.476190567, 31.2540588379, 32.0435371399, 32.7981834412, 33.5528335571, 34.3423118591, 35.1317901611, 35.9212684631, 36.7107467651, 37.5931053162, 38.4754638672, 39.334602356, 40.1937408447, 41.0528793335, 41.9120178223, 42.7595443726, 43.5954627991, 44.4429931641]
},
"tonal": {
    "chords_changes_rate": 0.0555555559695,
    "chords_number_rate": 0.00411522621289,
    "chords_strength": {
        "mean": 0.430714547634,
        "var": 0.00237081875093
    },
    "hpcp_entropy": {
        "mean": 2.08708333969,
        "var": 0.369197458029
    },
    "key_strength": 0.617407679558,
    "tuning_diatonic_strength": 0.444748699665,
    "tuning_equal_tempered_deviation": 0.0325954668224,
    "tuning_frequency": 441.017791748,
    "tuning_nontempered_energy_ratio": 0.620378494263,
    "hpcp": {
        "mean": [0.0827067345381, 0.0754974409938, 0.153568163514, 0.302373439074, 0.234130516648, 0.087978258729, 0.0802639499307, 0.0906648263335, 0.167951226234, 0.303480923176, 0.23992075026, 0.122816413641, 0.142290234566, 0.116612508893, 0.0851411521435, 0.084020704031, 0.091117143631, 0.223871260881, 0.390961378813, 0.371934264898, 0.275258600712, 0.188066229224, 0.146220311522, 0.555027425289, 0.858209848404, 0.455109208822, 0.123573675752, 0.127501666546, 0.168730542064, 0.166838392615, 0.133414462209, 0.122951515019, 0.151246920228, 0.152689382434, 0.102818720043, 0.0800917968154],
        "var": [0.0221503954381, 0.0179199110717, 0.0199733059853, 0.0638159587979, 0.0406679399312, 0.017211759463, 0.017027810216, 0.0226938333362, 0.0297208186239, 0.0614102967083, 0.0395718924701, 0.020897731185, 0.0261033438146, 0.0194086078554, 0.0156573206186, 0.0140618411824, 0.0190160218626, 0.0354453660548, 0.0814837366343, 0.0483424626291, 0.0384833179414, 0.0356991402805, 0.0166535247117, 0.0310201253742, 0.0615411661565, 0.0229432471097, 0.0105270957574, 0.0104135964066, 0.0123207392171, 0.0145350852981, 0.0228138621897, 0.0229426380247, 0.030152304098, 0.0255764387548, 0.0148330712691, 0.0192850120366]
    },
    "chords_histogram": [53.1893005371, 8.33333301544, 27.3662548065, 0, 0, 0, 0, 11.1111106873, 0, 0, 0, 0, 0, 0, 0, 0, 0, 0, 0, 0, 0, 0, 0, 0],
    "thpcp": [1, 0.530300617218, 0.143990039825, 0.148567005992, 0.196607559919, 0.19440279901, 0.15545669198, 0.143265098333, 0.176235362887, 0.177916139364, 0.119806036353, 0.0933242589235, 0.0963712260127, 0.0879708379507, 0.178940102458, 0.352330416441, 0.272812664509, 0.102513693273, 0.0935248509049, 0.105644121766, 0.195699483156, 0.353620886803, 0.27955955267, 0.143107667565, 0.16579888761, 0.135878786445, 0.0992078483105, 0.0979022830725, 0.106171168387, 0.260858416557, 0.455554515123, 0.433383822441, 0.320735782385, 0.219137817621, 0.170378267765, 0.6467269063],
    "chords_key": "A#",
    "chords_scale": "minor",
    "key_key": "A#",
    "key_scale": "minor"
}
}