{
"lowlevel": {
    "average_loudness": 0.968371808529,
    "barkbands_crest": {
        "mean": 8.82678794861,
        "var": 13.9301233292
    },
    "barkbands_flatness_db": {
        "mean": 0.127675190568,
        "var": 0.00554820569232
    },
    "barkbands_kurtosis": {
        "mean": 2.26523804665,
        "var": 60.889213562
    },
    "barkbands_skewness": {
        "mean": 1.16180896759,
        "var": 1.38934659958
    },
    "barkbands_spread": {
        "mean": 29.7723751068,
        "var": 206.55569458
    },
    "dissonance": {
        "mean": 0.475551456213,
        "var": 0.000728739483748
    },
    "dynamic_complexity": 1.8416531086,
    "erbbands_crest": {
        "mean": 7.33373355865,
        "var": 8.43519020081
    },
    "erbbands_flatness_db": {
        "mean": 0.155791953206,
        "var": 0.00420256378129
    },
    "erbbands_kurtosis": {
        "mean": 0.661704540253,
        "var": 8.40356445313
    },
    "erbbands_skewness": {
        "mean": -0.351860582829,
        "var": 0.589966475964
    },
    "erbbands_spread": {
        "mean": 39.1965179443,
        "var": 321.49597168
    },
    "hfc": {
        "mean": 29.2382335663,
        "var": 323.314819336
    },
    "melbands_crest": {
        "mean": 13.8137149811,
        "var": 24.5685520172
    },
    "melbands_flatness_db": {
        "mean": 0.185862869024,
        "var": 0.00768572930247
    },
    "melbands_kurtosis": {
        "mean": 10.9778718948,
        "var": 436.263153076
    },
    "melbands_skewness": {
        "mean": 2.50218319893,
        "var": 2.58448982239
    },
    "melbands_spread": {
        "mean": 32.128528595,
        "var": 349.640075684
    },
    "pitch_salience": {
        "mean": 0.619208991528,
        "var": 0.0106571363285
    },
    "silence_rate_20dB": {
        "mean": 1,
        "var": 0
    },
    "silence_rate_30dB": {
        "mean": 0.993820786476,
        "var": 0.00614098040387
    },
    "silence_rate_60dB": {
        "mean": 0.0102986609563,
        "var": 0.0101924957708
    },
    "spectral_centroid": {
        "mean": 1567.07250977,
        "var": 490683.59375
    },
    "spectral_complexity": {
        "mean": 29.5365600586,
        "var": 134.314849854
    },
    "spectral_decrease": {
        "mean": -7.98517962863e-009,
        "var": 3.77354700014e-017
    },
    "spectral_energy": {
        "mean": 0.0327898338437,
        "var": 0.00056649412727
    },
    "spectral_energyband_high": {
        "mean": 0.00119861611165,
        "var": 1.54060819568e-006
    },
    "spectral_energyband_low": {
        "mean": 0.0118023296818,
        "var": 0.000402892095735
    },
    "spectral_energyband_middle_high": {
        "mean": 0.00806747935712,
        "var": 2.83391273115e-005
    },
    "spectral_energyband_middle_low": {
        "mean": 0.0127030489966,
        "var": 0.000121787386888
    },
    "spectral_entropy": {
        "mean": 7.65663671494,
        "var": 0.263594806194
    },
    "spectral_flux": {
        "mean": 0.0902518257499,
        "var": 0.0032114435453
    },
    "spectral_kurtosis": {
        "mean": 5.66697597504,
        "var": 28.3857326508
    },
    "spectral_rms": {
        "mean": 0.00536444690078,
        "var": 3.21287348015e-006
    },
    "spectral_rolloff": {
        "mean": 1933.74047852,
        "var": 1869728.375
    },
    "spectral_skewness": {
        "mean": 1.5364253521,
        "var": 0.308704048395
    },
    "spectral_spread": {
        "mean": 4206696,
        "var": 4.85102033306e+012
    },
    "spectral_strongpeak": {
        "mean": 0.740868926048,
        "var": 0.85923987627
    },
    "zerocrossingrate": {
        "mean": 0.0729097947478,
        "var": 0.00151939911302
    },
    "barkbands": {
        "mean": [0.000170734463609, 0.00536013534293, 0.00532747339457, 0.00202840659767, 0.00686994334683, 0.00228184717707, 0.00073155364953, 0.0003924027842, 0.000340293510817, 0.000213257604628, 0.000236630599829, 0.000643879640847, 0.00110434391536, 0.00109349261038, 0.000988534535281, 0.00106112414505, 0.00142927642446, 0.000636976503301, 0.000501265283674, 0.000360389734851, 0.000258158601355, 0.000184327494935, 0.000179958413355, 0.000168937913259, 0.000122909506899, 9.57213924266e-005, 7.90825833974e-006],
        "var": [2.04309657192e-007, 9.3089613074e-005, 0.000107183041109, 2.19733392441e-005, 4.83727162646e-005, 6.51451182421e-006, 4.10663375305e-007, 2.1961889729e-007, 9.07453383547e-008, 4.52614692392e-008, 4.66423131229e-008, 4.66643314212e-007, 1.56181897637e-006, 1.51914048274e-006, 1.07918356207e-006, 1.54614042458e-006, 1.87817568076e-006, 4.01187179477e-007, 2.36093256945e-007, 9.4264258621e-008, 8.4176527082e-008, 4.60773357247e-008, 5.19128633414e-008, 4.41936869322e-008, 3.07881009576e-008, 3.27324229943e-008, 4.70750549653e-010]
    },
    "erbbands": {
        "mean": [0.106476254761, 1.40243291855, 5.75889253616, 6.63882255554, 13.1074857712, 29.9504318237, 16.7132358551, 22.0512676239, 9.85585784912, 12.0036382675, 8.2242975235, 8.53813934326, 7.55518817902, 7.27204036713, 12.144320488, 28.9947910309, 40.9757843018, 65.2598495483, 63.330909729, 53.9617767334, 52.5498275757, 74.3234100342, 47.7873458862, 24.0325565338, 21.519241333, 17.770866394, 12.6723546982, 9.15530204773, 6.60573959351, 5.25907230377, 5.1301150322, 4.1969871521, 2.38679766655, 1.56351077557, 0.777985274792, 0.417641609907, 0.17301787436, 0.0325732380152, 0.000916217570193, 6.34480602457e-005],
        "var": [0.0819976702332, 5.55836868286, 97.3146057129, 190.768707275, 432.944549561, 1087.40576172, 304.425964355, 668.120666504, 61.6365432739, 154.585479736, 67.1387710571, 55.2961349487, 55.6515235901, 35.9630622864, 117.570709229, 984.921142578, 2041.32019043, 5004.31201172, 4093.13989258, 2961.92749023, 2385.53466797, 5210.11767578, 1914.26037598, 473.177276611, 403.398834229, 233.293457031, 174.733383179, 114.257415771, 61.7473640442, 40.8965072632, 41.6478729248, 31.5446014404, 8.76427459717, 5.18024206161, 1.30512082577, 0.545855402946, 0.120763227344, 0.00505952211097, 5.06990227223e-006, 3.41930639358e-009]
    },
    "gfcc": {
        "mean": [22.0128879547, 91.2419204712, -124.343658447, 39.7772102356, -39.0693130493, 5.94138622284, -52.8452720642, -1.25018799305, -28.6340675354, 2.54829192162, -14.5651922226, -2.0476462841, -13.0322151184],
        "cov": [[9416.609375, -3258.40771484, 383.435852051, 797.762145996, -567.00793457, 1149.70922852, -489.597991943, 450.662200928, -372.054046631, 397.507202148, -548.621643066, 509.082366943, -518.478515625], [-3258.40771484, 2636.03930664, -993.663208008, -462.498352051, 351.477355957, -759.686218262, 223.444473267, -337.40335083, 201.755554199, -327.723266602, 350.996246338, -395.979003906, 338.195129395], [383.435852051, -993.663208008, 1623.06628418, 382.699890137, -107.104354858, 415.922668457, 49.7033729553, 236.801605225, -36.1514053345, 210.813873291, -147.911697388, 254.732131958, -152.75843811], [797.762145996, -462.498352051, 382.699890137, 351.086273193, -71.3268127441, 246.620834351, 1.56609272957, 100.637077332, -9.18814563751, 53.6266937256, -50.8943405151, 83.7597808838, -62.4678688049], [-567.00793457, 351.477355957, -107.104354858, -71.3268127441, 193.506225586, -75.9364624023, 66.8542404175, -17.4819526672, 53.2584648132, -25.260892868, 52.9361991882, -49.0358009338, 51.5092430115], [1149.70922852, -759.686218262, 415.922668457, 246.620834351, -75.9364624023, 372.019500732, -25.6977653503, 147.314361572, -37.0402069092, 118.20501709, -92.8908615112, 132.616958618, -110.658683777], [-489.597991943, 223.444473267, 49.7033729553, 1.56609272957, 66.8542404175, -25.6977653503, 116.939559937, 17.1753501892, 47.7846374512, -8.1691608429, 41.341217041, -31.058681488, 23.6113090515], [450.662200928, -337.40335083, 236.801605225, 100.637077332, -17.4819526672, 147.314361572, 17.1753501892, 134.44883728, 12.3371744156, 71.3332595825, -47.9001197815, 67.391456604, -46.6959724426], [-372.054046631, 201.755554199, -36.1514053345, -9.18814563751, 53.2584648132, -37.0402069092, 47.7846374512, 12.3371744156, 80.8315658569, 0.407406270504, 44.8589897156, -25.4454498291, 33.8509483337], [397.507202148, -327.723266602, 210.813873291, 53.6266937256, -25.260892868, 118.20501709, -8.1691608429, 71.3332595825, 0.407406270504, 103.44241333, -22.5439071655, 67.2692108154, -50.2915267944], [-548.621643066, 350.996246338, -147.911697388, -50.8943405151, 52.9361991882, -92.8908615112, 41.341217041, -47.9001197815, 44.8589897156, -22.5439071655, 102.277938843, -42.585483551, 52.5457611084], [509.082366943, -395.979003906, 254.732131958, 83.7597808838, -49.0358009338, 132.616958618, -31.058681488, 67.391456604, -25.4454498291, 67.2692108154, -42.585483551, 111.071228027, -41.8493080139], [-518.478515625, 338.195129395, -152.75843811, -62.4678688049, 51.5092430115, -110.658683777, 23.6113090515, -46.6959724426, 33.8509483337, -50.2915267944, 52.5457611084, -41.8493080139, 88.796585083]],
        "icov": [[0.000408296298701, -0.000233098893659, 0.000568665855099, -0.00072206108598, 0.000151228989125, -0.000389794266084, 0.00055371155031, -0.000339607009664, 0.000753913889639, -0.00105799885932, 0.00128905463498, -0.000986899947748, 0.000728273531422], [-0.000233098893659, 0.00274403276853, -0.000662027567159, 0.000865637965035, -0.000988679472357, 0.00171140138991, -0.00129312300123, 0.0005836947239, -0.00162153888959, 0.00345351058058, -0.00422079348937, 0.00360550708137, -0.00221392791718], [0.000568665855099, -0.000662027567159, 0.00228641158901, -0.0020666483324, 0.000359588506399, -0.000207475284697, -0.00109844561666, 2.67092364084e-005, 0.00129813025706, -0.00335657061078, 0.00385228567757, -0.00419302517548, 0.00150862184819], [-0.00072206108598, 0.000865637965035, -0.0020666483324, 0.00828028470278, 0.00115075788926, -0.00411846814677, -0.000780482776463, -0.000228580698604, -0.00341402529739, 0.00686522200704, -0.00484146224335, 0.00285441963933, -0.00155584991444], [0.000151228989125, -0.000988679472357, 0.000359588506399, 0.00115075788926, 0.0084078181535, -0.00181386212353, -0.00248840590939, -0.000204618263524, -0.0015876396792, -0.00121199688874, 0.00127271260135, -0.000305777764879, -0.00148532132152], [-0.000389794266084, 0.00171140138991, -0.000207475284697, -0.00411846814677, -0.00181386212353, 0.0124378819019, -0.00137045339216, -0.00292060477659, 0.000957014970481, -0.00168871192727, -0.00133765628561, -0.00122552714311, 0.00222521997057], [0.00055371155031, -0.00129312300123, -0.00109844561666, -0.000780482776463, -0.00248840590939, -0.00137045339216, 0.0186406094581, -0.00716813514009, -0.00102419045288, 0.00110309093725, -0.00400879979134, 0.00445419363678, 0.00221552303992], [-0.000339607009664, 0.0005836947239, 2.67092364084e-005, -0.000228580698604, -0.000204618263524, -0.00292060477659, -0.00716813514009, 0.0233184229583, -0.00972826033831, -0.00518087344244, 0.00860951747745, -0.0049138283357, -0.00030950238579], [0.000753913889639, -0.00162153888959, 0.00129813025706, -0.00341402529739, -0.0015876396792, 0.000957014970481, -0.00102419045288, -0.00972826033831, 0.0285432003438, -0.00884631369263, -0.00346198980696, 0.00289468001574, -0.00479912152514], [-0.00105799885932, 0.00345351058058, -0.00335657061078, 0.00686522200704, -0.00121199688874, -0.00168871192727, 0.00110309093725, -0.00518087344244, -0.00884631369263, 0.0339225791395, -0.0151632074267, -0.00143962691072, 0.00618467060849], [0.00128905463498, -0.00422079348937, 0.00385228567757, -0.00484146224335, 0.00127271260135, -0.00133765628561, -0.00400879979134, 0.00860951747745, -0.00346198980696, -0.0151632074267, 0.0328968130052, -0.0098337745294, -0.00135792093351], [-0.000986899947748, 0.00360550708137, -0.00419302517548, 0.00285441963933, -0.000305777764879, -0.00122552714311, 0.00445419363678, -0.0049138283357, 0.00289468001574, -0.00143962691072, -0.0098337745294, 0.0333147533238, -0.0102168135345], [0.000728273531422, -0.00221392791718, 0.00150862184819, -0.00155584991444, -0.00148532132152, 0.00222521997057, 0.00221552303992, -0.00030950238579, -0.00479912152514, 0.00618467060849, -0.00135792093351, -0.0102168135345, 0.0296504572034]]
    },
    "melbands": {
        "mean": [0.00122162594926, 0.0026950663887, 0.00130731170066, 0.00164081307594, 0.000737139955163, 0.000457256130176, 0.000154670968186, 0.000122217476019, 6.09750641161e-005, 5.30684228579e-005, 3.70919478883e-005, 2.8923717764e-005, 3.32983436238e-005, 6.93040710757e-005, 6.36686236248e-005, 0.000121893797768, 0.000118699805171, 0.000106717205199, 5.98670994805e-005, 8.71439115144e-005, 5.6540753576e-005, 8.20154309622e-005, 6.5146938141e-005, 2.53159851127e-005, 1.84765176527e-005, 1.92938659893e-005, 1.24292982946e-005, 1.15518087114e-005, 8.38964479044e-006, 6.22652578386e-006, 4.89550484417e-006, 4.04688034905e-006, 2.84734142042e-006, 2.9277680369e-006, 2.77065896626e-006, 3.25443829752e-006, 2.27053965318e-006, 1.74312333456e-006, 1.38479583711e-006, 1.32230627514e-006],
        "var": [6.58337603454e-006, 1.96392102225e-005, 6.09112430539e-006, 3.26104964188e-006, 3.95580542545e-007, 2.70977722039e-007, 1.47804160022e-008, 1.66770668386e-008, 3.52820306304e-009, 2.31658137118e-009, 1.47913470361e-009, 5.94349236493e-010, 8.93097762411e-010, 6.22086870905e-009, 4.68045202595e-009, 1.97426608395e-008, 2.04442578422e-008, 1.33294060234e-008, 3.05748115714e-009, 1.35070754581e-008, 2.91895196902e-009, 7.6975066321e-009, 4.06278122256e-009, 5.62907775947e-010, 3.19597404097e-010, 3.98210908692e-010, 1.2432783969e-010, 1.09649379854e-010, 7.25279072911e-011, 5.90900592345e-011, 3.38353442486e-011, 2.42521679822e-011, 1.2622542768e-011, 1.40079154873e-011, 1.16684552645e-011, 2.21656460547e-011, 9.04362609105e-012, 4.97170403804e-012, 3.49086666691e-012, 4.26411640372e-012]
    },
    "mfcc": {
        "mean": [-616.106201172, 119.994003296, -16.4274635315, 31.6716251373, 23.7264938354, 7.15637636185, -3.03675961494, -7.20504331589, -9.58126544952, -2.96455430984, -5.38554191589, 1.94428503513, -4.45054626465],
        "cov": [[6894.640625, -2863.40795898, 334.073974609, -216.927566528, 103.050292969, 450.931640625, -23.777223587, 276.149047852, 46.2231864929, 27.118188858, 38.1144447327, 10.5385189056, -55.1943855286], [-2863.40795898, 2284.28125, -903.108337402, 76.7447509766, -76.3301925659, -355.415985107, -5.7496471405, -223.060134888, -83.9334030151, -28.9479084015, -74.5639343262, -10.596408844, -16.1343994141], [334.073974609, -903.108337402, 1366.31213379, 172.33493042, 97.6620330811, 268.500518799, 76.1974945068, 192.332015991, 118.464073181, 22.5218791962, 115.571731567, 13.7615594864, 82.7889709473], [-216.927566528, 76.7447509766, 172.33493042, 168.95942688, 26.9578647614, 33.0045471191, 27.1569766998, 41.2009544373, 22.2770118713, 16.1399917603, 11.2660036087, 8.64241409302, 13.0875778198], [103.050292969, -76.3301925659, 97.6620330811, 26.9578647614, 102.542472839, 56.100894928, 22.8224048615, 33.743686676, 30.2484035492, 14.1922416687, 12.7619438171, 12.9703807831, 19.705789566], [450.931640625, -355.415985107, 268.500518799, 33.0045471191, 56.100894928, 151.492355347, 39.3082427979, 73.3794326782, 25.0776519775, 22.9888305664, 34.1928634644, 14.32670784, 12.0788669586], [-23.777223587, -5.7496471405, 76.1974945068, 27.1569766998, 22.8224048615, 39.3082427979, 73.0379867554, 33.3028755188, 20.183921814, 21.4953250885, 25.8874912262, 13.0112457275, 8.36487674713], [276.149047852, -223.060134888, 192.332015991, 41.2009544373, 33.743686676, 73.3794326782, 33.3028755188, 102.809387207, 47.3599891663, 28.5653247833, 23.3360538483, 12.4965353012, 15.4482564926], [46.2231864929, -83.9334030151, 118.464073181, 22.2770118713, 30.2484035492, 25.0776519775, 20.183921814, 47.3599891663, 76.8298416138, 32.4113464355, 19.5857315063, 6.44564771652, 18.1411190033], [27.118188858, -28.9479084015, 22.5218791962, 16.1399917603, 14.1922416687, 22.9888305664, 21.4953250885, 28.5653247833, 32.4113464355, 65.5528717041, 28.1406650543, 14.6689023972, 7.77496051788], [38.1144447327, -74.5639343262, 115.571731567, 11.2660036087, 12.7619438171, 34.1928634644, 25.8874912262, 23.3360538483, 19.5857315063, 28.1406650543, 67.4951248169, 26.380941391, 15.2324934006], [10.5385189056, -10.596408844, 13.7615594864, 8.64241409302, 12.9703807831, 14.32670784, 13.0112457275, 12.4965353012, 6.44564771652, 14.6689023972, 26.380941391, 53.7305755615, 25.7106609344], [-55.1943855286, -16.1343994141, 82.7889709473, 13.0875778198, 19.705789566, 12.0788669586, 8.36487674713, 15.4482564926, 18.1411190033, 7.77496051788, 15.2324934006, 25.7106609344, 57.7857513428]],
        "icov": [[0.000407209125115, 0.000559496111237, 0.000421361008193, -8.56894894241e-006, -8.57286868268e-005, -0.000471460865811, 0.000160296680406, -0.000427781691542, 1.25913165903e-005, 0.000289941905066, -0.000173017353518, 7.15702190064e-005, 0.000133168432512], [0.000559496111237, 0.00182122050319, 0.00104266172275, -0.00132326525636, -0.00050198630197, 0.00123823306058, -0.00106662302278, 0.00059414608404, 0.000152697582962, 0.000389582244679, -0.000471852137707, 0.000404344609706, -0.000399156473577], [0.000421361008193, 0.00104266172275, 0.00245776912197, -0.00173857598566, 0.00041531783063, -0.00216675573029, 0.000194073785678, -0.000760028779041, -0.00146517821122, 0.00248384382576, -0.00282026943751, 0.00225987192243, -0.00208377186209], [-8.56894894241e-006, -0.00132326525636, -0.00173857598566, 0.0091527858749, -0.000752117484808, -0.000559265434276, -0.000217764129047, -0.00303397141397, 0.000972004898358, -0.00176394474693, 0.00233699381351, -0.00159255950712, 0.00128094607498], [-8.57286868268e-005, -0.00050198630197, 0.00041531783063, -0.000752117484808, 0.0144617967308, -0.0064956061542, -0.000644226034638, 0.000979754142463, -0.00502343475819, 0.0012517424766, 0.00131446216255, -0.000877772574313, -0.00293663144112], [-0.000471460865811, 0.00123823306058, -0.00216675573029, -0.000559265434276, -0.0064956061542, 0.0203132908791, -0.00500741228461, -0.00455061579123, 0.00632961606607, -0.00332995154895, -0.000605895766057, -0.00119632051792, 0.00218973471783], [0.000160296680406, -0.00106662302278, 0.000194073785678, -0.000217764129047, -0.000644226034638, -0.00500741228461, 0.0205501001328, -0.0041642896831, -0.000976962852292, -0.00111011776607, -0.00460180221125, -0.000545243325178, 0.000943166902289], [-0.000427781691542, 0.00059414608404, -0.000760028779041, -0.00303397141397, 0.000979754142463, -0.00455061579123, -0.0041642896831, 0.0234453883022, -0.00877403933555, -0.00234908121638, 0.00272073992528, -0.00212194211781, -0.000217095017433], [1.25913165903e-005, 0.000152697582962, -0.00146517821122, 0.000972004898358, -0.00502343475819, 0.00632961606607, -0.000976962852292, -0.00877403933555, 0.0252456795424, -0.0093588642776, -0.000315487704938, 0.00327567826025, -0.00322993588634], [0.000289941905066, 0.000389582244679, 0.00248384382576, -0.00176394474693, 0.0012517424766, -0.00332995154895, -0.00111011776607, -0.00234908121638, -0.0093588642776, 0.0256926734, -0.00882332120091, -0.00067956908606, 0.000393946946133], [-0.000173017353518, -0.000471852137707, -0.00282026943751, 0.00233699381351, 0.00131446216255, -0.000605895766057, -0.00460180221125, 0.00272073992528, -0.000315487704938, -0.00882332120091, 0.0274893380702, -0.0113581735641, 0.00192499207333], [7.15702190064e-005, 0.000404344609706, 0.00225987192243, -0.00159255950712, -0.000877772574313, -0.00119632051792, -0.000545243325178, -0.00212194211781, 0.00327567826025, -0.00067956908606, -0.0113581735641, 0.0312714390457, -0.0133566465229], [0.000133168432512, -0.000399156473577, -0.00208377186209, 0.00128094607498, -0.00293663144112, 0.00218973471783, 0.000943166902289, -0.000217095017433, -0.00322993588634, 0.000393946946133, 0.00192499207333, -0.0133566465229, 0.0268779024482]]
    },
    "spectral_contrast_coeffs": {
        "mean": [-0.58052778244, -0.73672491312, -0.799729347229, -0.77423197031, -0.780845940113, -0.754233062267],
        "var": [0.00681321974844, 0.00340838334523, 0.00184434989933, 0.00207622465678, 0.000944161380176, 0.00105988106225]
    },
    "spectral_contrast_valleys": {
        "mean": [-7.19793224335, -6.65395355225, -7.2767329216, -7.0297088623, -7.01798677444, -10.221581459],
        "var": [1.37888479233, 1.05440115929, 1.10965621471, 1.29323542118, 1.4448120594, 2.65548014641]
    }
},
"metadata": {
    "audio_properties": {
        "analysis_sample_rate": 44100,
        "bit_rate": 108369,
        "equal_loudness": 0,
        "length": 45.0612258911,
        "lossless": 0,
        "replay_gain": -12.1797599792,
        "sample_rate": 44100,
        "codec": "mp3",
        "downmix": "mix",
        "md5_encoded": "d75966c3cd647f42ba3b6ed4fbe6a13a"
    },
    "tags": {
        "file_name": "898.mp3"
    },
    "version": {
        "essentia": "2.1-beta2",
        "essentia_git_sha": "v2.1_beta2",
        "extractor": "music 1.0"
    }
},
"rhythm": {
    "beats_count": 117,
    "beats_loudness": {
        "mean": 0.0389337837696,
        "var": 0.000322585401591
    },
    "bpm": 172.265579224,
    "bpm_histogram_first_peak_bpm": {
        "mean": 172,
        "var": 0
    },
    "bpm_histogram_first_peak_spread": {
        "mean": 0,
        "var": 0
    },
    "bpm_histogram_first_peak_weight": {
        "mean": 0.38793104887,
        "var": 0
    },
    "bpm_histogram_second_peak_bpm": {
        "mean": 167,
        "var": 0
    },
    "bpm_histogram_second_peak_spread": {
        "mean": 0,
        "var": 0
    },
    "bpm_histogram_second_peak_weight": {
        "mean": 0.155172407627,
        "var": 0
    },
    "danceability": 1.23277676105,
    "onset_rate": 2.86148142815,
    "beats_loudness_band_ratio": {
        "mean": [0.432430744171, 0.280544281006, 0.0595144070685, 0.0854783505201, 0.150566115975, 0.0569609552622],
        "var": [0.0544671267271, 0.0316814407706, 0.00288280379027, 0.00485172262415, 0.0115607073531, 0.00253808870912]
    },
    "beats_position": [0.394739210606, 0.801088392735, 1.19582760334, 1.60217678547, 2.00852608681, 2.41487526894, 2.82122445107, 3.22757363319, 3.63392281532, 4.04027223587, 4.446621418, 4.85297060013, 5.25931978226, 5.66566896439, 6.06040811539, 6.47836732864, 6.8963265419, 7.31428575516, 7.72063493729, 8.12698364258, 8.52172279358, 8.92807197571, 9.31120204926, 9.69433116913, 10.077460289, 10.47219944, 10.866938591, 11.261677742, 11.656416893, 12.051156044, 12.4342851639, 12.8174142838, 13.2121543884, 13.5952835083, 13.9784126282, 14.3499317169, 14.7098407745, 15.0697498322, 15.4180498123, 15.7779588699, 16.1378688812, 16.4861679077, 16.8344669342, 17.1827659607, 17.5194549561, 17.8561439514, 18.2044448853, 18.5527439117, 18.9010429382, 19.2493419647, 19.6092510223, 19.9459400177, 20.2826309204, 20.6193199158, 20.9676189423, 21.3159179688, 21.6642169952, 22.0125160217, 22.3608150482, 22.7091159821, 23.0574150085, 23.405714035, 23.7656230927, 24.1255321503, 24.4738311768, 24.8337402344, 25.1820411682, 25.5419502258, 25.8902492523, 26.2385482788, 26.5868473053, 26.9351463318, 27.2950553894, 27.6549663544, 28.0032653809, 28.3515644073, 28.6998634338, 29.0481624603, 29.3964614868, 29.7447605133, 30.1046714783, 30.4645805359, 30.8128795624, 31.1611785889, 31.5094776154, 31.8577766418, 32.2176856995, 32.5775947571, 32.9258956909, 33.2741928101, 33.6224937439, 33.9707946777, 34.3190917969, 34.6673927307, 35.0156898499, 35.3639907837, 35.7122879028, 36.0605888367, 36.4088897705, 36.7571868896, 37.1054878235, 37.4653968811, 37.8253059387, 38.1852149963, 38.6612243652, 39.1372337341, 39.613243103, 40.1473007202, 40.6813583374, 41.2154197693, 41.7494773865, 42.2835350037, 42.8175964355, 43.3516540527, 43.8857116699, 44.4081611633, 44.9306106567]
},
"tonal": {
    "chords_changes_rate": 0.0524691343307,
    "chords_number_rate": 0.0102880662307,
    "chords_strength": {
        "mean": 0.451421111822,
        "var": 0.00602357694879
    },
    "hpcp_entropy": {
        "mean": 2.48925709724,
        "var": 0.525546848774
    },
    "key_strength": 0.641861140728,
    "tuning_diatonic_strength": 0.341625541449,
    "tuning_equal_tempered_deviation": 0.117232218385,
    "tuning_frequency": 441.782684326,
    "tuning_nontempered_energy_ratio": 0.775909423828,
    "hpcp": {
        "mean": [0.143715947866, 0.108506016433, 0.253620922565, 0.383162021637, 0.23554366827, 0.112514816225, 0.114145062864, 0.11238719523, 0.129821866751, 0.122690021992, 0.0879233106971, 0.0833375528455, 0.0980547219515, 0.0939256921411, 0.137679472566, 0.164771169424, 0.122239798307, 0.0994040295482, 0.0811548158526, 0.0668838098645, 0.114268295467, 0.160602673888, 0.155502140522, 0.225488737226, 0.252284139395, 0.153646111488, 0.15069180727, 0.170600354671, 0.134796336293, 0.178462013602, 0.218059182167, 0.179241582751, 0.137359976768, 0.106412142515, 0.105696350336, 0.150521203876],
        "var": [0.0528377816081, 0.0318595953286, 0.0797944292426, 0.172058388591, 0.0687408968806, 0.0302627012134, 0.036208037287, 0.0317400358617, 0.0373507402837, 0.0411150865257, 0.0270770080388, 0.0196826215833, 0.0348576530814, 0.0223155282438, 0.0285468734801, 0.0414342954755, 0.031513851136, 0.0201457049698, 0.0165328532457, 0.0176424309611, 0.0294541828334, 0.0620362237096, 0.0401323102415, 0.0669730305672, 0.0729612335563, 0.0291496515274, 0.0416510514915, 0.0782073587179, 0.0534880310297, 0.0778186544776, 0.101952560246, 0.0671918839216, 0.0405830517411, 0.027537368238, 0.0284404084086, 0.0495085604489]
    },
    "chords_histogram": [53.4979438782, 2.46913576126, 1.02880656719, 0.102880656719, 4.42386817932, 1.02880656719, 0.205761313438, 1.54320991039, 0.617283940315, 2.05761313438, 0, 0, 10.1851854324, 0, 0.308641970158, 0, 4.42386817932, 0.823045253754, 0, 0, 0, 0, 0, 17.2839508057],
    "thpcp": [1, 0.614736497402, 0.293648153543, 0.297902852297, 0.293315082788, 0.338817149401, 0.320204019547, 0.229467704892, 0.217499509454, 0.25590929389, 0.24513310194, 0.359324425459, 0.430030018091, 0.319029003382, 0.259430795908, 0.211802870035, 0.174557507038, 0.29822447896, 0.419150829315, 0.405839115381, 0.588494479656, 0.658426761627, 0.400995135307, 0.393284827471, 0.445243388414, 0.351799845695, 0.465761214495, 0.569104373455, 0.467795789242, 0.358490586281, 0.277721017599, 0.275852888823, 0.392839580774, 0.37507879734, 0.283185720444, 0.6619156003],
    "chords_key": "A#",
    "chords_scale": "major",
    "key_key": "A#",
    "key_scale": "major"
}
}