{
"lowlevel": {
    "average_loudness": 0.845398366451,
    "barkbands_crest": {
        "mean": 15.8515100479,
        "var": 26.1996059418
    },
    "barkbands_flatness_db": {
        "mean": 0.223996505141,
        "var": 0.00767790572718
    },
    "barkbands_kurtosis": {
        "mean": 47.4583816528,
        "var": 13984.2861328
    },
    "barkbands_skewness": {
        "mean": 4.17071151733,
        "var": 16.8655033112
    },
    "barkbands_spread": {
        "mean": 12.7240457535,
        "var": 175.863616943
    },
    "dissonance": {
        "mean": 0.455713838339,
        "var": 0.0010431924602
    },
    "dynamic_complexity": 6.35015964508,
    "erbbands_crest": {
        "mean": 10.4367132187,
        "var": 23.043088913
    },
    "erbbands_flatness_db": {
        "mean": 0.154927641153,
        "var": 0.00282101077028
    },
    "erbbands_kurtosis": {
        "mean": 0.880837440491,
        "var": 8.25515937805
    },
    "erbbands_skewness": {
        "mean": 0.261881440878,
        "var": 0.849727928638
    },
    "erbbands_spread": {
        "mean": 39.9034004211,
        "var": 474.031982422
    },
    "hfc": {
        "mean": 17.1884307861,
        "var": 797.928649902
    },
    "melbands_crest": {
        "mean": 20.0176143646,
        "var": 23.0604743958
    },
    "melbands_flatness_db": {
        "mean": 0.330503493547,
        "var": 0.0109061542898
    },
    "melbands_kurtosis": {
        "mean": 60.7631874084,
        "var": 8022.62548828
    },
    "melbands_skewness": {
        "mean": 5.00095796585,
        "var": 9.79870796204
    },
    "melbands_spread": {
        "mean": 10.9040813446,
        "var": 221.788208008
    },
    "pitch_salience": {
        "mean": 0.363475829363,
        "var": 0.0161064229906
    },
    "silence_rate_20dB": {
        "mean": 0.990221321583,
        "var": 0.00968291889876
    },
    "silence_rate_30dB": {
        "mean": 0.874935686588,
        "var": 0.109422765672
    },
    "silence_rate_60dB": {
        "mean": 0.103448279202,
        "var": 0.0927466675639
    },
    "spectral_centroid": {
        "mean": 812.399169922,
        "var": 724993.1875
    },
    "spectral_complexity": {
        "mean": 12.2815237045,
        "var": 74.8112564087
    },
    "spectral_decrease": {
        "mean": -1.42698031169e-008,
        "var": 3.02389650439e-016
    },
    "spectral_energy": {
        "mean": 0.0554164759815,
        "var": 0.00449066841975
    },
    "spectral_energyband_high": {
        "mean": 0.000436589238234,
        "var": 2.20187985178e-006
    },
    "spectral_energyband_low": {
        "mean": 0.0431033484638,
        "var": 0.00354890502058
    },
    "spectral_energyband_middle_high": {
        "mean": 0.00451229279861,
        "var": 0.000109357701149
    },
    "spectral_energyband_middle_low": {
        "mean": 0.008266357705,
        "var": 0.0001079330832
    },
    "spectral_entropy": {
        "mean": 7.07786893845,
        "var": 0.356687217951
    },
    "spectral_flux": {
        "mean": 0.0787417888641,
        "var": 0.00645050872117
    },
    "spectral_kurtosis": {
        "mean": 8.4399728775,
        "var": 40.1920166016
    },
    "spectral_rms": {
        "mean": 0.00634391745552,
        "var": 1.38196528496e-005
    },
    "spectral_rolloff": {
        "mean": 656.258850098,
        "var": 2600944.25
    },
    "spectral_skewness": {
        "mean": 2.24242258072,
        "var": 0.451769024134
    },
    "spectral_spread": {
        "mean": 4847966.5,
        "var": 1.00540151235e+013
    },
    "spectral_strongpeak": {
        "mean": 0.550405263901,
        "var": 1.16576135159
    },
    "zerocrossingrate": {
        "mean": 0.033095818013,
        "var": 0.00213521835394
    },
    "barkbands": {
        "mean": [0.0011590346694, 0.0307556129992, 0.0103075066581, 0.00155375595205, 0.0021908110939, 0.00060439913068, 0.000655357667711, 0.00130344019271, 0.00186633015983, 0.000387874635635, 0.000938596553169, 0.000423201388912, 0.000431169726653, 0.000935189425945, 0.000629284186289, 0.000439898954937, 0.000179217604455, 0.000109533546492, 8.02278518677e-005, 8.08187905932e-005, 7.44944409234e-005, 5.21121219208e-005, 4.00006647396e-005, 6.53280803817e-005, 8.4579900431e-005, 6.22449952061e-005, 6.52276867186e-006],
        "var": [1.03584579847e-005, 0.00209642085247, 0.000273436773568, 7.14295129001e-006, 7.74827276473e-006, 2.29855845646e-006, 2.43304157266e-006, 1.34508381961e-005, 3.65407213394e-005, 2.02640376301e-006, 4.26467158832e-005, 7.33222520921e-007, 7.96944618742e-007, 6.5335252657e-006, 3.17419835483e-006, 1.74212584625e-006, 1.98754776193e-007, 1.01738415026e-007, 9.25785457184e-008, 8.9026386263e-008, 9.4154273711e-008, 3.44609567549e-008, 1.89753563973e-008, 6.50588560802e-008, 1.11789091761e-007, 1.26883620055e-007, 1.0346897783e-009]
    },
    "erbbands": {
        "mean": [0.961319208145, 6.5613026619, 12.5903644562, 8.24336051941, 6.28922843933, 8.30456256866, 4.06093502045, 4.98998260498, 7.00953722, 14.3195123672, 34.8246955872, 30.634475708, 37.7172813416, 21.7213821411, 35.4487609863, 17.9597263336, 18.5335502625, 56.3025779724, 18.7023696899, 47.7472496033, 16.0581588745, 11.1727180481, 5.23767900467, 5.42908477783, 3.86237621307, 4.15509366989, 3.8649160862, 2.06774806976, 1.86190474033, 1.45057833195, 1.25878226757, 1.46092867851, 1.00994074345, 0.917965352535, 0.605087816715, 0.231092646718, 0.125469431281, 0.0234362594783, 0.000794838299043, 7.94772640802e-005],
        "var": [2.92349696159, 87.7698440552, 383.636474609, 174.092849731, 97.1596298218, 112.501281738, 23.1838951111, 184.189743042, 379.365905762, 1371.43347168, 10109.5566406, 6144.91748047, 18246.2441406, 8479.22363281, 42712.1875, 1609.03979492, 1303.5736084, 22964.1894531, 1036.39147949, 33518.765625, 1206.8223877, 761.739501953, 241.128555298, 249.363342285, 226.45010376, 231.984146118, 310.978210449, 54.0430030823, 50.7072868347, 20.5818824768, 19.4307537079, 34.2909812927, 17.1122875214, 12.3333873749, 7.03287887573, 1.22524178028, 0.668431580067, 0.014808232896, 1.82544463314e-005, 1.67864939726e-008]
    },
    "gfcc": {
        "mean": [-71.3869552612, 113.012649536, -82.0895233154, 29.6376132965, -24.6279792786, 37.6470909119, -24.6780052185, 17.0046958923, -18.1062602997, 5.08911657333, -17.1640453339, -4.47695016861, -6.59363174438],
        "cov": [[28129.7050781, 2113.47119141, -2492.55151367, 40.2536315918, -811.041015625, -383.331787109, -914.942565918, -378.347167969, 214.70880127, 560.198425293, 23.8711948395, -381.742553711, -325.36138916], [2113.47119141, 1916.29089355, -584.460083008, -265.510925293, 150.189849854, -116.012367249, 76.8557128906, -192.791442871, 169.286010742, -174.362365723, 164.814468384, -263.269073486, 137.719085693], [-2492.55151367, -584.460083008, 962.223876953, 198.504486084, 146.101013184, 166.59552002, 174.604431152, 88.2665252686, -83.4852752686, 1.79507374763, -64.7790145874, 125.267196655, -0.943364024162], [40.2536315918, -265.510925293, 198.504486084, 301.840057373, 33.1327857971, 39.7185020447, 9.60607147217, 12.1326761246, -36.6979827881, 15.780421257, -4.53769207001, 46.1980400085, 19.3766727448], [-811.041015625, 150.189849854, 146.101013184, 33.1327857971, 301.532470703, 67.7199020386, 113.553886414, 19.4135513306, 25.8361663818, -60.8329734802, -6.40565252304, -21.8690547943, 32.8482246399], [-383.331787109, -116.012367249, 166.59552002, 39.7185020447, 67.7199020386, 179.775009155, 93.8392410278, 50.3409233093, -30.8925189972, -30.5946655273, -43.5633811951, 17.3119697571, 20.3515357971], [-914.942565918, 76.8557128906, 174.604431152, 9.60607147217, 113.553886414, 93.8392410278, 204.218704224, 43.7002258301, 1.28947222233, -77.5992355347, -19.0708255768, -10.8905477524, 48.4814033508], [-378.347167969, -192.791442871, 88.2665252686, 12.1326761246, 19.4135513306, 50.3409233093, 43.7002258301, 141.393966675, 17.4961471558, -4.58330488205, -50.6154212952, 15.7746896744, -30.2813301086], [214.70880127, 169.286010742, -83.4852752686, -36.6979827881, 25.8361663818, -30.8925189972, 1.28947222233, 17.4961471558, 100.32964325, 8.4187707901, 16.8887310028, -34.7549133301, -3.42371869087], [560.198425293, -174.362365723, 1.79507374763, 15.780421257, -60.8329734802, -30.5946655273, -77.5992355347, -4.58330488205, 8.4187707901, 122.811843872, 16.9597492218, 16.1909122467, -46.4211769104], [23.8711948395, 164.814468384, -64.7790145874, -4.53769207001, -6.40565252304, -43.5633811951, -19.0708255768, -50.6154212952, 16.8887310028, 16.9597492218, 97.3507003784, 0.946074604988, 16.1086158752], [-381.742553711, -263.269073486, 125.267196655, 46.1980400085, -21.8690547943, 17.3119697571, -10.8905477524, 15.7746896744, -34.7549133301, 16.1909122467, 0.946074604988, 117.26436615, 11.5950374603], [-325.36138916, 137.719085693, -0.943364024162, 19.3766727448, 32.8482246399, 20.3515357971, 48.4814033508, -30.2813301086, -3.42371869087, -46.4211769104, 16.1086158752, 11.5950374603, 99.2030639648]],
        "icov": [[9.42908591242e-005, -0.000296884449199, 0.000226017466048, -0.000340452214004, 0.000158080176334, -0.000180715825991, 2.37397307501e-005, 9.57559532253e-005, 8.98830185179e-005, -0.000640382117126, 0.000625313376077, -0.00035448250128, 0.000435741851106], [-0.000296884449199, 0.00275390036404, -0.000454390596133, 0.00184442382306, -0.000876943347976, 0.000553051533643, -7.9623729107e-005, 0.000934154377319, -0.00189686927479, 0.00390429142863, -0.00409089587629, 0.00379332317971, -0.00267800316215], [0.000226017466048, -0.000454390596133, 0.00264892494306, -0.00151343736798, -0.00031427788781, -0.000755551503971, -0.0019043328939, 0.000555176404305, 0.00083003990585, -0.00231677270494, 0.00192091695499, -0.00235990737565, 0.00196053041145], [-0.000340452214004, 0.00184442382306, -0.00151343736798, 0.00575304264203, -0.00118635070976, 0.000436790985987, 0.000921738974284, -0.000487122655613, 6.43036619294e-005, 0.00230852607638, -0.00355293555185, 0.00234561460093, -0.00372591963969], [0.000158080176334, -0.000876943347976, -0.00031427788781, -0.00118635070976, 0.00519871106371, -0.00124430947471, -0.00115878018551, 0.000449583429145, -0.00158531509805, 0.00014810328139, 0.00104691274464, -0.000271343946224, 0.00107833265793], [-0.000180715825991, 0.000553051533643, -0.000755551503971, 0.000436790985987, -0.00124430947471, 0.00971503742039, -0.00298652634956, -0.00217568012886, 0.00266539631411, 9.53049238888e-005, 0.00107878132258, 0.000638039666228, -0.00235174316913], [2.37397307501e-005, -7.9623729107e-005, -0.0019043328939, 0.000921738974284, -0.00115878018551, -0.00298652634956, 0.0117099108174, -0.00286622717977, -0.00061707443092, 0.0041424036026, -0.00172607740387, 0.0028976900503, -0.00375230703503], [9.57559532253e-005, 0.000934154377319, 0.000555176404305, -0.000487122655613, 0.000449583429145, -0.00217568012886, -0.00286622717977, 0.0134977055714, -0.0060024172999, 0.00125951285008, 0.00429066829383, -0.00213826610707, 0.00487140798941], [8.98830185179e-005, -0.00189686927479, 0.00083003990585, 6.43036619294e-005, -0.00158531509805, 0.00266539631411, -0.00061707443092, -0.0060024172999, 0.0167800411582, -0.00532018393278, -0.000302522763377, 0.000952732400037, -0.000601703883149], [-0.000640382117126, 0.00390429142863, -0.00231677270494, 0.00230852607638, 0.00014810328139, 9.53049238888e-005, 0.0041424036026, 0.00125951285008, -0.00532018393278, 0.020463841036, -0.0091661196202, 0.0040772613138, 0.000702152610756], [0.000625313376077, -0.00409089587629, 0.00192091695499, -0.00355293555185, 0.00104691274464, 0.00107878132258, -0.00172607740387, 0.00429066829383, -0.000302522763377, -0.0091661196202, 0.0218141432852, -0.00780903128907, 0.00309851067141], [-0.00035448250128, 0.00379332317971, -0.00235990737565, 0.00234561460093, -0.000271343946224, 0.000638039666228, 0.0028976900503, -0.00213826610707, 0.000952732400037, 0.0040772613138, -0.00780903128907, 0.018469337374, -0.00796907581389], [0.000435741851106, -0.00267800316215, 0.00196053041145, -0.00372591963969, 0.00107833265793, -0.00235174316913, -0.00375230703503, 0.00487140798941, -0.000601703883149, 0.000702152610756, 0.00309851067141, -0.00796907581389, 0.0201558787376]]
    },
    "melbands": {
        "mean": [0.0086149610579, 0.0074666198343, 0.00144848169293, 0.000518266286235, 0.00019570592849, 0.000118331074191, 0.000116058705316, 0.000160954979947, 0.000268289120868, 0.000229144905461, 0.000187772224308, 7.7785931353e-005, 0.000144513920532, 5.37421328772e-005, 2.44857656071e-005, 8.32813529996e-005, 9.61593541433e-005, 2.28687003982e-005, 5.04613708472e-005, 4.78508591186e-005, 1.48033859659e-005, 1.25456826936e-005, 4.53036636827e-006, 6.098400263e-006, 4.21477989221e-006, 3.04651985061e-006, 2.3165202947e-006, 2.90390630653e-006, 2.70495684163e-006, 1.46812976709e-006, 1.15039699722e-006, 1.14465888146e-006, 8.69875520948e-007, 7.33413287435e-007, 6.91795435159e-007, 7.79903814419e-007, 9.42292956552e-007, 7.03776720457e-007, 6.40814732833e-007, 8.50000844821e-007],
        "var": [0.000188624617294, 0.000110076456622, 4.55995905213e-006, 4.7090895805e-007, 4.76651926817e-008, 1.13067670782e-007, 8.27776105439e-008, 1.33704432415e-007, 6.0250857814e-007, 4.77636888263e-007, 4.63710591703e-007, 1.11598218666e-007, 9.5976031389e-007, 1.0402144035e-008, 2.53852183718e-009, 4.21087449354e-008, 6.76456295423e-008, 2.06238204292e-009, 2.46089726375e-008, 3.55013760611e-008, 1.19079901495e-009, 1.03633579496e-009, 2.34722213888e-010, 3.0057925593e-010, 1.59793955845e-010, 1.52949874987e-010, 8.61014176623e-011, 1.24871835094e-010, 2.09489633973e-010, 3.10970797723e-011, 1.79373911557e-011, 2.22620047396e-011, 9.14996724222e-012, 5.65189605187e-012, 6.2650804683e-012, 8.29365395805e-012, 1.78368795428e-011, 1.04304065385e-011, 5.34228260587e-012, 1.26697775535e-011]
    },
    "mfcc": {
        "mean": [-722.177185059, 147.874893188, 15.7499666214, 18.3666229248, 26.0912246704, 22.6661472321, 17.2672729492, 11.3375396729, 14.0552577972, 11.4517478943, 3.76369714737, 0.184874221683, 0.271903246641],
        "cov": [[19359.9941406, 2139.62915039, -1332.32702637, -414.300537109, -14.7188625336, -318.402648926, -731.457946777, -886.503234863, -491.478027344, 144.572662354, 196.292663574, 155.080169678, -89.1118240356], [2139.62915039, 2174.39160156, -433.253082275, -144.41166687, 93.3868789673, 35.9750709534, -5.73613834381, -38.3653106689, -0.929660320282, 55.8163871765, 17.0754127502, -6.20207691193, -17.8603591919], [-1332.32702637, -433.253082275, 628.113525391, 150.502105713, 35.6916313171, 120.597038269, 137.406005859, 101.179130554, 69.1027679443, -8.29270458221, -6.58505678177, -39.4142684937, 0.588302850723], [-414.300537109, -144.41166687, 150.502105713, 220.606689453, 80.1089401245, 50.4200592041, 59.0023994446, 34.2533950806, 21.3856105804, -15.1595239639, -17.4621982574, -1.87999582291, 22.8113613129], [-14.7188625336, 93.3868789673, 35.6916313171, 80.1089401245, 161.660202026, 64.7000350952, 45.1957359314, 30.3864765167, 37.8626060486, 12.0565185547, 7.3782081604, -13.0174474716, 19.8326931], [-318.402648926, 35.9750709534, 120.597038269, 50.4200592041, 64.7000350952, 154.651733398, 107.081703186, 56.5018157959, 47.2311401367, 3.37629961967, -20.5295085907, -38.6832046509, -15.4789009094], [-731.457946777, -5.73613834381, 137.406005859, 59.0023994446, 45.1957359314, 107.081703186, 171.728729248, 107.342147827, 71.5273284912, 11.7553462982, -22.7322387695, -34.7068138123, -14.580370903], [-886.503234863, -38.3653106689, 101.179130554, 34.2533950806, 30.3864765167, 56.5018157959, 107.342147827, 193.754730225, 111.88105011, 1.6362234354, -28.4234886169, -16.0538253784, 6.11566400528], [-491.478027344, -0.929660320282, 69.1027679443, 21.3856105804, 37.8626060486, 47.2311401367, 71.5273284912, 111.88105011, 148.231582642, 31.1155643463, -9.34090995789, -17.4445781708, -11.3349571228], [144.572662354, 55.8163871765, -8.29270458221, -15.1595239639, 12.0565185547, 3.37629961967, 11.7553462982, 1.6362234354, 31.1155643463, 71.1046524048, 35.986530304, 0.817125856876, -17.018737793], [196.292663574, 17.0754127502, -6.58505678177, -17.4621982574, 7.3782081604, -20.5295085907, -22.7322387695, -28.4234886169, -9.34090995789, 35.986530304, 101.6901474, 29.6500854492, -11.3732748032], [155.080169678, -6.20207691193, -39.4142684937, -1.87999582291, -13.0174474716, -38.6832046509, -34.7068138123, -16.0538253784, -17.4445781708, 0.817125856876, 29.6500854492, 79.0252532959, 35.56590271], [-89.1118240356, -17.8603591919, 0.588302850723, 22.8113613129, 19.8326931, -15.4789009094, -14.580370903, 6.11566400528, -11.3349571228, -17.018737793, -11.3732748032, 35.56590271, 112.012336731]],
        "icov": [[8.17913387436e-005, -5.54664547963e-005, 5.83459441259e-005, 6.12546728007e-006, -6.20984719717e-005, -9.41931211855e-005, 0.000224631497986, 0.000211056307307, 5.57904531888e-005, -0.000171932202647, 5.42735033378e-005, -9.52339469222e-005, 8.56384795043e-005], [-5.54664547963e-005, 0.000639314879663, 0.000395210343413, 0.000344017025782, -0.000409340311307, -0.000254636222962, -0.000326029636199, -8.40419306769e-005, 2.79165669781e-005, -0.000161209929502, 9.64880837273e-006, 3.75736308342e-005, -4.75028973597e-005], [5.83459441259e-005, 0.000395210343413, 0.00278118252754, -0.00129865843337, 0.000842012173962, -0.00144656270277, -0.000644181505777, -0.000135253096232, -0.000311622396111, 0.000285107555101, -0.00123710930347, 0.00101083645131, -0.000500938214827], [6.12546728007e-006, 0.000344017025782, -0.00129865843337, 0.00741121917963, -0.00389956915751, 0.000702348246705, -0.00169534818269, 0.000742428528611, 0.00021078226564, 0.00120575132314, 0.00152736646123, -0.00191006797832, 4.96324173582e-005], [-6.20984719717e-005, -0.000409340311307, 0.000842012173962, -0.00389956915751, 0.0106969857588, -0.00379615346901, 0.000712128763553, -0.000167624035385, -0.00177179626189, -0.000519980210811, -0.00296584353782, 0.00270344666205, -0.00305950362235], [-9.41931211855e-005, -0.000254636222962, -0.00144656270277, 0.000702348246705, -0.00379615346901, 0.0144535414875, -0.00760150421411, 0.00145235285163, -0.000768206082284, 0.00154890841804, 0.00113193190191, 0.00178042869084, 0.001056937268], [0.000224631497986, -0.000326029636199, -0.000644181505777, -0.00169534818269, 0.000712128763553, -0.00760150421411, 0.0161700993776, -0.00558636337519, 0.000950129120611, -0.00360147096217, 0.000958475167863, 0.000948199769482, 0.00105385808274], [0.000211056307307, -8.40419306769e-005, -0.000135253096232, 0.000742428528611, -0.000167624035385, 0.00145235285163, -0.00558636337519, 0.0134293753654, -0.00803457759321, 0.00316844438203, 0.000891238509212, -0.00115858006757, -0.00109926809091], [5.57904531888e-005, 2.79165669781e-005, -0.000311622396111, 0.00021078226564, -0.00177179626189, -0.000768206082284, 0.000950129120611, -0.00803457759321, 0.0150209423155, -0.00693069538102, 0.00187583710067, -0.000119753392937, 0.00147293950431], [-0.000171932202647, -0.000161209929502, 0.000285107555101, 0.00120575132314, -0.000519980210811, 0.00154890841804, -0.00360147096217, 0.00316844438203, -0.00693069538102, 0.0225405078381, -0.0077920248732, 0.000999251031317, 0.000869715062436], [5.42735033378e-005, 9.64880837273e-006, -0.00123710930347, 0.00152736646123, -0.00296584353782, 0.00113193190191, 0.000958475167863, 0.000891238509212, 0.00187583710067, -0.0077920248732, 0.0162122882903, -0.00714568374678, 0.00341875711456], [-9.52339469222e-005, 3.75736308342e-005, 0.00101083645131, -0.00191006797832, 0.00270344666205, 0.00178042869084, 0.000948199769482, -0.00115858006757, -0.000119753392937, 0.000999251031317, -0.00714568374678, 0.0205203983933, -0.00683347508311], [8.56384795043e-005, -4.75028973597e-005, -0.000500938214827, 4.96324173582e-005, -0.00305950362235, 0.001056937268, 0.00105385808274, -0.00109926809091, 0.00147293950431, 0.000869715062436, 0.00341875711456, -0.00683347508311, 0.0126637006178]]
    },
    "spectral_contrast_coeffs": {
        "mean": [-0.68864428997, -0.752392947674, -0.746919453144, -0.757829427719, -0.788191556931, -0.783972024918],
        "var": [0.00507533550262, 0.00749234342948, 0.00598549330607, 0.00604845071211, 0.0036818315275, 0.00287926988676]
    },
    "spectral_contrast_valleys": {
        "mean": [-6.98239517212, -7.83277368546, -8.11305046082, -8.67275714874, -9.00757789612, -11.4480352402],
        "var": [4.46801757813, 4.31307601929, 3.82423114777, 3.67530560493, 3.38585114479, 2.87336063385]
    }
},
"metadata": {
    "audio_properties": {
        "analysis_sample_rate": 44100,
        "bit_rate": 106770,
        "equal_loudness": 0,
        "length": 45.0873451233,
        "lossless": 0,
        "replay_gain": -7.20267868042,
        "sample_rate": 44100,
        "codec": "mp3",
        "downmix": "mix",
        "md5_encoded": "96e808de5793f8b50b33de5149e950df"
    },
    "tags": {
        "file_name": "90.mp3"
    },
    "version": {
        "essentia": "2.1-beta2",
        "essentia_git_sha": "v2.1_beta2",
        "extractor": "music 1.0"
    }
},
"rhythm": {
    "beats_count": 73,
    "beats_loudness": {
        "mean": 0.0832791402936,
        "var": 0.00577702419832
    },
    "bpm": 97.0125808716,
    "bpm_histogram_first_peak_bpm": {
        "mean": 98,
        "var": 0
    },
    "bpm_histogram_first_peak_spread": {
        "mean": 0.428571432829,
        "var": 0
    },
    "bpm_histogram_first_peak_weight": {
        "mean": 0.444444447756,
        "var": 0
    },
    "bpm_histogram_second_peak_bpm": {
        "mean": 91,
        "var": 0
    },
    "bpm_histogram_second_peak_spread": {
        "mean": 0.200000032783,
        "var": 0
    },
    "bpm_histogram_second_peak_weight": {
        "mean": 0.0555555559695,
        "var": 0
    },
    "danceability": 1.12352275848,
    "onset_rate": 2.48310804367,
    "beats_loudness_band_ratio": {
        "mean": [0.765204250813, 0.0508018285036, 0.0837457701564, 0.0535878092051, 0.0357913710177, 0.0265238638967],
        "var": [0.0395070463419, 0.00149425957352, 0.0114862835035, 0.00318192201667, 0.00261228671297, 0.00185815012082]
    },
    "beats_position": [0.580498874187, 1.20743763447, 1.84598636627, 2.47292518616, 3.08825397491, 3.7151927948, 4.34213161469, 4.95746040344, 5.58439922333, 6.21133756638, 6.83827638626, 7.46521520615, 8.10376358032, 8.71909236908, 9.33442115784, 9.93814086914, 10.5418596268, 11.1455783844, 11.7609071732, 12.3762359619, 12.9915647507, 13.6185035706, 14.2338323593, 14.8491611481, 15.4644899368, 16.0565986633, 16.6719264984, 17.2872562408, 17.8909740448, 18.5063037872, 19.1332416534, 19.7485713959, 20.363899231, 20.9792289734, 21.5945568085, 22.2098865509, 22.825214386, 23.4521541595, 24.0674819946, 24.6712017059, 25.2749195099, 25.8902492523, 26.4939670563, 27.0976867676, 27.7014045715, 28.3283443451, 28.9552822113, 29.5706119537, 30.1859397888, 30.8128795624, 31.4514274597, 32.0899772644, 32.7633552551, 33.4251251221, 34.0868911743, 34.7486610413, 35.4104309082, 36.0373687744, 36.6643066406, 37.2912483215, 37.9181861877, 38.545124054, 39.0907936096, 39.6364631653, 40.1705207825, 40.7161903381, 41.2502479553, 41.761089325, 42.2603149414, 42.771156311, 43.281993866, 43.8044433594, 44.3268928528]
},
"tonal": {
    "chords_changes_rate": 0.037037037313,
    "chords_number_rate": 0.00720164598897,
    "chords_strength": {
        "mean": 0.507931351662,
        "var": 0.00850323401392
    },
    "hpcp_entropy": {
        "mean": 1.62601053715,
        "var": 0.516507148743
    },
    "key_strength": 0.702762305737,
    "tuning_diatonic_strength": 0.563867628574,
    "tuning_equal_tempered_deviation": 0.251375079155,
    "tuning_frequency": 434.193115234,
    "tuning_nontempered_energy_ratio": 0.988211274147,
    "hpcp": {
        "mean": [0.0828255340457, 0.0949953645468, 0.0595183037221, 0.0325763262808, 0.0304311662912, 0.0820478498936, 0.346336126328, 0.571920335293, 0.338500469923, 0.0622000582516, 0.0236085243523, 0.0180973224342, 0.0239635705948, 0.0263271871954, 0.0191768333316, 0.0512451566756, 0.0729873850942, 0.036621529609, 0.0150521639735, 0.0144361909479, 0.0189874954522, 0.0665243342519, 0.110558524728, 0.0979908183217, 0.0729656517506, 0.0388964526355, 0.0246312730014, 0.131709620357, 0.181456297636, 0.0900191962719, 0.110336281359, 0.15828384459, 0.0980295538902, 0.0457059890032, 0.0336916148663, 0.0434592738748],
        "var": [0.0503848008811, 0.058454580605, 0.032420180738, 0.0150745790452, 0.0137676205486, 0.0266252681613, 0.0926810055971, 0.183113485575, 0.102442763746, 0.0182917136699, 0.0109144868329, 0.00808810163289, 0.00825652014464, 0.00901878625154, 0.00595991453156, 0.0158300586045, 0.0321659184992, 0.00840996298939, 0.00421254802495, 0.00491359923035, 0.00621796539053, 0.0301991216838, 0.075421884656, 0.0534518137574, 0.0425431504846, 0.01638462767, 0.00653424067423, 0.0402155816555, 0.0707225129008, 0.0249565169215, 0.0547783002257, 0.109055042267, 0.0511393360794, 0.0211245901883, 0.0176586396992, 0.0186017937958]
    },
    "chords_histogram": [4.62962961197, 14.6090536118, 62.7572021484, 1.33744859695, 0, 1.23456788063, 0, 0.411522626877, 5.04115247726, 9.77366256714, 0, 0, 0, 0, 0, 0, 0, 0, 0, 0, 0, 0, 0, 0.205761313438],
    "thpcp": [1, 0.591866493225, 0.108756504953, 0.0412793941796, 0.0316430814564, 0.0419001914561, 0.046032961458, 0.0335306040943, 0.0896019116044, 0.127618104219, 0.0640325695276, 0.0263186376542, 0.0252416115254, 0.033199544996, 0.116317480803, 0.193311050534, 0.171336486936, 0.127580091357, 0.068010263145, 0.043067663908, 0.230293646455, 0.317275464535, 0.15739813447, 0.192922472954, 0.276758551598, 0.171404212713, 0.0799167081714, 0.0589096285403, 0.0759883373976, 0.144820049405, 0.166098952293, 0.104067474604, 0.0569595508277, 0.0532087497413, 0.143460273743, 0.605567097664],
    "chords_key": "B",
    "chords_scale": "minor",
    "key_key": "E",
    "key_scale": "minor"
}
}