{
"lowlevel": {
    "average_loudness": 0.983595967293,
    "barkbands_crest": {
        "mean": 16.6656112671,
        "var": 34.2385482788
    },
    "barkbands_flatness_db": {
        "mean": 0.169656604528,
        "var": 0.00473765470088
    },
    "barkbands_kurtosis": {
        "mean": 18.3672981262,
        "var": 1153.97607422
    },
    "barkbands_skewness": {
        "mean": 3.17029356956,
        "var": 5.05944108963
    },
    "barkbands_spread": {
        "mean": 18.9508934021,
        "var": 339.14932251
    },
    "dissonance": {
        "mean": 0.469217449427,
        "var": 0.000601947249379
    },
    "dynamic_complexity": 1.39169764519,
    "erbbands_crest": {
        "mean": 7.44124937057,
        "var": 13.6531705856
    },
    "erbbands_flatness_db": {
        "mean": 0.11767231673,
        "var": 0.0015324621927
    },
    "erbbands_kurtosis": {
        "mean": 0.700657248497,
        "var": 5.56393575668
    },
    "erbbands_skewness": {
        "mean": 0.495358914137,
        "var": 0.577142715454
    },
    "erbbands_spread": {
        "mean": 49.5274734497,
        "var": 582.464538574
    },
    "hfc": {
        "mean": 36.1119995117,
        "var": 1067.33691406
    },
    "melbands_crest": {
        "mean": 19.3860816956,
        "var": 30.410610199
    },
    "melbands_flatness_db": {
        "mean": 0.261218965054,
        "var": 0.00700201978907
    },
    "melbands_kurtosis": {
        "mean": 43.7581176758,
        "var": 3002.98413086
    },
    "melbands_skewness": {
        "mean": 4.72106838226,
        "var": 7.23557472229
    },
    "melbands_spread": {
        "mean": 13.6839313507,
        "var": 293.198669434
    },
    "pitch_salience": {
        "mean": 0.411973297596,
        "var": 0.0290127769113
    },
    "silence_rate_20dB": {
        "mean": 1,
        "var": 0
    },
    "silence_rate_30dB": {
        "mean": 0.544004142284,
        "var": 0.248067140579
    },
    "silence_rate_60dB": {
        "mean": 0.00926402490586,
        "var": 0.00917821098119
    },
    "spectral_centroid": {
        "mean": 1104.68066406,
        "var": 578459.25
    },
    "spectral_complexity": {
        "mean": 22.407617569,
        "var": 113.375923157
    },
    "spectral_decrease": {
        "mean": -2.30861640915e-008,
        "var": 1.29747355425e-016
    },
    "spectral_energy": {
        "mean": 0.0904078856111,
        "var": 0.00186269613914
    },
    "spectral_energyband_high": {
        "mean": 0.00206434028223,
        "var": 1.10438013508e-005
    },
    "spectral_energyband_low": {
        "mean": 0.067904509604,
        "var": 0.00183804775588
    },
    "spectral_energyband_middle_high": {
        "mean": 0.00508588831872,
        "var": 2.85638507194e-005
    },
    "spectral_energyband_middle_low": {
        "mean": 0.0162759963423,
        "var": 0.00014875413035
    },
    "spectral_entropy": {
        "mean": 7.71933746338,
        "var": 0.200736254454
    },
    "spectral_flux": {
        "mean": 0.148683488369,
        "var": 0.00426995707676
    },
    "spectral_kurtosis": {
        "mean": 4.26023101807,
        "var": 10.6114683151
    },
    "spectral_rms": {
        "mean": 0.00899509619921,
        "var": 7.29105977371e-006
    },
    "spectral_rolloff": {
        "mean": 956.41394043,
        "var": 3206208.75
    },
    "spectral_skewness": {
        "mean": 1.71703314781,
        "var": 0.289983123541
    },
    "spectral_spread": {
        "mean": 5779620,
        "var": 4.49092203315e+012
    },
    "spectral_strongpeak": {
        "mean": 0.712593436241,
        "var": 0.278317719698
    },
    "zerocrossingrate": {
        "mean": 0.0449731424451,
        "var": 0.00207355665043
    },
    "barkbands": {
        "mean": [0.00199849507771, 0.0609323643148, 0.0042554391548, 0.00182129116729, 0.00409850478172, 0.00312547991052, 0.0029495053459, 0.00231986748986, 0.00154612772167, 0.00107401213609, 0.000663589511532, 0.000707279599737, 0.00047965257545, 0.000419300195063, 0.000283211411443, 0.000455123692518, 0.000592827040236, 0.000299270788673, 0.000236982130446, 0.000178802583832, 0.000280785519863, 0.000332399911713, 0.00037672687904, 0.000320256978739, 0.000424947094871, 0.000213545237784, 2.22035214392e-005],
        "var": [1.64286630024e-005, 0.00164037814829, 1.94113617908e-005, 5.37052210348e-006, 2.06745226023e-005, 1.98791731236e-005, 2.11156220757e-005, 2.61825916823e-005, 1.17226845759e-005, 4.81983397549e-006, 2.45825890488e-006, 3.22574555867e-006, 1.10268251774e-006, 6.02257671289e-007, 1.89617523461e-007, 7.70730309796e-007, 7.69937742007e-007, 1.70628325691e-007, 1.56609189617e-007, 1.00871439201e-007, 3.73331971559e-007, 4.83132566842e-007, 3.645768345e-007, 2.82629059711e-007, 7.77858645051e-007, 1.94844631096e-007, 4.39883596215e-009]
    },
    "erbbands": {
        "mean": [1.61692857742, 13.8360357285, 9.83563232422, 5.63861322403, 7.2093539238, 16.0227165222, 18.6676063538, 30.7663555145, 44.3749504089, 50.2497787476, 39.9173774719, 36.9273986816, 36.6694717407, 30.8936424255, 26.1847343445, 29.1627864838, 22.4981040955, 23.4034290314, 15.148557663, 19.5672836304, 26.7177314758, 32.5514030457, 18.6850280762, 14.4219617844, 9.91810512543, 8.55624580383, 8.70665645599, 13.0384731293, 11.9508390427, 11.1283407211, 10.9065465927, 7.28672122955, 5.39265584946, 4.84245204926, 2.8404147625, 1.09055817127, 0.356264740229, 0.0803259313107, 0.00239575235173, 0.000161930365721],
        "var": [2.00159955025, 91.4787445068, 72.3255844116, 35.7782669067, 72.3506851196, 431.20993042, 687.265075684, 2083.54248047, 4872.25732422, 8026.73339844, 10397.5976563, 7057.875, 6471.39111328, 4261.27490234, 3767.31079102, 4769.23632813, 2084.8515625, 1818.20227051, 444.714691162, 1278.03393555, 1823.84460449, 2334.72387695, 637.208068848, 448.520690918, 333.737487793, 236.46963501, 278.661560059, 855.425048828, 652.241577148, 408.519317627, 333.672485352, 142.056884766, 87.3584671021, 119.338005066, 31.2205638885, 4.16368627548, 0.64649951458, 0.0444858297706, 4.23864657932e-005, 2.25839560386e-008]
    },
    "gfcc": {
        "mean": [47.5172615051, 89.1105422974, -80.5641937256, 34.2960739136, -52.0551567078, 26.7545795441, -36.3959236145, 22.9747829437, -12.3330583572, 9.56774902344, -13.0273752213, 11.0978488922, -8.86408424377],
        "cov": [[5151.34472656, -1107.93554688, -86.7371673584, 316.304840088, -250.545394897, 126.931282043, -47.7657432556, 215.494354248, -63.8105735779, 186.134063721, -72.273651123, 158.899185181, -167.506561279], [-1107.93554688, 1446.63635254, -43.3687667847, -185.690704346, 114.892189026, -53.4584350586, 48.7826690674, -77.0589141846, 157.308486938, -89.4484710693, 103.42540741, -53.0931167603, 110.705192566], [-86.7371673584, -43.3687667847, 422.936340332, 137.810562134, 49.4730186462, 35.8214912415, 29.1041793823, 33.844329834, -19.6886577606, 29.6300544739, 30.750705719, 15.107427597, 19.4775428772], [316.304840088, -185.690704346, 137.810562134, 346.805633545, 62.6751899719, 37.8634109497, -11.1025753021, 28.9849967957, 33.061050415, 14.6334695816, 19.3754024506, 8.95288276672, 30.5475578308], [-250.545394897, 114.892189026, 49.4730186462, 62.6751899719, 295.268249512, 18.8075008392, 60.9771690369, 30.9693126678, 46.7798690796, 16.6521148682, 13.1295166016, -18.5486698151, 33.0031471252], [126.931282043, -53.4584350586, 35.8214912415, 37.8634109497, 18.8075008392, 148.530029297, 80.2774505615, 33.8761138916, 8.10764694214, 4.85836029053, 9.93438911438, -5.00015830994, -10.0320301056], [-47.7657432556, 48.7826690674, 29.1041793823, -11.1025753021, 60.9771690369, 80.2774505615, 226.045379639, 49.1479721069, -7.35538244247, 9.88054275513, 15.5232973099, 5.07933044434, -6.93122768402], [215.494354248, -77.0589141846, 33.844329834, 28.9849967957, 30.9693126678, 33.8761138916, 49.1479721069, 116.006355286, 21.898897171, 21.3766269684, 12.1400728226, 7.08362674713, -6.07467937469], [-63.8105735779, 157.308486938, -19.6886577606, 33.061050415, 46.7798690796, 8.10764694214, -7.35538244247, 21.898897171, 138.006698608, 21.2945213318, 33.0416297913, -4.82679843903, 9.99883460999], [186.134063721, -89.4484710693, 29.6300544739, 14.6334695816, 16.6521148682, 4.85836029053, 9.88054275513, 21.3766269684, 21.2945213318, 84.5943222046, 17.9178199768, -1.13984751701, -13.99559021], [-72.273651123, 103.42540741, 30.750705719, 19.3754024506, 13.1295166016, 9.93438911438, 15.5232973099, 12.1400728226, 33.0416297913, 17.9178199768, 70.3751525879, 8.61287212372, 10.4939851761], [158.899185181, -53.0931167603, 15.107427597, 8.95288276672, -18.5486698151, -5.00015830994, 5.07933044434, 7.08362674713, -4.82679843903, -1.13984751701, 8.61287212372, 67.3885803223, 7.80983972549], [-167.506561279, 110.705192566, 19.4775428772, 30.5475578308, 33.0031471252, -10.0320301056, -6.93122768402, -6.07467937469, 9.99883460999, -13.99559021, 10.4939851761, 7.80983972549, 70.0498886108]],
        "icov": [[0.000365101499483, -0.000100290111732, 0.000309909606585, -0.000528915436007, 0.000255342049059, -0.000341554812621, 0.000285249756416, -0.000661757891066, 0.000411499146139, -0.000954089919105, 0.000645811844151, -0.00100144941825, 0.000743189943023], [-0.000100290111732, 0.0017502240371, -0.000445974146714, 0.00142964022234, -0.000315072014928, 0.000784656731412, -0.000878121412825, 0.00133156392258, -0.00221415283158, 0.00249432609417, -0.00245296792127, 0.0018803125713, -0.00224363338202], [0.000309909606585, -0.000445974146714, 0.00338312122039, -0.00177541049197, -2.44777420448e-005, -0.000776235712692, 0.000408107385738, -0.00121993140783, 0.0020945079159, -0.00214928248897, -0.000117976414913, -0.00150908320211, 0.000571911805309], [-0.000528915436007, 0.00142964022234, -0.00177541049197, 0.00546892546117, -0.00103105092421, -6.00218882028e-005, -0.000128326792037, 0.00136108533479, -0.00280186906457, 0.00287945591845, -0.00251362938434, 0.0022247787565, -0.00372912338935], [0.000255342049059, -0.000315072014928, -2.44777420448e-005, -0.00103105092421, 0.0045972764492, 0.000111696863314, -0.00108245236333, -0.00105325574987, -0.000718450290151, -0.00154617556836, 0.0014083290007, 0.00064806320006, -0.00127304648049], [-0.000341554812621, 0.000784656731412, -0.000776235712692, -6.00218882028e-005, 0.000111696863314, 0.00974741950631, -0.00374456308782, -1.14601634778e-005, -0.00180661433842, 0.00259090098552, -0.00185676873662, 0.00280658435076, -0.000102189849713], [0.000285249756416, -0.000878121412825, 0.000408107385738, -0.000128326792037, -0.00108245236333, -0.00374456308782, 0.0070927659981, -0.0027685794048, 0.00260580796748, -0.00181521580089, 0.000324972730596, -0.00236734515056, 0.00192841596436], [-0.000661757891066, 0.00133156392258, -0.00121993140783, 0.00136108533479, -0.00105325574987, -1.14601634778e-005, -0.0027685794048, 0.0126803861931, -0.00359542667866, 0.00158146256581, -0.00252596614882, 0.00156320689712, -0.00158755923621], [0.000411499146139, -0.00221415283158, 0.0020945079159, -0.00280186906457, -0.000718450290151, -0.00180661433842, 0.00260580796748, -0.00359542667866, 0.0127120511606, -0.00527598336339, -0.000766252051108, -0.00235102395527, 0.00265674735419], [-0.000954089919105, 0.00249432609417, -0.00214928248897, 0.00287945591845, -0.00154617556836, 0.00259090098552, -0.00181521580089, 0.00158146256581, -0.00527598336339, 0.019671684131, -0.00751016754657, 0.00503300968558, -0.000577128725126], [0.000645811844151, -0.00245296792127, -0.000117976414913, -0.00251362938434, 0.0014083290007, -0.00185676873662, 0.000324972730596, -0.00252596614882, -0.000766252051108, -0.00751016754657, 0.0223668944091, -0.00579981831834, 0.00133831624407], [-0.00100144941825, 0.0018803125713, -0.00150908320211, 0.0022247787565, 0.00064806320006, 0.00280658435076, -0.00236734515056, 0.00156320689712, -0.00235102395527, 0.00503300968558, -0.00579981831834, 0.0204780362546, -0.0059920521453], [0.000743189943023, -0.00224363338202, 0.000571911805309, -0.00372912338935, -0.00127304648049, -0.000102189849713, 0.00192841596436, -0.00158755923621, 0.00265674735419, -0.000577128725126, 0.00133831624407, -0.0059920521453, 0.021676979959]]
    },
    "melbands": {
        "mean": [0.016560472548, 0.0102633005008, 0.00101355346851, 0.000786360527854, 0.000729894207325, 0.000677551026456, 0.000652137969155, 0.000550020602532, 0.000296950369375, 0.000232655685977, 0.000179901850061, 0.000124758895254, 8.74545803526e-005, 8.21194189484e-005, 6.25874090474e-005, 4.53655375168e-005, 4.36109876318e-005, 2.42007154156e-005, 2.26451466006e-005, 3.00192168652e-005, 3.16543628287e-005, 3.59374316758e-005, 2.36530158872e-005, 1.26457034639e-005, 1.1757268112e-005, 8.04594947112e-006, 6.10848019278e-006, 5.53298878003e-006, 4.68150210509e-006, 6.81061374053e-006, 7.83429550211e-006, 6.88891714162e-006, 6.21191156824e-006, 6.12904887021e-006, 6.39373865852e-006, 5.60544367545e-006, 3.91639605368e-006, 3.72083172806e-006, 3.75912691197e-006, 4.20876813223e-006],
        "var": [0.000134035828523, 5.49980250071e-005, 1.02776846234e-006, 7.40496204799e-007, 8.76027854702e-007, 9.64765376921e-007, 1.00149804894e-006, 1.03957574993e-006, 5.6377183455e-007, 3.08155620132e-007, 1.60995512033e-007, 6.99910884805e-008, 4.21560351072e-008, 4.77870756299e-008, 2.20680540508e-008, 8.61593996149e-009, 6.99538782456e-009, 1.37095568231e-009, 1.3298774304e-009, 5.00003238812e-009, 2.43239117736e-009, 3.07912495501e-009, 1.31869548614e-009, 3.05009573154e-010, 3.25189680739e-010, 2.33830316221e-010, 1.29063176812e-010, 1.04190503447e-010, 7.34803121127e-011, 2.28574228989e-010, 3.28318150444e-010, 2.29463364976e-010, 2.07369357796e-010, 1.08420411538e-010, 1.28022314971e-010, 8.50250911344e-011, 4.52174790666e-011, 4.12325416865e-011, 5.67613039903e-011, 1.00447199169e-010]
    },
    "mfcc": {
        "mean": [-605.878051758, 124.425949097, 28.6700210571, 19.7324581146, 15.6681156158, 8.17695140839, -1.62791395187, 14.383108139, 7.47091817856, 3.92764353752, 6.8353676796, 6.91130161285, 4.25121021271],
        "cov": [[3491.57543945, -1176.42944336, 76.7043609619, 77.7722930908, -82.7907943726, -27.9250965118, 2.68462777138, 47.168056488, 34.1627464294, -7.85012197495, 88.3680801392, 149.906417847, 49.6995277405], [-1176.42944336, 1371.23620605, -98.8258361816, -86.7742538452, 20.0968074799, 5.55714559555, -43.4413986206, 19.4670066833, 18.6391716003, -6.80217647552, -3.33482766151, 43.8114967346, 10.1701593399], [76.7043609619, -98.8258361816, 382.462280273, 78.8553009033, 11.028676033, 21.740322113, 19.9975891113, 23.3716545105, -37.5472106934, 21.185382843, 1.06628096104, -37.3080368042, 34.9964561462], [77.7722930908, -86.7742538452, 78.8553009033, 261.841705322, 112.639595032, 29.8758144379, 21.3948764801, 9.04091835022, 20.3785209656, 24.2600250244, 1.88716757298, -15.1469402313, 17.8983039856], [-82.7907943726, 20.0968074799, 11.028676033, 112.639595032, 242.992675781, 20.0600452423, -24.8822402954, -8.53080844879, 20.4174976349, 47.9910888672, -2.47681951523, -7.59868717194, 11.7190294266], [-27.9250965118, 5.55714559555, 21.740322113, 29.8758144379, 20.0600452423, 132.285430908, 46.9288597107, 25.7352104187, 19.862071991, 20.1942310333, 19.0071735382, 12.1158342361, -5.08996534348], [2.68462777138, -43.4413986206, 19.9975891113, 21.3948764801, -24.8822402954, 46.9288597107, 207.257232666, 49.3988113403, 42.7159385681, 21.8702144623, 22.4208450317, 4.1296954155, 5.61470222473], [47.168056488, 19.4670066833, 23.3716545105, 9.04091835022, -8.53080844879, 25.7352104187, 49.3988113403, 124.681442261, 33.1539802551, 3.38875937462, 23.9448566437, 14.1759777069, 8.25096321106], [34.1627464294, 18.6391716003, -37.5472106934, 20.3785209656, 20.4174976349, 19.862071991, 42.7159385681, 33.1539802551, 92.0273666382, 21.6786670685, 14.2445640564, 22.7754116058, 2.49553966522], [-7.85012197495, -6.80217647552, 21.185382843, 24.2600250244, 47.9910888672, 20.1942310333, 21.8702144623, 3.38875937462, 21.6786670685, 103.710609436, 34.9881820679, 6.40800666809, 16.5237903595], [88.3680801392, -3.33482766151, 1.06628096104, 1.88716757298, -2.47681951523, 19.0071735382, 22.4208450317, 23.9448566437, 14.2445640564, 34.9881820679, 79.6034240723, 33.8889846802, 12.1382932663], [149.906417847, 43.8114967346, -37.3080368042, -15.1469402313, -7.59868717194, 12.1158342361, 4.1296954155, 14.1759777069, 22.7754116058, 6.40800666809, 33.8889846802, 91.3057556152, 19.6895217896], [49.6995277405, 10.1701593399, 34.9964561462, 17.8983039856, 11.7190294266, -5.08996534348, 5.61470222473, 8.25096321106, 2.49553966522, 16.5237903595, 12.1382932663, 19.6895217896, 71.6965179443]],
        "icov": [[0.000500417954754, 0.000454810622614, -8.4165163571e-005, -0.000116684721434, 0.00014367858239, 0.000184629447176, 0.000176442117663, -0.000146805716213, -0.000147789454786, 0.000143596669659, -0.000185970624443, -0.000979082891718, -7.60761540732e-005], [0.000454810622614, 0.00119483855087, 6.03438311373e-005, 0.000198868205189, -5.65104164707e-005, 4.48684804724e-005, 0.000334966549417, -0.000336363591487, -0.000212000944884, 0.000157387126819, 3.17692574754e-005, -0.00115044158883, -0.000257294741459], [-8.4165163571e-005, 6.03438311373e-005, 0.00345875811763, -0.00090990960598, 0.000355367927114, -0.000607072259299, -0.000137385868584, -0.000929471512791, 0.00190483522601, -0.000749207567424, 0.00014743245265, 0.00152867368888, -0.00173321634065], [-0.000116684721434, 0.000198868205189, -0.00090990960598, 0.00553078576922, -0.00253488309681, -0.000651244248729, -0.000458469148725, 0.00018237734912, -0.0010895273881, 0.000664022983983, -0.000223467635806, 0.00100186874624, -0.000853284145705], [0.00014367858239, -5.65104164707e-005, 0.000355367927114, -0.00253488309681, 0.00614633690566, -0.000556919374503, 0.00137931783684, 0.00015427681501, -0.000831045792438, -0.00265507237054, 0.00112478528172, 7.12214314262e-005, -0.000371332658688], [0.000184629447176, 4.48684804724e-005, -0.000607072259299, -0.000651244248729, -0.000556919374503, 0.00918985996395, -0.00158947869204, -0.000895543431398, -0.000296618847642, -0.0007446865784, -0.000874277553521, -0.00173833838198, 0.00210289098322], [0.000176442117663, 0.000334966549417, -0.000137385868584, -0.000458469148725, 0.00137931783684, -0.00158947869204, 0.00646574329585, -0.00147086789366, -0.00240681855939, -0.000739677634556, -0.000571044918615, 0.000649131136015, -0.000491023820359], [-0.000146805716213, -0.000336363591487, -0.000929471512791, 0.00018237734912, 0.00015427681501, -0.000895543431398, -0.00147086789366, 0.0103985713795, -0.00331994122826, 0.0018442516448, -0.00265488005243, 0.000449239538284, -0.000596034224145], [-0.000147789454786, -0.000212000944884, 0.00190483522601, -0.0010895273881, -0.000831045792438, -0.000296618847642, -0.00240681855939, -0.00331994122826, 0.0156763065606, -0.00280302669853, 0.00140314479358, -0.00287300138734, 0.000811851583421], [0.000143596669659, 0.000157387126819, -0.000749207567424, 0.000664022983983, -0.00265507237054, -0.0007446865784, -0.000739677634556, 0.0018442516448, -0.00280302669853, 0.0141684822738, -0.00653090327978, 0.00172781501897, -0.00223176460713], [-0.000185970624443, 3.17692574754e-005, 0.00014743245265, -0.000223467635806, 0.00112478528172, -0.000874277553521, -0.000571044918615, -0.00265488005243, 0.00140314479358, -0.00653090327978, 0.0191634055227, -0.00606272788718, 8.94688855624e-005], [-0.000979082891718, -0.00115044158883, 0.00152867368888, 0.00100186874624, 7.12214314262e-005, -0.00173833838198, 0.000649131136015, 0.000449239538284, -0.00287300138734, 0.00172781501897, -0.00606272788718, 0.0178714897484, -0.00457168836147], [-7.60761540732e-005, -0.000257294741459, -0.00173321634065, -0.000853284145705, -0.000371332658688, 0.00210289098322, -0.000491023820359, -0.000596034224145, 0.000811851583421, -0.00223176460713, 8.94688855624e-005, -0.00457168836147, 0.0171394106001]]
    },
    "spectral_contrast_coeffs": {
        "mean": [-0.681350111961, -0.747321605682, -0.79772901535, -0.812248826027, -0.79338145256, -0.7717410326],
        "var": [0.00480084307492, 0.0047394996509, 0.00207959418185, 0.00175485364161, 0.00181380694266, 0.00164570054039]
    },
    "spectral_contrast_valleys": {
        "mean": [-6.31273365021, -6.1054391861, -6.75917387009, -7.30186653137, -7.44399499893, -9.55383586884],
        "var": [1.08616244793, 0.871367394924, 0.857647418976, 0.757292985916, 1.01837360859, 1.26026701927]
    }
},
"metadata": {
    "audio_properties": {
        "analysis_sample_rate": 44100,
        "bit_rate": 112116,
        "equal_loudness": 0,
        "length": 45.0873451233,
        "lossless": 0,
        "replay_gain": -13.2216377258,
        "sample_rate": 44100,
        "codec": "mp3",
        "downmix": "mix",
        "md5_encoded": "5c1f51df328cb83dddb5a6918f752da2"
    },
    "tags": {
        "file_name": "902.mp3"
    },
    "version": {
        "essentia": "2.1-beta2",
        "essentia_git_sha": "v2.1_beta2",
        "extractor": "music 1.0"
    }
},
"rhythm": {
    "beats_count": 104,
    "beats_loudness": {
        "mean": 0.0902516022325,
        "var": 0.00092958076857
    },
    "bpm": 139.930603027,
    "bpm_histogram_first_peak_bpm": {
        "mean": 140,
        "var": 0
    },
    "bpm_histogram_first_peak_spread": {
        "mean": 0.34951454401,
        "var": 0
    },
    "bpm_histogram_first_peak_weight": {
        "mean": 0.65048545599,
        "var": 0
    },
    "bpm_histogram_second_peak_bpm": {
        "mean": 0,
        "var": 0
    },
    "bpm_histogram_second_peak_spread": {
        "mean": 0,
        "var": 0
    },
    "bpm_histogram_second_peak_weight": {
        "mean": 0,
        "var": 0
    },
    "danceability": 1.39361083508,
    "onset_rate": 5.45396947861,
    "beats_loudness_band_ratio": {
        "mean": [0.671748876572, 0.112349323928, 0.119797237217, 0.0365901663899, 0.0305080208927, 0.0464088320732],
        "var": [0.0289214346558, 0.00893936585635, 0.00954017974436, 0.00255078403279, 0.00072258268483, 0.00381610007025]
    },
    "beats_position": [0.441179126501, 0.882358253002, 1.31192743778, 1.74149656296, 2.17106580734, 2.60063481331, 3.03020405769, 3.45977306366, 3.88934230804, 4.31891155243, 4.74848079681, 5.17804956436, 5.60761880875, 6.03718805313, 6.45514726639, 6.88471651077, 7.31428575516, 7.74385452271, 8.17342376709, 8.60299301147, 9.03256225586, 9.47374153137, 9.89170074463, 10.3096599579, 10.7508392334, 11.1804075241, 11.6099767685, 12.0279359818, 12.4575052261, 12.8870744705, 13.3166437149, 13.7462129593, 14.1757822037, 14.6053514481, 15.0349206924, 15.4644899368, 15.8940582275, 16.3236274719, 16.7415866852, 17.1711559296, 17.600725174, 18.0419044495, 18.4598636627, 18.877822876, 19.3073921204, 19.7369613647, 20.154920578, 20.5960998535, 21.037279129, 21.4668483734, 21.8964176178, 22.3143768311, 22.7439460754, 23.1735134125, 23.6030826569, 24.0326519012, 24.4622211456, 24.89179039, 25.3329696655, 25.774148941, 26.2037181854, 26.6332874298, 27.0512466431, 27.4692058563, 27.8987751007, 28.3283443451, 28.7463035583, 29.1758728027, 29.6054420471, 30.0466213226, 30.4645805359, 30.8941497803, 31.3237190247, 31.7648983002, 32.1828575134, 32.6008148193, 33.0303840637, 33.4599533081, 33.8895225525, 34.3190917969, 34.7486610413, 35.1782302856, 35.5961914063, 36.0257606506, 36.455329895, 36.8965072632, 37.3144645691, 37.7440338135, 38.1736030579, 38.6147842407, 39.0327415466, 39.462310791, 39.8918800354, 40.3330612183, 40.7510185242, 41.1805877686, 41.6101570129, 42.0513381958, 42.4692955017, 42.8872566223, 43.3284339905, 43.7580032349, 44.1875724792, 44.6171417236]
},
"tonal": {
    "chords_changes_rate": 0.0936213955283,
    "chords_number_rate": 0.00514403311536,
    "chords_strength": {
        "mean": 0.487437933683,
        "var": 0.00337167363614
    },
    "hpcp_entropy": {
        "mean": 2.27240157127,
        "var": 0.791816532612
    },
    "key_strength": 0.622679948807,
    "tuning_diatonic_strength": 0.62342196703,
    "tuning_equal_tempered_deviation": 0.202638566494,
    "tuning_frequency": 434.193115234,
    "tuning_nontempered_energy_ratio": 0.846507191658,
    "hpcp": {
        "mean": [0.0555018894374, 0.0442666374147, 0.0409459285438, 0.0441677309573, 0.0530844032764, 0.0648137181997, 0.0808288753033, 0.111295737326, 0.19343547523, 0.379115998745, 0.381986021996, 0.190510123968, 0.0965343937278, 0.066617757082, 0.0664124190807, 0.144241809845, 0.203147813678, 0.140188261867, 0.0801493749022, 0.0645366609097, 0.0510001145303, 0.0675256848335, 0.0932056978345, 0.14367878437, 0.192268431187, 0.129475072026, 0.0613401941955, 0.0568303242326, 0.0520549118519, 0.0503623262048, 0.0610254704952, 0.0632304251194, 0.0478018335998, 0.0432722680271, 0.0517019592226, 0.0582956187427],
        "var": [0.0158343221992, 0.0143842035905, 0.0132423816249, 0.0155953709036, 0.0203390456736, 0.0296453628689, 0.0364711694419, 0.0539903454483, 0.077315568924, 0.153212562203, 0.155740559101, 0.0706536099315, 0.0452009253204, 0.0277254842222, 0.0248252507299, 0.0664453133941, 0.127053573728, 0.061298251152, 0.0362083651125, 0.0303502660245, 0.0191677119583, 0.0281297899783, 0.0551749542356, 0.052179031074, 0.10309818387, 0.0405962355435, 0.0191105082631, 0.0179171096534, 0.0167275685817, 0.0173543002456, 0.0235155336559, 0.0254571922123, 0.0161148328334, 0.0130630284548, 0.0170415714383, 0.0169305093586]
    },
    "chords_histogram": [10.3909463882, 0, 5.04115247726, 0, 0, 0, 0, 0, 0, 0, 0, 0, 0, 0, 0, 0, 1.85185182095, 67.6954727173, 0.720164597034, 13.9917697906, 0, 0, 0, 0.308641970158],
    "thpcp": [1, 0.498735845089, 0.252717077732, 0.174398422241, 0.173860862851, 0.377610176802, 0.531819999218, 0.366998404264, 0.209822788835, 0.16895031929, 0.13351303339, 0.176775276661, 0.244002908468, 0.376136243343, 0.503338932991, 0.33895239234, 0.160582304001, 0.148775920272, 0.136274382472, 0.131843373179, 0.159758388996, 0.165530726314, 0.12514026463, 0.113282330334, 0.135350391269, 0.152611911297, 0.145298227668, 0.115885488689, 0.107192218304, 0.115626566112, 0.138969495893, 0.169675633311, 0.211601659656, 0.291360765696, 0.506394147873, 0.992486596107],
    "chords_key": "F",
    "chords_scale": "minor",
    "key_key": "F",
    "key_scale": "major"
}
}