{
"lowlevel": {
    "average_loudness": 0.963757753372,
    "barkbands_crest": {
        "mean": 6.79551935196,
        "var": 7.35839319229
    },
    "barkbands_flatness_db": {
        "mean": 0.130761310458,
        "var": 0.00196564127691
    },
    "barkbands_kurtosis": {
        "mean": 0.841842591763,
        "var": 4.59921312332
    },
    "barkbands_skewness": {
        "mean": 0.967561483383,
        "var": 0.400063693523
    },
    "barkbands_spread": {
        "mean": 22.0946350098,
        "var": 42.7826728821
    },
    "dissonance": {
        "mean": 0.472764641047,
        "var": 0.000468235666631
    },
    "dynamic_complexity": 1.96526300907,
    "erbbands_crest": {
        "mean": 7.97066116333,
        "var": 17.1450881958
    },
    "erbbands_flatness_db": {
        "mean": 0.179528713226,
        "var": 0.00138020678423
    },
    "erbbands_kurtosis": {
        "mean": -0.250379383564,
        "var": 1.38742411137
    },
    "erbbands_skewness": {
        "mean": 0.164525985718,
        "var": 0.261203765869
    },
    "erbbands_spread": {
        "mean": 32.7325248718,
        "var": 72.210647583
    },
    "hfc": {
        "mean": 20.6128311157,
        "var": 153.411743164
    },
    "melbands_crest": {
        "mean": 10.845946312,
        "var": 16.5081672668
    },
    "melbands_flatness_db": {
        "mean": 0.167427539825,
        "var": 0.00384480576031
    },
    "melbands_kurtosis": {
        "mean": 4.6013212204,
        "var": 24.2344779968
    },
    "melbands_skewness": {
        "mean": 1.75630640984,
        "var": 0.695806086063
    },
    "melbands_spread": {
        "mean": 27.7243270874,
        "var": 133.162826538
    },
    "pitch_salience": {
        "mean": 0.592503488064,
        "var": 0.00928710121661
    },
    "silence_rate_20dB": {
        "mean": 1,
        "var": 0
    },
    "silence_rate_30dB": {
        "mean": 0.997425317764,
        "var": 0.0025680619292
    },
    "silence_rate_60dB": {
        "mean": 0.00205973233096,
        "var": 0.00205553858541
    },
    "spectral_centroid": {
        "mean": 1479.25952148,
        "var": 281549
    },
    "spectral_complexity": {
        "mean": 27.0123577118,
        "var": 106.123641968
    },
    "spectral_decrease": {
        "mean": -6.22435480935e-009,
        "var": 2.3003274104e-017
    },
    "spectral_energy": {
        "mean": 0.0253618191928,
        "var": 0.000358874938684
    },
    "spectral_energyband_high": {
        "mean": 0.000605371664278,
        "var": 3.3167830793e-007
    },
    "spectral_energyband_low": {
        "mean": 0.00515336589888,
        "var": 2.93469929602e-005
    },
    "spectral_energyband_middle_high": {
        "mean": 0.00700410502031,
        "var": 2.73556470347e-005
    },
    "spectral_energyband_middle_low": {
        "mean": 0.0143657587469,
        "var": 0.000250389653957
    },
    "spectral_entropy": {
        "mean": 7.59443044662,
        "var": 0.132233589888
    },
    "spectral_flux": {
        "mean": 0.0887392982841,
        "var": 0.00196223170497
    },
    "spectral_kurtosis": {
        "mean": 4.40972757339,
        "var": 10.1370830536
    },
    "spectral_rms": {
        "mean": 0.00472241640091,
        "var": 2.44201396526e-006
    },
    "spectral_rolloff": {
        "mean": 1632.62524414,
        "var": 1094987.625
    },
    "spectral_skewness": {
        "mean": 1.37248468399,
        "var": 0.109475232661
    },
    "spectral_spread": {
        "mean": 3474006.5,
        "var": 1.91156243661e+012
    },
    "spectral_strongpeak": {
        "mean": 0.946022748947,
        "var": 0.940305709839
    },
    "zerocrossingrate": {
        "mean": 0.0603545308113,
        "var": 0.00071239535464
    },
    "barkbands": {
        "mean": [0.000144399731653, 0.00145759992301, 0.00218765437603, 0.00377647182904, 0.00331139494665, 0.00132125802338, 0.00154989224393, 0.000938527984545, 0.00268632383086, 0.0013241142733, 0.0016500048805, 0.000431355234468, 0.000603194232099, 0.000580123101827, 0.000544036738575, 0.000775679887738, 0.000546808470972, 0.000422292476287, 0.000344325089827, 0.000323871237924, 0.000194515901967, 0.000101705620182, 7.80414920882e-005, 4.92289909744e-005, 1.66853424162e-005, 2.27242026085e-006, 5.84547947824e-008],
        "var": [2.53777102444e-007, 5.36543120688e-006, 5.35338767804e-006, 4.87595061713e-005, 3.53800132871e-005, 2.20169135901e-006, 2.05874857784e-006, 9.70224846242e-007, 1.02095891634e-005, 3.25007090396e-006, 5.91775460634e-006, 2.29251796213e-007, 4.17713351908e-007, 4.17143894538e-007, 1.81590934289e-007, 4.24480646188e-007, 1.47532489336e-007, 9.21266973819e-008, 8.69188667707e-008, 1.08254113229e-007, 4.00672099943e-008, 1.09741034038e-008, 4.82746154162e-009, 2.65990207637e-009, 3.99457106282e-010, 4.05464065101e-011, 1.05832978828e-013]
    },
    "erbbands": {
        "mean": [0.0356831736863, 0.360736101866, 2.11887979507, 7.59425497055, 16.119594574, 7.19847297668, 7.66766500473, 11.2736768723, 20.4619407654, 25.6655368805, 25.265619278, 66.5611038208, 54.8273620605, 41.8871803284, 50.2121582031, 21.8274459839, 29.8443412781, 26.0611038208, 23.5247592926, 40.6944351196, 46.4605522156, 28.8575592041, 26.1729507446, 14.6035356522, 19.905921936, 15.3136510849, 9.54129314423, 6.72670650482, 3.92290425301, 2.54769206047, 2.31094956398, 1.27650153637, 0.682988464832, 0.26541364193, 0.0773816183209, 0.0157391149551, 0.0036876052618, 0.000456946552731, 2.53765374509e-005, 3.11383482767e-005],
        "var": [0.0105752274394, 0.210349962115, 4.69244718552, 108.728759766, 1259.01318359, 97.2581558228, 97.1100540161, 146.808166504, 467.230957031, 610.809387207, 578.118774414, 7536.06591797, 4082.12231445, 3714.72338867, 4694.15429688, 474.259857178, 980.03692627, 688.628112793, 417.13458252, 1253.06872559, 1416.56677246, 328.737548828, 325.950836182, 140.566635132, 286.308929443, 282.668365479, 114.944511414, 44.0738792419, 16.3518276215, 6.04255723953, 4.38627624512, 1.4983164072, 0.581480979919, 0.114462092519, 0.0104623008519, 0.0010773622198, 0.000112166286272, 3.93512391383e-006, 2.09942663254e-009, 5.02581032347e-010]
    },
    "gfcc": {
        "mean": [4.49505853653, 117.127845764, -154.343078613, 37.2252960205, -65.3199691772, 8.3726272583, -37.9469184875, 7.79198646545, -18.6356887817, -12.6858415604, -17.6435966492, -14.5163488388, -7.99205589294],
        "cov": [[5350.99365234, -1028.82800293, -286.867553711, 42.2136230469, -854.791137695, 277.830047607, -308.863372803, -144.473556519, -465.656188965, 116.200798035, -261.923339844, 98.0820007324, -138.251815796], [-1028.82800293, 1065.02502441, 28.1246566772, 29.7087955475, 530.81640625, -165.724182129, 174.737701416, 56.1145019531, 219.269378662, -117.385375977, 128.256530762, -96.3138656616, 63.0762252808], [-286.867553711, 28.1246566772, 344.155609131, 71.6340637207, 50.0912132263, 40.7956008911, -7.65103816986, 17.6445045471, 16.9166507721, 29.9174156189, -24.18309021, 12.1795654297, -23.3083000183], [42.2136230469, 29.7087955475, 71.6340637207, 142.030914307, 31.8517150879, 46.6569633484, 11.6308202744, 23.5307674408, 45.743019104, 15.3754253387, 19.6305389404, 7.66306686401, 11.1259651184], [-854.791137695, 530.81640625, 50.0912132263, 31.8517150879, 394.798614502, -67.4902038574, 114.817459106, 51.1210746765, 130.536010742, -52.4214172363, 68.1817398071, -40.7501678467, 29.4733066559], [277.830047607, -165.724182129, 40.7956008911, 46.6569633484, -67.4902038574, 131.491592407, 5.71736574173, 17.8492736816, -16.9265193939, 28.0162696838, -10.4476633072, 22.5669574738, 0.0226951874793], [-308.863372803, 174.737701416, -7.65103816986, 11.6308202744, 114.817459106, 5.71736574173, 120.117103577, 32.7707710266, 45.4575386047, -20.0210704803, 36.2900352478, -9.53246307373, 20.8272285461], [-144.473556519, 56.1145019531, 17.6445045471, 23.5307674408, 51.1210746765, 17.8492736816, 32.7707710266, 74.9410705566, 56.3872146606, 8.35747146606, 17.4631404877, -4.04109621048, 6.40922164917], [-465.656188965, 219.269378662, 16.9166507721, 45.743019104, 130.536010742, -16.9265193939, 45.4575386047, 56.3872146606, 137.262908936, 0.522790491581, 42.6588554382, -25.1243000031, 18.4008674622], [116.200798035, -117.385375977, 29.9174156189, 15.3754253387, -52.4214172363, 28.0162696838, -20.0210704803, 8.35747146606, 0.522790491581, 63.3937797546, 0.833271026611, 19.6285362244, -12.973608017], [-261.923339844, 128.256530762, -24.18309021, 19.6305389404, 68.1817398071, -10.4476633072, 36.2900352478, 17.4631404877, 42.6588554382, 0.833271026611, 72.672164917, 10.5436267853, 22.9828357697], [98.0820007324, -96.3138656616, 12.1795654297, 7.66306686401, -40.7501678467, 22.5669574738, -9.53246307373, -4.04109621048, -25.1243000031, 19.6285362244, 10.5436267853, 57.5325546265, 8.17642593384], [-138.251815796, 63.0762252808, -23.3083000183, 11.1259651184, 29.4733066559, 0.0226951874793, 20.8272285461, 6.40922164917, 18.4008674622, -12.973608017, 22.9828357697, 8.17642593384, 50.9773483276]],
        "icov": [[0.000906888046302, -0.00205715559423, 0.00178223417606, -0.00173737294972, 0.0018880108837, -0.00195682537742, 0.00115763430949, -0.00107783137355, 0.00311930431053, -0.00212293141522, 0.00345647870563, -0.00172080681659, 0.00182225927711], [-0.00205715559423, 0.00988106615841, -0.00510375853628, 0.00401363102719, -0.00800418015569, 0.0071636387147, -0.00391059974208, 0.00384151353501, -0.00943776313215, 0.00874031987041, -0.0120064429939, 0.00760896550491, -0.00545190973207], [0.00178223417606, -0.00510375853628, 0.00781411211938, -0.00521830050275, 0.00286007067189, -0.005026855506, 0.00304511305876, -0.0025175223127, 0.00667887553573, -0.00656141340733, 0.0103863785043, -0.00573747837916, 0.00543827796355], [-0.00173737294972, 0.00401363102719, -0.00521830050275, 0.0139928944409, -0.00378893315792, -0.000305337482132, -0.00108001416083, 0.00311500625685, -0.00978266075253, 0.00423198472708, -0.00878355558962, 0.00297185359523, -0.00478604948148], [0.0018880108837, -0.00800418015569, 0.00286007067189, -0.00378893315792, 0.0128890639171, -0.00365034956485, -0.000152494481881, -0.00348584377207, 0.0049521564506, -0.00356927094981, 0.00751609681174, -0.00512825930491, 0.00494709331542], [-0.00195682537742, 0.0071636387147, -0.005026855506, -0.000305337482132, -0.00365034956485, 0.0181468334049, -0.0066622341983, -0.00077628204599, -0.00529470574111, 0.00391823425889, -0.00740974023938, 0.00411772076041, -0.00589209841564], [0.00115763430949, -0.00391059974208, 0.00304511305876, -0.00108001416083, -0.000152494481881, -0.0066622341983, 0.0160874351859, -0.00487804925069, 0.00513467518613, -0.00119997840375, 0.00162397744134, -0.00200489675626, 0.00116867211182], [-0.00107783137355, 0.00384151353501, -0.0025175223127, 0.00311500625685, -0.00348584377207, -0.00077628204599, -0.00487804925069, 0.0240937694907, -0.0138204209507, 0.001680194051, -0.0041989274323, 0.00147383497097, -0.00145491247531], [0.00311930431053, -0.00943776313215, 0.00667887553573, -0.00978266075253, 0.0049521564506, -0.00529470574111, 0.00513467518613, -0.0138204209507, 0.0308406576514, -0.0138900605962, 0.00908270664513, 0.000310564151732, 0.00329320505261], [-0.00212293141522, 0.00874031987041, -0.00656141340733, 0.00423198472708, -0.00356927094981, 0.00391823425889, -0.00119997840375, 0.001680194051, -0.0138900605962, 0.0334316641092, -0.0152248414233, -6.95361013641e-005, 0.00224225060083], [0.00345647870563, -0.0120064429939, 0.0103863785043, -0.00878355558962, 0.00751609681174, -0.00740974023938, 0.00162397744134, -0.0041989274323, 0.00908270664513, -0.0152248414233, 0.0416889674962, -0.0177681427449, 0.00331973377615], [-0.00172080681659, 0.00760896550491, -0.00573747837916, 0.00297185359523, -0.00512825930491, 0.00411772076041, -0.00200489675626, 0.00147383497097, 0.000310564151732, -6.95361013641e-005, -0.0177681427449, 0.0334079116583, -0.0112342694774], [0.00182225927711, -0.00545190973207, 0.00543827796355, -0.00478604948148, 0.00494709331542, -0.00589209841564, 0.00116867211182, -0.00145491247531, 0.00329320505261, 0.00224225060083, 0.00331973377615, -0.0112342694774, 0.0313705168664]]
    },
    "melbands": {
        "mean": [0.000350076064933, 0.000905616558157, 0.00171498488635, 0.000830026168842, 0.000271929748124, 0.000267964089289, 0.000315834477078, 0.000261472217971, 0.000254515325651, 0.000401163095376, 0.000259913504124, 0.000155210087541, 0.00022191721655, 5.01710273966e-005, 6.64835097268e-005, 5.45068251085e-005, 4.95732965646e-005, 4.1741233872e-005, 3.7914065615e-005, 5.60283006052e-005, 5.41259287274e-005, 3.06036272377e-005, 2.67226605501e-005, 1.94214480871e-005, 1.0393854609e-005, 1.39567519e-005, 1.31560500449e-005, 9.7860038295e-006, 5.98052383793e-006, 5.33564707439e-006, 3.37952383234e-006, 2.18852483158e-006, 1.77086110398e-006, 1.24516213873e-006, 1.40514259783e-006, 9.71201643551e-007, 7.69262214817e-007, 5.21831964306e-007, 3.54270270009e-007, 1.70767989971e-007],
        "var": [5.5725229231e-007, 8.56242422742e-007, 8.3556979007e-006, 2.56579824054e-006, 1.05481795742e-007, 8.98865266663e-008, 9.77994858431e-008, 6.31576071441e-008, 7.84603102488e-008, 2.4233008844e-007, 1.027501213e-007, 5.54648522666e-008, 1.04528822931e-007, 2.58248977758e-009, 4.9493364962e-009, 2.63911759113e-009, 3.10215075849e-009, 1.80916392978e-009, 9.77776859479e-010, 2.13984829855e-009, 2.0222938879e-009, 4.46842396418e-010, 3.545454208e-010, 2.36990704838e-010, 9.50760858931e-011, 1.58827118124e-010, 1.24290355785e-010, 1.51343840238e-010, 5.28697675917e-011, 3.12430359362e-011, 1.26579935769e-011, 6.14573713101e-012, 3.13088162167e-012, 1.51254920047e-012, 1.69317923397e-012, 8.14485956978e-013, 6.60664014815e-013, 3.58026081655e-013, 2.39277808721e-013, 4.84650229562e-014]
    },
    "mfcc": {
        "mean": [-618.276977539, 130.575668335, -23.303604126, 22.2256412506, -2.38357067108, -2.57382154465, -6.62243080139, 6.18929672241, 2.07846045494, 3.64379453659, -7.72511911392, -0.743512332439, -4.12829685211],
        "cov": [[3635.40258789, -1237.81030273, 234.052246094, -393.226959229, -508.453857422, 111.108024597, -32.8638916016, -202.287078857, -232.720779419, -72.643699646, -225.168823242, -130.728561401, -240.199478149], [-1237.81030273, 1047.74816895, -210.334335327, 257.934234619, 296.540405273, -35.6246376038, 73.418548584, 116.819358826, 106.509788513, 20.8286762238, 102.32408905, 35.298576355, 97.6140594482], [234.052246094, -210.334335327, 322.138458252, -4.44362068176, -20.9910774231, 48.6571044922, -25.6451873779, -21.6215896606, 0.235122546554, -7.38458061218, 6.64486789703, 13.5883779526, -9.02707672119], [-393.226959229, 257.934234619, -4.44362068176, 163.663864136, 119.069404602, 8.25884532928, 13.1950016022, 44.9077339172, 46.0347747803, 16.0597057343, 39.9243164063, 27.9424667358, 47.2428131104], [-508.453857422, 296.540405273, -20.9910774231, 119.069404602, 198.215011597, 11.6704158783, 12.6871242523, 54.054107666, 56.4452285767, 21.5436668396, 56.9048652649, 26.7434749603, 46.6521911621], [111.108024597, -35.6246376038, 48.6571044922, 8.25884532928, 11.6704158783, 77.0970153809, 23.8746910095, 13.0104055405, 6.05781745911, 9.50161743164, 1.08194172382, 5.92975091934, -4.17324113846], [-32.8638916016, 73.418548584, -25.6451873779, 13.1950016022, 12.6871242523, 23.8746910095, 77.8103179932, 34.7787017822, 11.5494661331, 4.72297525406, 0.592934012413, -3.59899640083, 5.90458631516], [-202.287078857, 116.819358826, -21.6215896606, 44.9077339172, 54.054107666, 13.0104055405, 34.7787017822, 82.4478683472, 40.2838249207, 22.5057144165, 21.1957244873, 20.2713603973, 28.1124744415], [-232.720779419, 106.509788513, 0.235122546554, 46.0347747803, 56.4452285767, 6.05781745911, 11.5494661331, 40.2838249207, 70.715133667, 30.8267974854, 25.4737911224, 13.2266101837, 24.4082374573], [-72.643699646, 20.8286762238, -7.38458061218, 16.0597057343, 21.5436668396, 9.50161743164, 4.72297525406, 22.5057144165, 30.8267974854, 68.5887069702, 28.911403656, 12.8551664352, 11.6046218872], [-225.168823242, 102.32408905, 6.64486789703, 39.9243164063, 56.9048652649, 1.08194172382, 0.592934012413, 21.1957244873, 25.4737911224, 28.911403656, 69.1310272217, 30.883430481, 18.096540451], [-130.728561401, 35.298576355, 13.5883779526, 27.9424667358, 26.7434749603, 5.92975091934, -3.59899640083, 20.2713603973, 13.2266101837, 12.8551664352, 30.883430481, 59.3457374573, 26.8815479279], [-240.199478149, 97.6140594482, -9.02707672119, 47.2428131104, 46.6521911621, -4.17324113846, 5.90458631516, 28.1124744415, 24.4082374573, 11.6046218872, 18.096540451, 26.8815479279, 70.9990005493]],
        "icov": [[0.000653801078442, 0.000322170555592, -0.00011938597163, 2.92338063446e-005, 0.00058755784994, -0.000790633028373, -0.000120108197734, 9.15582859307e-005, 0.000799766043201, -0.000350036250893, 0.000697282725014, 0.000209896243177, 0.000800586189143], [0.000322170555592, 0.00291859870777, 0.00126303092111, -0.00224498496391, -0.0017007922288, 0.000980752171017, -0.00177790794987, -5.1660619647e-005, -0.000532830366865, 0.0013274756493, -0.00144742045086, 0.000867116090376, 8.20153436507e-005], [-0.00011938597163, 0.00126303092111, 0.00462927017361, -0.00137123500463, -1.15865150292e-005, -0.00259952782653, 0.0011099644471, 0.000861768960021, -0.00187434162945, 0.00216476758942, -0.00219824630767, -0.000158723283675, -0.000307174224872], [2.92338063446e-005, -0.00224498496391, -0.00137123500463, 0.0138619551435, -0.00393108464777, -0.00120550207794, 0.000897113059182, -0.000563310284633, -0.00107797351666, -0.000292504031677, 0.000921117782127, -0.00159844511654, -0.00276320287958], [0.00058755784994, -0.0017007922288, -1.15865150292e-005, -0.00393108464777, 0.0136568816379, -0.00396329211071, 0.00281617394648, -0.00203758431599, -0.00182216800749, 0.00123814225662, -0.00443096878007, 0.00214272970334, -0.000951474299654], [-0.000790633028373, 0.000980752171017, -0.00259952782653, -0.00120550207794, -0.00396329211071, 0.0199290402234, -0.00726521015167, -0.000598369631916, -8.72823584359e-005, -0.00255511910655, 0.00201759953052, -0.00305729638785, 0.00215608533472], [-0.000120108197734, -0.00177790794987, 0.0011099644471, 0.000897113059182, 0.00281617394648, -0.00726521015167, 0.0203237775713, -0.00851142499596, 0.000861908425577, 0.00104292563628, -0.000428377126809, 0.00390339642763, -0.000850823067594], [9.15582859307e-005, -5.1660619647e-005, 0.000861768960021, -0.000563310284633, -0.00203758431599, -0.000598369631916, -0.00851142499596, 0.0239074602723, -0.0078357513994, -0.00205283984542, 0.00161813490558, -0.00513663189486, -0.00202787085436], [0.000799766043201, -0.000532830366865, -0.00187434162945, -0.00107797351666, -0.00182216800749, -8.72823584359e-005, 0.000861908425577, -0.0078357513994, 0.0275153107941, -0.00884817540646, 0.000858623883687, 0.00235717114992, -0.000984017038718], [-0.000350036250893, 0.0013274756493, 0.00216476758942, -0.000292504031677, 0.00123814225662, -0.00255511910655, 0.00104292563628, -0.00205283984542, -0.00884817540646, 0.0228724069893, -0.0100818378851, 0.00146866810974, -0.00146005407441], [0.000697282725014, -0.00144742045086, -0.00219824630767, 0.000921117782127, -0.00443096878007, 0.00201759953052, -0.000428377126809, 0.00161813490558, 0.000858623883687, -0.0100818378851, 0.0297120083123, -0.0116271506995, 0.00406342651695], [0.000209896243177, 0.000867116090376, -0.000158723283675, -0.00159844511654, 0.00214272970334, -0.00305729638785, 0.00390339642763, -0.00513663189486, 0.00235717114992, 0.00146866810974, -0.0116271506995, 0.0276988372207, -0.00789115391672], [0.000800586189143, 8.20153436507e-005, -0.000307174224872, -0.00276320287958, -0.000951474299654, 0.00215608533472, -0.000850823067594, -0.00202787085436, -0.000984017038718, -0.00146005407441, 0.00406342651695, -0.00789115391672, 0.0226346217096]]
    },
    "spectral_contrast_coeffs": {
        "mean": [-0.601426541805, -0.758832454681, -0.740991055965, -0.776868224144, -0.771509885788, -0.723839938641],
        "var": [0.00753057282418, 0.00320658879355, 0.00327007262968, 0.00161997287069, 0.00108599825762, 0.0012169018155]
    },
    "spectral_contrast_valleys": {
        "mean": [-7.45051765442, -6.29461574554, -6.84729862213, -7.20290899277, -7.23098516464, -10.5407400131],
        "var": [1.06265795231, 0.989070951939, 1.00125157833, 0.953209161758, 1.02436649799, 1.20516300201]
    }
},
"metadata": {
    "audio_properties": {
        "analysis_sample_rate": 44100,
        "bit_rate": 107077,
        "equal_loudness": 0,
        "length": 45.0612258911,
        "lossless": 0,
        "replay_gain": -7.83754730225,
        "sample_rate": 44100,
        "codec": "mp3",
        "downmix": "mix",
        "md5_encoded": "3e8f4e83d1a815032fd597550da9b242"
    },
    "tags": {
        "file_name": "903.mp3"
    },
    "version": {
        "essentia": "2.1-beta2",
        "essentia_git_sha": "v2.1_beta2",
        "extractor": "music 1.0"
    }
},
"rhythm": {
    "beats_count": 85,
    "beats_loudness": {
        "mean": 0.0442499667406,
        "var": 0.00029839319177
    },
    "bpm": 113.011901855,
    "bpm_histogram_first_peak_bpm": {
        "mean": 112,
        "var": 0
    },
    "bpm_histogram_first_peak_spread": {
        "mean": 0.481481492519,
        "var": 0
    },
    "bpm_histogram_first_peak_weight": {
        "mean": 0.333333343267,
        "var": 0
    },
    "bpm_histogram_second_peak_bpm": {
        "mean": 117,
        "var": 0
    },
    "bpm_histogram_second_peak_spread": {
        "mean": 0.214285701513,
        "var": 0
    },
    "bpm_histogram_second_peak_weight": {
        "mean": 0.261904776096,
        "var": 0
    },
    "danceability": 1.37669861317,
    "onset_rate": 3.4160323143,
    "beats_loudness_band_ratio": {
        "mean": [0.508560359478, 0.156664684415, 0.195752650499, 0.112789005041, 0.0781674832106, 0.0363461747766],
        "var": [0.0157198347151, 0.00439113052562, 0.00561174238101, 0.00538349244744, 0.00149497040547, 0.000381003745133]
    },
    "beats_position": [0.53405892849, 1.09133780003, 1.66022670269, 2.20589566231, 2.76317453384, 3.33206343651, 3.87773227692, 4.41179132462, 4.92263031006, 5.4334692955, 5.94430828094, 6.45514726639, 6.96598625183, 7.47682523727, 7.97605419159, 8.48689365387, 9.0093421936, 9.53179073334, 10.0658502579, 10.5882987976, 11.0991382599, 11.6099767685, 12.1208162308, 12.6200447083, 13.1192741394, 13.6301136017, 14.1293420792, 14.6285715103, 15.1394100189, 15.6502494812, 16.1610889435, 16.6719264984, 17.1943759918, 17.7168254852, 18.2276649475, 18.7617225647, 19.272562027, 19.7834014893, 20.2942390442, 20.8282985687, 21.3623580933, 21.8964176178, 22.4072551727, 22.9413146973, 23.4637641907, 23.9862117767, 24.5202713013, 25.0543308258, 25.5767803192, 26.1224479675, 26.6565074921, 27.1789569855, 27.7014045715, 28.2238540649, 28.7463035583, 29.2455329895, 29.7679805756, 30.3020401001, 30.8244895935, 31.3469390869, 31.8809967041, 32.4034461975, 32.9375038147, 33.4715652466, 33.99401474, 34.5280723572, 35.0621299744, 35.5961914063, 36.1302490234, 36.6643066406, 37.1983680725, 37.7324256897, 38.2432632446, 38.7773246765, 39.2997741699, 39.8222198486, 40.3562812805, 40.8671188354, 41.4011802673, 41.923625946, 42.4460754395, 42.9801368713, 43.5141944885, 44.0482521057, 44.5823135376]
},
"tonal": {
    "chords_changes_rate": 0.037037037313,
    "chords_number_rate": 0.00617283955216,
    "chords_strength": {
        "mean": 0.523918509483,
        "var": 0.011620702222
    },
    "hpcp_entropy": {
        "mean": 2.28227567673,
        "var": 0.460432887077
    },
    "key_strength": 0.681282877922,
    "tuning_diatonic_strength": 0.547469854355,
    "tuning_equal_tempered_deviation": 0.0480660200119,
    "tuning_frequency": 441.272583008,
    "tuning_nontempered_energy_ratio": 0.704797208309,
    "hpcp": {
        "mean": [0.159343481064, 0.124433510005, 0.0957307964563, 0.0905192345381, 0.116927161813, 0.276057898998, 0.396799772978, 0.260073453188, 0.173202887177, 0.244189620018, 0.226446092129, 0.161981105804, 0.135613963008, 0.116282224655, 0.150273755193, 0.202423974872, 0.171021789312, 0.112176373601, 0.0808466151357, 0.0822275578976, 0.239056810737, 0.36313059926, 0.282631665468, 0.273681044579, 0.326585412025, 0.282362729311, 0.227201804519, 0.210896611214, 0.180284157395, 0.284796267748, 0.423895478249, 0.306126445532, 0.146986111999, 0.0942709073424, 0.0831280201674, 0.130346268415],
        "var": [0.0464604720473, 0.0266624484211, 0.0212989021093, 0.0205531567335, 0.0325180664659, 0.0612593516707, 0.105340249836, 0.0599170438945, 0.036371178925, 0.0798653960228, 0.0657291784883, 0.0341213047504, 0.0264653041959, 0.0183775480837, 0.0194076895714, 0.0420678369701, 0.0463244765997, 0.0248716343194, 0.0125132007524, 0.0111360568553, 0.062812551856, 0.116868302226, 0.0608599409461, 0.0767362043262, 0.107468634844, 0.102189034224, 0.0696850717068, 0.0568801127374, 0.0464109890163, 0.0660346075892, 0.120808206499, 0.081530995667, 0.0350939556956, 0.0153301544487, 0.0140154249966, 0.0270322263241]
    },
    "chords_histogram": [18.6213989258, 55.7613182068, 7.61316871643, 13.0658435822, 2.05761313438, 0, 0, 0, 0, 0, 0, 0, 0, 0, 0, 0, 0, 0, 0, 0, 0, 0, 2.88065838814, 0],
    "thpcp": [1, 0.722174346447, 0.346750825644, 0.222391873598, 0.196104988456, 0.307496249676, 0.37590277195, 0.29354763031, 0.225835844874, 0.213541403413, 0.275839596987, 0.651240468025, 0.936079263687, 0.613532006741, 0.408598095179, 0.576060950756, 0.534202635288, 0.382125109434, 0.319923132658, 0.274318158627, 0.354506611824, 0.477532744408, 0.403452724218, 0.264632165432, 0.190723001957, 0.193980738521, 0.56395226717, 0.856651246548, 0.666748464108, 0.645633339882, 0.770438551903, 0.666114032269, 0.535985469818, 0.497520327568, 0.425303339958, 0.671854913235],
    "chords_key": "E",
    "chords_scale": "minor",
    "key_key": "C",
    "key_scale": "major"
}
}