{
"lowlevel": {
    "average_loudness": 0.980886399746,
    "barkbands_crest": {
        "mean": 13.9452972412,
        "var": 15.9750537872
    },
    "barkbands_flatness_db": {
        "mean": 0.355632275343,
        "var": 0.00819698534906
    },
    "barkbands_kurtosis": {
        "mean": 16.1180019379,
        "var": 245.818847656
    },
    "barkbands_skewness": {
        "mean": 2.58954977989,
        "var": 1.90232384205
    },
    "barkbands_spread": {
        "mean": 3.25896501541,
        "var": 10.780714035
    },
    "dissonance": {
        "mean": 0.414341330528,
        "var": 0.00217523192987
    },
    "dynamic_complexity": 1.85530722141,
    "erbbands_crest": {
        "mean": 10.529299736,
        "var": 11.0774345398
    },
    "erbbands_flatness_db": {
        "mean": 0.261272639036,
        "var": 0.00465527549386
    },
    "erbbands_kurtosis": {
        "mean": 4.19595336914,
        "var": 17.7462024689
    },
    "erbbands_skewness": {
        "mean": 1.54935371876,
        "var": 0.57874661684
    },
    "erbbands_spread": {
        "mean": 17.8643856049,
        "var": 118.027252197
    },
    "hfc": {
        "mean": 10.720249176,
        "var": 85.9074249268
    },
    "melbands_crest": {
        "mean": 17.7299575806,
        "var": 20.3632106781
    },
    "melbands_flatness_db": {
        "mean": 0.479498654604,
        "var": 0.0117571651936
    },
    "melbands_kurtosis": {
        "mean": 26.0412139893,
        "var": 784.701416016
    },
    "melbands_skewness": {
        "mean": 3.07030415535,
        "var": 1.97332787514
    },
    "melbands_spread": {
        "mean": 3.19098877907,
        "var": 41.5283966064
    },
    "pitch_salience": {
        "mean": 0.505855619907,
        "var": 0.0150334332138
    },
    "silence_rate_20dB": {
        "mean": 1,
        "var": 0
    },
    "silence_rate_30dB": {
        "mean": 0.911991775036,
        "var": 0.0802626162767
    },
    "silence_rate_60dB": {
        "mean": 0.00308800814673,
        "var": 0.00307847349904
    },
    "spectral_centroid": {
        "mean": 287.762420654,
        "var": 203438.484375
    },
    "spectral_complexity": {
        "mean": 8.96088504791,
        "var": 13.6506919861
    },
    "spectral_decrease": {
        "mean": -1.57376387477e-008,
        "var": 7.9434385834e-017
    },
    "spectral_energy": {
        "mean": 0.0603697411716,
        "var": 0.00116751121823
    },
    "spectral_energyband_high": {
        "mean": 6.52382295812e-005,
        "var": 5.60008892592e-008
    },
    "spectral_energyband_low": {
        "mean": 0.0406343787909,
        "var": 0.00082885887241
    },
    "spectral_energyband_middle_high": {
        "mean": 0.000950327550527,
        "var": 9.37253844313e-006
    },
    "spectral_energyband_middle_low": {
        "mean": 0.0237326063216,
        "var": 0.000352214003215
    },
    "spectral_entropy": {
        "mean": 5.84538984299,
        "var": 0.404322594404
    },
    "spectral_flux": {
        "mean": 0.11672282964,
        "var": 0.00272512226366
    },
    "spectral_kurtosis": {
        "mean": 58.0247573853,
        "var": 3262.10986328
    },
    "spectral_rms": {
        "mean": 0.0073394170031,
        "var": 5.03025967191e-006
    },
    "spectral_rolloff": {
        "mean": 284.453582764,
        "var": 711509.875
    },
    "spectral_skewness": {
        "mean": 5.43767356873,
        "var": 7.42039108276
    },
    "spectral_spread": {
        "mean": 2468830.75,
        "var": 6.18727211008e+012
    },
    "spectral_strongpeak": {
        "mean": 0.66825979948,
        "var": 0.146392941475
    },
    "zerocrossingrate": {
        "mean": 0.0131227783859,
        "var": 0.000559041858651
    },
    "barkbands": {
        "mean": [0.00013906985987, 0.0235994569957, 0.011949188076, 0.00900681409985, 0.00945810135454, 0.00292124645784, 0.00140032311901, 0.000437658483861, 0.000371060246835, 0.000415743910708, 0.000135903494083, 5.76996899326e-005, 0.000145477912156, 4.64674303657e-005, 9.09698283067e-005, 4.5595694246e-005, 3.51087182935e-005, 2.44899310928e-005, 2.10553353099e-005, 9.80946333584e-006, 4.90716911372e-006, 7.44270550967e-007, 3.0945780054e-006, 2.82784531009e-005, 1.8247998014e-005, 3.29582644554e-006, 2.57416896687e-008],
        "var": [1.11523512203e-007, 0.000598436454311, 0.000142068252899, 0.000121060351375, 0.000124516125652, 1.81629784493e-005, 1.02339436125e-005, 9.5250487675e-007, 4.58958680838e-007, 1.24666303236e-006, 1.81497100016e-007, 8.46694536705e-009, 4.83731525946e-007, 2.40191670997e-008, 4.48780269835e-007, 2.00002183703e-008, 7.4186708332e-008, 5.64129294389e-008, 3.38881811501e-008, 8.06937272557e-009, 2.05732098024e-009, 2.60519331802e-011, 1.53006982084e-010, 6.25273655075e-009, 2.66380917324e-009, 1.59575450076e-010, 1.165604241e-014]
    },
    "erbbands": {
        "mean": [0.373241722584, 6.32819032669, 15.4750566483, 22.8867111206, 29.5899887085, 31.487537384, 26.8490657806, 23.7812213898, 26.2943954468, 11.1172227859, 8.60035514832, 9.10507106781, 11.6086359024, 12.7812900543, 3.38191533089, 2.44404888153, 6.7413687706, 3.09146809578, 4.96308469772, 3.06809473038, 2.19201374054, 2.21333813667, 1.6544816494, 0.637789368629, 1.07586669922, 0.491618454456, 0.355601757765, 0.132209926844, 0.0348776727915, 0.0279941502959, 0.120929330587, 0.437932789326, 0.515759766102, 0.264824688435, 0.0972820743918, 0.0258378237486, 0.00399305485189, 0.000270516175078, 3.52328243025e-005, 6.65796906105e-005],
        "var": [0.26020860672, 37.97032547, 155.215957642, 526.169677734, 934.917053223, 1549.64440918, 1509.21435547, 1480.3260498, 3188.01928711, 394.137481689, 204.147125244, 309.27243042, 403.161743164, 2243.11694336, 41.3625297546, 15.6010560989, 917.3046875, 108.644493103, 1757.30737305, 114.28440094, 61.2361450195, 297.797943115, 238.960388184, 13.1336269379, 108.035720825, 20.0812034607, 13.2323846817, 1.23518455029, 0.0662579610944, 0.057537753135, 0.227841719985, 1.84042656422, 1.86015319824, 0.511367440224, 0.0919914916158, 0.00888648536056, 0.000209406047361, 9.38404355111e-007, 1.21971821532e-009, 1.43076295256e-009]
    },
    "gfcc": {
        "mean": [-115.722869873, 197.52897644, -49.08644104, 9.89989852905, -27.0510730743, 5.86543560028, -37.4447364807, 7.92441415787, -17.8497924805, -14.9568243027, -5.29598999023, -16.8252220154, 3.4037296772],
        "cov": [[8487.95019531, -2156.33325195, -1142.93664551, 455.207580566, -1097.24304199, 752.268188477, -1056.58618164, 713.414428711, -640.357421875, 325.088409424, 62.9567680359, -91.9575653076, -16.5862293243], [-2156.33325195, 1877.31237793, 97.1914215088, -382.994354248, 679.585632324, -538.193908691, 546.99798584, -442.75793457, 393.66796875, -222.108795166, -2.95978617668, 10.0345830917, 77.8491973877], [-1142.93664551, 97.1914215088, 833.149963379, -89.4302139282, 15.9721317291, 127.299049377, 27.9556007385, 22.2830619812, 47.6867713928, -45.3624954224, -26.4309940338, 51.7562675476, -17.1852626801], [455.207580566, -382.994354248, -89.4302139282, 307.648681641, -79.8085098267, 54.5849533081, -2.35973858833, 71.5495605469, -46.0903816223, 66.7210617065, 53.8177833557, -21.8713226318, -9.34205913544], [-1097.24304199, 679.585632324, 15.9721317291, -79.8085098267, 426.949554443, -215.994888306, 288.13583374, -165.298980713, 169.989761353, -64.0601119995, -4.56879234314, 19.7767028809, 25.3039588928], [752.268188477, -538.193908691, 127.299049377, 54.5849533081, -215.994888306, 321.332885742, -169.710159302, 167.64982605, -122.323730469, 20.6382656097, 5.5516705513, -11.1356534958, -16.9841022491], [-1056.58618164, 546.99798584, 27.9556007385, -2.35973858833, 288.13583374, -169.710159302, 390.540405273, -135.205108643, 134.973709106, -58.2601318359, 10.1453742981, -10.7660884857, 4.43274736404], [713.414428711, -442.75793457, 22.2830619812, 71.5495605469, -165.298980713, 167.64982605, -135.205108643, 193.523391724, -78.3271942139, 46.7400283813, -0.400732040405, 3.34520459175, -8.66688537598], [-640.357421875, 393.66796875, 47.6867713928, -46.0903816223, 169.989761353, -122.323730469, 134.973709106, -78.3271942139, 176.050643921, -19.5925254822, 13.4945392609, 21.0145988464, 27.7237205505], [325.088409424, -222.108795166, -45.3624954224, 66.7210617065, -64.0601119995, 20.6382656097, -58.2601318359, 46.7400283813, -19.5925254822, 126.613967896, 20.2608947754, 14.4311285019, -3.84593486786], [62.9567680359, -2.95978617668, -26.4309940338, 53.8177833557, -4.56879234314, 5.5516705513, 10.1453742981, -0.400732040405, 13.4945392609, 20.2608947754, 88.3617630005, 5.67855930328, -3.60924077034], [-91.9575653076, 10.0345830917, 51.7562675476, -21.8713226318, 19.7767028809, -11.1356534958, -10.7660884857, 3.34520459175, 21.0145988464, 14.4311285019, 5.67855930328, 69.104309082, 19.2823085785], [-16.5862293243, 77.8491973877, -17.1852626801, -9.34205913544, 25.3039588928, -16.9841022491, 4.43274736404, -8.66688537598, 27.7237205505, -3.84593486786, -3.60924077034, 19.2823085785, 67.3326187134]],
        "icov": [[0.000592903874349, -0.00157764216419, 0.00104224274401, -0.00139705475885, 0.000777530833147, -0.00164335209411, 0.00121059140656, -0.00160802644677, 0.0012881916482, -0.00118531903718, 0.000844043039251, -0.000845076225232, 0.000738022907171], [-0.00157764216419, 0.0104428008199, -0.00361787271686, 0.00874687358737, -0.00448702927679, 0.00853639561683, -0.00529719889164, 0.00715444935486, -0.00688666012138, 0.00676347361878, -0.00620413571596, 0.0062021901831, -0.00595000665635], [0.00104224274401, -0.00361787271686, 0.00362506718375, -0.00290988641791, 0.00186284712981, -0.0048992712982, 0.00203389953822, -0.00281675276347, 0.00165113422554, -0.00214823987335, 0.00274795945734, -0.00369006302208, 0.00293033034541], [-0.00139705475885, 0.00874687358737, -0.00290988641791, 0.012285893783, -0.00326216639951, 0.00737554579973, -0.00595926353708, 0.00440201954916, -0.00473868567497, 0.00376360234804, -0.00779913179576, 0.00679077580571, -0.00564662972465], [0.000777530833147, -0.00448702927679, 0.00186284712981, -0.00326216639951, 0.008809116669, -0.00285134650767, -0.000884465291165, -0.00183392304461, 0.000543806818314, -0.0021721420344, 0.00335857924074, -0.00439652567729, 0.00228575756773], [-0.00164335209411, 0.00853639561683, -0.0048992712982, 0.00737554579973, -0.00285134650767, 0.0156134897843, -0.00415893876925, 0.00126679020468, -0.0030770720914, 0.00685748737305, -0.00692442990839, 0.00687317550182, -0.00573564786464], [0.00121059140656, -0.00529719889164, 0.00203389953822, -0.00595926353708, -0.000884465291165, -0.00415893876925, 0.00934345461428, -0.00342146656476, 0.00249775755219, -0.00253215199336, 0.0027596775908, -0.00131326832343, 0.00369382160716], [-0.00160802644677, 0.00715444935486, -0.00281675276347, 0.00440201954916, -0.00183392304461, 0.00126679020468, -0.00342146656476, 0.0177412424237, -0.00597865507007, 0.00315809482709, -0.00190478679724, 0.00188564800192, -0.00325862015598], [0.0012881916482, -0.00688666012138, 0.00165113422554, -0.00473868567497, 0.000543806818314, -0.0030770720914, 0.00249775755219, -0.00597865507007, 0.0166215766221, -0.00529535580426, 0.00108657125384, -0.00409263232723, 0.000213014456676], [-0.00118531903718, 0.00676347361878, -0.00214823987335, 0.00376360234804, -0.0021721420344, 0.00685748737305, -0.00253215199336, 0.00315809482709, -0.00529535580426, 0.0152969174087, -0.00496330298483, 0.000941327773035, -0.00250025559217], [0.000844043039251, -0.00620413571596, 0.00274795945734, -0.00779913179576, 0.00335857924074, -0.00692442990839, 0.0027596775908, -0.00190478679724, 0.00108657125384, -0.00496330298483, 0.0179766118526, -0.00639938190579, 0.00563000934198], [-0.000845076225232, 0.0062021901831, -0.00369006302208, 0.00679077580571, -0.00439652567729, 0.00687317550182, -0.00131326832343, 0.00188564800192, -0.00409263232723, 0.000941327773035, -0.00639938190579, 0.0235141646117, -0.00900157634169], [0.000738022907171, -0.00595000665635, 0.00293033034541, -0.00564662972465, 0.00228575756773, -0.00573564786464, 0.00369382160716, -0.00325862015598, 0.000213014456676, -0.00250025559217, 0.00563000934198, -0.00900157634169, 0.0215579327196]]
    },
    "melbands": {
        "mean": [0.00517721520737, 0.00855416618288, 0.00415865099058, 0.00235048425384, 0.000990724540316, 0.000542289635632, 0.000369977467926, 0.000110549575766, 6.30126014585e-005, 5.78699837206e-005, 5.66952294321e-005, 5.26194817212e-005, 1.34527108457e-005, 6.56671818433e-006, 8.01443547971e-006, 1.60051167768e-005, 3.96449786422e-006, 7.99806639407e-006, 6.1044679569e-006, 3.00213605442e-006, 2.4187827421e-006, 1.91302137864e-006, 2.67427890321e-006, 6.9056443408e-007, 4.27409759141e-007, 9.81525658972e-007, 4.39533096142e-007, 3.24947677655e-007, 2.60805705921e-007, 1.08361163598e-007, 6.87059937832e-008, 1.98338696578e-008, 8.65090754587e-009, 1.56642929738e-008, 4.41864571599e-008, 1.46251522892e-007, 3.2338073197e-007, 3.83674262139e-007, 3.02729176838e-007, 1.97584284933e-007],
        "var": [3.42621242453e-005, 3.79617813451e-005, 1.43868255691e-005, 7.7201420936e-006, 1.71556166606e-006, 6.94598099926e-007, 6.04159026807e-007, 4.59175915068e-008, 1.02859756268e-008, 1.34004478625e-008, 1.05030126818e-008, 3.98318604766e-008, 9.56327350643e-010, 1.12739831359e-010, 7.17603976241e-010, 7.19319981357e-009, 1.11812226145e-010, 5.33465405184e-009, 1.16049236887e-009, 7.06815023177e-011, 8.69998864617e-011, 1.71349032185e-010, 7.33958394061e-010, 2.215137275e-011, 5.14466464221e-012, 8.20183504446e-011, 2.16715100726e-011, 8.93452759693e-012, 7.7458222128e-012, 7.68948056271e-013, 4.08365696944e-013, 2.2945194193e-014, 4.12261396286e-015, 2.06560893471e-014, 3.98041280112e-014, 3.13600057381e-013, 9.69159431527e-013, 1.02545348515e-012, 6.28104014112e-013, 3.0939023587e-013]
    },
    "mfcc": {
        "mean": [-777.602600098, 228.51171875, 48.5880966187, 19.7179679871, 34.0703544617, -3.48339867592, 9.86792087555, 3.24906516075, 4.36825370789, 4.44590902328, -10.6128835678, 0.932441711426, -6.70000648499],
        "cov": [[5835.29296875, -1464.07641602, -807.893188477, -481.128692627, 261.655181885, -752.555969238, 353.700683594, -369.067138672, -195.241958618, 162.093994141, -267.375915527, 272.663330078, -223.925460815], [-1464.07641602, 1441.79431152, -165.54574585, 165.707351685, -108.480407715, 268.588195801, -222.149810791, 140.814453125, 84.6030883789, -95.3315811157, 108.140937805, -131.205032349, 106.245025635], [-807.893188477, -165.54574585, 849.013916016, -165.184066772, 82.8646621704, 64.4108734131, 1.67762947083, 70.2962493896, 26.0711116791, -3.21433615685, -6.7948384285, -11.1047811508, 19.7358818054], [-481.128692627, 165.707351685, -165.184066772, 377.661651611, -88.0132675171, 96.3231201172, 3.01483464241, 13.0054473877, 29.754863739, 1.8992023468, 78.8994674683, 14.9653987885, 26.0710201263], [261.655181885, -108.480407715, 82.8646621704, -88.0132675171, 149.605545044, -36.9571380615, 1.62295567989, 8.34714698792, -9.11078643799, 9.86529350281, -28.307050705, 17.3518180847, -4.4739575386], [-752.555969238, 268.588195801, 64.4108734131, 96.3231201172, -36.9571380615, 202.282958984, -21.1585197449, 63.3071403503, 44.75730896, -18.7088718414, 51.9823608398, -36.7139434814, 34.4944915771], [353.700683594, -222.149810791, 1.67762947083, 3.01483464241, 1.62295567989, -21.1585197449, 168.747924805, 8.27506256104, -17.7623233795, 40.5309104919, -6.66510534286, 27.5185871124, -28.4153385162], [-369.067138672, 140.814453125, 70.2962493896, 13.0054473877, 8.34714698792, 63.3071403503, 8.27506256104, 137.83354187, 34.3067855835, 4.33003902435, 8.75084209442, -27.3200588226, 21.3697738647], [-195.241958618, 84.6030883789, 26.0711116791, 29.754863739, -9.11078643799, 44.75730896, -17.7623233795, 34.3067855835, 115.118408203, -4.28751707077, 15.7710285187, -21.4765701294, -2.79075717926], [162.093994141, -95.3315811157, -3.21433615685, 1.8992023468, 9.86529350281, -18.7088718414, 40.5309104919, 4.33003902435, -4.28751707077, 74.7850646973, 8.41868877411, 18.9676246643, -11.5907392502], [-267.375915527, 108.140937805, -6.7948384285, 78.8994674683, -28.307050705, 51.9823608398, -6.66510534286, 8.75084209442, 15.7710285187, 8.41868877411, 87.4346084595, 11.1820039749, 15.4845495224], [272.663330078, -131.205032349, -11.1047811508, 14.9653987885, 17.3518180847, -36.7139434814, 27.5185871124, -27.3200588226, -21.4765701294, 18.9676246643, 11.1820039749, 88.2211227417, 5.96890735626], [-223.925460815, 106.245025635, 19.7358818054, 26.0710201263, -4.4739575386, 34.4944915771, -28.4153385162, 21.3697738647, -2.79075717926, -11.5907392502, 15.4845495224, 5.96890735626, 69.584777832]],
        "icov": [[0.000763642776292, 4.94536288898e-005, 0.000766295823269, 0.000653738446999, -0.000770126993302, 0.00129062368069, -0.00109992106445, 0.000834739068523, -0.000384813320125, -0.000358841323759, 0.000742572767194, -0.00114744435996, 0.000382805010304], [4.94536288898e-005, 0.00159755384084, 0.000555786013138, 0.000189274185686, 0.000264792848611, -0.000991928740405, 0.00138867669739, -0.00105795089621, 3.59758887498e-005, 0.000696841627359, -0.00113111012615, 0.00109389633872, -0.000832515419461], [0.000766295823269, 0.000555786013138, 0.00241758604534, 0.00152359786443, -0.00121157267131, 0.000208567871596, -0.000789899379015, 9.08846195671e-005, -0.000597186852247, -6.46460030111e-005, 0.000156842987053, -0.0010374118574, -0.000151556640049], [0.000653738446999, 0.000189274185686, 0.00152359786443, 0.00488033471629, 0.000782163930126, -0.000536694540642, -0.00110952008981, 0.000530063989572, -0.000905957014766, -0.000266896939138, -0.00156559236348, -0.00218714005314, -0.0002901853004], [-0.000770126993302, 0.000264792848611, -0.00121157267131, 0.000782163930126, 0.00953345373273, -0.00096759252483, 0.00217386707664, -0.00236447993666, 0.000418600335252, -0.000428887200542, 0.000729824998416, -0.00108072417788, -0.000249897275353], [0.00129062368069, -0.000991928740405, 0.000208567871596, -0.000536694540642, -0.00096759252483, 0.0118684479967, -0.00316121429205, 2.77264898614e-005, -0.00189041870181, 0.000537354324479, -0.00151043431833, 0.000469163671369, -0.00112577807158], [-0.00109992106445, 0.00138867669739, -0.000789899379015, -0.00110952008981, 0.00217386707664, -0.00316121429205, 0.0108895730227, -0.00388063676655, 0.00193486956414, -0.00206779222935, -0.000899528095033, 8.92567259143e-005, 0.00225097220391], [0.000834739068523, -0.00105795089621, 9.08846195671e-005, 0.000530063989572, -0.00236447993666, 2.77264898614e-005, -0.00388063676655, 0.0119918324053, -0.00259667565115, -0.00244571641088, 0.002122214064, 0.000957435404416, -0.00242193369195], [-0.000384813320125, 3.59758887498e-005, -0.000597186852247, -0.000905957014766, 0.000418600335252, -0.00189041870181, 0.00193486956414, -0.00259667565115, 0.0107775861397, 0.0001785136119, -0.00137876986992, 0.00164266815409, 0.002395021962], [-0.000358841323759, 0.000696841627359, -6.46460030111e-005, -0.000266896939138, -0.000428887200542, 0.000537354324479, -0.00206779222935, -0.00244571641088, 0.0001785136119, 0.0173907559365, -0.00392691185698, -0.000912255258299, 0.00136838550679], [0.000742572767194, -0.00113111012615, 0.000156842987053, -0.00156559236348, 0.000729824998416, -0.00151043431833, -0.000899528095033, 0.002122214064, -0.00137876986992, -0.00392691185698, 0.0186962671578, -0.00538927549496, 2.7784237318e-005], [-0.00114744435996, 0.00109389633872, -0.0010374118574, -0.00218714005314, -0.00108072417788, 0.000469163671369, 8.92567259143e-005, 0.000957435404416, 0.00164266815409, -0.000912255258299, -0.00538927549496, 0.0190651025623, -0.00533086713403], [0.000382805010304, -0.000832515419461, -0.000151556640049, -0.0002901853004, -0.000249897275353, -0.00112577807158, 0.00225097220391, -0.00242193369195, 0.002395021962, 0.00136838550679, 2.7784237318e-005, -0.00533086713403, 0.0200057271868]]
    },
    "spectral_contrast_coeffs": {
        "mean": [-0.601110339165, -0.723170101643, -0.77424043417, -0.814508259296, -0.799261987209, -0.83012008667],
        "var": [0.00536001520231, 0.00482263276353, 0.00317337131128, 0.00315372995101, 0.0019676242955, 0.00178575224709]
    },
    "spectral_contrast_valleys": {
        "mean": [-6.33381271362, -6.7960062027, -7.95377969742, -8.9858007431, -9.96065044403, -12.5224399567],
        "var": [1.06936955452, 1.09423458576, 1.13810920715, 1.19956791401, 1.52630460262, 2.07315683365]
    }
},
"metadata": {
    "audio_properties": {
        "analysis_sample_rate": 44100,
        "bit_rate": 111591,
        "equal_loudness": 0,
        "length": 45.0873451233,
        "lossless": 0,
        "replay_gain": -9.10094261169,
        "sample_rate": 44100,
        "codec": "mp3",
        "downmix": "mix",
        "md5_encoded": "d5fb1fdafe6601f99fb789cc6c5de4df"
    },
    "tags": {
        "file_name": "908.mp3"
    },
    "version": {
        "essentia": "2.1-beta2",
        "essentia_git_sha": "v2.1_beta2",
        "extractor": "music 1.0"
    }
},
"rhythm": {
    "beats_count": 87,
    "beats_loudness": {
        "mean": 0.0763118490577,
        "var": 0.000537485291716
    },
    "bpm": 116.367744446,
    "bpm_histogram_first_peak_bpm": {
        "mean": 117,
        "var": 0
    },
    "bpm_histogram_first_peak_spread": {
        "mean": 0.440476149321,
        "var": 0
    },
    "bpm_histogram_first_peak_weight": {
        "mean": 0.546511650085,
        "var": 0
    },
    "bpm_histogram_second_peak_bpm": {
        "mean": 123,
        "var": 0
    },
    "bpm_histogram_second_peak_spread": {
        "mean": 0,
        "var": 0
    },
    "bpm_histogram_second_peak_weight": {
        "mean": 0.0232558138669,
        "var": 0
    },
    "danceability": 1.48877596855,
    "onset_rate": 6.18559980392,
    "beats_loudness_band_ratio": {
        "mean": [0.740340292454, 0.235781177878, 0.0526141673326, 0.0151844844222, 0.00392099376768, 0.00165452458896],
        "var": [0.0329394713044, 0.0353428833187, 0.0041440227069, 0.00057429302251, 0.000213713647099, 7.33562092137e-006]
    },
    "beats_position": [0.476009070873, 0.96362811327, 1.45124709606, 1.95047616959, 2.47292518616, 2.99537420273, 3.50621318817, 4.01705217361, 4.53950119019, 5.06195020676, 5.5727891922, 6.08362817764, 6.60607719421, 7.12852573395, 7.65097475052, 8.17342376709, 8.68426322937, 9.19510173798, 9.70594120026, 10.2167797089, 10.7276191711, 11.2384576797, 11.7609071732, 12.2833557129, 12.7941951752, 13.3050336838, 13.8158731461, 14.3267116547, 14.8375511169, 15.3599996567, 15.8824491501, 16.3932876587, 16.9157371521, 17.4381847382, 17.9490242004, 18.4598636627, 18.970703125, 19.4815406799, 19.9923801422, 20.5032196045, 21.0140590668, 21.5248966217, 22.0473461151, 22.5697956085, 23.0806350708, 23.6030826569, 24.1255321503, 24.6363716125, 25.158821106, 25.681268692, 26.1921081543, 26.7145576477, 27.2370071411, 27.747844696, 28.2586841583, 28.7695236206, 29.2803630829, 29.8028106689, 30.3136501312, 30.8244895935, 31.3469390869, 31.8577766418, 32.3802261353, 32.9026756287, 33.4135131836, 33.9243545532, 34.4351921082, 34.9460296631, 35.4568710327, 35.9677085876, 36.4901580811, 37.0126075745, 37.5234451294, 38.0458946228, 38.5683441162, 39.0791816711, 39.6016311646, 40.124080658, 40.6349182129, 41.1457595825, 41.6682090759, 42.1906585693, 42.7014961243, 43.2123336792, 43.7347831726, 44.257232666, 44.7680702209]
},
"tonal": {
    "chords_changes_rate": 0.117283947766,
    "chords_number_rate": 0.0113168722019,
    "chords_strength": {
        "mean": 0.422772526741,
        "var": 0.00824171490967
    },
    "hpcp_entropy": {
        "mean": 2.06760406494,
        "var": 0.35957723856
    },
    "key_strength": 0.623078048229,
    "tuning_diatonic_strength": 0.488098621368,
    "tuning_equal_tempered_deviation": 0.255050301552,
    "tuning_frequency": 437.213165283,
    "tuning_nontempered_energy_ratio": 0.922071576118,
    "hpcp": {
        "mean": [0.261504203081, 0.171145781875, 0.108216121793, 0.072663910687, 0.0520473457873, 0.0492848530412, 0.0498287454247, 0.0416109599173, 0.0310696158558, 0.0257744453847, 0.0364055782557, 0.0657946020365, 0.0796256065369, 0.0674548000097, 0.0680900141597, 0.100359357893, 0.15169505775, 0.198631778359, 0.209869459271, 0.19852630794, 0.223599761724, 0.235641434789, 0.161837175488, 0.0832778289914, 0.0488691441715, 0.0279028192163, 0.0216980148107, 0.0387502908707, 0.0515234954655, 0.0482885465026, 0.0499894954264, 0.0608625710011, 0.0878520309925, 0.114761143923, 0.153922170401, 0.246911183],
        "var": [0.125857770443, 0.0755939036608, 0.0514038614929, 0.0320702120662, 0.0254139304161, 0.0218554511666, 0.0212481915951, 0.0139901740476, 0.0120702777058, 0.00994875933975, 0.0156914517283, 0.0253909230232, 0.0291343517601, 0.0228464044631, 0.0285074785352, 0.0503268912435, 0.0843786671758, 0.103685930371, 0.110739201307, 0.0940410494804, 0.0999887734652, 0.113776423037, 0.0743134021759, 0.0351742692292, 0.0212857574224, 0.010901870206, 0.00554297119379, 0.0134573401883, 0.0207798015326, 0.0160585232079, 0.0259407218546, 0.0311237443238, 0.0471674017608, 0.0571453049779, 0.0603062696755, 0.11902974546]
    },
    "chords_histogram": [42.6954727173, 26.0288066864, 0, 2.05761313438, 0.411522626877, 0, 0, 0, 0, 0, 4.11522626877, 2.67489719391, 0, 0, 0, 2.88065838814, 0, 3.49794244766, 0, 0.411522626877, 1.33744859695, 1.85185182095, 7.09876537323, 4.93827152252],
    "thpcp": [1, 0.654466629028, 0.413821727037, 0.27786898613, 0.19903062284, 0.188466772437, 0.190546631813, 0.159121572971, 0.118811152875, 0.0985622629523, 0.139216035604, 0.251600563526, 0.304490745068, 0.257949203253, 0.260378271341, 0.383777230978, 0.58008646965, 0.759573936462, 0.802547156811, 0.759170591831, 0.855052292347, 0.901099979877, 0.618870258331, 0.318456947803, 0.186877086759, 0.106701225042, 0.0829738676548, 0.148182287812, 0.197027415037, 0.184656858444, 0.191161349416, 0.232740312815, 0.335948824883, 0.438850104809, 0.588603019714, 0.944195866585],
    "chords_key": "A",
    "chords_scale": "major",
    "key_key": "A",
    "key_scale": "major"
}
}