{
"lowlevel": {
    "average_loudness": 0.933656275272,
    "barkbands_crest": {
        "mean": 12.7671766281,
        "var": 35.9302787781
    },
    "barkbands_flatness_db": {
        "mean": 0.146886080503,
        "var": 0.00603688042611
    },
    "barkbands_kurtosis": {
        "mean": 9.15016651154,
        "var": 502.952392578
    },
    "barkbands_skewness": {
        "mean": 1.89310848713,
        "var": 4.6916513443
    },
    "barkbands_spread": {
        "mean": 30.760269165,
        "var": 547.206604004
    },
    "dissonance": {
        "mean": 0.470578044653,
        "var": 0.00117437401786
    },
    "dynamic_complexity": 3.35389232635,
    "erbbands_crest": {
        "mean": 8.54292297363,
        "var": 22.5388050079
    },
    "erbbands_flatness_db": {
        "mean": 0.130498573184,
        "var": 0.00391261046752
    },
    "erbbands_kurtosis": {
        "mean": 0.754950642586,
        "var": 5.59752368927
    },
    "erbbands_skewness": {
        "mean": 0.0727538913488,
        "var": 0.8914077878
    },
    "erbbands_spread": {
        "mean": 48.2934875488,
        "var": 649.217773438
    },
    "hfc": {
        "mean": 27.7712860107,
        "var": 809.03918457
    },
    "melbands_crest": {
        "mean": 17.3753376007,
        "var": 54.2434654236
    },
    "melbands_flatness_db": {
        "mean": 0.216990932822,
        "var": 0.0116249211133
    },
    "melbands_kurtosis": {
        "mean": 30.365852356,
        "var": 2849.96386719
    },
    "melbands_skewness": {
        "mean": 3.68747782707,
        "var": 8.75402164459
    },
    "melbands_spread": {
        "mean": 29.1383018494,
        "var": 1140.57873535
    },
    "pitch_salience": {
        "mean": 0.469670385122,
        "var": 0.0357087776065
    },
    "silence_rate_20dB": {
        "mean": 1,
        "var": 0
    },
    "silence_rate_30dB": {
        "mean": 0.989706635475,
        "var": 0.0101878950372
    },
    "silence_rate_60dB": {
        "mean": 0.112712301314,
        "var": 0.100008748472
    },
    "spectral_centroid": {
        "mean": 1771.26831055,
        "var": 1088082.25
    },
    "spectral_complexity": {
        "mean": 16.1080799103,
        "var": 133.189453125
    },
    "spectral_decrease": {
        "mean": -7.74553310379e-009,
        "var": 4.58891745878e-017
    },
    "spectral_energy": {
        "mean": 0.0317523665726,
        "var": 0.000700750912074
    },
    "spectral_energyband_high": {
        "mean": 0.00182501878589,
        "var": 6.01466990702e-006
    },
    "spectral_energyband_low": {
        "mean": 0.0184954274446,
        "var": 0.000385334336897
    },
    "spectral_energyband_middle_high": {
        "mean": 0.00360328797251,
        "var": 1.9212035113e-005
    },
    "spectral_energyband_middle_low": {
        "mean": 0.0088002961129,
        "var": 0.000195815431653
    },
    "spectral_entropy": {
        "mean": 7.75295448303,
        "var": 0.345149427652
    },
    "spectral_flux": {
        "mean": 0.101694494486,
        "var": 0.00340483500622
    },
    "spectral_kurtosis": {
        "mean": 5.05307340622,
        "var": 64.5827941895
    },
    "spectral_rms": {
        "mean": 0.00497287139297,
        "var": 6.24841914032e-006
    },
    "spectral_rolloff": {
        "mean": 2811.9362793,
        "var": 15778212
    },
    "spectral_skewness": {
        "mean": 1.5567599535,
        "var": 0.539855360985
    },
    "spectral_spread": {
        "mean": 6058790.5,
        "var": 8.35590186598e+012
    },
    "spectral_strongpeak": {
        "mean": 0.587911188602,
        "var": 0.532487392426
    },
    "zerocrossingrate": {
        "mean": 0.100986264646,
        "var": 0.00820185150951
    },
    "barkbands": {
        "mean": [0.000311068230076, 0.0140411164612, 0.00340973609127, 0.00147757981904, 0.00241299951449, 0.00156564416829, 0.000947853957769, 0.000427971128374, 0.0015355622163, 0.00121569551993, 0.000356755539542, 0.000260320986854, 0.000261614361079, 0.000202119888854, 0.000122894445667, 0.000226249336265, 0.000319261453114, 0.000478279805975, 0.000286954222247, 0.000190366525203, 0.000235657338635, 0.000301590218442, 0.000186864650459, 0.000171138599399, 0.000251810619375, 0.000432329514297, 0.000122930723592],
        "var": [4.45535135896e-007, 0.000278487656033, 4.35660040239e-005, 1.76772809937e-005, 2.72200559266e-005, 1.12567640826e-005, 2.35535594584e-006, 6.87723854753e-007, 7.01743874743e-006, 6.20152604824e-006, 7.83514735758e-007, 3.23668388091e-007, 2.32165220382e-007, 1.1198127936e-007, 5.88136757074e-008, 1.52569811007e-007, 4.18690063952e-007, 6.01784222454e-007, 1.80666603455e-007, 6.07444974321e-008, 1.04238552012e-007, 1.72352102368e-007, 6.48055973329e-008, 6.41558841608e-008, 1.61649978736e-007, 6.69467112857e-007, 7.29786862053e-008]
    },
    "erbbands": {
        "mean": [0.339184701443, 3.29705476761, 5.07904911041, 4.28442144394, 7.3616604805, 6.90974807739, 10.1840610504, 12.9380970001, 15.9440660477, 9.39632415771, 12.2596111298, 34.7181396484, 41.8320541382, 26.839427948, 15.1852054596, 11.3591413498, 12.516494751, 10.813993454, 7.77398872375, 8.26798534393, 13.7016468048, 17.7357292175, 27.8829555511, 16.8251953125, 13.0263881683, 9.31499862671, 9.26114559174, 9.75063705444, 10.5616893768, 9.31568145752, 4.47958230972, 3.5047044754, 3.23566317558, 2.47754025459, 1.92000997066, 1.51087486744, 0.772108912468, 0.327385872602, 0.0120712229982, 0.000254136073636],
        "var": [0.237135469913, 15.712469101, 66.220489502, 91.2968673706, 421.603729248, 199.851577759, 482.193450928, 786.758789063, 720.649353027, 205.46395874, 523.819396973, 3295.22436523, 4799.55908203, 4260.08935547, 1372.35705566, 576.523925781, 490.949768066, 336.586273193, 187.335403442, 267.142913818, 485.38949585, 913.85357666, 2125.42089844, 867.432983398, 325.319854736, 136.70942688, 223.641281128, 159.585067749, 213.530960083, 173.51675415, 38.5451431274, 25.1532821655, 25.9558792114, 16.3767414093, 9.89608192444, 8.01417636871, 2.25642180443, 0.424690932035, 0.000704476551618, 2.04308676643e-007]
    },
    "gfcc": {
        "mean": [-15.5026216507, 54.2502937317, -86.4708099365, 28.5127983093, -51.4459266663, 10.7235774994, -26.0917243958, 19.4069290161, -20.5484027863, 6.41804647446, -18.5981178284, 11.6888360977, -14.1941833496],
        "cov": [[15990.2021484, -1056.30749512, 815.069030762, -128.308502197, -625.615783691, 200.241729736, -52.4933853149, -38.6886711121, -496.435943604, 9.25348186493, -602.985656738, 101.131462097, -335.281341553], [-1056.30749512, 3935.81689453, -431.809570313, 38.6414070129, 419.381988525, -57.8209152222, 325.512054443, 70.0331268311, 325.241882324, -421.566040039, 177.712295532, -195.113204956, 222.837020874], [815.069030762, -431.809570313, 1778.05334473, -8.56751537323, -68.5877227783, 341.168304443, 250.40145874, 104.565368652, 26.1582164764, 209.655548096, -75.7987594604, 97.4984893799, -109.714561462], [-128.308502197, 38.6414070129, -8.56751537323, 538.515930176, 159.46661377, 76.9949951172, 43.0693435669, 23.6443214417, 90.8292694092, 46.1045227051, 21.1945075989, -21.0054454803, -4.28094053268], [-625.615783691, 419.381988525, -68.5877227783, 159.46661377, 401.982879639, 57.0498733521, 131.065963745, 102.114448547, 122.898841858, -8.94903182983, 78.8279953003, -1.2800154686, 38.6602134705], [200.241729736, -57.8209152222, 341.168304443, 76.9949951172, 57.0498733521, 342.508758545, 153.400726318, 54.4142837524, 27.2601604462, 92.8661575317, 9.27494716644, 50.9819030762, -15.0112266541], [-52.4933853149, 325.512054443, 250.40145874, 43.0693435669, 131.065963745, 153.400726318, 370.105712891, 141.819366455, 134.46055603, 26.3731536865, 66.5573272705, 32.4760055542, 53.464630127], [-38.6886711121, 70.0331268311, 104.565368652, 23.6443214417, 102.114448547, 54.4142837524, 141.819366455, 186.388534546, 91.5359954834, 17.254529953, 11.7782278061, 31.0833358765, 22.3420848846], [-496.435943604, 325.241882324, 26.1582164764, 90.8292694092, 122.898841858, 27.2601604462, 134.46055603, 91.5359954834, 199.837936401, 35.0632972717, 68.6252441406, 0.0977524220943, 42.7516326904], [9.25348186493, -421.566040039, 209.655548096, 46.1045227051, -8.94903182983, 92.8661575317, 26.3731536865, 17.254529953, 35.0632972717, 187.123718262, 37.3650512695, 49.412979126, -29.2512397766], [-602.985656738, 177.712295532, -75.7987594604, 21.1945075989, 78.8279953003, 9.27494716644, 66.5573272705, 11.7782278061, 68.6252441406, 37.3650512695, 145.414733887, 26.971036911, 34.9201507568], [101.131462097, -195.113204956, 97.4984893799, -21.0054454803, -1.2800154686, 50.9819030762, 32.4760055542, 31.0833358765, 0.0977524220943, 49.412979126, 26.971036911, 127.951858521, 24.2474594116], [-335.281341553, 222.837020874, -109.714561462, -4.28094053268, 38.6602134705, -15.0112266541, 53.464630127, 22.3420848846, 42.7516326904, -29.2512397766, 34.9201507568, 24.2474594116, 108.21043396]],
        "icov": [[8.66366171977e-005, -3.62709324691e-005, 2.06269087357e-005, -3.44975596818e-005, 8.66097470862e-005, 2.42300775426e-005, -0.000136414819281, -2.26300253416e-005, 0.000177709938725, -0.000103318343463, 0.000356838834705, -0.000194277396076, 0.000237409345573], [-3.62709324691e-005, 0.000604458677117, -8.73377066455e-005, 0.00013280492567, -0.000262087385636, -0.000283622037387, -3.27874950017e-005, 0.000373331888113, -0.000971715489868, 0.00158437131904, -0.000758755428251, 0.000720074691344, -0.000551337841898], [2.06269087357e-005, -8.73377066455e-005, 0.00095244217664, 9.04914340936e-005, 0.000211897873669, -0.000367080094293, -0.00072304031346, 1.81835403055e-005, 2.4058697818e-005, -0.000886197027285, 0.000999196665362, -0.000590961426497, 0.00100079854019], [-3.44975596818e-005, 0.00013280492567, 9.04914340936e-005, 0.00240371259861, -0.000973842688836, -0.000559397391044, 0.000231961006648, 0.000625391956419, -0.00125558313448, -0.000229992787354, 0.000336709519615, 0.000570828909986, 3.03773867927e-005], [8.66097470862e-005, -0.000262087385636, 0.000211897873669, -0.000973842688836, 0.00415886007249, -0.000430936808698, -0.00019173763576, -0.00174115004484, -0.000310196744977, 0.000403028505389, -0.00112476362847, -0.000120297569083, 0.000514422077686], [2.42300775426e-005, -0.000283622037387, -0.000367080094293, -0.000559397391044, -0.000430936808698, 0.0050100130029, -0.00202891533263, 0.00021109674708, 0.00156267045531, -0.00240058614872, 0.00109755317681, -0.00124462880194, 0.000731052889023], [-0.000136414819281, -3.27874950017e-005, -0.00072304031346, 0.000231961006648, -0.00019173763576, -0.00202891533263, 0.00640783691779, -0.00277432613075, -0.00182676827535, 0.00128273980226, -0.00252413121052, 0.000959152006544, -0.00221709976904], [-2.26300253416e-005, 0.000373331888113, 1.81835403055e-005, 0.000625391956419, -0.00174115004484, 0.00021109674708, -0.00277432613075, 0.0100437030196, -0.00377300893888, 0.000755037472118, 0.00261605670676, -0.00209081103094, 0.000471651554108], [0.000177709938725, -0.000971715489868, 2.4058697818e-005, -0.00125558313448, -0.000310196744977, 0.00156267045531, -0.00182676827535, -0.00377300893888, 0.0119991051033, -0.00468071596697, -0.00101130316034, 0.00118660798762, -0.00140984263271], [-0.000103318343463, 0.00158437131904, -0.000886197027285, -0.000229992787354, 0.000403028505389, -0.00240058614872, 0.00128273980226, 0.000755037472118, -0.00468071596697, 0.0131966397166, -0.00488812103868, -0.000741550989915, 0.00140303594526], [0.000356838834705, -0.000758755428251, 0.000999196665362, 0.000336709519615, -0.00112476362847, 0.00109755317681, -0.00252413121052, 0.00261605670676, -0.00101130316034, -0.00488812103868, 0.0135318124667, -0.00364412739873, 0.000483595125843], [-0.000194277396076, 0.000720074691344, -0.000590961426497, 0.000570828909986, -0.000120297569083, -0.00124462880194, 0.000959152006544, -0.00209081103094, 0.00118660798762, -0.000741550989915, -0.00364412739873, 0.0123909125105, -0.00510307494551], [0.000237409345573, -0.000551337841898, 0.00100079854019, 3.03773867927e-005, 0.000514422077686, 0.000731052889023, -0.00221709976904, 0.000471651554108, -0.00140984263271, 0.00140303594526, 0.000483595125843, -0.00510307494551, 0.0149674816057]]
    },
    "melbands": {
        "mean": [0.00355992699042, 0.00341260479763, 0.000848953204695, 0.000538722786587, 0.000334621639922, 0.000295501173241, 0.000233751314227, 9.40595855354e-005, 0.000106365368993, 0.000235354644246, 0.000211390142795, 0.000114641828986, 4.93876868859e-005, 3.30418843077e-005, 2.83293284156e-005, 2.48284432018e-005, 1.97289973585e-005, 1.29934651341e-005, 9.02332612895e-006, 1.36399139592e-005, 1.65429919434e-005, 1.55928173626e-005, 2.8771100915e-005, 2.01448765438e-005, 1.31068391056e-005, 9.58607597568e-006, 6.96284860169e-006, 6.37427001493e-006, 5.84381587032e-006, 5.60629086976e-006, 5.59533009437e-006, 5.39326129001e-006, 6.70125882607e-006, 4.42989085059e-006, 2.23930828724e-006, 2.76901459983e-006, 1.86027568816e-006, 2.30795126299e-006, 1.86761610621e-006, 2.19643538912e-006],
        "var": [2.00251724891e-005, 1.84392956726e-005, 3.82463849746e-006, 1.61821935762e-006, 4.87668330607e-007, 3.96584084683e-007, 1.48054738247e-007, 2.12787050202e-008, 4.25457571396e-008, 1.56932344453e-007, 1.27265423089e-007, 8.8055287506e-008, 1.60147255457e-008, 5.326366459e-009, 2.82597278911e-009, 2.04763583866e-009, 1.17217902051e-009, 5.34056299184e-010, 3.37286060192e-010, 7.08649916525e-010, 7.54317608376e-010, 7.04050595601e-010, 3.26499338676e-009, 1.075966094e-009, 6.33410823792e-010, 2.05432240663e-010, 9.51788023396e-011, 7.43971134698e-011, 1.04409390855e-010, 6.98945762379e-011, 6.19040513294e-011, 5.90304055637e-011, 9.72267197308e-011, 4.11703726666e-011, 9.98884829018e-012, 1.90950397855e-011, 7.28156944463e-012, 1.33583838435e-011, 9.04116018163e-012, 1.43092759863e-011]
    },
    "mfcc": {
        "mean": [-670.962036133, 98.5298690796, 16.6773395538, 26.3038692474, 1.92544555664, 2.04106283188, 2.5619289875, 13.2506160736, 5.71898365021, -0.493841797113, 8.10465335846, 2.10970020294, -1.66986823082],
        "cov": [[12163.8007813, -165.018569946, 257.04385376, 40.8986091614, -445.760162354, 114.613777161, -30.9013023376, -12.8383626938, -33.1175689697, -126.960700989, -207.650939941, -253.782028198, -184.042022705], [-165.018569946, 2946.24438477, -38.3422927856, 83.1532211304, 100.625511169, -47.0841140747, 88.7883529663, 355.618530273, 164.771636963, 12.9128065109, 36.6865844727, 21.1303291321, -44.7912750244], [257.04385376, -38.3422927856, 1347.28222656, -22.8329734802, -61.1988105774, 246.738555908, 145.618927002, 59.6144943237, 119.530899048, 84.7477722168, 64.9851837158, 57.5367622375, 120.958343506], [40.8986091614, 83.1532211304, -22.8329734802, 405.642333984, 132.619888306, 46.8553085327, 7.92920351028, 69.6528625488, 63.654460907, 48.9467315674, 57.4654045105, 53.2133712769, -10.8948392868], [-445.760162354, 100.625511169, -61.1988105774, 132.619888306, 281.975311279, 54.6992301941, 23.4075336456, 41.0994148254, 32.5640907288, 31.97996521, 48.9351882935, 36.0106468201, -1.42278110981], [114.613777161, -47.0841140747, 246.738555908, 46.8553085327, 54.6992301941, 287.503387451, 106.701637268, 58.6917953491, 46.5973739624, 51.581741333, 51.0924758911, 61.4659042358, 65.7437667847], [-30.9013023376, 88.7883529663, 145.618927002, 7.92920351028, 23.4075336456, 106.701637268, 207.199081421, 107.106933594, 68.3028640747, 51.5796585083, 46.8892974854, 37.8733634949, 43.4054107666], [-12.8383626938, 355.618530273, 59.6144943237, 69.6528625488, 41.0994148254, 58.6917953491, 107.106933594, 237.254119873, 125.564056396, 50.0727729797, 63.7521247864, 27.8381824493, 7.33908700943], [-33.1175689697, 164.771636963, 119.530899048, 63.654460907, 32.5640907288, 46.5973739624, 68.3028640747, 125.564056396, 175.609573364, 72.8700561523, 42.6298065186, 42.8988800049, 12.2879571915], [-126.960700989, 12.9128065109, 84.7477722168, 48.9467315674, 31.97996521, 51.581741333, 51.5796585083, 50.0727729797, 72.8700561523, 123.979759216, 77.0965805054, 37.6351203918, 24.4256286621], [-207.650939941, 36.6865844727, 64.9851837158, 57.4654045105, 48.9351882935, 51.0924758911, 46.8892974854, 63.7521247864, 42.6298065186, 77.0965805054, 137.128509521, 64.7746429443, 30.3944911957], [-253.782028198, 21.1303291321, 57.5367622375, 53.2133712769, 36.0106468201, 61.4659042358, 37.8733634949, 27.8381824493, 42.8988800049, 37.6351203918, 64.7746429443, 117.617362976, 53.3391189575], [-184.042022705, -44.7912750244, 120.958343506, -10.8948392868, -1.42278110981, 65.7437667847, 43.4054107666, 7.33908700943, 12.2879571915, 24.4256286621, 30.3944911957, 53.3391189575, 96.1348800659]],
        "icov": [[9.81421471806e-005, 1.29244085656e-006, -1.17160116133e-005, -8.04653318482e-005, 0.000188225836609, -0.000137800481752, -8.1287453213e-006, 5.56984377909e-006, -3.10409232043e-005, 6.60589357722e-005, 2.76499813481e-005, 0.00016112375306, 0.000183421827387], [1.29244085656e-006, 0.000438598304754, -2.87302154902e-005, 5.25655050296e-005, -0.000134855028591, 0.00019701369456, 8.46123220981e-005, -0.000822407717351, 8.4581777628e-005, 5.55660881219e-005, 0.000215009858948, -0.000223064664169, 0.00016764231259], [-1.17160116133e-005, -2.87302154902e-005, 0.0010377143044, 2.58526215475e-005, 0.000367408501916, -0.000711998669431, -0.000217570894165, 0.000486043543788, -0.000868395902216, 0.000133662775625, -0.000411576504121, 0.000585092871916, -0.000902538769878], [-8.04653318482e-005, 5.25655050296e-005, 2.58526215475e-005, 0.00337167666294, -0.00135186070111, -0.00016450783005, 0.000717402435839, -0.000733862514608, -0.000207618519198, -0.000637646822724, -4.66131823487e-005, -0.00145059113856, 0.00105276179966], [0.000188225836609, -0.000134855028591, 0.000367408501916, -0.00135186070111, 0.00496886810288, -0.0011759120971, -0.000204478434171, 0.000424509489676, -0.00039254836156, 0.000276788428891, -0.00105041731149, 0.000175644134288, 0.000834153557662], [-0.000137800481752, 0.00019701369456, -0.000711998669431, -0.00016450783005, -0.0011759120971, 0.00580999813974, -0.00162528990768, -0.000814561441075, 0.000904764398001, -0.000833936210256, 0.000605899840593, -0.00146277679596, -0.00177321152296], [-8.1287453213e-006, 8.46123220981e-005, -0.000217570894165, 0.000717402435839, -0.000204478434171, -0.00162528990768, 0.0080599617213, -0.00332093052566, 0.000184086107765, -0.00144129793625, 0.000479404989164, -0.000326104200212, -0.00152618205175], [5.56984377909e-006, -0.000822407717351, 0.000486043543788, -0.000733862514608, 0.000424509489676, -0.000814561441075, -0.00332093052566, 0.0108257662505, -0.00646973168477, 0.00299451267347, -0.00449932832271, 0.00291889323853, 3.82173129765e-005], [-3.10409232043e-005, 8.4581777628e-005, -0.000868395902216, -0.000207618519198, -0.00039254836156, 0.000904764398001, 0.000184086107765, -0.00646973168477, 0.0133413719013, -0.0067820912227, 0.00455020926893, -0.00451692193747, 0.00192073779181], [6.60589357722e-005, 5.55660881219e-005, 0.000133662775625, -0.000637646822724, 0.000276788428891, -0.000833936210256, -0.00144129793625, 0.00299451267347, -0.0067820912227, 0.0168040227145, -0.00888553354889, 0.00308577204123, -0.00139696442056], [2.76499813481e-005, 0.000215009858948, -0.000411576504121, -4.66131823487e-005, -0.00105041731149, 0.000605899840593, 0.000479404989164, -0.00449932832271, 0.00455020926893, -0.00888553354889, 0.0162696484476, -0.00696084136143, 0.000757041096222], [0.00016112375306, -0.000223064664169, 0.000585092871916, -0.00145059113856, 0.000175644134288, -0.00146277679596, -0.000326104200212, 0.00291889323853, -0.00451692193747, 0.00308577204123, -0.00696084136143, 0.0171958878636, -0.00731548247859], [0.000183421827387, 0.00016764231259, -0.000902538769878, 0.00105276179966, 0.000834153557662, -0.00177321152296, -0.00152618205175, 3.82173129765e-005, 0.00192073779181, -0.00139696442056, 0.000757041096222, -0.00731548247859, 0.0179263278842]]
    },
    "spectral_contrast_coeffs": {
        "mean": [-0.657199025154, -0.773316919804, -0.769322752953, -0.82075548172, -0.776349127293, -0.74135196209],
        "var": [0.00902564171702, 0.00492022978142, 0.00699348794296, 0.00229089800268, 0.00288017350249, 0.00310364412144]
    },
    "spectral_contrast_valleys": {
        "mean": [-7.69692516327, -7.05306959152, -7.61805868149, -8.11806678772, -7.90253829956, -10.3145303726],
        "var": [2.69300913811, 2.1348593235, 2.07820105553, 1.86887943745, 2.10112833977, 2.62921905518]
    }
},
"metadata": {
    "audio_properties": {
        "analysis_sample_rate": 44100,
        "bit_rate": 114810,
        "equal_loudness": 0,
        "length": 45.0873451233,
        "lossless": 0,
        "replay_gain": -12.722070694,
        "sample_rate": 44100,
        "codec": "mp3",
        "downmix": "mix",
        "md5_encoded": "9f42ee919fd2ca888d2fe44db22515a0"
    },
    "tags": {
        "file_name": "910.mp3"
    },
    "version": {
        "essentia": "2.1-beta2",
        "essentia_git_sha": "v2.1_beta2",
        "extractor": "music 1.0"
    }
},
"rhythm": {
    "beats_count": 107,
    "beats_loudness": {
        "mean": 0.050375174731,
        "var": 0.000917284400202
    },
    "bpm": 144.725082397,
    "bpm_histogram_first_peak_bpm": {
        "mean": 144,
        "var": 0
    },
    "bpm_histogram_first_peak_spread": {
        "mean": 0.326315760612,
        "var": 0
    },
    "bpm_histogram_first_peak_weight": {
        "mean": 0.603773593903,
        "var": 0
    },
    "bpm_histogram_second_peak_bpm": {
        "mean": 129,
        "var": 0
    },
    "bpm_histogram_second_peak_spread": {
        "mean": 0.5,
        "var": 0
    },
    "bpm_histogram_second_peak_weight": {
        "mean": 0.0283018872142,
        "var": 0
    },
    "danceability": 1.1308580637,
    "onset_rate": 5.23226356506,
    "beats_loudness_band_ratio": {
        "mean": [0.554886162281, 0.0991542488337, 0.113357879221, 0.0488034635782, 0.0482795573771, 0.175163969398],
        "var": [0.0989391133189, 0.0103499051183, 0.0170051660389, 0.00338813709095, 0.00313266925514, 0.090119689703]
    },
    "beats_position": [0.417959183455, 0.847528338432, 1.31192743778, 1.77632653713, 2.2523355484, 2.69351458549, 3.11147379875, 3.52943301201, 3.93578219414, 4.34213161469, 4.76009082794, 5.17804956436, 5.59600877762, 6.00235795975, 6.40870714188, 6.82666635513, 7.24462556839, 7.66258478165, 8.06893444061, 8.47528362274, 8.893242836, 9.31120204926, 9.72916126251, 10.1471195221, 10.5534696579, 10.9714279175, 11.3777770996, 11.7957363129, 12.2136955261, 12.6316547394, 13.0380039215, 13.4443531036, 13.8623123169, 14.2802715302, 14.6866207123, 15.0929698944, 15.5109291077, 15.9288883209, 16.3468475342, 16.7648067474, 17.1827659607, 17.600725174, 17.995464325, 18.4134235382, 18.8313827515, 19.2493419647, 19.6556911469, 20.0736503601, 20.4799995422, 20.8979587555, 21.3159179688, 21.733877182, 22.1402263641, 22.5581855774, 22.9645347595, 23.3824939728, 23.800453186, 24.2184123993, 24.6247615814, 25.0311107635, 25.4490699768, 25.8670291901, 26.2849884033, 26.7029476166, 27.1092967987, 27.527256012, 27.9336051941, 28.3515644073, 28.7695236206, 29.1874828339, 29.5822219849, 30.0001811981, 30.4181404114, 30.8360996246, 31.2424488068, 31.6487979889, 32.0667572021, 32.4847145081, 32.9026756287, 33.3438529968, 33.8082542419, 34.2494316101, 34.7022209167, 35.1550102234, 35.5845794678, 36.0025405884, 36.4204978943, 36.8384590149, 37.244808197, 37.6627655029, 38.0807266235, 38.4986839294, 38.9050331116, 39.3113822937, 39.7293434143, 40.1473007202, 40.5536499023, 40.9716110229, 41.3779602051, 41.795917511, 42.2138786316, 42.6318359375, 43.0497932434, 43.4561424255, 43.8624954224, 44.2804527283, 44.6984100342]
},
"tonal": {
    "chords_changes_rate": 0.102880656719,
    "chords_number_rate": 0.0123456791043,
    "chords_strength": {
        "mean": 0.486808419228,
        "var": 0.0155683439225
    },
    "hpcp_entropy": {
        "mean": 2.36130285263,
        "var": 0.745779812336
    },
    "key_strength": 0.613554775715,
    "tuning_diatonic_strength": 0.527186155319,
    "tuning_equal_tempered_deviation": 0.209449827671,
    "tuning_frequency": 434.193115234,
    "tuning_nontempered_energy_ratio": 0.874111294746,
    "hpcp": {
        "mean": [0.164412111044, 0.171511217952, 0.145966529846, 0.10901670903, 0.0912223607302, 0.104084350169, 0.110627487302, 0.0944815799594, 0.111041478813, 0.155117511749, 0.170751839876, 0.153018906713, 0.137072578073, 0.134295836091, 0.146486774087, 0.182924330235, 0.183128148317, 0.148659944534, 0.125451222062, 0.101343348622, 0.0985919833183, 0.118618920445, 0.128230988979, 0.176507696509, 0.233970209956, 0.193448781967, 0.145138069987, 0.148323193192, 0.144793495536, 0.149490758777, 0.171089872718, 0.169667556882, 0.135660126805, 0.112374164164, 0.116398230195, 0.137148454785],
        "var": [0.0587976016104, 0.0652401074767, 0.0598712563515, 0.03903150931, 0.0312554761767, 0.0463540442288, 0.0497663132846, 0.0322051309049, 0.0377612933517, 0.0685206353664, 0.0761054083705, 0.0707800537348, 0.059637684375, 0.058898255229, 0.0547212772071, 0.0690361633897, 0.0682406574488, 0.0560224279761, 0.0538746006787, 0.0378245487809, 0.036817856133, 0.0475309900939, 0.0493361391127, 0.0608327426016, 0.103103101254, 0.066636480391, 0.0528651364148, 0.0581268072128, 0.057300735265, 0.0643640980124, 0.0695148780942, 0.0654854476452, 0.0484060607851, 0.0349892042577, 0.0390770584345, 0.0497496165335]
    },
    "chords_histogram": [5.24691343307, 0, 22.5308647156, 3.18930029869, 1.23456788063, 0, 6.58436203003, 0.514403283596, 0, 0, 0, 0, 0, 1.95473253727, 1.85185182095, 0.411522626877, 6.89300394058, 13.0658435822, 0, 1.64609050751, 0, 0.514403283596, 7.20164632797, 27.1604938507],
    "thpcp": [1, 0.826809465885, 0.620327115059, 0.633940517902, 0.618854403496, 0.638930737972, 0.7312464118, 0.72516733408, 0.579817950726, 0.480292618275, 0.497491657734, 0.58617913723, 0.702705323696, 0.733047246933, 0.623867988586, 0.465942680836, 0.38988879323, 0.44486156106, 0.472827225924, 0.403818845749, 0.474596649408, 0.662979781628, 0.729801654816, 0.654010236263, 0.585854828358, 0.573986887932, 0.62609153986, 0.781827449799, 0.782698571682, 0.63537979126, 0.536184608936, 0.433146387339, 0.421386897564, 0.506982982159, 0.548065423965, 0.754402458668],
    "chords_key": "D",
    "chords_scale": "minor",
    "key_key": "F",
    "key_scale": "major"
}
}