{
"lowlevel": {
    "average_loudness": 0.964047431946,
    "barkbands_crest": {
        "mean": 9.85830783844,
        "var": 13.7051410675
    },
    "barkbands_flatness_db": {
        "mean": 0.16047026217,
        "var": 0.00275377649814
    },
    "barkbands_kurtosis": {
        "mean": 3.79270577431,
        "var": 79.331993103
    },
    "barkbands_skewness": {
        "mean": 1.22996139526,
        "var": 1.85798346996
    },
    "barkbands_spread": {
        "mean": 19.7926177979,
        "var": 112.145019531
    },
    "dissonance": {
        "mean": 0.462128192186,
        "var": 0.00104707991704
    },
    "dynamic_complexity": 2.6559612751,
    "erbbands_crest": {
        "mean": 9.98937034607,
        "var": 27.3021659851
    },
    "erbbands_flatness_db": {
        "mean": 0.190118595958,
        "var": 0.00247755786404
    },
    "erbbands_kurtosis": {
        "mean": 1.08590292931,
        "var": 9.23298358917
    },
    "erbbands_skewness": {
        "mean": 0.181364417076,
        "var": 0.612564563751
    },
    "erbbands_spread": {
        "mean": 30.893913269,
        "var": 356.435241699
    },
    "hfc": {
        "mean": 19.4706420898,
        "var": 285.412750244
    },
    "melbands_crest": {
        "mean": 14.1116485596,
        "var": 31.2716693878
    },
    "melbands_flatness_db": {
        "mean": 0.223444551229,
        "var": 0.00453297188506
    },
    "melbands_kurtosis": {
        "mean": 11.3908367157,
        "var": 563.327758789
    },
    "melbands_skewness": {
        "mean": 2.17026424408,
        "var": 3.38075375557
    },
    "melbands_spread": {
        "mean": 24.3149490356,
        "var": 262.437408447
    },
    "pitch_salience": {
        "mean": 0.565561115742,
        "var": 0.0131608787924
    },
    "silence_rate_20dB": {
        "mean": 1,
        "var": 0
    },
    "silence_rate_30dB": {
        "mean": 0.996912002563,
        "var": 0.00307847303338
    },
    "silence_rate_60dB": {
        "mean": 0.0524961389601,
        "var": 0.0497395023704
    },
    "spectral_centroid": {
        "mean": 1291.87792969,
        "var": 385071.15625
    },
    "spectral_complexity": {
        "mean": 18.3952655792,
        "var": 94.2699279785
    },
    "spectral_decrease": {
        "mean": -7.4751520529e-009,
        "var": 3.15864409383e-017
    },
    "spectral_energy": {
        "mean": 0.0299789700657,
        "var": 0.000493441999424
    },
    "spectral_energyband_high": {
        "mean": 0.000334748445312,
        "var": 3.45408835756e-007
    },
    "spectral_energyband_low": {
        "mean": 0.0107638752088,
        "var": 0.000159278395586
    },
    "spectral_energyband_middle_high": {
        "mean": 0.00832501985133,
        "var": 0.000105272963992
    },
    "spectral_energyband_middle_low": {
        "mean": 0.0114434976131,
        "var": 0.000181533803698
    },
    "spectral_entropy": {
        "mean": 7.3838186264,
        "var": 0.143113955855
    },
    "spectral_flux": {
        "mean": 0.0967979282141,
        "var": 0.00267432699911
    },
    "spectral_kurtosis": {
        "mean": 6.08048629761,
        "var": 19.0098743439
    },
    "spectral_rms": {
        "mean": 0.00502012390643,
        "var": 4.04613729188e-006
    },
    "spectral_rolloff": {
        "mean": 1225.42932129,
        "var": 1067083.125
    },
    "spectral_skewness": {
        "mean": 1.62831091881,
        "var": 0.29168048501
    },
    "spectral_spread": {
        "mean": 3449114.25,
        "var": 2.31902622515e+012
    },
    "spectral_strongpeak": {
        "mean": 1.03676736355,
        "var": 2.5694861412
    },
    "zerocrossingrate": {
        "mean": 0.0483149662614,
        "var": 0.000762952608056
    },
    "barkbands": {
        "mean": [0.00104366533924, 0.00733632640913, 0.00158114254009, 0.00223274040036, 0.00362286507152, 0.00162374565843, 0.00087965792045, 0.000917797384318, 0.00199100584723, 0.000577201601118, 0.00213608611375, 0.000928555673454, 0.00174396426883, 0.0008655457641, 0.000585303816479, 0.000389057793655, 0.000435146183008, 0.000301456690067, 0.000295592559269, 0.000251178076724, 9.7764081147e-005, 5.45808143215e-005, 3.91609901271e-005, 2.81719985651e-005, 1.57421090989e-005, 5.08315133629e-006, 4.74246036219e-007],
        "var": [2.01941520572e-006, 8.74966717674e-005, 7.90617923485e-006, 2.11784590647e-005, 4.31612643297e-005, 5.03916999151e-006, 2.42525743488e-006, 2.16584226109e-006, 1.46690908878e-005, 1.33775404265e-006, 2.66003025899e-005, 5.9465924096e-006, 1.53470755322e-005, 4.05639866585e-006, 1.74140586751e-006, 5.2363100167e-007, 1.31292904371e-006, 3.34387436851e-007, 2.60032010146e-007, 1.46022060221e-007, 5.25739594082e-008, 1.99665599609e-008, 5.58839374776e-009, 6.49754072768e-009, 1.61074098504e-009, 2.99881092181e-010, 4.22118503346e-012]
    },
    "erbbands": {
        "mean": [0.311233788729, 1.21426939964, 2.00638818741, 4.68597555161, 12.1271543503, 10.4281616211, 11.4239797592, 13.5257768631, 12.1713848114, 15.6787977219, 24.4591751099, 47.6181526184, 25.1557388306, 37.4365653992, 80.7591018677, 46.4312553406, 80.6117706299, 45.2307815552, 40.3642807007, 26.2317810059, 21.9680480957, 24.2806816101, 17.0254497528, 16.6936855316, 14.4608469009, 10.878660202, 5.4816327095, 3.24392366409, 2.03843975067, 1.57446122169, 0.975911021233, 0.619714856148, 0.445661664009, 0.226129204035, 0.0859309509397, 0.0263726525009, 0.00841260422021, 0.00190608610865, 6.64467079332e-005, 3.64284860552e-005],
        "var": [0.171792507172, 3.01966977119, 9.693151474, 63.7954025269, 631.955749512, 285.890899658, 259.251251221, 354.850341797, 500.443786621, 897.768371582, 1189.0802002, 10145.5322266, 1814.07788086, 5136.56835938, 39169.203125, 10882.8847656, 32106.4394531, 10652.7890625, 7269.33496094, 2412.83251953, 1524.66809082, 4226.83154297, 930.829650879, 1189.92285156, 338.611480713, 248.847198486, 161.541992188, 68.4985198975, 32.7865982056, 9.11868572235, 3.30826854706, 2.09476590157, 2.29253911972, 0.365539640188, 0.0500812157989, 0.0070536872372, 0.00106280937325, 5.94202720094e-005, 4.24815347344e-008, 6.80048684032e-010]
    },
    "gfcc": {
        "mean": [-22.4332962036, 126.051399231, -134.831756592, 38.4218215942, -50.0581207275, 13.4526109695, -28.9511928558, 5.84582996368, -20.8822689056, -5.0865650177, -6.25691890717, -8.04829120636, -4.38439655304],
        "cov": [[5533.00976563, -505.212310791, -352.389831543, -119.175888062, -31.4907970428, 255.774978638, 6.30995178223, 139.865844727, -158.699615479, 202.632675171, -156.164230347, 155.095626831, -196.583648682], [-505.212310791, 1302.2980957, -154.995834351, -148.158737183, 183.511001587, -150.367797852, 153.389953613, -136.863204956, 172.185043335, -153.273132324, 204.678131104, -145.571411133, 150.660095215], [-352.389831543, -154.995834351, 1027.48339844, 165.352081299, 6.32026290894, 5.23657941818, -103.170379639, 139.573623657, 49.5379142761, 103.853874207, -54.6511459351, 104.717887878, -23.8782653809], [-119.175888062, -148.158737183, 165.352081299, 490.495239258, 82.4932403564, -51.9454116821, -14.1964950562, 41.4106407166, 79.7279205322, 6.28335285187, 8.26247692108, 18.9513034821, 34.8442153931], [-31.4907970428, 183.511001587, 6.32026290894, 82.4932403564, 386.392730713, 111.179344177, 127.554046631, -29.0762615204, 60.5574035645, 37.15026474, 48.9939002991, 33.1818199158, 5.26026725769], [255.774978638, -150.367797852, 5.23657941818, -51.9454116821, 111.179344177, 342.450469971, 111.073928833, -25.7170448303, -62.5098266602, 51.9005889893, 11.2108049393, -0.00650294590741, -23.1208724976], [6.30995178223, 153.389953613, -103.170379639, -14.1964950562, 127.554046631, 111.073928833, 257.105377197, -28.6253528595, -11.3654642105, 2.47404003143, 66.3347320557, -17.0107593536, -14.4392375946], [139.865844727, -136.863204956, 139.573623657, 41.4106407166, -29.0762615204, -25.7170448303, -28.6253528595, 175.715530396, 39.2377700806, 20.5898590088, -44.3497848511, 31.5368480682, -7.58330917358], [-158.699615479, 172.185043335, 49.5379142761, 79.7279205322, 60.5574035645, -62.5098266602, -11.3654642105, 39.2377700806, 180.102127075, -4.82658481598, 11.8183546066, 4.72869300842, 41.5506744385], [202.632675171, -153.273132324, 103.853874207, 6.28335285187, 37.15026474, 51.9005889893, 2.47404003143, 20.5898590088, -4.82658481598, 140.176727295, -2.10727524757, 51.0827865601, -26.4112262726], [-156.164230347, 204.678131104, -54.6511459351, 8.26247692108, 48.9939002991, 11.2108049393, 66.3347320557, -44.3497848511, 11.8183546066, -2.10727524757, 147.193328857, -11.8023109436, 17.1277160645], [155.095626831, -145.571411133, 104.717887878, 18.9513034821, 33.1818199158, -0.00650294590741, -17.0107593536, 31.5368480682, 4.72869300842, 51.0827865601, -11.8023109436, 118.373161316, -15.7565746307], [-196.583648682, 150.660095215, -23.8782653809, 34.8442153931, 5.26026725769, -23.1208724976, -14.4392375946, -7.58330917358, 41.5506744385, -26.4112262726, 17.1277160645, -15.7565746307, 106.105422974]],
        "icov": [[0.000273991405265, -0.00036516340333, 0.000299922656268, -0.00026721614995, 0.000247667339863, -0.000434688699897, 0.000223126175115, -0.000413192639826, 0.000315422978019, -0.00048321171198, 0.000491353101097, -0.000625235028565, 0.000659250072204], [-0.00036516340333, 0.00384583463892, -0.00118163356092, 0.00246895267628, -0.00211142119952, 0.00276455050334, -0.00176498736255, 0.00196479912847, -0.0025545777753, 0.00251260120422, -0.00343551742844, 0.00383473676629, -0.00385685102083], [0.000299922656268, -0.00118163356092, 0.00180881796405, -0.00114038190804, 0.000718741619494, -0.00120775040705, 0.00105664762668, -0.00146083487198, 0.000681828532834, -0.00149614491966, 0.00120981875807, -0.0019683688879, 0.00162861275021], [-0.00026721614995, 0.00246895267628, -0.00114038190804, 0.00402690609917, -0.00195896113291, 0.00220318324864, -0.00107741705142, 0.000994334113784, -0.00208513019606, 0.00169672106858, -0.0023394189775, 0.00258821318857, -0.00307730678469], [0.000247667339863, -0.00211142119952, 0.000718741619494, -0.00195896113291, 0.00524774566293, -0.00264456355944, -0.000590859854128, -0.000110382105049, -0.000374671566533, -0.00177969480865, 0.00172525364906, -0.00351674365811, 0.00224022194743], [-0.000434688699897, 0.00276455050334, -0.00120775040705, 0.00220318324864, -0.00264456355944, 0.00637059798464, -0.00268442323431, 0.00166391162202, -0.000282962166239, 0.000573057914153, -0.00205666106194, 0.00371514889412, -0.0033160331659], [0.000223126175115, -0.00176498736255, 0.00105664762668, -0.00107741705142, -0.000590859854128, -0.00268442323431, 0.00690230960026, -0.00158338027541, 0.00148274644744, -0.000743780634366, -0.000600753526669, -0.00105049833655, 0.00295679038391], [-0.000413192639826, 0.00196479912847, -0.00146083487198, 0.000994334113784, -0.000110382105049, 0.00166391162202, -0.00158338027541, 0.00881426688284, -0.0032877610065, 0.00114228972234, 6.87536085024e-005, 0.000961640558671, -0.00172460544854], [0.000315422978019, -0.0025545777753, 0.000681828532834, -0.00208513019606, -0.000374671566533, -0.000282962166239, 0.00148274644744, -0.0032877610065, 0.00970455724746, -0.0018829042092, 0.00176284613553, -0.00201339740306, 0.000121041746752], [-0.00048321171198, 0.00251260120422, -0.00149614491966, 0.00169672106858, -0.00177969480865, 0.000573057914153, -0.000743780634366, 0.00114228972234, -0.0018829042092, 0.011579730548, -0.00302150729112, -0.000511169258971, -0.00113174668513], [0.000491353101097, -0.00343551742844, 0.00120981875807, -0.0023394189775, 0.00172525364906, -0.00205666106194, -0.000600753526669, 6.87536085024e-005, 0.00176284613553, -0.00302150729112, 0.0118123982102, -0.00342736323364, 0.00236028223298], [-0.000625235028565, 0.00383473676629, -0.0019683688879, 0.00258821318857, -0.00351674365811, 0.00371514889412, -0.00105049833655, 0.000961640558671, -0.00201339740306, -0.000511169258971, -0.00342736323364, 0.0153837213293, -0.00348768848926], [0.000659250072204, -0.00385685102083, 0.00162861275021, -0.00307730678469, 0.00224022194743, -0.0033160331659, 0.00295679038391, -0.00172460544854, 0.000121041746752, -0.00113174668513, 0.00236028223298, -0.00348768848926, 0.0157168917358]]
    },
    "melbands": {
        "mean": [0.00234481762163, 0.00125605170615, 0.00106842711102, 0.000859623076394, 0.000406707345974, 0.000305231340462, 0.000181500116014, 0.000176096567884, 0.000217306049308, 0.000299935374642, 0.000115493821795, 0.00013115593174, 0.000309374328936, 0.000110369976028, 0.000173068299773, 0.000145397469169, 7.91639686213e-005, 7.16321883374e-005, 3.87115651392e-005, 2.89765630441e-005, 2.54245405813e-005, 2.58846284851e-005, 1.96577784664e-005, 1.32683362608e-005, 1.36461430884e-005, 1.04639493657e-005, 1.10519276859e-005, 6.16730721958e-006, 3.74849719265e-006, 2.38458369495e-006, 1.67951600361e-006, 1.22860978991e-006, 8.67728601861e-007, 8.9507955181e-007, 6.06227388289e-007, 3.98999588924e-007, 3.67704842574e-007, 3.35348318004e-007, 2.36690084421e-007, 1.7647167283e-007],
        "var": [9.18325167731e-006, 3.26221061187e-006, 3.46509364135e-006, 2.7616049465e-006, 3.05196664385e-007, 1.73396173864e-007, 9.93955779904e-008, 1.10130635278e-007, 1.06155447099e-007, 4.10690233821e-007, 4.40993837003e-008, 6.87340744321e-008, 5.9053388668e-007, 8.02981503512e-008, 1.56720574296e-007, 1.05760470603e-007, 4.24594510662e-008, 2.46952325256e-008, 6.66954491635e-009, 3.28591953647e-009, 2.61614663266e-009, 6.00806515649e-009, 2.47469622572e-009, 5.65589464152e-010, 1.02949759828e-009, 2.3686685946e-010, 2.6544189069e-010, 1.15703370496e-010, 9.75509326095e-011, 2.96976089553e-011, 2.14360335038e-011, 1.7800812907e-011, 3.3021033824e-012, 3.31491496579e-012, 1.30012060146e-012, 7.40752077732e-013, 8.75909100025e-013, 1.53387242144e-012, 5.12929054699e-013, 2.13612656209e-013]
    },
    "mfcc": {
        "mean": [-657.109741211, 144.905151367, -14.7972393036, 28.4452953339, 4.76584291458, 6.47883939743, 6.54438257217, 6.15586566925, -3.56341338158, 5.36771678925, -0.909932971001, -2.57322645187, -0.420700162649],
        "cov": [[4571.77197266, -402.70401001, -494.322998047, -224.495300293, -186.376831055, 99.4724349976, 53.8622322083, 50.317276001, 7.42751836777, 25.2960472107, 7.55422735214, 56.9230041504, 76.4560623169], [-402.70401001, 1245.17712402, -168.975112915, -99.7104034424, 9.00681400299, -14.7965164185, 21.5401363373, 6.23113536835, -31.6146869659, 48.4300575256, -0.529655814171, -17.9888057709, 45.7463760376], [-494.322998047, -168.975112915, 830.692382813, 118.943214417, 123.434928894, -93.2586746216, -61.6093025208, -17.643283844, 49.712726593, 12.1628675461, 3.39774799347, 40.7796096802, -48.8252639771], [-224.495300293, -99.7104034424, 118.943214417, 491.03338623, 124.213012695, -29.5802516937, -63.7616119385, 28.1951007843, 53.1174850464, -15.3693189621, 22.3324394226, 48.9450302124, 32.8358650208], [-186.376831055, 9.00681400299, 123.434928894, 124.213012695, 278.64630127, 47.7825164795, -23.7700557709, 27.6262378693, 60.6437721252, 17.3703193665, 14.2589387894, 11.0793123245, 23.6890068054], [99.4724349976, -14.7965164185, -93.2586746216, -29.5802516937, 47.7825164795, 338.326446533, 153.646514893, 23.0201072693, -8.08999252319, 23.2845249176, 53.3313865662, -22.1272201538, 27.2499790192], [53.8622322083, 21.5401363373, -61.6093025208, -63.7616119385, -23.7700557709, 153.646514893, 267.988067627, 35.7543411255, -41.9478988647, 23.9325733185, 45.6517066956, -9.91379642487, 5.71892356873], [50.317276001, 6.23113536835, -17.643283844, 28.1951007843, 27.6262378693, 23.0201072693, 35.7543411255, 128.513656616, 24.2196178436, 18.6454563141, 16.9359493256, 10.9633331299, 6.90062475204], [7.42751836777, -31.6146869659, 49.712726593, 53.1174850464, 60.6437721252, -8.08999252319, -41.9478988647, 24.2196178436, 142.730667114, 22.2969036102, -17.0084533691, 16.3226623535, 3.03301811218], [25.2960472107, 48.4300575256, 12.1628675461, -15.3693189621, 17.3703193665, 23.2845249176, 23.9325733185, 18.6454563141, 22.2969036102, 104.841255188, 20.7551727295, -0.365111589432, 4.32758998871], [7.55422735214, -0.529655814171, 3.39774799347, 22.3324394226, 14.2589387894, 53.3313865662, 45.6517066956, 16.9359493256, -17.0084533691, 20.7551727295, 100.78351593, 7.13593530655, 15.8283777237], [56.9230041504, -17.9888057709, 40.7796096802, 48.9450302124, 11.0793123245, -22.1272201538, -9.91379642487, 10.9633331299, 16.3226623535, -0.365111589432, 7.13593530655, 85.2838821411, 21.2127552032], [76.4560623169, 45.7463760376, -48.8252639771, 32.8358650208, 23.6890068054, 27.2499790192, 5.71892356873, 6.90062475204, 3.03301811218, 4.32758998871, 15.8283777237, 21.2127552032, 93.401473999]],
        "icov": [[0.00026494107442, 0.000120390337543, 0.000148348932271, 0.000128881714772, 0.000116490547953, -4.7499750508e-005, 4.42626260337e-005, -8.96243800526e-005, -6.0998085246e-005, -0.000102591831819, 9.75326383923e-006, -0.000248496507993, -0.000193856540136], [0.000120390337543, 0.000942145241424, 0.000234656938119, 0.000231147292652, -0.000166203200934, 0.000206953380257, -4.384579006e-005, -5.50607728655e-005, 0.000210894533666, -0.00049859622959, 0.000100360914075, 3.38225218002e-005, -0.000538498628885], [0.000148348932271, 0.000234656938119, 0.00161260983441, -6.46924308967e-005, -0.000685870065354, 0.000437324430095, -5.6317072449e-005, 0.000386177533073, -0.000165956109413, -0.00033179266029, -0.000267527153483, -0.000808317272458, 0.000900323328096], [0.000128881714772, 0.000231147292652, -6.46924308967e-005, 0.00271222600713, -0.000867449038196, 0.000203434392461, 0.000434135115938, -0.00042774429312, -0.000417004572228, 0.000602069136221, -0.000730984495021, -0.000971791392658, -0.000710123335011], [0.000116490547953, -0.000166203200934, -0.000685870065354, -0.000867449038196, 0.00509073073044, -0.00118441181257, 0.000716910988558, -0.000687611987814, -0.00139227474574, -0.000250791752478, -0.000150958585436, 0.000449256476713, -0.00102583121043], [-4.7499750508e-005, 0.000206953380257, 0.000437324430095, 0.000203434392461, -0.00118441181257, 0.00475919991732, -0.00251531018876, 0.000342687766533, -0.000478628993733, -4.37441885879e-005, -0.00134185003117, 0.00122900051065, -0.000898956088349], [4.42626260337e-005, -4.384579006e-005, -5.6317072449e-005, 0.000434135115938, 0.000716910988558, -0.00251531018876, 0.00595037033781, -0.00150504300836, 0.00143944367301, -0.000705113925505, -0.000947320077103, -0.000405560393119, 0.000340628292179], [-8.96243800526e-005, -5.50607728655e-005, 0.000386177533073, -0.00042774429312, -0.000687611987814, 0.000342687766533, -0.00150504300836, 0.00904852710664, -0.00155743537471, -0.000789246230852, -0.000938829965889, -0.000770090497099, 0.000371773960069], [-6.0998085246e-005, 0.000210894533666, -0.000165956109413, -0.000417004572228, -0.00139227474574, -0.000478628993733, 0.00143944367301, -0.00155743537471, 0.00927568227053, -0.00226999563165, 0.00224660220556, -0.00120010226965, 0.000221977417823], [-0.000102591831819, -0.00049859622959, -0.00033179266029, 0.000602069136221, -0.000250791752478, -4.37441885879e-005, -0.000705113925505, -0.000789246230852, -0.00226999563165, 0.0112201003358, -0.00232892110944, 0.000505808799062, -4.54208311567e-005], [9.75326383923e-006, 0.000100360914075, -0.000267527153483, -0.000730984495021, -0.000150958585436, -0.00134185003117, -0.000947320077103, -0.000938829965889, 0.00224660220556, -0.00232892110944, 0.0125339915976, -0.000931040383875, -0.00126054766588], [-0.000248496507993, 3.38225218002e-005, -0.000808317272458, -0.000971791392658, 0.000449256476713, 0.00122900051065, -0.000405560393119, -0.000770090497099, -0.00120010226965, 0.000505808799062, -0.000931040383875, 0.0143004544079, -0.00335935037583], [-0.000193856540136, -0.000538498628885, 0.000900323328096, -0.000710123335011, -0.00102583121043, -0.000898956088349, 0.000340628292179, 0.000371773960069, 0.000221977417823, -4.54208311567e-005, -0.00126054766588, -0.00335935037583, 0.0132947862148]]
    },
    "spectral_contrast_coeffs": {
        "mean": [-0.667741119862, -0.753127872944, -0.743931472301, -0.768461883068, -0.771787762642, -0.748373985291],
        "var": [0.00779638113454, 0.00432622106746, 0.00776641815901, 0.0071429903619, 0.00334188085981, 0.00270057399757]
    },
    "spectral_contrast_valleys": {
        "mean": [-7.03454828262, -6.66544914246, -7.27365684509, -7.59356021881, -7.69244289398, -10.9414024353],
        "var": [1.2177554369, 1.03332293034, 1.03815960884, 0.977031648159, 0.900194823742, 1.07628107071]
    }
},
"metadata": {
    "audio_properties": {
        "analysis_sample_rate": 44100,
        "bit_rate": 108864,
        "equal_loudness": 0,
        "length": 45.0873451233,
        "lossless": 0,
        "replay_gain": -5.15960884094,
        "sample_rate": 44100,
        "codec": "mp3",
        "downmix": "mix",
        "md5_encoded": "d769c7744616255159895389a019eff9"
    },
    "tags": {
        "file_name": "911.mp3"
    },
    "version": {
        "essentia": "2.1-beta2",
        "essentia_git_sha": "v2.1_beta2",
        "extractor": "music 1.0"
    }
},
"rhythm": {
    "beats_count": 68,
    "beats_loudness": {
        "mean": 0.046455912292,
        "var": 0.000287064671284
    },
    "bpm": 91.8136825562,
    "bpm_histogram_first_peak_bpm": {
        "mean": 92,
        "var": 0
    },
    "bpm_histogram_first_peak_spread": {
        "mean": 0.149253726006,
        "var": 0
    },
    "bpm_histogram_first_peak_weight": {
        "mean": 0.850746273994,
        "var": 0
    },
    "bpm_histogram_second_peak_bpm": {
        "mean": 0,
        "var": 0
    },
    "bpm_histogram_second_peak_spread": {
        "mean": 0,
        "var": 0
    },
    "bpm_histogram_second_peak_weight": {
        "mean": 0,
        "var": 0
    },
    "danceability": 1.43296587467,
    "onset_rate": 3.68032097816,
    "beats_loudness_band_ratio": {
        "mean": [0.463542789221, 0.281720221043, 0.114497050643, 0.158857315779, 0.0686018317938, 0.0241513736546],
        "var": [0.0356910414994, 0.0356159061193, 0.00748708564788, 0.0252555496991, 0.00466169742867, 0.000537392392289]
    },
    "beats_position": [0.626938760281, 1.27709746361, 1.92725622654, 2.57741498947, 3.22757363319, 3.88934230804, 4.55111122131, 5.21287965775, 5.87464857101, 6.52480697632, 7.17496585846, 7.8251247406, 8.47528362274, 9.12544155121, 9.77560043335, 10.4257593155, 11.0759181976, 11.7260770798, 12.3762359619, 13.0263938904, 13.6765527725, 14.3267116547, 14.9768705368, 15.6270294189, 16.2887973785, 16.9505672455, 17.600725174, 18.2508831024, 18.9010429382, 19.5628108978, 20.2245807648, 20.8747386932, 21.5248966217, 22.1866664886, 22.8484344482, 23.5102043152, 24.1603622437, 24.8105201721, 25.4722900391, 26.1340579987, 26.7958278656, 27.4459857941, 28.0961437225, 28.7811336517, 29.4661216736, 30.1394996643, 30.8128795624, 31.4630374908, 32.1248054504, 32.7633552551, 33.4135131836, 34.0636711121, 34.7022209167, 35.3523788452, 36.0025405884, 36.6410865784, 37.2912483215, 37.94140625, 38.57995224, 39.2301139832, 39.8802719116, 40.5420417786, 41.192199707, 41.8423576355, 42.492515564, 43.1310653687, 43.7696151733, 44.4197731018]
},
"tonal": {
    "chords_changes_rate": 0.0884773656726,
    "chords_number_rate": 0.0102880662307,
    "chords_strength": {
        "mean": 0.483960300684,
        "var": 0.00953562185168
    },
    "hpcp_entropy": {
        "mean": 2.13435125351,
        "var": 0.545298457146
    },
    "key_strength": 0.497363656759,
    "tuning_diatonic_strength": 0.455794125795,
    "tuning_equal_tempered_deviation": 0.21839441359,
    "tuning_frequency": 434.193115234,
    "tuning_nontempered_energy_ratio": 0.816213309765,
    "hpcp": {
        "mean": [0.122394509614, 0.104781016707, 0.0780000910163, 0.0711625739932, 0.0881001651287, 0.119044855237, 0.167120322585, 0.178597778082, 0.135382950306, 0.108734421432, 0.0984590798616, 0.0793984010816, 0.0789317786694, 0.09628033638, 0.0857984423637, 0.10290889442, 0.145040258765, 0.132290989161, 0.113270051777, 0.133679538965, 0.174115508795, 0.256709218025, 0.299584001303, 0.378601998091, 0.474832177162, 0.296634703875, 0.095739684999, 0.0902316719294, 0.1046968624, 0.086459197104, 0.0965105220675, 0.143703758717, 0.167230203748, 0.14984112978, 0.127965316176, 0.124111801386],
        "var": [0.0488763898611, 0.0330851748586, 0.019774409011, 0.021873075515, 0.0234309677035, 0.0345098525286, 0.0484837144613, 0.0565556436777, 0.0366030521691, 0.0270683094859, 0.032333958894, 0.0228311810642, 0.0220538340509, 0.0405328385532, 0.0248676929623, 0.0307140965015, 0.0624923482537, 0.0440246909857, 0.0343844927847, 0.0478713065386, 0.0609162822366, 0.0923151373863, 0.117192789912, 0.0787075385451, 0.168840572238, 0.0733704790473, 0.0213442370296, 0.022916957736, 0.0342956855893, 0.0205639861524, 0.0299712475389, 0.0609453953803, 0.0703773573041, 0.050123449415, 0.0404897928238, 0.0458302982152]
    },
    "chords_histogram": [2.57201647758, 0.925925910473, 13.271604538, 0.102880656719, 0.308641970158, 0, 0.205761313438, 0.617283940315, 1.44032919407, 26.2345676422, 0, 0, 0, 0, 4.52674913406, 12.1399173737, 13.1687240601, 0, 0, 0, 0, 5.86419773102, 6.37860059738, 12.2427988052],
    "thpcp": [1, 0.624714851379, 0.201628476381, 0.190028548241, 0.220492348075, 0.182083696127, 0.203251853585, 0.302641153336, 0.352188020945, 0.315566509962, 0.269495874643, 0.261380344629, 0.257763713598, 0.220669582486, 0.164268761873, 0.149868890643, 0.185539588332, 0.250709325075, 0.351956605911, 0.376128226519, 0.285117477179, 0.228995472193, 0.20735552907, 0.167213603854, 0.166230902076, 0.202767089009, 0.180692136288, 0.216726869345, 0.305455833673, 0.278605788946, 0.238547548652, 0.281530082226, 0.366688519716, 0.540631473064, 0.630926072598, 0.797338545322],
    "chords_key": "E",
    "chords_scale": "major",
    "key_key": "A",
    "key_scale": "minor"
}
}