{
"lowlevel": {
    "average_loudness": 0.977471113205,
    "barkbands_crest": {
        "mean": 10.5861997604,
        "var": 10.0706615448
    },
    "barkbands_flatness_db": {
        "mean": 0.123187243938,
        "var": 0.000936890719458
    },
    "barkbands_kurtosis": {
        "mean": 10.0791797638,
        "var": 45.2078056335
    },
    "barkbands_skewness": {
        "mean": 2.92142248154,
        "var": 0.783708572388
    },
    "barkbands_spread": {
        "mean": 20.7224388123,
        "var": 129.378540039
    },
    "dissonance": {
        "mean": 0.464570432901,
        "var": 0.000318053178489
    },
    "dynamic_complexity": 2.37439346313,
    "erbbands_crest": {
        "mean": 6.85199832916,
        "var": 5.44270038605
    },
    "erbbands_flatness_db": {
        "mean": 0.0917890220881,
        "var": 0.000238930631895
    },
    "erbbands_kurtosis": {
        "mean": -0.431664079428,
        "var": 0.76207447052
    },
    "erbbands_skewness": {
        "mean": 0.618074893951,
        "var": 0.251364380121
    },
    "erbbands_spread": {
        "mean": 72.2617111206,
        "var": 285.822021484
    },
    "hfc": {
        "mean": 16.5719051361,
        "var": 247.678451538
    },
    "melbands_crest": {
        "mean": 15.5696640015,
        "var": 14.1384906769
    },
    "melbands_flatness_db": {
        "mean": 0.213595077395,
        "var": 0.0014535424998
    },
    "melbands_kurtosis": {
        "mean": 41.1969490051,
        "var": 448.292022705
    },
    "melbands_skewness": {
        "mean": 5.19489383698,
        "var": 1.78690755367
    },
    "melbands_spread": {
        "mean": 11.6241407394,
        "var": 78.0879669189
    },
    "pitch_salience": {
        "mean": 0.605869054794,
        "var": 0.00637542828918
    },
    "silence_rate_20dB": {
        "mean": 1,
        "var": 0
    },
    "silence_rate_30dB": {
        "mean": 0.997426688671,
        "var": 0.00256675691344
    },
    "silence_rate_60dB": {
        "mean": 0.00205867225304,
        "var": 0.00205448735505
    },
    "spectral_centroid": {
        "mean": 874.570922852,
        "var": 285301.375
    },
    "spectral_complexity": {
        "mean": 12.8533191681,
        "var": 53.6568756104
    },
    "spectral_decrease": {
        "mean": -6.82468925817e-009,
        "var": 2.61345017927e-017
    },
    "spectral_energy": {
        "mean": 0.0272610839456,
        "var": 0.000417628791183
    },
    "spectral_energyband_high": {
        "mean": 0.00105485762469,
        "var": 1.50935238707e-006
    },
    "spectral_energyband_low": {
        "mean": 0.00933247990906,
        "var": 3.98740339733e-005
    },
    "spectral_energyband_middle_high": {
        "mean": 0.00149930850603,
        "var": 2.52732979789e-006
    },
    "spectral_energyband_middle_low": {
        "mean": 0.0166241191328,
        "var": 0.000284360634396
    },
    "spectral_entropy": {
        "mean": 7.77400302887,
        "var": 0.0779010280967
    },
    "spectral_flux": {
        "mean": 0.0740851163864,
        "var": 0.00192729313858
    },
    "spectral_kurtosis": {
        "mean": 2.16529846191,
        "var": 0.748492240906
    },
    "spectral_rms": {
        "mean": 0.00487679662183,
        "var": 2.81310349237e-006
    },
    "spectral_rolloff": {
        "mean": 719.484130859,
        "var": 1595310.125
    },
    "spectral_skewness": {
        "mean": 1.37932229042,
        "var": 0.0513951070607
    },
    "spectral_spread": {
        "mean": 7440391,
        "var": 2.31243671142e+012
    },
    "spectral_strongpeak": {
        "mean": 0.536483585835,
        "var": 0.14427383244
    },
    "zerocrossingrate": {
        "mean": 0.0674079433084,
        "var": 0.000992280896753
    },
    "barkbands": {
        "mean": [3.29461618094e-005, 0.00229484029114, 0.0057981684804, 0.00259681697935, 0.00954018346965, 0.001988630509, 0.00148209452163, 0.000715694739483, 0.000224371018703, 0.000163773540407, 9.97440947685e-005, 0.000180619579623, 0.000225077877985, 0.000237477113842, 0.000110900124128, 0.0001399943867, 0.000117985247925, 9.39279270824e-005, 0.000103848069557, 0.000116916366096, 0.000152799475472, 0.000155975125381, 0.000144864854519, 0.000209376186831, 0.000190226885024, 0.000132642395329, 1.12012667159e-005],
        "var": [1.01249642004e-009, 4.12169993069e-006, 2.098425648e-005, 6.32423643765e-006, 0.000110353743366, 1.69295126398e-005, 3.00005035569e-006, 5.29476324118e-007, 1.80887994361e-007, 1.15702832204e-007, 2.05652170848e-008, 7.69720074345e-008, 1.47893572944e-007, 8.20712457994e-008, 2.32087362662e-008, 1.45488652237e-008, 1.64076663367e-008, 2.28238921096e-008, 1.81599784099e-008, 2.024123269e-008, 2.39663240365e-008, 4.11156442226e-008, 3.64719703327e-008, 7.58207079343e-008, 5.25432355403e-008, 2.53066190226e-008, 4.30885549463e-010]
    },
    "erbbands": {
        "mean": [0.0370554514229, 0.710296034813, 6.0686621666, 7.92134809494, 30.4595527649, 23.9647827148, 18.2375030518, 11.3412847519, 24.3566818237, 14.3483953476, 11.5067167282, 4.2969660759, 6.08737516403, 4.19917392731, 4.55902528763, 7.60280656815, 10.2993307114, 12.3100328445, 7.95569467545, 5.8720293045, 8.01246070862, 6.09356689453, 4.74357652664, 6.19353580475, 5.19224357605, 5.19863843918, 5.68757963181, 6.04951238632, 5.7481098175, 4.85212898254, 4.19629144669, 4.05022478104, 3.60642290115, 2.33015990257, 1.22188389301, 0.607312560081, 0.232054874301, 0.0438999123871, 0.00126787659246, 6.44377505523e-005],
        "var": [0.00033117091516, 0.415330916643, 23.2887821198, 30.1429672241, 1087.45898438, 780.622802734, 1226.2722168, 421.989135742, 859.216125488, 217.374389648, 178.255630493, 56.2981643677, 165.02003479, 50.1298828125, 43.9840545654, 141.203689575, 270.794128418, 261.171112061, 92.7931442261, 29.7237796783, 50.5312957764, 52.6202926636, 60.6793632507, 57.5961990356, 44.505531311, 44.0223121643, 44.3687705994, 32.7814331055, 52.3474197388, 45.6332015991, 28.1956977844, 27.3625831604, 24.4425163269, 8.64955615997, 2.14899420738, 0.523235678673, 0.0827319547534, 0.0039858086966, 4.33147351941e-006, 3.77007181029e-009]
    },
    "gfcc": {
        "mean": [21.3582611084, 61.3681945801, -66.3115844727, 43.2343940735, -54.933719635, 15.506357193, -53.8755455017, 3.41605019569, -31.0221862793, 10.825799942, -24.5268993378, -2.22142195702, -24.0757522583],
        "cov": [[4252.87792969, -8.03884601593, -264.127624512, -120.189796448, -345.382354736, 25.022354126, -138.490402222, -68.060295105, -230.515197754, -86.9784240723, -54.5371208191, 65.3309402466, 16.2427558899], [-8.03884601593, 272.153289795, -36.4640769958, -40.2040100098, -6.59620666504, -15.3890485764, -21.4811687469, -1.07218074799, 2.47102212906, -8.88172626495, -2.76576662064, -16.5941524506, 7.45527362823], [-264.127624512, -36.4640769958, 131.057281494, 65.8343582153, 11.1284265518, -37.7282676697, -10.0142278671, -3.91304278374, 31.884519577, 7.00936698914, -15.4543924332, -8.32310771942, 4.7335267067], [-120.189796448, -40.2040100098, 65.8343582153, 132.219100952, 47.9665985107, -3.69181418419, -17.5106830597, 9.50908946991, 31.4300937653, 21.3818855286, -13.8903808594, -13.5500841141, -4.66881752014], [-345.382354736, -6.59620666504, 11.1284265518, 47.9665985107, 127.812950134, 49.461730957, 34.1612739563, 11.3802194595, 17.3163528442, 10.8348360062, 4.23462438583, -15.5419607162, -21.9466915131], [25.022354126, -15.3890485764, -37.7282676697, -3.69181418419, 49.461730957, 76.4037475586, 41.8826332092, 8.27062416077, -17.9780826569, 1.58372080326, 10.1950025558, -5.89476013184, -18.4363098145], [-138.490402222, -21.4811687469, -10.0142278671, -17.5106830597, 34.1612739563, 41.8826332092, 65.3476715088, 20.9752025604, -7.21973514557, -1.12569785118, 11.9856405258, -1.36007428169, -16.9136199951], [-68.060295105, -1.07218074799, -3.91304278374, 9.50908946991, 11.3802194595, 8.27062416077, 20.9752025604, 44.4994392395, 23.8939208984, 8.04505348206, 0.0496120527387, -6.32646560669, -9.48735713959], [-230.515197754, 2.47102212906, 31.884519577, 31.4300937653, 17.3163528442, -17.9780826569, -7.21973514557, 23.8939208984, 66.0308303833, 32.2274894714, -6.01479816437, -17.1642971039, -4.58503961563], [-86.9784240723, -8.88172626495, 7.00936698914, 21.3818855286, 10.8348360062, 1.58372080326, -1.12569785118, 8.04505348206, 32.2274894714, 49.459728241, 12.2071342468, -12.96443367, -13.5092868805], [-54.5371208191, -2.76576662064, -15.4543924332, -13.8903808594, 4.23462438583, 10.1950025558, 11.9856405258, 0.0496120527387, -6.01479816437, 12.2071342468, 36.36769104, 11.3622741699, -7.18364572525], [65.3309402466, -16.5941524506, -8.32310771942, -13.5500841141, -15.5419607162, -5.89476013184, -1.36007428169, -6.32646560669, -17.1642971039, -12.96443367, 11.3622741699, 34.8741111755, 16.3762798309], [16.2427558899, 7.45527362823, 4.7335267067, -4.66881752014, -21.9466915131, -18.4363098145, -16.9136199951, -9.48735713959, -4.58503961563, -13.5092868805, -7.18364572525, 16.3762798309, 42.3745613098]],
        "icov": [[0.000540916109458, 1.779034028e-005, 0.000572858611122, -0.000320591818308, 0.00150922744069, -0.00128655682784, 0.00150913768448, -0.000619353784714, 0.00165954593103, -0.000607503578067, 0.00161826214753, -0.00100917101372, 0.00102605775464], [1.779034028e-005, 0.00470686657354, 0.00119663274381, 0.00176314357668, -0.00142863590736, 0.00153669761494, 0.00242989463732, -0.00127375335433, 0.000166645186255, 0.00158026523422, -0.00184920919128, 0.00478114699945, -0.00180038705003], [0.000572858611122, 0.00119663274381, 0.0170119721442, -0.00872084032744, 0.00204591848888, 0.00905477907509, -0.0085496911779, 0.00868703890592, -0.00545196887106, 0.00377309508622, 0.00238613854162, 0.00147090898827, 0.000689269450959], [-0.000320591818308, 0.00176314357668, -0.00872084032744, 0.0177047476172, -0.00825213734061, -0.0026879766956, 0.0116934906691, -0.0091989422217, 0.00423886859789, -0.00700040860102, 0.00344701623544, -0.000173948603333, -0.00121957890224], [0.00150922744069, -0.00142863590736, 0.00204591848888, -0.00825213734061, 0.0212399791926, -0.0133736021817, -0.00289387512021, 0.00581243960187, -0.00583687145263, 0.00489636510611, 0.00140556832775, -0.00238396436907, 0.00595245324075], [-0.00128655682784, 0.00153669761494, 0.00905477907509, -0.0026879766956, -0.0133736021817, 0.0398401729763, -0.0200376585126, 0.00234791520052, 0.00741299660876, -0.00373648409732, -0.00284470338374, 0.0090447133407, -0.00251676421613], [0.00150913768448, 0.00242989463732, -0.0085496911779, 0.0116934906691, -0.00289387512021, -0.0200376585126, 0.0463565476239, -0.0243237093091, 0.0135558610782, -0.00229558208957, -0.00086984486552, -0.0031007733196, 0.00586360413581], [-0.000619353784714, -0.00127375335433, 0.00868703890592, -0.0091989422217, 0.00581243960187, 0.00234791520052, -0.0243237093091, 0.0477930828929, -0.0286815967411, 0.0115832518786, -0.00144667457789, -0.0016894795699, 0.00449837464839], [0.00165954593103, 0.000166645186255, -0.00545196887106, 0.00423886859789, -0.00583687145263, 0.00741299660876, 0.0135558610782, -0.0286815967411, 0.0536725521088, -0.030259815976, 0.0131267812103, 0.00382280559279, -0.00348956906237], [-0.000607503578067, 0.00158026523422, 0.00377309508622, -0.00700040860102, 0.00489636510611, -0.00373648409732, -0.00229558208957, 0.0115832518786, -0.030259815976, 0.0498843640089, -0.0258058570325, 0.0136612113565, 0.00432434445247], [0.00161826214753, -0.00184920919128, 0.00238613854162, 0.00344701623544, 0.00140556832775, -0.00284470338374, -0.00086984486552, -0.00144667457789, 0.0131267812103, -0.0258058570325, 0.0554862841964, -0.02925382182, 0.0125427851453], [-0.00100917101372, 0.00478114699945, 0.00147090898827, -0.000173948603333, -0.00238396436907, 0.0090447133407, -0.0031007733196, -0.0016894795699, 0.00382280559279, 0.0136612113565, -0.02925382182, 0.0605155602098, -0.0231308266521], [0.00102605775464, -0.00180038705003, 0.000689269450959, -0.00121957890224, 0.00595245324075, -0.00251676421613, 0.00586360413581, 0.00449837464839, -0.00348956906237, 0.00432434445247, 0.0125427851453, -0.0231308266521, 0.0407132916152]]
    },
    "melbands": {
        "mean": [0.000446689198725, 0.00237972661853, 0.00191022863146, 0.00244188425131, 0.000576854508836, 0.000316960271448, 0.000330847338773, 0.000159112329129, 8.35741957417e-005, 2.51274668699e-005, 2.98578779621e-005, 1.6401621906e-005, 1.38246905408e-005, 1.80051138159e-005, 2.30792866205e-005, 2.28253429668e-005, 2.34000108321e-005, 1.31972619783e-005, 9.33812680159e-006, 8.66906611918e-006, 9.70511428022e-006, 6.96715869708e-006, 4.13538055e-006, 4.50716743217e-006, 5.1697361414e-006, 3.49223250851e-006, 4.18943318437e-006, 3.23112521983e-006, 3.35861500389e-006, 4.04392949349e-006, 3.10100449497e-006, 3.13543137054e-006, 3.20249250763e-006, 2.50737002716e-006, 2.3746908937e-006, 2.40277563535e-006, 2.4757528081e-006, 2.59053877016e-006, 2.26901511269e-006, 1.90285800272e-006],
        "var": [1.04018575087e-007, 3.60645094588e-006, 2.12138183997e-006, 7.1293234214e-006, 1.05533115402e-006, 3.14587623507e-007, 1.64962997928e-007, 2.66929554016e-008, 1.1304541303e-008, 2.12726414262e-009, 4.09267908452e-009, 8.40621683373e-010, 4.16529755132e-010, 8.22416301727e-010, 1.56039015042e-009, 1.55487633879e-009, 9.1394758428e-010, 3.11217163151e-010, 1.61902588558e-010, 8.45856301668e-011, 1.00965867611e-010, 7.64869070857e-011, 2.86318833226e-011, 7.44269507136e-011, 3.81439220487e-011, 2.66328677861e-011, 2.67632929707e-011, 1.79389281207e-011, 1.79235550013e-011, 1.71895379875e-011, 9.31886512401e-012, 1.51549432725e-011, 2.04505926082e-011, 1.33402898103e-011, 9.55910611083e-012, 9.89868430279e-012, 1.02508860775e-011, 1.3817606781e-011, 8.48573208229e-012, 6.2667874362e-012]
    },
    "mfcc": {
        "mean": [-636.879943848, 97.2586364746, 40.2981491089, 30.6874504089, 19.8446712494, 10.9025373459, -3.32602953911, -9.3924741745, -4.77465343475, -2.07370042801, 0.718527436256, 1.64183485508, -2.4606218338],
        "cov": [[2112.18896484, 36.9364891052, -6.35300207138, -227.219726563, -195.140731812, -60.5818443298, 30.4395141602, 15.3553361893, -111.517921448, -86.9795227051, -96.9442214966, -127.258232117, -109.730354309], [36.9364891052, 273.015106201, -26.1294345856, -43.2846450806, -15.2008771896, -19.8772583008, -1.92332386971, -5.89189052582, -9.0817937851, -10.3261756897, 9.86661148071, -4.50097751617, -27.628528595], [-6.35300207138, -26.1294345856, 118.84740448, 64.9708251953, 2.13034653664, -19.6374835968, -49.3046188354, -27.2919826508, 12.1984786987, -5.16399383545, -23.3746299744, 10.3795366287, 14.0105342865], [-227.219726563, -43.2846450806, 64.9708251953, 129.551635742, 63.4591598511, 7.56179571152, -37.3179550171, -16.9634418488, 29.0626049042, 14.4595870972, -6.64986896515, 18.5876159668, 23.8533287048], [-195.140731812, -15.2008771896, 2.13034653664, 63.4591598511, 87.7019882202, 33.5110626221, -2.8484544754, 0.303402870893, 20.7562026978, 21.221944809, 9.77031803131, 8.65153980255, 11.8496980667], [-60.5818443298, -19.8772583008, -19.6374835968, 7.56179571152, 33.5110626221, 61.8452453613, 36.25415802, 8.33379459381, 2.99591398239, 10.2287282944, 12.5473766327, 1.07636463642, -1.18663454056], [30.4395141602, -1.92332386971, -49.3046188354, -37.3179550171, -2.8484544754, 36.25415802, 88.3233261108, 40.2469291687, -13.4237947464, -0.518788814545, 21.8576316833, -4.07910633087, -11.4188241959], [15.3553361893, -5.89189052582, -27.2919826508, -16.9634418488, 0.303402870893, 8.33379459381, 40.2469291687, 52.2789001465, 6.33704376221, -3.19950032234, 3.67259740829, -2.0597717762, -2.87381505966], [-111.517921448, -9.0817937851, 12.1984786987, 29.0626049042, 20.7562026978, 2.99591398239, -13.4237947464, 6.33704376221, 49.7094573975, 20.8053131104, 0.00285803992301, 6.86823177338, 11.6826343536], [-86.9795227051, -10.3261756897, -5.16399383545, 14.4595870972, 21.221944809, 10.2287282944, -0.518788814545, -3.19950032234, 20.8053131104, 52.2366867065, 27.2789115906, 0.172400474548, 4.68048381805], [-96.9442214966, 9.86661148071, -23.3746299744, -6.64986896515, 9.77031803131, 12.5473766327, 21.8576316833, 3.67259740829, 0.00285803992301, 27.2789115906, 60.3457794189, 18.0739593506, -1.54647815228], [-127.258232117, -4.50097751617, 10.3795366287, 18.5876159668, 8.65153980255, 1.07636463642, -4.07910633087, -2.0597717762, 6.86823177338, 0.172400474548, 18.0739593506, 44.9323425293, 22.1518478394], [-109.730354309, -27.628528595, 14.0105342865, 23.8533287048, 11.8496980667, -1.18663454056, -11.4188241959, -2.87381505966, 11.6826343536, 4.68048381805, -1.54647815228, 22.1518478394, 48.2947845459]],
        "icov": [[0.000832910009194, 0.000103492900962, -0.000722162018064, 0.00104284181725, 0.000652023358271, -5.54026555619e-005, 0.000101937766885, -0.000437218346633, 0.000974797352683, -9.8179509223e-005, 0.000776347063947, 0.00113341666292, 0.000761524308473], [0.000103492900962, 0.0043770223856, 0.000341800041497, 0.00184956064913, -0.00149861513637, 0.00215982389636, -0.000187924058991, 0.00143498100806, -0.00099028844852, 0.00144648668356, -0.000852821569424, -0.000584635417908, 0.00252842786722], [-0.000722162018064, 0.000341800041497, 0.0170346330851, -0.0103915724903, 0.00575711904094, 0.000361946760677, 0.00279158446938, 0.00340758473612, -0.001486297464, 0.000342388288118, 0.00286860042252, -0.00336480955593, 0.000166119280038], [0.00104284181725, 0.00184956064913, -0.0103915724903, 0.0237274486572, -0.0146395890042, 0.00233604945242, 0.00103541940916, 0.00115832209121, -0.00229037133977, -7.2816197644e-005, 0.00201494805515, -0.00192165642511, 0.000193114276044], [0.000652023358271, -0.00149861513637, 0.00575711904094, -0.0146395890042, 0.0295805055648, -0.0145125053823, 0.00616741878912, -0.00495331687853, 0.000708123203367, -0.00381346303038, -0.000739873736165, 0.00214104983024, -0.00107387988828], [-5.54026555619e-005, 0.00215982389636, 0.000361946760677, 0.00233604945242, -0.0145125053823, 0.0341087430716, -0.0191066078842, 0.0109143992886, -0.00386965158395, -0.000353013398126, 0.0021575265564, -0.00158054404892, 0.00214604334906], [0.000101937766885, -0.000187924058991, 0.00279158446938, 0.00103541940916, 0.00616741878912, -0.0191066078842, 0.0352236889303, -0.0227429158986, 0.00914738513529, 0.000909395399503, -0.00815048441291, 0.0024433657527, 0.000112471403554], [-0.000437218346633, 0.00143498100806, 0.00340758473612, 0.00115832209121, -0.00495331687853, 0.0109143992886, -0.0227429158986, 0.0393208228052, -0.0144844828174, 0.00621590390801, 0.00227166712284, -0.000646135711577, -1.66029894899e-005], [0.000974797352683, -0.00099028844852, -0.001486297464, -0.00229037133977, 0.000708123203367, -0.00386965158395, 0.00914738513529, -0.0144844828174, 0.0358446985483, -0.0168129689991, 0.00802433677018, -0.00428243679926, -0.000577476748731], [-9.8179509223e-005, 0.00144648668356, 0.000342388288118, -7.2816197644e-005, -0.00381346303038, -0.000353013398126, 0.000909395399503, 0.00621590390801, -0.0168129689991, 0.0407992973924, -0.0235701687634, 0.0156704019755, -0.00577643839642], [0.000776347063947, -0.000852821569424, 0.00286860042252, 0.00201494805515, -0.000739873736165, 0.0021575265564, -0.00815048441291, 0.00227166712284, 0.00802433677018, -0.0235701687634, 0.039063166827, -0.0213516354561, 0.00927890185267], [0.00113341666292, -0.000584635417908, -0.00336480955593, -0.00192165642511, 0.00214104983024, -0.00158054404892, 0.0024433657527, -0.000646135711577, -0.00428243679926, 0.0156704019755, -0.0213516354561, 0.0445991158485, -0.0174820553511], [0.000761524308473, 0.00252842786722, 0.000166119280038, 0.000193114276044, -0.00107387988828, 0.00214604334906, 0.000112471403554, -1.66029894899e-005, -0.000577476748731, -0.00577643839642, 0.00927890185267, -0.0174820553511, 0.0330964513123]]
    },
    "spectral_contrast_coeffs": {
        "mean": [-0.583018898964, -0.712860643864, -0.833835601807, -0.798671960831, -0.816488862038, -0.787758171558],
        "var": [0.00406633876264, 0.00392429251224, 0.00109272624832, 0.00117149029393, 0.000471278210171, 0.000402153003961]
    },
    "spectral_contrast_valleys": {
        "mean": [-6.8891620636, -6.87303972244, -7.76153564453, -7.86454629898, -7.62845611572, -9.37644290924],
        "var": [0.848702192307, 1.16962838173, 1.07279872894, 0.910283148289, 0.860421419144, 0.790363490582]
    }
},
"metadata": {
    "audio_properties": {
        "analysis_sample_rate": 44100,
        "bit_rate": 108706,
        "equal_loudness": 0,
        "length": 45.0873451233,
        "lossless": 0,
        "replay_gain": -13.1029701233,
        "sample_rate": 44100,
        "codec": "mp3",
        "downmix": "mix",
        "md5_encoded": "d508b04deea004ed3562e87fbe4d2d08"
    },
    "tags": {
        "file_name": "915.mp3"
    },
    "version": {
        "essentia": "2.1-beta2",
        "essentia_git_sha": "v2.1_beta2",
        "extractor": "music 1.0"
    }
},
"rhythm": {
    "beats_count": 104,
    "beats_loudness": {
        "mean": 0.0465522371233,
        "var": 0.000466129597044
    },
    "bpm": 139.907058716,
    "bpm_histogram_first_peak_bpm": {
        "mean": 140,
        "var": 0
    },
    "bpm_histogram_first_peak_spread": {
        "mean": 0.0980392247438,
        "var": 0
    },
    "bpm_histogram_first_peak_weight": {
        "mean": 0.893203854561,
        "var": 0
    },
    "bpm_histogram_second_peak_bpm": {
        "mean": 126,
        "var": 0
    },
    "bpm_histogram_second_peak_spread": {
        "mean": 0,
        "var": 0
    },
    "bpm_histogram_second_peak_weight": {
        "mean": 0.0097087379545,
        "var": 0
    },
    "danceability": 1.82272601128,
    "onset_rate": 2.61613178253,
    "beats_loudness_band_ratio": {
        "mean": [0.527712643147, 0.434016168118, 0.0818050727248, 0.0337080881, 0.026344422251, 0.0758235305548],
        "var": [0.0279155988246, 0.0266746114939, 0.00226681726053, 0.000811962003354, 0.000254606100498, 0.00206466321833]
    },
    "beats_position": [0.476009070873, 0.952018141747, 1.39319729805, 1.83437633514, 2.26394557953, 2.69351458549, 3.12308382988, 3.55265307426, 3.98222208023, 4.41179132462, 4.841360569, 5.27092981339, 5.70049858093, 6.13006782532, 6.5596370697, 6.98920631409, 7.41877555847, 7.84834432602, 8.26630401611, 8.68426322937, 9.11383247375, 9.54340076447, 9.97297000885, 10.4025392532, 10.8321084976, 11.261677742, 11.6912469864, 12.1208162308, 12.5503854752, 12.9799547195, 13.4095239639, 13.8390922546, 14.268661499, 14.6982307434, 15.1277999878, 15.5573692322, 15.9869384766, 16.4165077209, 16.8460769653, 17.2756462097, 17.7052154541, 18.1347846985, 18.5527439117, 18.970703125, 19.4002723694, 19.8298416138, 20.2594108582, 20.6889801025, 21.1185474396, 21.548116684, 21.9776859283, 22.4072551727, 22.8368244171, 23.2663936615, 23.6959629059, 24.1255321503, 24.5551013947, 24.984670639, 25.4142398834, 25.8438091278, 26.2617683411, 26.6913375854, 27.1209068298, 27.5504760742, 27.9800453186, 28.409614563, 28.8391838074, 29.2687530518, 29.6983222961, 30.1162815094, 30.5458488464, 30.9754180908, 31.4049873352, 31.8345565796, 32.264125824, 32.6936950684, 33.1232643127, 33.5528335571, 33.9824028015, 34.4119720459, 34.8415412903, 35.2711105347, 35.7006797791, 36.1302490234, 36.5598182678, 36.9893875122, 37.4073448181, 37.8369140625, 38.2664833069, 38.6960525513, 39.1256217957, 39.5435829163, 39.9731521606, 40.402721405, 40.8322906494, 41.2618598938, 41.6914291382, 42.1209983826, 42.550567627, 42.9801368713, 43.4097061157, 43.8392753601, 44.2688446045, 44.6984100342]
},
"tonal": {
    "chords_changes_rate": 0.0185185186565,
    "chords_number_rate": 0.00514403311536,
    "chords_strength": {
        "mean": 0.587252914906,
        "var": 0.00878846459091
    },
    "hpcp_entropy": {
        "mean": 2.05594921112,
        "var": 0.447588294744
    },
    "key_strength": 0.614718675613,
    "tuning_diatonic_strength": 0.629681885242,
    "tuning_equal_tempered_deviation": 0.0550501719117,
    "tuning_frequency": 437.465789795,
    "tuning_nontempered_energy_ratio": 0.660589575768,
    "hpcp": {
        "mean": [0.0716725587845, 0.0559478141367, 0.0880376771092, 0.175705507398, 0.18949483335, 0.106312513351, 0.0442710407078, 0.0287753902376, 0.0617994852364, 0.0895166248083, 0.0617427416146, 0.0519619844854, 0.0762508288026, 0.0617760643363, 0.0279406793416, 0.0157980285585, 0.0192862097174, 0.104036912322, 0.194768711925, 0.119735270739, 0.026258431375, 0.0198465865105, 0.0165850464255, 0.0274880491197, 0.0612299107015, 0.0699718669057, 0.0564648136497, 0.0505736023188, 0.0419350340962, 0.0402012467384, 0.0478522330523, 0.0940289348364, 0.436861723661, 0.822910368443, 0.560431063175, 0.148296609521],
        "var": [0.03632042557, 0.0212783981115, 0.0266508199275, 0.0747107863426, 0.0906278416514, 0.0465189516544, 0.0188498925418, 0.0091550219804, 0.0137001788244, 0.0125038390979, 0.00508262589574, 0.00941390264779, 0.0196774024516, 0.0142780086026, 0.00286799413152, 0.000585473317187, 0.00176731962711, 0.0157024245709, 0.0485955625772, 0.0220115687698, 0.0054326322861, 0.00361775513738, 0.00310111092404, 0.00283666118048, 0.0104788420722, 0.0177583955228, 0.0202038940042, 0.0223292820156, 0.0160323269665, 0.0137334242463, 0.0163151212037, 0.0386275537312, 0.0628123357892, 0.0832506418228, 0.0773113965988, 0.0498068332672]
    },
    "chords_histogram": [24.4855976105, 1.44032919407, 64.9176940918, 0, 0, 0, 0, 0, 0, 0, 0, 0, 0, 0, 0, 0, 0, 5.76131677628, 0, 3.39506173134, 0, 0, 0, 0],
    "thpcp": [1, 0.681035339832, 0.18020991981, 0.0870964378119, 0.0679877400398, 0.106983311474, 0.213517189026, 0.230273962021, 0.12919087708, 0.0537981316447, 0.0349678322673, 0.0750986859202, 0.108780525625, 0.0750297307968, 0.0631441622972, 0.0926599428058, 0.0750702247024, 0.0339534915984, 0.0191977508366, 0.0234365854412, 0.126425564289, 0.236682772636, 0.145502194762, 0.0319092236459, 0.0241175554693, 0.0201541353017, 0.0334034562111, 0.0744065344334, 0.085029758513, 0.0686159953475, 0.0614570006728, 0.0509594194591, 0.0488525219262, 0.0581499934196, 0.114263884723, 0.530874013901],
    "chords_key": "G#",
    "chords_scale": "major",
    "key_key": "C#",
    "key_scale": "major"
}
}