{
"lowlevel": {
    "average_loudness": 0.964831769466,
    "barkbands_crest": {
        "mean": 8.48879051208,
        "var": 11.8715333939
    },
    "barkbands_flatness_db": {
        "mean": 0.135891854763,
        "var": 0.000903309381101
    },
    "barkbands_kurtosis": {
        "mean": 1.99733495712,
        "var": 6.82968473434
    },
    "barkbands_skewness": {
        "mean": 1.25825619698,
        "var": 0.36686655879
    },
    "barkbands_spread": {
        "mean": 16.4513034821,
        "var": 74.7741241455
    },
    "dissonance": {
        "mean": 0.463781297207,
        "var": 0.000546420109458
    },
    "dynamic_complexity": 1.57578492165,
    "erbbands_crest": {
        "mean": 9.0522851944,
        "var": 16.1039829254
    },
    "erbbands_flatness_db": {
        "mean": 0.184514507651,
        "var": 0.00105558766518
    },
    "erbbands_kurtosis": {
        "mean": 0.0763698816299,
        "var": 1.53112661839
    },
    "erbbands_skewness": {
        "mean": 0.476390480995,
        "var": 0.293013334274
    },
    "erbbands_spread": {
        "mean": 29.6567306519,
        "var": 142.195205688
    },
    "hfc": {
        "mean": 23.3619861603,
        "var": 150.611419678
    },
    "melbands_crest": {
        "mean": 11.2014827728,
        "var": 16.9536724091
    },
    "melbands_flatness_db": {
        "mean": 0.190707489848,
        "var": 0.00134234572761
    },
    "melbands_kurtosis": {
        "mean": 5.47050380707,
        "var": 21.6753025055
    },
    "melbands_skewness": {
        "mean": 1.80558204651,
        "var": 0.538687825203
    },
    "melbands_spread": {
        "mean": 19.9784431458,
        "var": 88.3679733276
    },
    "pitch_salience": {
        "mean": 0.631793558598,
        "var": 0.00615384988487
    },
    "silence_rate_20dB": {
        "mean": 1,
        "var": 0
    },
    "silence_rate_30dB": {
        "mean": 1,
        "var": 0
    },
    "silence_rate_60dB": {
        "mean": 0.00205867225304,
        "var": 0.00205448735505
    },
    "spectral_centroid": {
        "mean": 1070.08666992,
        "var": 223314.375
    },
    "spectral_complexity": {
        "mean": 24.7467842102,
        "var": 28.7407798767
    },
    "spectral_decrease": {
        "mean": -7.60069784889e-009,
        "var": 1.00997205965e-017
    },
    "spectral_energy": {
        "mean": 0.0308058001101,
        "var": 0.00016306588077
    },
    "spectral_energyband_high": {
        "mean": 0.000428615487181,
        "var": 7.54639472689e-007
    },
    "spectral_energyband_low": {
        "mean": 0.00322803249583,
        "var": 7.34517107048e-006
    },
    "spectral_energyband_middle_high": {
        "mean": 0.00767348753288,
        "var": 3.45835323969e-005
    },
    "spectral_energyband_middle_low": {
        "mean": 0.0205615554005,
        "var": 0.000122366313008
    },
    "spectral_entropy": {
        "mean": 7.47320747375,
        "var": 0.0726665183902
    },
    "spectral_flux": {
        "mean": 0.0879176929593,
        "var": 0.0006493582041
    },
    "spectral_kurtosis": {
        "mean": 6.19350576401,
        "var": 8.35223293304
    },
    "spectral_rms": {
        "mean": 0.00536066945642,
        "var": 1.31757008148e-006
    },
    "spectral_rolloff": {
        "mean": 1354.92419434,
        "var": 1602259
    },
    "spectral_skewness": {
        "mean": 1.75759255886,
        "var": 0.132959336042
    },
    "spectral_spread": {
        "mean": 3553498,
        "var": 4.02991297331e+012
    },
    "spectral_strongpeak": {
        "mean": 1.29937076569,
        "var": 1.35661554337
    },
    "zerocrossingrate": {
        "mean": 0.0509682185948,
        "var": 0.000965189188719
    },
    "barkbands": {
        "mean": [2.62019930233e-005, 0.00058157305466, 0.00165719247889, 0.00171825615689, 0.00491107720882, 0.00268506165594, 0.00530344527215, 0.00312846922316, 0.00255207973532, 0.00192610907834, 0.00108284095768, 0.000966706662439, 0.000754998240154, 0.000615241646301, 0.00049114524154, 0.00105146004353, 0.000334719661623, 0.000259239634033, 0.000233611062868, 0.000154651075718, 6.16485704086e-005, 7.20110911061e-005, 8.6728905444e-005, 7.31357940822e-005, 6.10190581938e-005, 1.68055739778e-005, 3.66558253972e-007],
        "var": [5.48032730308e-008, 1.07757944079e-006, 2.59572721006e-006, 3.34543983627e-006, 1.71014598891e-005, 1.16851924759e-005, 4.84722659166e-005, 3.68686851289e-005, 1.2389657968e-005, 5.24868028151e-006, 6.74310149407e-006, 4.38404686065e-006, 2.17506635636e-006, 9.7229531093e-007, 4.22663759991e-007, 5.71777832192e-007, 8.46376906338e-008, 5.85968678024e-008, 3.85303344785e-008, 1.38660540827e-008, 4.42611325369e-009, 1.46618734931e-008, 5.30679500343e-008, 6.38869153136e-008, 5.88608202179e-008, 2.47022402533e-009, 2.17462831596e-012]
    },
    "erbbands": {
        "mean": [0.00813200045377, 0.18255725503, 1.56592679024, 4.4322886467, 7.6373500824, 21.2933349609, 19.5020103455, 24.2734336853, 62.5226402283, 83.3527145386, 67.0337677002, 58.8484153748, 45.5118598938, 65.7217102051, 43.8489265442, 42.9612846375, 37.322883606, 30.3145847321, 32.4974441528, 30.0067024231, 57.3779830933, 21.2782001495, 15.3579483032, 10.621723175, 12.9681787491, 6.75483798981, 3.14726376534, 2.23794317245, 2.29746603966, 2.9309566021, 2.39641785622, 1.75077438354, 1.09401655197, 0.795321643353, 0.360466480255, 0.104115977883, 0.0266715977341, 0.00316189113073, 8.61588850967e-005, 3.99348464271e-005],
        "var": [0.0018451687647, 0.0565239936113, 2.54814624786, 17.1011924744, 43.7801589966, 454.919281006, 300.39932251, 1184.6192627, 7354.21923828, 20359.8144531, 14336.3955078, 7416.30273438, 2961.70214844, 7689.85986328, 6271.66064453, 7948.11816406, 4099.40039063, 2262.24682617, 2275.90087891, 508.162414551, 1971.82165527, 292.942108154, 191.212371826, 102.13873291, 93.6789016724, 23.9145317078, 9.82742404938, 6.4299454689, 14.5116424561, 36.2607765198, 45.6138420105, 35.6001052856, 16.3186187744, 10.8290729523, 1.88353729248, 0.116898909211, 0.00610191933811, 9.40061509027e-005, 4.49035155725e-008, 3.62180868629e-010]
    },
    "gfcc": {
        "mean": [16.5856208801, 115.982078552, -140.794174194, 13.2580566406, -65.5526199341, -1.93432080746, -45.5531234741, 4.32401323318, -25.0384750366, -5.74933242798, -21.7279453278, -2.65792918205, -12.9269180298],
        "cov": [[3991.53833008, -585.963684082, -52.4118843079, -39.2821464539, -430.604705811, 223.712463379, -343.343109131, 164.924880981, -100.664047241, 75.4387359619, -79.8512191772, 30.660867691, -212.47505188], [-585.963684082, 902.934753418, -326.523223877, 66.4545516968, 252.26171875, -225.670120239, 205.439331055, -134.976867676, 46.2717628479, -66.0492324829, 44.3806686401, -58.6530914307, 119.376525879], [-52.4118843079, -326.523223877, 393.275390625, 18.2905197144, -71.1822509766, 118.841644287, -111.251228333, 76.3855514526, -11.6061506271, 14.8582744598, -32.7523155212, 35.7860870361, -24.7720775604], [-39.2821464539, 66.4545516968, 18.2905197144, 150.410552979, 56.8847732544, -7.17353343964, 23.1456336975, -12.6739206314, 26.7496376038, -8.83153343201, -11.7535648346, 7.85200595856, 39.6741676331], [-430.604705811, 252.26171875, -71.1822509766, 56.8847732544, 181.716125488, -45.5470809937, 89.6356201172, -37.4109992981, 6.78242588043, -6.89565372467, -0.88898563385, -20.5056114197, 52.113494873], [223.712463379, -225.670120239, 118.841644287, -7.17353343964, -45.5470809937, 158.891479492, -18.1588745117, 45.9289512634, -20.2592048645, 8.79997158051, -22.5591201782, 9.85958003998, -24.0863838196], [-343.343109131, 205.439331055, -111.251228333, 23.1456336975, 89.6356201172, -18.1588745117, 161.096984863, -20.85729599, 16.0344657898, -22.127866745, 0.533342719078, -16.521856308, 35.2226409912], [164.924880981, -134.976867676, 76.3855514526, -12.6739206314, -37.4109992981, 45.9289512634, -20.85729599, 99.1624069214, 6.75001573563, 16.0789699554, -12.0407457352, -0.906787633896, -21.2012004852], [-100.664047241, 46.2717628479, -11.6061506271, 26.7496376038, 6.78242588043, -20.2592048645, 16.0344657898, 6.75001573563, 95.092414856, 23.6007499695, 7.74358844757, -7.53385591507, -10.5302524567], [75.4387359619, -66.0492324829, 14.8582744598, -8.83153343201, -6.89565372467, 8.79997158051, -22.127866745, 16.0789699554, 23.6007499695, 64.9487228394, 12.6367025375, -3.07662725449, -24.4956169128], [-79.8512191772, 44.3806686401, -32.7523155212, -11.7535648346, -0.88898563385, -22.5591201782, 0.533342719078, -12.0407457352, 7.74358844757, 12.6367025375, 67.6315841675, 14.9169311523, -5.82031965256], [30.660867691, -58.6530914307, 35.7860870361, 7.85200595856, -20.5056114197, 9.85958003998, -16.521856308, -0.906787633896, -7.53385591507, -3.07662725449, 14.9169311523, 59.2382621765, 8.73726081848], [-212.47505188, 119.376525879, -24.7720775604, 39.6741676331, 52.113494873, -24.0863838196, 35.2226409912, -21.2012004852, -10.5302524567, -24.4956169128, -5.82031965256, 8.73726081848, 86.2304840088]],
        "icov": [[0.000921509752516, -0.00121670891531, 0.0016885768855, -0.00150952581316, 0.00220720702782, -0.00200495077297, 0.00226377462968, -0.00164643628523, 0.00166488543618, -0.00155491696205, 0.00208685267717, -0.00148188869935, 0.0019638070371], [-0.00121670891531, 0.00607496267185, -0.00157436297741, 0.00233879382722, -0.00591736892238, 0.00575925689191, -0.00467583583668, 0.00373207218945, -0.00393746001646, 0.00522502698004, -0.00523342797533, 0.0048227882944, -0.00476251961663], [0.0016885768855, -0.00157436297741, 0.00801689736545, -0.00348801165819, 0.00287254876457, -0.00586392916739, 0.0070674335584, -0.00488563114777, 0.00230505922809, -0.00189225748181, 0.00481538521126, -0.00445214798674, 0.00330619490705], [-0.00150952581316, 0.00233879382722, -0.00348801165819, 0.0119423959404, -0.00656104553491, 0.0029306630604, -0.00318858539686, 0.00360349891707, -0.00658721243963, 0.00390712404624, -0.002090387512, 0.00086433859542, -0.00640496052802], [0.00220720702782, -0.00591736892238, 0.00287254876457, -0.00656104553491, 0.017926139757, -0.00490750279278, 0.00145433854777, -0.00306922127493, 0.00694716116413, -0.00910922046751, 0.00639442913234, -0.00210301880725, 0.00282674329355], [-0.00200495077297, 0.00575925689191, -0.00586392916739, 0.0029306630604, -0.00490750279278, 0.0166529789567, -0.0091189770028, 0.00283555011265, -0.00184987974353, 0.00358745804988, -0.00419220747426, 0.00449858279899, -0.00385240465403], [0.00226377462968, -0.00467583583668, 0.0070674335584, -0.00318858539686, 0.00145433854777, -0.0091189770028, 0.0180888976902, -0.00585069414228, 0.00157206121366, -0.00078437407501, 0.0057293814607, -0.00456166965887, 0.00411327416077], [-0.00164643628523, 0.00373207218945, -0.00488563114777, 0.00360349891707, -0.00306922127493, 0.00283555011265, -0.00585069414228, 0.0173328239471, -0.0047166114673, 0.00144249282312, -0.00325863389298, 0.00498796859756, -0.00387823116034], [0.00166488543618, -0.00393746001646, 0.00230505922809, -0.00658721243963, 0.00694716116413, -0.00184987974353, 0.00157206121366, -0.0047166114673, 0.018125237897, -0.00960479676723, 0.00396719109267, -0.00238507450558, 0.00672360463068], [-0.00155491696205, 0.00522502698004, -0.00189225748181, 0.00390712404624, -0.00910922046751, 0.00358745804988, -0.00078437407501, 0.00144249282312, -0.00960479676723, 0.0265683252364, -0.00928310863674, 0.00530184945092, -0.00101320166141], [0.00208685267717, -0.00523342797533, 0.00481538521126, -0.002090387512, 0.00639442913234, -0.00419220747426, 0.0057293814607, -0.00325863389298, 0.00396719109267, -0.00928310863674, 0.0252345819026, -0.0118440622464, 0.00730611756444], [-0.00148188869935, 0.0048227882944, -0.00445214798674, 0.00086433859542, -0.00210301880725, 0.00449858279899, -0.00456166965887, 0.00498796859756, -0.00238507450558, 0.00530184945092, -0.0118440622464, 0.0265577509999, -0.00866305362433], [0.0019638070371, -0.00476251961663, 0.00330619490705, -0.00640496052802, 0.00282674329355, -0.00385240465403, 0.00411327416077, -0.00387823116034, 0.00672360463068, -0.00101320166141, 0.00730611756444, -0.00866305362433, 0.0234116502106]]
    },
    "melbands": {
        "mean": [0.00011317870667, 0.000623054627795, 0.000814337690827, 0.00103606376797, 0.00078272697283, 0.00054942665156, 0.000988591229543, 0.000866325688548, 0.000526541785803, 0.000349463167368, 0.000223506198381, 0.000275664438959, 0.000163797638379, 8.81057494553e-005, 0.000122764875414, 6.81891615386e-005, 5.29560529685e-005, 5.42602101632e-005, 3.34653959726e-005, 5.79906736675e-005, 6.53483730275e-005, 2.03656418307e-005, 1.69057602761e-005, 1.0853207641e-005, 8.11556037661e-006, 9.3251483122e-006, 8.40355005494e-006, 3.59476507583e-006, 2.06961908589e-006, 1.38423172302e-006, 1.25483995816e-006, 1.21551204302e-006, 1.52586210334e-006, 1.64460732321e-006, 1.40234408263e-006, 1.2187192624e-006, 1.01577484202e-006, 7.44896226479e-007, 7.46621026337e-007, 6.47371393825e-007],
        "var": [9.80024736918e-008, 3.92712877328e-007, 4.93743527841e-007, 8.12710823084e-007, 4.37759638316e-007, 5.65124423701e-007, 1.72691841271e-006, 2.19108846977e-006, 7.93768094809e-007, 2.87346750838e-007, 7.44549311094e-008, 1.3618735295e-007, 1.39519073628e-007, 1.88754754049e-008, 7.21113622149e-008, 1.65111675443e-008, 7.93172461044e-009, 7.52696660555e-009, 1.43371692296e-009, 1.77832204518e-009, 2.99174773843e-009, 3.20905774176e-010, 2.82557172104e-010, 1.19705426127e-010, 7.09552278044e-011, 5.93968346729e-011, 4.68103750206e-011, 8.63071506624e-012, 4.01266433275e-012, 2.91147683219e-012, 2.36481320637e-012, 3.9166894554e-012, 8.50405596636e-012, 1.26851298562e-011, 1.4312756709e-011, 1.96804326308e-011, 1.17448863135e-011, 6.80450140678e-012, 1.11260844288e-011, 7.29851335618e-012]
    },
    "mfcc": {
        "mean": [-618.852172852, 148.686264038, -22.2906761169, 13.6349563599, -6.91753387451, -7.37966871262, -14.0012979507, 0.98963779211, -5.76544284821, -1.25923097134, -10.375787735, -6.31030893326, 3.59056186676],
        "cov": [[1710.04443359, -570.075561523, 277.523986816, -266.447021484, 22.8089866638, -70.1408615112, -79.5006027222, 12.4333515167, -110.987037659, 78.3201141357, 69.7910232544, 57.6502456665, -97.4930877686], [-570.075561523, 785.120239258, -374.10635376, 240.007049561, -52.0953102112, 36.3205947876, 51.5426177979, -19.1226119995, 34.285358429, -22.5525951385, -32.5642433167, -36.3666419983, 47.4587020874], [277.523986816, -374.10635376, 428.192443848, -139.567596436, 84.6474456787, -29.1884460449, -42.8536682129, 30.7647190094, -10.2655735016, 8.00239276886, -2.65918731689, 16.2398986816, -15.1234445572], [-266.447021484, 240.007049561, -139.567596436, 235.207839966, 9.88891983032, 35.9514083862, 3.91145658493, -3.70878624916, 46.9515266418, -21.6758556366, -26.7712154388, -18.7536563873, 55.454624176], [22.8089866638, -52.0953102112, 84.6474456787, 9.88891983032, 108.969032288, 4.21348953247, -1.75029695034, -10.8501596451, 11.5781059265, 4.08787727356, -5.37686443329, -3.37121558189, 2.62606692314], [-70.1408615112, 36.3205947876, -29.1884460449, 35.9514083862, 4.21348953247, 105.567939758, 24.1244621277, 8.43196964264, 27.458650589, -8.10701370239, 7.87680387497, -15.0371179581, 2.04230666161], [-79.5006027222, 51.5426177979, -42.8536682129, 3.91145658493, -1.75029695034, 24.1244621277, 115.617027283, 15.4312925339, 31.5653629303, -16.0786972046, -14.4835176468, -8.86545658112, -7.6208357811], [12.4333515167, -19.1226119995, 30.7647190094, -3.70878624916, -10.8501596451, 8.43196964264, 15.4312925339, 81.7605209351, 11.4869651794, 5.39716529846, -4.49943399429, -0.532002985477, 1.85748839378], [-110.987037659, 34.285358429, -10.2655735016, 46.9515266418, 11.5781059265, 27.458650589, 31.5653629303, 11.4869651794, 119.83971405, 6.64388132095, -2.20600414276, -21.990858078, 8.80307579041], [78.3201141357, -22.5525951385, 8.00239276886, -21.6758556366, 4.08787727356, -8.10701370239, -16.0786972046, 5.39716529846, 6.64388132095, 74.2143936157, 33.9746017456, 11.0080709457, -16.3680896759], [69.7910232544, -32.5642433167, -2.65918731689, -26.7712154388, -5.37686443329, 7.87680387497, -14.4835176468, -4.49943399429, -2.20600414276, 33.9746017456, 82.0655975342, 18.2190933228, -11.8140325546], [57.6502456665, -36.3666419983, 16.2398986816, -18.7536563873, -3.37121558189, -15.0371179581, -8.86545658112, -0.532002985477, -21.990858078, 11.0080709457, 18.2190933228, 59.0789108276, 12.4351024628], [-97.4930877686, 47.4587020874, -15.1234445572, 55.454624176, 2.62606692314, 2.04230666161, -7.6208357811, 1.85748839378, 8.80307579041, -16.3680896759, -11.8140325546, 12.4351024628, 77.2330627441]],
        "icov": [[0.000889428134542, 0.000474958447739, -7.80983191362e-006, 0.00017744959041, -4.71585990454e-005, 0.000133198511321, 0.00017783792282, -0.000126320403069, 0.000489820085932, -0.000486785516841, -0.000144282326801, -0.000265355600277, 0.000582275097258], [0.000474958447739, 0.00293500814587, 0.00169884564821, -0.00156205531675, 0.000102419573523, 0.000290645693894, -0.000518055108842, -3.06787369482e-005, 0.000583118002396, -0.000641175080091, 0.000322954147123, 0.000633021409158, -6.61482627038e-005], [-7.80983191362e-006, 0.00169884564821, 0.00562123488635, 0.00212440080941, -0.00384981231764, 0.000325710570905, 0.00186378834769, -0.00238128588535, -0.000864225090481, 0.000867202354129, 0.00108766707126, -0.000387603940908, -0.000603865890298], [0.00017744959041, -0.00156205531675, 0.00212440080941, 0.00934825185686, -0.002872757148, -0.00159196229652, 0.00247655645944, -0.000993183813989, -0.00246008741669, 0.00100364966784, 0.00156734266784, 0.000302462867694, -0.00402015773579], [-4.71585990454e-005, 0.000102419573523, -0.00384981231764, -0.002872757148, 0.0129779055715, -0.000650355068501, -0.00173083879054, 0.00363945029676, 8.32790010463e-006, -0.00213447399437, 0.000521183887031, 0.000844744383357, -5.62142440685e-006], [0.000133198511321, 0.000290645693894, 0.000325710570905, -0.00159196229652, -0.000650355068501, 0.0116080781445, -0.00179257313721, -0.00123232894111, -0.00108676846139, 0.00179749762174, -0.00326781813055, 0.00227488973178, 0.000402968173148], [0.00017783792282, -0.000518055108842, 0.00186378834769, 0.00247655645944, -0.00173083879054, -0.00179257313721, 0.0119087193161, -0.00270382454619, -0.00343026826158, 0.00303584523499, 0.00189478951506, -0.00188040779904, 0.00210290309042], [-0.000126320403069, -3.06787369482e-005, -0.00238128588535, -0.000993183813989, 0.00363945029676, -0.00123232894111, -0.00270382454619, 0.014540293254, -0.000388674554415, -0.00268720183522, 0.00128338485956, 0.000226649033721, -0.000966810854152], [0.000489820085932, 0.000583118002396, -0.000864225090481, -0.00246008741669, 8.32790010463e-006, -0.00108676846139, -0.00343026826158, -0.000388674554415, 0.0117190200835, -0.0033034356311, -0.000945665815379, 0.00408222759143, -0.00128129182849], [-0.000486785516841, -0.000641175080091, 0.000867202354129, 0.00100364966784, -0.00213447399437, 0.00179749762174, 0.00303584523499, -0.00268720183522, -0.0033034356311, 0.0196284856647, -0.0065043605864, -0.00271035241894, 0.00359577243216], [-0.000144282326801, 0.000322954147123, 0.00108766707126, 0.00156734266784, 0.000521183887031, -0.00326781813055, 0.00189478951506, 0.00128338485956, -0.000945665815379, -0.0065043605864, 0.0176263451576, -0.00478099007159, 0.00112713023555], [-0.000265355600277, 0.000633021409158, -0.000387603940908, 0.000302462867694, 0.000844744383357, 0.00227488973178, -0.00188040779904, 0.000226649033721, 0.00408222759143, -0.00271035241894, -0.00478099007159, 0.0230506025255, -0.00677924789488], [0.000582275097258, -6.61482627038e-005, -0.000603865890298, -0.00402015773579, -5.62142440685e-006, 0.000402968173148, 0.00210290309042, -0.000966810854152, -0.00128129182849, 0.00359577243216, 0.00112713023555, -0.00677924789488, 0.0188840907067]]
    },
    "spectral_contrast_coeffs": {
        "mean": [-0.562680602074, -0.720576941967, -0.758516132832, -0.767109394073, -0.78161919117, -0.739721179008],
        "var": [0.0046689840965, 0.00467116152868, 0.00242011016235, 0.00139197462704, 0.000698325806297, 0.00197435822338]
    },
    "spectral_contrast_valleys": {
        "mean": [-7.52022647858, -5.96565055847, -6.59421110153, -7.1057934761, -7.31650304794, -10.7090806961],
        "var": [0.942588686943, 0.941106498241, 0.861283242702, 0.838901877403, 0.821324825287, 1.5085144043]
    }
},
"metadata": {
    "audio_properties": {
        "analysis_sample_rate": 44100,
        "bit_rate": 108657,
        "equal_loudness": 0,
        "length": 45.0873451233,
        "lossless": 0,
        "replay_gain": -19.4503688812,
        "sample_rate": 44100,
        "codec": "mp3",
        "downmix": "mix",
        "md5_encoded": "c0b5c02bc888d288b92589a7b907c4ab"
    },
    "tags": {
        "file_name": "92.mp3"
    },
    "version": {
        "essentia": "2.1-beta2",
        "essentia_git_sha": "v2.1_beta2",
        "extractor": "music 1.0"
    }
},
"rhythm": {
    "beats_count": 76,
    "beats_loudness": {
        "mean": 0.0329857841134,
        "var": 0.000141862154123
    },
    "bpm": 101.575836182,
    "bpm_histogram_first_peak_bpm": {
        "mean": 101,
        "var": 0
    },
    "bpm_histogram_first_peak_spread": {
        "mean": 0.519999980927,
        "var": 0
    },
    "bpm_histogram_first_peak_weight": {
        "mean": 0.479999989271,
        "var": 0
    },
    "bpm_histogram_second_peak_bpm": {
        "mean": 0,
        "var": 0
    },
    "bpm_histogram_second_peak_spread": {
        "mean": 0,
        "var": 0
    },
    "bpm_histogram_second_peak_weight": {
        "mean": 0,
        "var": 0
    },
    "danceability": 1.06823849678,
    "onset_rate": 1.84016048908,
    "beats_loudness_band_ratio": {
        "mean": [0.178394794464, 0.267071992159, 0.343307733536, 0.1421405375, 0.0868419110775, 0.0309056602418],
        "var": [0.0156135885045, 0.0264469441026, 0.0287623256445, 0.00749914208427, 0.00258729769848, 0.00146921153646]
    },
    "beats_position": [0.580498874187, 1.17260766029, 1.764716506, 2.36843538284, 2.97215414047, 3.5758728981, 4.17959165573, 4.78331041336, 5.39863920212, 6.01396799088, 6.6176867485, 7.20979595184, 7.80190467834, 8.38240337372, 8.98612213135, 9.57823085785, 10.1703395844, 10.7624483109, 11.354557991, 11.9466667175, 12.538775444, 13.1192741394, 13.6997728348, 14.2802715302, 14.8723802567, 15.4644899368, 16.0449886322, 16.637096405, 17.2292060852, 17.8213157654, 18.4134235382, 18.9939231873, 19.574420929, 20.154920578, 20.7470283508, 21.339138031, 21.942855835, 22.5349655151, 23.1270751953, 23.707572937, 24.2996826172, 24.8685703278, 25.4839000702, 26.0992279053, 26.7029476166, 27.2950553894, 27.8987751007, 28.4908847809, 29.0713825226, 29.6518821716, 30.2207698822, 30.8012695313, 31.3817672729, 31.962266922, 32.5311546326, 33.111656189, 33.7037620544, 34.2958717346, 34.8763694763, 35.4568710327, 36.0489807129, 36.6410865784, 37.2215881348, 37.8136940002, 38.3941955566, 38.9863014221, 39.5668029785, 40.1589126587, 40.7510185242, 41.3315200806, 41.923625946, 42.5157356262, 43.1078453064, 43.6999549866, 44.3036727905, 44.8957824707]
},
"tonal": {
    "chords_changes_rate": 0.0637860074639,
    "chords_number_rate": 0.0133744860068,
    "chords_strength": {
        "mean": 0.510538637638,
        "var": 0.00905274040997
    },
    "hpcp_entropy": {
        "mean": 2.04828667641,
        "var": 0.513140976429
    },
    "key_strength": 0.713829338551,
    "tuning_diatonic_strength": 0.59363079071,
    "tuning_equal_tempered_deviation": 0.0470293425024,
    "tuning_frequency": 446.142181396,
    "tuning_nontempered_energy_ratio": 0.703087449074,
    "hpcp": {
        "mean": [0.389239728451, 0.265542238951, 0.0978573635221, 0.0631577670574, 0.0963550433517, 0.324389129877, 0.450303971767, 0.253244370222, 0.107997715473, 0.0939636602998, 0.110446825624, 0.174490600824, 0.192314997315, 0.144928902388, 0.169059753418, 0.219187408686, 0.165903806686, 0.115901261568, 0.118760958314, 0.142707332969, 0.227917209268, 0.239354670048, 0.150060340762, 0.0921477377415, 0.0742804855108, 0.0742475539446, 0.130432367325, 0.174630403519, 0.13207231462, 0.114067643881, 0.123351424932, 0.109356693923, 0.167047053576, 0.236339762807, 0.205749213696, 0.271493494511],
        "var": [0.145903795958, 0.0836331918836, 0.0195131897926, 0.0123188011348, 0.019829839468, 0.0956138670444, 0.148112475872, 0.0641152188182, 0.0228451415896, 0.0162612907588, 0.0214208252728, 0.0499503798783, 0.0631865411997, 0.0421886369586, 0.0454656556249, 0.0768240988255, 0.0495594330132, 0.0283894110471, 0.0316181331873, 0.0367479920387, 0.0613509304821, 0.0650218650699, 0.0410432182252, 0.0237299539149, 0.0146627621725, 0.0165326856077, 0.0296448785812, 0.0444076359272, 0.0305656418204, 0.0336877442896, 0.0452263355255, 0.0305889733136, 0.0427679196, 0.079753741622, 0.0609621219337, 0.0777823328972]
    },
    "chords_histogram": [25.6172847748, 3.18930029869, 13.9917697906, 14.3004112244, 3.29218101501, 0, 0, 0, 0, 0, 3.49794244766, 0, 1.23456788063, 0, 0, 3.08641982079, 0, 0.925925910473, 0, 3.80658435822, 2.57201647758, 11.5226335526, 9.87654304504, 3.08641982079],
    "thpcp": [1, 0.562385380268, 0.239832922816, 0.208667173982, 0.245271712542, 0.387495130301, 0.427078157663, 0.321846812963, 0.375434726477, 0.486754328012, 0.368426263332, 0.257384508848, 0.263735085726, 0.316913336515, 0.506140768528, 0.531540215015, 0.333242326975, 0.204634517431, 0.164956316352, 0.164883181453, 0.289654046297, 0.387805610895, 0.293295919895, 0.253312528133, 0.273929238319, 0.242850825191, 0.370965093374, 0.524844944477, 0.456911832094, 0.60291159153, 0.864393293858, 0.589695513248, 0.217314019799, 0.140255853534, 0.213977783918, 0.720378100872],
    "chords_key": "A",
    "chords_scale": "major",
    "key_key": "A",
    "key_scale": "major"
}
}