{
"lowlevel": {
    "average_loudness": 0.972222864628,
    "barkbands_crest": {
        "mean": 10.2176303864,
        "var": 18.6825027466
    },
    "barkbands_flatness_db": {
        "mean": 0.182588130236,
        "var": 0.00436934037134
    },
    "barkbands_kurtosis": {
        "mean": 6.63545131683,
        "var": 263.261352539
    },
    "barkbands_skewness": {
        "mean": 1.74950122833,
        "var": 1.91784346104
    },
    "barkbands_spread": {
        "mean": 13.6335010529,
        "var": 126.372772217
    },
    "dissonance": {
        "mean": 0.444896221161,
        "var": 0.00184907903895
    },
    "dynamic_complexity": 3.62071633339,
    "erbbands_crest": {
        "mean": 8.94114303589,
        "var": 14.5863990784
    },
    "erbbands_flatness_db": {
        "mean": 0.17597605288,
        "var": 0.0034614528995
    },
    "erbbands_kurtosis": {
        "mean": 1.5053602457,
        "var": 7.38447952271
    },
    "erbbands_skewness": {
        "mean": 0.46516802907,
        "var": 0.687810897827
    },
    "erbbands_spread": {
        "mean": 28.3890571594,
        "var": 274.726074219
    },
    "hfc": {
        "mean": 14.6169290543,
        "var": 172.02532959
    },
    "melbands_crest": {
        "mean": 13.483338356,
        "var": 24.4956550598
    },
    "melbands_flatness_db": {
        "mean": 0.275032877922,
        "var": 0.00682669086382
    },
    "melbands_kurtosis": {
        "mean": 14.214805603,
        "var": 1603.99633789
    },
    "melbands_skewness": {
        "mean": 2.50576591492,
        "var": 2.8670167923
    },
    "melbands_spread": {
        "mean": 14.2587566376,
        "var": 154.793136597
    },
    "pitch_salience": {
        "mean": 0.604138255119,
        "var": 0.016937835142
    },
    "silence_rate_20dB": {
        "mean": 1,
        "var": 0
    },
    "silence_rate_30dB": {
        "mean": 0.956745624542,
        "var": 0.0413823723793
    },
    "silence_rate_60dB": {
        "mean": 0.0535530373454,
        "var": 0.0506856366992
    },
    "spectral_centroid": {
        "mean": 792.921813965,
        "var": 326631.625
    },
    "spectral_complexity": {
        "mean": 15.5988674164,
        "var": 70.3031845093
    },
    "spectral_decrease": {
        "mean": -9.60394608285e-009,
        "var": 8.55962990624e-017
    },
    "spectral_energy": {
        "mean": 0.0375733487308,
        "var": 0.00127860519569
    },
    "spectral_energyband_high": {
        "mean": 0.000302771950373,
        "var": 3.05277666257e-007
    },
    "spectral_energyband_low": {
        "mean": 0.0187273062766,
        "var": 0.000784246949479
    },
    "spectral_energyband_middle_high": {
        "mean": 0.00449922308326,
        "var": 2.42456808337e-005
    },
    "spectral_energyband_middle_low": {
        "mean": 0.0155978621915,
        "var": 0.000265311711701
    },
    "spectral_entropy": {
        "mean": 7.10555362701,
        "var": 0.373787462711
    },
    "spectral_flux": {
        "mean": 0.103125944734,
        "var": 0.00531220668927
    },
    "spectral_kurtosis": {
        "mean": 11.8378772736,
        "var": 122.726722717
    },
    "spectral_rms": {
        "mean": 0.0054652155377,
        "var": 6.78830656398e-006
    },
    "spectral_rolloff": {
        "mean": 858.233215332,
        "var": 1674175.625
    },
    "spectral_skewness": {
        "mean": 2.48373103142,
        "var": 1.08950340748
    },
    "spectral_spread": {
        "mean": 3812529.5,
        "var": 4.3613529047e+012
    },
    "spectral_strongpeak": {
        "mean": 0.580023705959,
        "var": 0.512687683105
    },
    "zerocrossingrate": {
        "mean": 0.0367981009185,
        "var": 0.00109396118205
    },
    "barkbands": {
        "mean": [0.000380525481887, 0.0131513783708, 0.00380237190984, 0.00310791167431, 0.00618674932048, 0.00251632952131, 0.00158268411178, 0.00092820165446, 0.00103468250018, 0.00102139217779, 0.000573489407543, 0.000941413280088, 0.000684124068357, 0.000360952486517, 0.00026988965692, 0.000298079103231, 0.000172324304003, 0.000124457510537, 9.95408699964e-005, 6.84707119945e-005, 7.62529380154e-005, 4.80850903841e-005, 4.63213218609e-005, 3.74150913558e-005, 3.61412894563e-005, 2.29310389841e-005, 1.20910885926e-006],
        "var": [4.46751840855e-007, 0.000568769231904, 3.01267227769e-005, 1.64783759828e-005, 0.000153390647029, 7.81507333159e-006, 3.37992150889e-006, 2.00734348255e-006, 2.35343327404e-006, 2.4800860956e-006, 1.24338953356e-006, 2.77789035863e-006, 1.51111828472e-006, 5.18677552463e-007, 3.45989150219e-007, 8.69604264153e-007, 2.08628364362e-007, 5.22236440759e-008, 3.2617080592e-008, 1.43441489797e-008, 3.65433052707e-008, 1.11618820853e-008, 9.06940744727e-009, 4.94895413539e-009, 4.9713921868e-009, 2.0623849295e-009, 1.05757971824e-011]
    },
    "erbbands": {
        "mean": [0.370300740004, 2.95187330246, 4.80915975571, 7.57986211777, 13.5543909073, 25.9966049194, 18.9696846008, 21.6216678619, 22.0058231354, 22.9421730042, 18.6557655334, 24.010137558, 28.0814418793, 30.6580448151, 25.3358230591, 39.7097816467, 35.678894043, 19.4953804016, 16.8372039795, 15.2355661392, 14.0020780563, 9.48916244507, 6.64163541794, 5.91604614258, 4.72229194641, 3.32463645935, 2.99479985237, 2.90455102921, 1.73709797859, 1.54115688801, 1.32240664959, 0.867426097393, 0.578586697578, 0.384491115808, 0.264301359653, 0.133514598012, 0.0356128327549, 0.00527353398502, 0.00015747184807, 4.67133431812e-005],
        "var": [0.440060943365, 30.047744751, 51.7042045593, 75.4624252319, 323.257110596, 3932.82275391, 480.368499756, 583.620544434, 705.208496094, 696.093017578, 676.019348145, 1299.70935059, 1738.72338867, 2335.01611328, 3041.90087891, 4147.29296875, 3502.07739258, 1323.82971191, 976.204345703, 1406.98803711, 1276.72570801, 564.580200195, 149.578582764, 100.17993927, 81.5757446289, 32.7368583679, 37.1014671326, 77.5256347656, 14.9937639236, 11.1258001328, 7.04210567474, 2.96155023575, 1.11102497578, 0.550339519978, 0.28079906106, 0.0706819668412, 0.00526730762795, 0.000137583527248, 1.14135048079e-007, 2.02752903355e-009]
    },
    "gfcc": {
        "mean": [-39.1677398682, 131.71333313, -94.4327468872, 19.6998233795, -47.7601890564, 17.3127937317, -35.6474533081, 5.55862379074, -24.2096328735, 4.56654930115, -12.1030311584, 0.999049127102, -9.62599849701],
        "cov": [[15542.5166016, -321.086791992, -1003.94555664, 187.231262207, -356.632476807, 421.689056396, -120.49571991, 96.1345977783, -401.78717041, 91.2493972778, -144.575546265, 190.764373779, -105.59198761], [-321.086791992, 1904.85852051, 37.2275161743, -421.220062256, 188.030059814, -341.307617188, 114.377616882, -75.9928970337, 220.48135376, -212.722930908, 166.838607788, -201.334213257, 119.054145813], [-1003.94555664, 37.2275161743, 1114.99951172, 103.472869873, -95.7954406738, 33.1800231934, 6.26125192642, 38.2627906799, 10.8229169846, 90.6993103027, -32.0188751221, 28.2960700989, -21.5266227722], [187.231262207, -421.220062256, 103.472869873, 438.523223877, 53.5209693909, 121.843109131, 6.14539146423, -20.5452289581, -33.0006408691, 62.5817222595, -5.7747168541, 35.531375885, 2.70335578918], [-356.632476807, 188.030059814, -95.7954406738, 53.5209693909, 274.584747314, 21.4472541809, 27.9828777313, -25.5846557617, 24.1411705017, -35.0023612976, 47.8601074219, -13.9991264343, 23.5757732391], [421.689056396, -341.307617188, 33.1800231934, 121.843109131, 21.4472541809, 226.266860962, 43.0509300232, 8.80231380463, -56.6467285156, 61.5751838684, -15.5730447769, 48.8659896851, -20.629693985], [-120.49571991, 114.377616882, 6.26125192642, 6.14539146423, 27.9828777313, 43.0509300232, 168.853469849, 40.8312225342, 10.2818107605, -9.92877292633, 29.8004455566, -3.14055132866, 18.0940876007], [96.1345977783, -75.9928970337, 38.2627906799, -20.5452289581, -25.5846557617, 8.80231380463, 40.8312225342, 116.933807373, 16.1989994049, 8.56049346924, -9.43060779572, 22.1203174591, -3.53121995926], [-401.78717041, 220.48135376, 10.8229169846, -33.0006408691, 24.1411705017, -56.6467285156, 10.2818107605, 16.1989994049, 144.919952393, 20.4926872253, 21.1455173492, -50.8717689514, 20.6501998901], [91.2493972778, -212.722930908, 90.6993103027, 62.5817222595, -35.0023612976, 61.5751838684, -9.92877292633, 8.56049346924, 20.4926872253, 128.667190552, 2.88901567459, 12.0987434387, -30.6254062653], [-144.575546265, 166.838607788, -32.0188751221, -5.7747168541, 47.8601074219, -15.5730447769, 29.8004455566, -9.43060779572, 21.1455173492, 2.88901567459, 103.976638794, 6.43541145325, 7.60090875626], [190.764373779, -201.334213257, 28.2960700989, 35.531375885, -13.9991264343, 48.8659896851, -3.14055132866, 22.1203174591, -50.8717689514, 12.0987434387, 6.43541145325, 92.2149047852, 2.94191884995], [-105.59198761, 119.054145813, -21.5266227722, 2.70335578918, 23.5757732391, -20.629693985, 18.0940876007, -3.53121995926, 20.6501998901, -30.6254062653, 7.60090875626, 2.94191884995, 74.8828811646]],
        "icov": [[0.000130515865749, -0.000424526660936, 0.000281755725155, -0.000335312623065, 0.000342378625646, -0.000416831404436, 0.000363168277545, -0.000459396222141, 0.000515835476108, -0.000468258745968, 0.000482610659674, -0.000454516441096, 0.000255152903264], [-0.000424526660936, 0.00377495423891, -0.00166077399626, 0.00274136709049, -0.00197900412604, 0.00250704353675, -0.0023963006679, 0.00293622515164, -0.0030540744774, 0.00385077972896, -0.00434254296124, 0.00434999587014, -0.00245850603096], [0.000281755725155, -0.00166077399626, 0.00184435083065, -0.00146762980148, 0.00125818827655, -0.00105081952643, 0.000969849294052, -0.00155491533224, 0.00139114283957, -0.00229766825214, 0.00221815169789, -0.00217848760076, 0.00116472237278], [-0.000335312623065, 0.00274136709049, -0.00146762980148, 0.00500541506335, -0.00221656309441, 0.000795394415036, -0.00168905500323, 0.00275588151999, -0.00178745773155, 0.00151497521438, -0.0028220184613, 0.00282197934575, -0.0026906891726], [0.000342378625646, -0.00197900412604, 0.00125818827655, -0.00221656309441, 0.00610481202602, -0.00293566356413, 0.00145418581087, -0.00107190082781, 0.000485979253426, 0.000219716181164, 7.4984774983e-005, -0.00156821147539, 0.000948012806475], [-0.000416831404436, 0.00250704353675, -0.00105081952643, 0.000795394415036, -0.00293566356413, 0.0101530365646, -0.00473015196621, 0.00274571799673, 0.000135911919642, -0.00155834585894, -0.000350865535438, 2.77980016108e-005, -0.000550955941435], [0.000363168277545, -0.0023963006679, 0.000969849294052, -0.00168905500323, 0.00145418581087, -0.00473015196621, 0.0102252187207, -0.0058194748126, 0.00253188190982, -0.000873630808201, -0.000737149093766, 0.000431266700616, -0.000842048495542], [-0.000459396222141, 0.00293622515164, -0.00155491533224, 0.00275588151999, -0.00107190082781, 0.00274571799673, -0.0058194748126, 0.0144698685035, -0.00624422449619, 0.00327151943929, -0.000503882998601, -0.0023661069572, 0.000523951544892], [0.000515835476108, -0.0030540744774, 0.00139114283957, -0.00178745773155, 0.000485979253426, 0.000135911919642, 0.00253188190982, -0.00624422449619, 0.0157616417855, -0.00849777553231, 0.00146621046588, 0.00391919910908, -0.0030991283711], [-0.000468258745968, 0.00385077972896, -0.00229766825214, 0.00151497521438, 0.000219716181164, -0.00155834585894, -0.000873630808201, 0.00327151943929, -0.00849777553231, 0.0176874566823, -0.0063646659255, 0.00289862882346, 0.00247847847641], [0.000482610659674, -0.00434254296124, 0.00221815169789, -0.0028220184613, 7.4984774983e-005, -0.000350865535438, -0.000737149093766, -0.000503882998601, 0.00146621046588, -0.0063646659255, 0.0180446151644, -0.00951929762959, 0.00389327900484], [-0.000454516441096, 0.00434999587014, -0.00217848760076, 0.00282197934575, -0.00156821147539, 2.77980016108e-005, 0.000431266700616, -0.0023661069572, 0.00391919910908, 0.00289862882346, -0.00951929762959, 0.0238895788789, -0.00786698423326], [0.000255152903264, -0.00245850603096, 0.00116472237278, -0.0026906891726, 0.000948012806475, -0.000550955941435, -0.000842048495542, 0.000523951544892, -0.0030991283711, 0.00247847847641, 0.00389327900484, -0.00786698423326, 0.0196147300303]]
    },
    "melbands": {
        "mean": [0.00358009384945, 0.00307594100013, 0.00148319033906, 0.00148524914403, 0.000787127937656, 0.000485433847643, 0.000329969945597, 0.000245704577537, 0.000148998267832, 0.000149196741404, 0.000141171025462, 0.000128011728521, 8.1301703176e-005, 8.68386559887e-005, 0.00011636770796, 5.70635202166e-005, 3.39099642588e-005, 2.81726843241e-005, 1.89727525139e-005, 2.32009588217e-005, 1.46525289892e-005, 1.06847974166e-005, 5.91804564465e-006, 6.3250868152e-006, 4.54682913187e-006, 3.89187516703e-006, 2.60464412349e-006, 2.10434654946e-006, 1.82812743788e-006, 1.74601166236e-006, 1.66596737472e-006, 9.44204714415e-007, 9.20925117498e-007, 8.24907544938e-007, 7.82054144111e-007, 6.34851801351e-007, 4.90020681809e-007, 4.1840272047e-007, 3.39023671359e-007, 3.17303516795e-007],
        "var": [4.20566721004e-005, 2.35816060012e-005, 2.57243664237e-006, 1.0026063137e-005, 1.10443568246e-006, 2.84671017425e-007, 1.55656522338e-007, 8.951016639e-008, 4.14437764107e-008, 5.26854257998e-008, 4.63775648996e-008, 4.04935178722e-008, 2.68414783733e-008, 2.81789631629e-008, 3.78247300148e-008, 1.21650245433e-008, 4.81945772179e-009, 2.81275025493e-009, 1.9287895725e-009, 7.09783076758e-009, 1.45119294359e-009, 9.07184771748e-010, 1.27112403936e-010, 1.4621030775e-010, 6.31906818538e-011, 6.060427854e-011, 2.3676755001e-011, 1.34162628923e-011, 1.44480365172e-011, 1.42584026183e-011, 3.57667159778e-011, 5.37015874477e-012, 3.63464380121e-012, 3.52010413006e-012, 2.66454957057e-012, 1.51913193396e-012, 1.06175474229e-012, 6.19709633002e-013, 4.0433905139e-013, 4.03864794255e-013]
    },
    "mfcc": {
        "mean": [-687.968811035, 165.678344727, 12.2677049637, 16.111907959, 8.96590518951, 10.3825073242, 3.88924264908, 1.677120924, -2.80081725121, 0.539180338383, -0.424683690071, 1.58232152462, 0.488039553165],
        "cov": [[11227.1181641, -314.633575439, -516.079833984, -116.987724304, -156.566238403, 175.053985596, 172.828277588, 121.111709595, -115.315498352, -88.8836975098, -102.485237122, -30.8827056885, -85.6835861206], [-314.633575439, 2353.35986328, -23.1879501343, -83.4496765137, 23.3030185699, -244.835861206, -96.631652832, -1.33109498024, -4.1185002327, 14.7930660248, 37.213684082, -10.3473157883, -17.909576416], [-516.079833984, -23.1879501343, 932.871276855, 119.967842102, -10.2212638855, 39.3568229675, 2.57936096191, -43.8162727356, 31.811504364, 31.5288791656, 29.7577819824, 12.5929002762, 0.677185833454], [-116.987724304, -83.4496765137, 119.967842102, 267.342651367, 77.9770812988, 56.2642364502, 23.7907428741, 0.030258057639, 4.88974285126, 11.4331073761, -7.85975980759, 9.96586322784, 29.3447284698], [-156.566238403, 23.3030185699, -10.2212638855, 77.9770812988, 207.980621338, 62.839466095, -3.46850442886, -8.08803367615, -7.45504665375, -6.93352365494, -2.51029896736, 2.73474049568, 25.0496959686], [175.053985596, -244.835861206, 39.3568229675, 56.2642364502, 62.839466095, 217.271453857, 77.9583511353, -11.9985656738, -0.000550136319362, 5.70270824432, 3.21552276611, 23.3616733551, 16.239068985], [172.828277588, -96.631652832, 2.57936096191, 23.7907428741, -3.46850442886, 77.9583511353, 173.065505981, 68.3491439819, -5.70027494431, -15.4691267014, -5.16804122925, 14.4147081375, 22.0213565826], [121.111709595, -1.33109498024, -43.8162727356, 0.030258057639, -8.08803367615, -11.9985656738, 68.3491439819, 119.464241028, 26.0776004791, -20.7986793518, -12.9925956726, -4.17796897888, 10.9227256775], [-115.315498352, -4.1185002327, 31.811504364, 4.88974285126, -7.45504665375, -0.000550136319362, -5.70027494431, 26.0776004791, 106.141357422, 34.2285461426, -1.94944477081, -3.49533057213, -3.78729295731], [-88.8836975098, 14.7930660248, 31.5288791656, 11.4331073761, -6.93352365494, 5.70270824432, -15.4691267014, -20.7986793518, 34.2285461426, 101.585128784, 41.4613075256, -3.68567180634, -13.8096342087], [-102.485237122, 37.213684082, 29.7577819824, -7.85975980759, -2.51029896736, 3.21552276611, -5.16804122925, -12.9925956726, -1.94944477081, 41.4613075256, 100.921043396, 33.7769927979, -12.0172452927], [-30.8827056885, -10.3473157883, 12.5929002762, 9.96586322784, 2.73474049568, 23.3616733551, 14.4147081375, -4.17796897888, -3.49533057213, -3.68567180634, 33.7769927979, 95.9428024292, 36.6515197754], [-85.6835861206, -17.909576416, 0.677185833454, 29.3447284698, 25.0496959686, 16.239068985, 22.0213565826, 10.9227256775, -3.78729295731, -13.8096342087, -12.0172452927, 36.6515197754, 93.9798736572]],
        "icov": [[9.94647998596e-005, -1.83597126124e-006, 4.69522710773e-005, 9.74572685664e-006, 0.000101583529613, -0.000139121970278, 6.81365099808e-006, -0.000130148997414, 0.000145005309605, -2.01148450287e-005, 0.000118468538858, -3.80496203434e-005, 0.000130321408506], [-1.83597126124e-006, 0.000500925118104, -2.5564837415e-005, 0.000122826269944, -0.000312218384352, 0.000665665080305, -7.00816599419e-005, 4.82057039335e-005, 5.58702049602e-006, -8.43367379275e-005, -0.000136563554406, -6.27473928034e-005, 2.94762230624e-005], [4.69522710773e-005, -2.5564837415e-005, 0.00123946100939, -0.000624979147688, 0.000378249416826, -0.000149762141518, -0.000190887541976, 0.000628368172329, -0.000498850247823, 0.000203992793104, -0.000398584234063, 0.000112587891635, 3.59026598744e-005], [9.74572685664e-006, 0.000122826269944, -0.000624979147688, 0.0048167379573, -0.00168451794889, -0.000316414487315, -0.000304923101794, -0.000309283554088, 0.000272274774034, -0.00115059164818, 0.000925556523725, -0.000308329734253, -0.000775639666244], [0.000101583529613, -0.000312218384352, 0.000378249416826, -0.00168451794889, 0.00656196987256, -0.00261492584832, 0.00164584920276, -0.000563186360523, 0.000426747574238, 0.000920748512726, -0.000692880887073, 0.00114921934437, -0.00144532544073], [-0.000139121970278, 0.000665665080305, -0.000149762141518, -0.000316414487315, -0.00261492584832, 0.00831704586744, -0.00467305956408, 0.00356781273149, -0.00128017517272, -0.000374214956537, 0.000141271870234, -0.00129948696122, 0.000458357826574], [6.81365099808e-006, -7.00816599419e-005, -0.000190887541976, -0.000304923101794, 0.00164584920276, -0.00467305956408, 0.0110187083483, -0.00730192661285, 0.0026693129912, -0.000436337693827, 0.000110503133328, -0.000381278397981, -0.00106873759069], [-0.000130148997414, 4.82057039335e-005, 0.000628368172329, -0.000309283554088, -0.000563186360523, 0.00356781273149, -0.00730192661285, 0.0151509679854, -0.00570443179458, 0.00381732662208, -0.00122472411022, 0.00155618449207, -0.000966192281339], [0.000145005309605, 5.58702049602e-006, -0.000498850247823, 0.000272274774034, 0.000426747574238, -0.00128017517272, 0.0026693129912, -0.00570443179458, 0.0132952062413, -0.00609605293721, 0.00308971572667, -0.00140019389801, 0.000777989043854], [-2.01148450287e-005, -8.43367379275e-005, 0.000203992793104, -0.00115059164818, 0.000920748512726, -0.000374214956537, -0.000436337693827, 0.00381732662208, -0.00609605293721, 0.015905123204, -0.00755015620962, 0.00360343675129, -0.000478079455206], [0.000118468538858, -0.000136563554406, -0.000398584234063, 0.000925556523725, -0.000692880887073, 0.000141271870234, 0.000110503133328, -0.00122472411022, 0.00308971572667, -0.00755015620962, 0.0162916630507, -0.00759715540335, 0.00413371389732], [-3.80496203434e-005, -6.27473928034e-005, 0.000112587891635, -0.000308329734253, 0.00114921934437, -0.00129948696122, -0.000381278397981, 0.00155618449207, -0.00140019389801, 0.00360343675129, -0.00759715540335, 0.0162508953363, -0.0069606048055], [0.000130321408506, 2.94762230624e-005, 3.59026598744e-005, -0.000775639666244, -0.00144532544073, 0.000458357826574, -0.00106873759069, -0.000966192281339, 0.000777989043854, -0.000478079455206, 0.00413371389732, -0.0069606048055, 0.0148799736053]]
    },
    "spectral_contrast_coeffs": {
        "mean": [-0.663986623287, -0.729886889458, -0.7633446455, -0.778205573559, -0.803793787956, -0.77542257309],
        "var": [0.00694427499548, 0.00501694669947, 0.00521670514718, 0.00358552508987, 0.00291302613914, 0.00211692834273]
    },
    "spectral_contrast_valleys": {
        "mean": [-6.78294897079, -6.68776512146, -7.4404168129, -7.96874761581, -8.45254707336, -11.1708240509],
        "var": [2.04264903069, 1.91325008869, 1.95591020584, 1.89447891712, 1.9362026453, 2.09026026726]
    }
},
"metadata": {
    "audio_properties": {
        "analysis_sample_rate": 44100,
        "bit_rate": 115917,
        "equal_loudness": 0,
        "length": 45.0612258911,
        "lossless": 0,
        "replay_gain": -10.1332855225,
        "sample_rate": 44100,
        "codec": "mp3",
        "downmix": "mix",
        "md5_encoded": "e8c7d17f8b8c232155db2abb9140a072"
    },
    "tags": {
        "file_name": "924.mp3"
    },
    "version": {
        "essentia": "2.1-beta2",
        "essentia_git_sha": "v2.1_beta2",
        "extractor": "music 1.0"
    }
},
"rhythm": {
    "beats_count": 111,
    "beats_loudness": {
        "mean": 0.0635539516807,
        "var": 0.000791997474153
    },
    "bpm": 148.302658081,
    "bpm_histogram_first_peak_bpm": {
        "mean": 148,
        "var": 0
    },
    "bpm_histogram_first_peak_spread": {
        "mean": 0.405660361052,
        "var": 0
    },
    "bpm_histogram_first_peak_weight": {
        "mean": 0.572727262974,
        "var": 0
    },
    "bpm_histogram_second_peak_bpm": {
        "mean": 157,
        "var": 0
    },
    "bpm_histogram_second_peak_spread": {
        "mean": 0,
        "var": 0
    },
    "bpm_histogram_second_peak_weight": {
        "mean": 0.0181818176061,
        "var": 0
    },
    "danceability": 1.18531191349,
    "onset_rate": 4.74695396423,
    "beats_loudness_band_ratio": {
        "mean": [0.485309958458, 0.305465519428, 0.0777299180627, 0.100498534739, 0.0448992103338, 0.0338796749711],
        "var": [0.0610108673573, 0.0356721058488, 0.00359224993736, 0.00682102236897, 0.00376363052055, 0.00122846604791]
    },
    "beats_position": [0.336689323187, 0.696598649025, 1.05650794506, 1.43963718414, 1.83437633514, 2.22911548615, 2.63546490669, 3.04181408882, 3.43655323982, 3.84290242195, 4.2492518425, 4.6439909935, 5.05034017563, 5.45668935776, 5.86303853989, 6.26938772202, 6.67573690414, 7.08208608627, 7.4884352684, 7.89478445053, 8.3011341095, 8.70748329163, 9.11383247375, 9.52018165588, 9.92653083801, 10.3328800201, 10.7392292023, 11.1455783844, 11.5519275665, 11.9582767487, 12.3530158997, 12.7593650818, 13.1657142639, 13.5836734772, 13.9900226593, 14.3963718414, 14.7911109924, 15.2090702057, 15.6038093567, 15.9985485077, 16.4048976898, 16.8112468719, 17.2059860229, 17.600725174, 18.0070743561, 18.4134235382, 18.8081626892, 19.2261219025, 19.6208610535, 20.0388202667, 20.4451694489, 20.851518631, 21.246257782, 21.6642169952, 22.0589561462, 22.4653053284, 22.8716545105, 23.2780036926, 23.6843528748, 24.0907020569, 24.497051239, 24.9150104523, 25.3329696655, 25.7277088165, 26.1340579987, 26.5404071808, 26.9351463318, 27.3414955139, 27.747844696, 28.1658039093, 28.5605430603, 28.9552822113, 29.3616313934, 29.7679805756, 30.1627197266, 30.5690689087, 30.9754180908, 31.3701572418, 31.7648983002, 32.1828575134, 32.5892066956, 32.9955558777, 33.4019050598, 33.8082542419, 34.2262115479, 34.63256073, 35.0389099121, 35.4336509705, 35.8400001526, 36.2463493347, 36.6410865784, 37.0474357605, 37.4537849426, 37.8601341248, 38.2664833069, 38.672832489, 39.0907936096, 39.4971427917, 39.8918800354, 40.2982292175, 40.7045783997, 41.099319458, 41.5172767639, 41.9352378845, 42.3531951904, 42.7595443726, 43.1426734924, 43.5374145508, 43.9321517944, 44.3268928528, 44.7216300964]
},
"tonal": {
    "chords_changes_rate": 0.0462962947786,
    "chords_number_rate": 0.0113168722019,
    "chords_strength": {
        "mean": 0.551820576191,
        "var": 0.0129817612469
    },
    "hpcp_entropy": {
        "mean": 2.20458006859,
        "var": 0.473555386066
    },
    "key_strength": 0.910265445709,
    "tuning_diatonic_strength": 0.555491149426,
    "tuning_equal_tempered_deviation": 0.0881381109357,
    "tuning_frequency": 441.782684326,
    "tuning_nontempered_energy_ratio": 0.768831789494,
    "hpcp": {
        "mean": [0.241647809744, 0.176081448793, 0.145500794053, 0.1361566782, 0.105350874364, 0.153323739767, 0.21764318645, 0.176860377192, 0.149158120155, 0.177396431565, 0.149591162801, 0.111033685505, 0.102000631392, 0.0820865109563, 0.0940701738, 0.127530619502, 0.110981456935, 0.0886700153351, 0.0981101021171, 0.104437924922, 0.196090832353, 0.313595384359, 0.255220741034, 0.171708911657, 0.146598011255, 0.096320182085, 0.0692924186587, 0.0793929249048, 0.0757626742125, 0.0655017122626, 0.093598626554, 0.111348457634, 0.133412510157, 0.149645835161, 0.135336771607, 0.198275908828],
        "var": [0.110889941454, 0.0617289505899, 0.065914966166, 0.0641907006502, 0.0398293994367, 0.0517019070685, 0.0849298238754, 0.0588542893529, 0.0597177036107, 0.0781568959355, 0.0634263679385, 0.0439624525607, 0.050803154707, 0.0287425648421, 0.0322902202606, 0.0594865679741, 0.0479376539588, 0.0229084715247, 0.0296349283308, 0.0308617763221, 0.0605719015002, 0.12249070406, 0.0788856521249, 0.0671141892672, 0.0704618692398, 0.0467391572893, 0.0169787164778, 0.0228075161576, 0.0208766795695, 0.0198369976133, 0.0394882187247, 0.0457848496735, 0.0438750013709, 0.0602862462401, 0.0455131232738, 0.0785097405314]
    },
    "chords_histogram": [24.6913585663, 0.411522626877, 0.308641970158, 1.44032919407, 0.102880656719, 1.44032919407, 0, 15.9465017319, 0.720164597034, 22.7366256714, 5.14403295517, 1.13168728352, 0, 0, 0, 0.102880656719, 3.70370364189, 0, 0, 0, 0, 6.27572011948, 9.36213970184, 6.48148155212],
    "thpcp": [1, 0.813853621483, 0.547549247742, 0.467475026846, 0.307147949934, 0.220961213112, 0.253169953823, 0.241593718529, 0.208873331547, 0.298469394445, 0.355070471764, 0.425428807735, 0.477194011211, 0.431564927101, 0.632266640663, 0.770571947098, 0.561492502689, 0.463976204395, 0.434179484844, 0.335945218801, 0.488922178745, 0.694025456905, 0.563976347446, 0.475638747215, 0.565685749054, 0.477019667625, 0.354066699743, 0.325261890888, 0.261759310961, 0.299973070621, 0.406672507524, 0.353900164366, 0.282752931118, 0.312855690718, 0.333034008741, 0.625298857689],
    "chords_key": "A",
    "chords_scale": "minor",
    "key_key": "A",
    "key_scale": "minor"
}
}