{
"lowlevel": {
    "average_loudness": 0.982148587704,
    "barkbands_crest": {
        "mean": 13.273223877,
        "var": 14.7970094681
    },
    "barkbands_flatness_db": {
        "mean": 0.256516337395,
        "var": 0.00136639550328
    },
    "barkbands_kurtosis": {
        "mean": 3.5246117115,
        "var": 10.2473640442
    },
    "barkbands_skewness": {
        "mean": 1.88226699829,
        "var": 0.427486211061
    },
    "barkbands_spread": {
        "mean": 12.335811615,
        "var": 17.3881721497
    },
    "dissonance": {
        "mean": 0.453627794981,
        "var": 0.000485326541821
    },
    "dynamic_complexity": 0.66414386034,
    "erbbands_crest": {
        "mean": 8.07179260254,
        "var": 7.0030913353
    },
    "erbbands_flatness_db": {
        "mean": 0.251691043377,
        "var": 0.000579353887588
    },
    "erbbands_kurtosis": {
        "mean": -0.877891302109,
        "var": 0.214387446642
    },
    "erbbands_skewness": {
        "mean": -0.238176897168,
        "var": 0.147003009915
    },
    "erbbands_spread": {
        "mean": 31.3519935608,
        "var": 34.9584159851
    },
    "hfc": {
        "mean": 24.3003444672,
        "var": 53.714389801
    },
    "melbands_crest": {
        "mean": 16.768863678,
        "var": 18.8222618103
    },
    "melbands_flatness_db": {
        "mean": 0.340235441923,
        "var": 0.00249616079964
    },
    "melbands_kurtosis": {
        "mean": 11.3985881805,
        "var": 54.638710022
    },
    "melbands_skewness": {
        "mean": 2.98502469063,
        "var": 0.83941423893
    },
    "melbands_spread": {
        "mean": 12.2292337418,
        "var": 54.6904411316
    },
    "pitch_salience": {
        "mean": 0.484303146601,
        "var": 0.0107189202681
    },
    "silence_rate_20dB": {
        "mean": 1,
        "var": 0
    },
    "silence_rate_30dB": {
        "mean": 0.886199772358,
        "var": 0.100850537419
    },
    "silence_rate_60dB": {
        "mean": 0.00205973233096,
        "var": 0.00205553858541
    },
    "spectral_centroid": {
        "mean": 726.510925293,
        "var": 199240.734375
    },
    "spectral_complexity": {
        "mean": 21.0648822784,
        "var": 11.9793100357
    },
    "spectral_decrease": {
        "mean": -1.87739281898e-008,
        "var": 5.38286757915e-017
    },
    "spectral_energy": {
        "mean": 0.073061093688,
        "var": 0.000786086311564
    },
    "spectral_energyband_high": {
        "mean": 2.21242371481e-005,
        "var": 9.61383306297e-010
    },
    "spectral_energyband_low": {
        "mean": 0.0415488444269,
        "var": 0.000757096975576
    },
    "spectral_energyband_middle_high": {
        "mean": 0.00825147051364,
        "var": 1.30265989355e-005
    },
    "spectral_energyband_middle_low": {
        "mean": 0.025254631415,
        "var": 8.98056969163e-005
    },
    "spectral_entropy": {
        "mean": 6.67464733124,
        "var": 0.0581808276474
    },
    "spectral_flux": {
        "mean": 0.0973674058914,
        "var": 0.00171023560688
    },
    "spectral_kurtosis": {
        "mean": 17.5151309967,
        "var": 105.011482239
    },
    "spectral_rms": {
        "mean": 0.00825935415924,
        "var": 3.06222636937e-006
    },
    "spectral_rolloff": {
        "mean": 697.556518555,
        "var": 780416.375
    },
    "spectral_skewness": {
        "mean": 2.48028516769,
        "var": 0.572422027588
    },
    "spectral_spread": {
        "mean": 1779095.875,
        "var": 2.57019215872e+012
    },
    "spectral_strongpeak": {
        "mean": 0.831979572773,
        "var": 0.1913112849
    },
    "zerocrossingrate": {
        "mean": 0.0268009081483,
        "var": 0.000533197482582
    },
    "barkbands": {
        "mean": [3.35477525368e-005, 0.0245733689517, 0.0150507073849, 0.00324220745824, 0.0124266669154, 0.00383296352811, 0.00222710683011, 0.00249789073132, 0.000745263008866, 0.00178724376019, 0.000376663723728, 0.00063834770117, 0.000981731456704, 0.00149200321175, 0.00133451726288, 0.00131389184389, 0.000138111965498, 0.000218321714783, 0.000111706118332, 2.71596309176e-005, 5.90333138462e-006, 4.05086575483e-006, 9.35706736982e-007, 6.04678859872e-007, 2.76444211522e-007, 6.58104610807e-008, 5.58854740262e-009],
        "var": [8.79648620611e-009, 0.000769615639001, 0.000267646071734, 2.16212265514e-005, 4.61870768049e-005, 8.73256976774e-006, 3.96825726057e-006, 4.69641736345e-006, 7.07224899088e-007, 3.42482371707e-006, 3.98062724116e-007, 2.71854872835e-007, 7.32754529054e-007, 1.98442171495e-006, 1.46341608342e-006, 1.65026017385e-006, 2.22798419713e-008, 3.6557285199e-008, 1.10055990987e-008, 1.08389397457e-009, 9.64510277202e-011, 4.28624739868e-011, 2.75775214297e-012, 1.14331493491e-012, 1.24113826855e-013, 2.46989200061e-014, 1.12871366916e-014]
    },
    "erbbands": {
        "mean": [0.391770839691, 6.78319120407, 18.4693222046, 13.3331212997, 23.9416236877, 42.9730300903, 47.8401069641, 24.6856536865, 34.8753890991, 30.5277614594, 59.1065711975, 21.0463695526, 26.3595676422, 60.6631622314, 21.9696350098, 26.7459259033, 47.01039505, 93.9909210205, 41.1688308716, 101.278617859, 44.2564697266, 8.13600730896, 11.0882158279, 6.32983255386, 6.87803983688, 1.68416440487, 0.434429049492, 0.152170792222, 0.168199375272, 0.048898357898, 0.0236466843635, 0.0207393523306, 0.00633873790503, 0.0035932038445, 0.00171305821277, 0.000634304829873, 6.81449382682e-005, 9.98009454634e-006, 3.53447394446e-005, 8.13363221823e-005],
        "var": [0.235990256071, 49.0508308411, 258.171264648, 148.575897217, 332.892089844, 953.952026367, 1088.80004883, 450.778991699, 986.227233887, 992.327392578, 2351.94262695, 454.951507568, 932.960571289, 4371.05761719, 467.326599121, 448.992828369, 1801.921875, 7148.81201172, 901.967407227, 6533.85351563, 1280.24475098, 39.1171455383, 89.9813766479, 27.814037323, 45.014881134, 3.17661452293, 0.314096659422, 0.064729757607, 0.0657281056046, 0.00458755716681, 0.00157777790446, 0.0019979106728, 6.86234852765e-005, 2.4789453164e-005, 4.10455277233e-006, 6.83183202455e-007, 7.43300674344e-008, 9.11929021186e-009, 6.37138841686e-010, 9.29400167937e-010]
    },
    "gfcc": {
        "mean": [-30.275396347, 208.092529297, -144.910079956, 15.3944816589, -14.2337017059, -8.28183078766, -32.4947929382, -8.26639652252, -11.0882644653, -9.84232807159, -3.35155296326, -20.0211906433, 0.265729218721],
        "cov": [[3178.57543945, 261.880249023, -397.674591064, 274.423217773, -110.636573792, 64.2314071655, 6.39128398895, 58.8580627441, 6.35966062546, -8.355884552, -14.500459671, -9.82794857025, 22.0946311951], [261.880249023, 371.000793457, 52.8189277649, -45.3927230835, 198.617340088, -38.8908576965, 39.7210121155, -5.4221367836, 55.8569488525, 26.4405555725, 41.0134887695, -40.5702209473, -6.49885845184], [-397.674591064, 52.8189277649, 277.6456604, 36.7636642456, 122.923789978, 100.657363892, 63.6998825073, 23.4497051239, 64.145904541, 39.0176544189, 36.1010551453, 16.8556556702, -0.200625419617], [274.423217773, -45.3927230835, 36.7636642456, 213.410308838, 55.5394210815, 35.2279968262, 88.9105987549, 51.9607658386, 47.3226928711, 25.7622470856, 15.4609031677, 9.91468811035, 18.2395324707], [-110.636573792, 198.617340088, 122.923789978, 55.5394210815, 285.212371826, 4.95950603485, 84.9855041504, 45.966178894, 71.3809967041, 66.0656585693, 63.6035385132, -21.6591854095, 3.66762471199], [64.2314071655, -38.8908576965, 100.657363892, 35.2279968262, 4.95950603485, 152.797332764, 37.5220832825, 13.8256158829, 30.4475669861, 15.7517242432, 19.2618942261, 30.6333675385, 6.67173099518], [6.39128398895, 39.7210121155, 63.6998825073, 88.9105987549, 84.9855041504, 37.5220832825, 120.822807312, 40.6156959534, 50.0089302063, 32.3334770203, 19.9353599548, 14.8923635483, 17.1229438782], [58.8580627441, -5.4221367836, 23.4497051239, 51.9607658386, 45.966178894, 13.8256158829, 40.6156959534, 71.9645385742, 32.403503418, 21.4071865082, 18.9662284851, 4.8263630867, 18.5787506104], [6.35966062546, 55.8569488525, 64.145904541, 47.3226928711, 71.3809967041, 30.4475669861, 50.0089302063, 32.403503418, 92.3008956909, 48.166557312, 33.8061256409, 12.4552230835, 5.26091337204], [-8.355884552, 26.4405555725, 39.0176544189, 25.7622470856, 66.0656585693, 15.7517242432, 32.3334770203, 21.4071865082, 48.166557312, 80.0310440063, 43.9991912842, 14.5747289658, 11.9775886536], [-14.500459671, 41.0134887695, 36.1010551453, 15.4609031677, 63.6035385132, 19.2618942261, 19.9353599548, 18.9662284851, 33.8061256409, 43.9991912842, 68.4879455566, 14.5148229599, 15.1807804108], [-9.82794857025, -40.5702209473, 16.8556556702, 9.91468811035, -21.6591854095, 30.6333675385, 14.8923635483, 4.8263630867, 12.4552230835, 14.5747289658, 14.5148229599, 61.5879249573, 24.1722335815], [22.0946311951, -6.49885845184, -0.200625419617, 18.2395324707, 3.66762471199, 6.67173099518, 17.1229438782, 18.5787506104, 5.26091337204, 11.9775886536, 15.1807804108, 24.1722335815, 50.649143219]],
        "icov": [[0.00242783408612, -0.0072666388005, 0.00495016993955, -0.00691039767116, 0.00398020865396, -0.00554536096752, 0.00428121909499, -0.00460610631853, 0.00359547697008, -0.00348621048033, 0.00221185432747, -0.0024235828314, 0.00214580330066], [-0.0072666388005, 0.0285130608827, -0.0140906600282, 0.0236911661923, -0.0165378302336, 0.0176842641085, -0.014794157818, 0.0176005829126, -0.0153356818482, 0.0136361764744, -0.00823267921805, 0.0103898439556, -0.00846826098859], [0.00495016993955, -0.0140906600282, 0.0166754964739, -0.0132554071024, 0.00490662362427, -0.015058727935, 0.00816018879414, -0.00845243129879, 0.00506601762027, -0.00631701294333, 0.00498143723235, -0.00569724617526, 0.00503577338532], [-0.00691039767116, 0.0236911661923, -0.0132554071024, 0.0283315256238, -0.0130535513163, 0.01560133975, -0.0175527911633, 0.0122242085636, -0.0133616309613, 0.0114927878603, -0.0066329264082, 0.00899325218052, -0.0074944589287], [0.00398020865396, -0.0165378302336, 0.00490662362427, -0.0130535513163, 0.0176279377192, -0.00738561479375, 0.00448310747743, -0.011100047268, 0.00827667489648, -0.00969563238323, -0.000164589699125, -0.00121375033632, 0.00517610087991], [-0.00554536096752, 0.0176842641085, -0.015058727935, 0.01560133975, -0.00738561479375, 0.0232792273164, -0.0118768727407, 0.0107574351132, -0.00936233066022, 0.00916301086545, -0.00765229342505, 0.00329611054622, -0.00392608297989], [0.00428121909499, -0.014794157818, 0.00816018879414, -0.0175527911633, 0.00448310747743, -0.0118768727407, 0.0253903828561, -0.0115462159738, 0.00472842948511, -0.00779193919152, 0.00831850152463, -0.00817123427987, 0.00223688408732], [-0.00460610631853, 0.0176005829126, -0.00845243129879, 0.0122242085636, -0.011100047268, 0.0107574351132, -0.0115462159738, 0.0319917760789, -0.0134506719187, 0.00872379262, -0.00631346320733, 0.00895517505705, -0.0116601800546], [0.00359547697008, -0.0153356818482, 0.00506601762027, -0.0133616309613, 0.00827667489648, -0.00936233066022, 0.00472842948511, -0.0134506719187, 0.029561907053, -0.0150081273168, 0.00233314931393, -0.00768080540001, 0.00870976410806], [-0.00348621048033, 0.0136361764744, -0.00631701294333, 0.0114927878603, -0.00969563238323, 0.00916301086545, -0.00779193919152, 0.00872379262, -0.0150081273168, 0.0309149026871, -0.0137986475602, 0.00235576997511, -0.00470438878983], [0.00221185432747, -0.00823267921805, 0.00498143723235, -0.0066329264082, -0.000164589699125, -0.00765229342505, 0.00831850152463, -0.00631346320733, 0.00233314931393, -0.0137986475602, 0.0300505422056, -0.00668244669214, -0.00188624113798], [-0.0024235828314, 0.0103898439556, -0.00569724617526, 0.00899325218052, -0.00121375033632, 0.00329611054622, -0.00817123427987, 0.00895517505705, -0.00768080540001, 0.00235576997511, -0.00668244669214, 0.03000722453, -0.0138168232515], [0.00214580330066, -0.00846826098859, 0.00503577338532, -0.0074944589287, 0.00517610087991, -0.00392608297989, 0.00223688408732, -0.0116601800546, 0.00870976410806, -0.00470438878983, -0.00188624113798, -0.0138168232515, 0.031470309943]]
    },
    "melbands": {
        "mean": [0.00556474877521, 0.0096860807389, 0.00257417466491, 0.00253524002619, 0.00172018469311, 0.000574344012421, 0.000532859645318, 0.000369205663446, 0.000434386369307, 0.000109631859232, 0.000133085166453, 0.000260086206254, 6.86465864419e-005, 7.60972397984e-005, 6.5889355028e-005, 0.000132491826662, 0.000173491163878, 4.85713026137e-005, 9.0724992333e-005, 0.000152303968207, 3.0391231121e-005, 5.99069880991e-006, 7.63927982916e-006, 1.36619419209e-005, 3.75036097466e-006, 4.40196845375e-006, 3.5664202187e-006, 7.16684553481e-007, 2.66293284312e-007, 1.53138415726e-007, 6.92127954949e-008, 1.05487551139e-007, 5.95706630691e-008, 1.67044706956e-008, 1.10480646853e-008, 2.03677927857e-008, 8.43575165277e-009, 3.56350793318e-009, 5.06699437963e-009, 2.20049090061e-009],
        "var": [4.45646801381e-005, 3.83576552849e-005, 4.2277843022e-006, 3.11081112159e-006, 1.04098330667e-006, 2.51793807138e-007, 2.13186098108e-007, 1.25290199549e-007, 1.22495450228e-007, 1.43674672159e-008, 2.32323618121e-008, 8.6213844952e-008, 9.19743392558e-009, 4.40840342009e-009, 4.51588944017e-009, 1.01307939815e-008, 2.79235337075e-008, 1.89433668751e-009, 7.55003970454e-009, 1.71879879218e-008, 1.21243448614e-009, 3.08990055764e-011, 7.1437723792e-011, 1.93413229876e-010, 1.16857192325e-011, 1.78123262667e-011, 1.42684995763e-011, 1.35506785914e-012, 1.21196333676e-013, 1.359778311e-013, 1.49707567713e-014, 3.07818379889e-014, 9.6248751902e-015, 7.22778666667e-016, 3.06167973249e-016, 2.22915100685e-015, 3.06664863952e-016, 2.11810928219e-017, 6.44062875792e-017, 9.45260065969e-018]
    },
    "mfcc": {
        "mean": [-670.215393066, 237.459152222, -46.351272583, 31.2961044312, 22.3340950012, 6.05749607086, -0.435358852148, -3.49103021622, -5.4261932373, 8.26313591003, 0.316716760397, -9.87305927277, 0.442799866199],
        "cov": [[1229.37414551, -153.826980591, -85.3321151733, 178.32371521, -120.649299622, 48.750995636, -7.54557085037, 77.9727249146, 42.4049186707, 30.9710865021, -20.0456695557, 5.46319532394, 15.306303978], [-153.826980591, 506.54598999, -30.8054141998, -1.56241858006, 155.35697937, 4.13024139404, 48.6329193115, -33.3463096619, 1.67168962955, 46.8488616943, 57.1061477661, -2.26936793327, 26.6428527832], [-85.3321151733, -30.8054141998, 171.930145264, -26.2870063782, 14.573554039, 68.5908203125, 6.22781133652, 43.317653656, 21.4385643005, -6.77756643295, 16.1926803589, 36.7454872131, -9.86421775818], [178.32371521, -1.56241858006, -26.2870063782, 211.688537598, 37.9914894104, 20.831325531, 48.2229423523, 26.126033783, 55.5407524109, 58.6757164001, 27.5509662628, 11.5387554169, 43.4939460754], [-120.649299622, 155.35697937, 14.573554039, 37.9914894104, 165.688247681, 25.2129497528, 50.8109931946, 2.89706373215, 7.26475477219, 58.9041442871, 42.6708297729, 24.4587478638, 32.4995994568], [48.750995636, 4.13024139404, 68.5908203125, 20.831325531, 25.2129497528, 120.466209412, 30.1396923065, 38.049495697, 28.5604476929, 11.4980831146, 39.9812278748, 36.8942489624, 8.18196773529], [-7.54557085037, 48.6329193115, 6.22781133652, 48.2229423523, 50.8109931946, 30.1396923065, 90.9464645386, 14.9711256027, 21.7581367493, 35.4681167603, 11.1461982727, 18.7749652863, 14.9664716721], [77.9727249146, -33.3463096619, 43.317653656, 26.126033783, 2.89706373215, 38.049495697, 14.9711256027, 83.0583648682, 31.2378921509, 10.9471759796, 6.73913383484, 12.3448429108, 5.75647640228], [42.4049186707, 1.67168962955, 21.4385643005, 55.5407524109, 7.26475477219, 28.5604476929, 21.7581367493, 31.2378921509, 75.0575561523, 20.3432598114, 20.5053443909, 14.5987281799, 12.7378444672], [30.9710865021, 46.8488616943, -6.77756643295, 58.6757164001, 58.9041442871, 11.4980831146, 35.4681167603, 10.9471759796, 20.3432598114, 94.4647750854, 23.3291835785, 19.9535274506, 36.314868927], [-20.0456695557, 57.1061477661, 16.1926803589, 27.5509662628, 42.6708297729, 39.9812278748, 11.1461982727, 6.73913383484, 20.5053443909, 23.3291835785, 75.9482879639, 25.4627304077, 12.271197319], [5.46319532394, -2.26936793327, 36.7454872131, 11.5387554169, 24.4587478638, 36.8942489624, 18.7749652863, 12.3448429108, 14.5987281799, 19.9535274506, 25.4627304077, 70.0479049683, 15.1846561432], [15.306303978, 26.6428527832, -9.86421775818, 43.4939460754, 32.4995994568, 8.18196773529, 14.9664716721, 5.75647640228, 12.7378444672, 36.314868927, 12.271197319, 15.1846561432, 79.2091140747]],
        "icov": [[0.00129409471992, -9.92990899249e-005, 0.00104418210685, -0.00115853513125, 0.00121778110042, -0.00111274106894, 0.000684784201439, -0.00118108419701, 0.000447324273409, -0.000608271278907, 0.000709543004632, -0.000522494898178, 0.000318429374602], [-9.92990899249e-005, 0.00323764095083, 0.000561467546504, 0.00111231580377, -0.00294080749154, 0.000227993441513, -0.000898204452824, 0.00115017022472, -0.000834008911625, 0.000206718264963, -0.00166928523686, 0.00136768177617, -0.000305723981], [0.00104418210685, 0.000561467546504, 0.0103627042845, 0.00105525366962, -0.000963508209679, -0.00485113589093, 0.0016834345879, -0.00378432078287, -0.00150083564222, 0.000494917912874, 0.00154916022439, -0.0032998744864, 0.00158085150179], [-0.00115853513125, 0.00111231580377, 0.00105525366962, 0.00902469083667, -0.00178861478344, 0.000856126891449, -0.00284592877142, 0.000417208386352, -0.00477523822337, -0.00157924264204, -0.00211526174098, 0.00166627031285, -0.00232126004994], [0.00121778110042, -0.00294080749154, -0.000963508209679, -0.00178861478344, 0.0136765483767, -0.000366563064745, -0.00293068960309, -0.00130363216158, 0.00354468985461, -0.00456820381805, -0.00251239398494, -0.00123011984397, -0.001159768668], [-0.00111274106894, 0.000227993441513, -0.00485113589093, 0.000856126891449, -0.000366563064745, 0.0161959510297, -0.00437804497778, -0.00232201674953, -0.000671125599183, 0.00216239271685, -0.00684312498197, -0.00211976538412, -0.000879439059645], [0.000684784201439, -0.000898204452824, 0.0016834345879, -0.00284592877142, -0.00293068960309, -0.00437804497778, 0.0173896420747, -0.00111399870366, -0.00172797613777, -0.00289915991016, 0.00498830620199, -0.00263482308947, 0.00173141341656], [-0.00118108419701, 0.00115017022472, -0.00378432078287, 0.000417208386352, -0.00130363216158, -0.00232201674953, -0.00111399870366, 0.0185429695994, -0.00534606957808, -0.00061435578391, 0.00108303828165, 0.00177777872887, -0.000588594062719], [0.000447324273409, -0.000834008911625, -0.00150083564222, -0.00477523822337, 0.00354468985461, -0.000671125599183, -0.00172797613777, -0.00534606957808, 0.0210741385818, -0.00124754395802, -0.00310701923445, -0.00082695693709, -0.000217924098251], [-0.000608271278907, 0.000206718264963, 0.000494917912874, -0.00157924264204, -0.00456820381805, 0.00216239271685, -0.00289915991016, -0.00061435578391, -0.00124754395802, 0.0182248372585, -0.00186342850793, -0.00193104543723, -0.00427579088137], [0.000709543004632, -0.00166928523686, 0.00154916022439, -0.00211526174098, -0.00251239398494, -0.00684312498197, 0.00498830620199, 0.00108303828165, -0.00310701923445, -0.00186342850793, 0.0220134351403, -0.00473555410281, 0.0013466887176], [-0.000522494898178, 0.00136768177617, -0.0032998744864, 0.00166627031285, -0.00123011984397, -0.00211976538412, -0.00263482308947, 0.00177777872887, -0.00082695693709, -0.00193104543723, -0.00473555410281, 0.0208139289171, -0.00283079105429], [0.000318429374602, -0.000305723981, 0.00158085150179, -0.00232126004994, -0.001159768668, -0.000879439059645, 0.00173141341656, -0.000588594062719, -0.000217924098251, -0.00427579088137, 0.0013466887176, -0.00283079105429, 0.0167493149638]]
    },
    "spectral_contrast_coeffs": {
        "mean": [-0.567576169968, -0.702663958073, -0.718007624149, -0.691455662251, -0.704469263554, -0.761667311192],
        "var": [0.00888245645911, 0.0027458909899, 0.00239146943204, 0.00176539714448, 0.00149817147758, 0.00137467100285]
    },
    "spectral_contrast_valleys": {
        "mean": [-6.52545166016, -6.16110277176, -7.18599271774, -7.39907073975, -8.65007781982, -12.5671329498],
        "var": [1.22707736492, 0.908721208572, 0.860457718372, 0.796793878078, 0.774009168148, 0.52228564024]
    }
},
"metadata": {
    "audio_properties": {
        "analysis_sample_rate": 44100,
        "bit_rate": 100759,
        "equal_loudness": 0,
        "length": 45.0612258911,
        "lossless": 0,
        "replay_gain": -6.0920753479,
        "sample_rate": 44100,
        "codec": "mp3",
        "downmix": "mix",
        "md5_encoded": "d7e2c0c972bf531b5ecf123e8ba7597e"
    },
    "tags": {
        "file_name": "925.mp3"
    },
    "version": {
        "essentia": "2.1-beta2",
        "essentia_git_sha": "v2.1_beta2",
        "extractor": "music 1.0"
    }
},
"rhythm": {
    "beats_count": 87,
    "beats_loudness": {
        "mean": 0.0860933810472,
        "var": 0.000514093379024
    },
    "bpm": 116.739074707,
    "bpm_histogram_first_peak_bpm": {
        "mean": 117,
        "var": 0
    },
    "bpm_histogram_first_peak_spread": {
        "mean": 0.325000017881,
        "var": 0
    },
    "bpm_histogram_first_peak_weight": {
        "mean": 0.62790697813,
        "var": 0
    },
    "bpm_histogram_second_peak_bpm": {
        "mean": 112,
        "var": 0
    },
    "bpm_histogram_second_peak_spread": {
        "mean": 0.249999955297,
        "var": 0
    },
    "bpm_histogram_second_peak_weight": {
        "mean": 0.0348837226629,
        "var": 0
    },
    "danceability": 1.5201382637,
    "onset_rate": 2.70620727539,
    "beats_loudness_band_ratio": {
        "mean": [0.636516213417, 0.178540989757, 0.0940553918481, 0.0643932595849, 0.0638165697455, 0.00351692712866],
        "var": [0.0177328921854, 0.00845108088106, 0.00451697409153, 0.00155574118253, 0.00117744039744, 5.88678176427e-006]
    },
    "beats_position": [0.557278871536, 1.1261677742, 1.67183673382, 2.19428563118, 2.71673464775, 3.22757363319, 3.73841261864, 4.26086139679, 4.78331041336, 5.2941493988, 5.80498838425, 6.31582736969, 6.82666635513, 7.33750534058, 7.84834432602, 8.38240337372, 8.90485286713, 9.42730140686, 9.93814086914, 10.4489793777, 10.95981884, 11.4590473175, 11.9582767487, 12.4807252884, 13.0031747818, 13.5140132904, 14.0248527527, 14.5356912613, 15.0465307236, 15.5573692322, 16.0798187256, 16.602268219, 17.1131057739, 17.6239452362, 18.1347846985, 18.6456241608, 19.1564617157, 19.667301178, 20.1897506714, 20.7121982574, 21.2230377197, 21.7454872131, 22.2679367065, 22.7787742615, 23.2896137238, 23.8236732483, 24.3345127106, 24.8453502655, 25.3561897278, 25.8670291901, 26.3778686523, 26.8887062073, 27.3995456696, 27.9103851318, 28.4212245941, 28.9436721802, 29.4661216736, 29.988571167, 30.4994106293, 31.0102481842, 31.5210876465, 32.0435371399, 32.5659866333, 33.0884361267, 33.5992736816, 34.1101112366, 34.5977325439, 35.1085700989, 35.6194114685, 36.1302490234, 36.6410865784, 37.151927948, 37.6743774414, 38.1968231201, 38.7076644897, 39.2417221069, 39.7525634766, 40.2634010315, 40.7858505249, 41.2966880798, 41.8191375732, 42.3299751282, 42.8408164978, 43.3516540527, 43.8624954224, 44.3733329773, 44.8841705322]
},
"tonal": {
    "chords_changes_rate": 0.0277777779847,
    "chords_number_rate": 0.00411522621289,
    "chords_strength": {
        "mean": 0.492562055588,
        "var": 0.00565926777199
    },
    "hpcp_entropy": {
        "mean": 1.97813463211,
        "var": 0.320276379585
    },
    "key_strength": 0.832213938236,
    "tuning_diatonic_strength": 0.666738569736,
    "tuning_equal_tempered_deviation": 0.120701484382,
    "tuning_frequency": 442.548919678,
    "tuning_nontempered_energy_ratio": 0.709076166153,
    "hpcp": {
        "mean": [0.455000817776, 0.150328114629, 0.0250064041466, 0.0145505014807, 0.0300581064075, 0.135355100036, 0.169173315167, 0.0806814730167, 0.0444770418108, 0.0253360178322, 0.016772672534, 0.0774101167917, 0.118071511388, 0.0977176576853, 0.315204322338, 0.486253798008, 0.22705706954, 0.0166242737323, 0.00853562913835, 0.0158585235476, 0.0523958727717, 0.0651089549065, 0.029714519158, 0.0117876119912, 0.00963549688458, 0.0125775160268, 0.0632905513048, 0.0872367471457, 0.0859150663018, 0.178673028946, 0.175443992019, 0.057320907712, 0.0183277577162, 0.0346165597439, 0.150374814868, 0.447018027306],
        "var": [0.142434507608, 0.0313390567899, 0.00661248667166, 0.00473002390936, 0.00443555787206, 0.037999778986, 0.0626560822129, 0.0169932004064, 0.00808138865978, 0.00399423763156, 0.00427056709304, 0.0265663843602, 0.0543207451701, 0.0315030999482, 0.0674572512507, 0.172908976674, 0.0591583922505, 0.00309364963323, 0.00185127288569, 0.00411741016433, 0.0190555527806, 0.0202499423176, 0.00463737687096, 0.0012718308717, 0.00131676299497, 0.000704717473127, 0.00657300790772, 0.0131075149402, 0.013494075276, 0.0577580481768, 0.0639885440469, 0.012850635685, 0.006152972579, 0.0159309580922, 0.0479948073626, 0.158630058169]
    },
    "chords_histogram": [80.3497924805, 0, 4.93827152252, 0, 0, 0, 0, 0, 5.55555534363, 0, 0, 0, 0, 0, 0, 0, 0, 0, 0, 0, 0, 0, 0.720164597034, 8.43621444702],
    "thpcp": [1, 0.466951757669, 0.0341884717345, 0.0175538565964, 0.0326136760414, 0.107754163444, 0.133899122477, 0.0611090734601, 0.0242416858673, 0.0198157764971, 0.0258661545813, 0.130159497261, 0.179405793548, 0.176687702537, 0.367448091507, 0.360807448626, 0.117882691324, 0.0376917533576, 0.0711903125048, 0.309251695871, 0.919310092926, 0.935727000237, 0.309155672789, 0.0514266490936, 0.0299236774445, 0.061815675348, 0.278363078833, 0.347911566496, 0.165924608707, 0.0914687812328, 0.0521045140922, 0.0344936586916, 0.159196943045, 0.242818698287, 0.200960189104, 0.648230075836],
    "chords_key": "D",
    "chords_scale": "major",
    "key_key": "D",
    "key_scale": "major"
}
}