{
"lowlevel": {
    "average_loudness": 0.935777366161,
    "barkbands_crest": {
        "mean": 19.8453922272,
        "var": 15.7282600403
    },
    "barkbands_flatness_db": {
        "mean": 0.411757320166,
        "var": 0.00453708646819
    },
    "barkbands_kurtosis": {
        "mean": 34.9416236877,
        "var": 9954.58300781
    },
    "barkbands_skewness": {
        "mean": 3.1217455864,
        "var": 10.7372808456
    },
    "barkbands_spread": {
        "mean": 3.51342964172,
        "var": 13.2950153351
    },
    "dissonance": {
        "mean": 0.379749953747,
        "var": 0.00932324212044
    },
    "dynamic_complexity": 3.04993128777,
    "erbbands_crest": {
        "mean": 18.2231025696,
        "var": 48.6105651855
    },
    "erbbands_flatness_db": {
        "mean": 0.36508795619,
        "var": 0.00764908269048
    },
    "erbbands_kurtosis": {
        "mean": 10.8897819519,
        "var": 123.47858429
    },
    "erbbands_skewness": {
        "mean": 1.00732457638,
        "var": 2.92890763283
    },
    "erbbands_spread": {
        "mean": 8.05986976624,
        "var": 59.7493133545
    },
    "hfc": {
        "mean": 10.747013092,
        "var": 98.3020629883
    },
    "melbands_crest": {
        "mean": 23.0865726471,
        "var": 21.3450050354
    },
    "melbands_flatness_db": {
        "mean": 0.503998100758,
        "var": 0.00641401391476
    },
    "melbands_kurtosis": {
        "mean": 19.4578227997,
        "var": 658.526977539
    },
    "melbands_skewness": {
        "mean": 2.41411972046,
        "var": 3.253469944
    },
    "melbands_spread": {
        "mean": 4.33869695663,
        "var": 50.8607559204
    },
    "pitch_salience": {
        "mean": 0.365037769079,
        "var": 0.0233576837927
    },
    "silence_rate_20dB": {
        "mean": 0.991250634193,
        "var": 0.00867280550301
    },
    "silence_rate_30dB": {
        "mean": 0.831188857555,
        "var": 0.140314519405
    },
    "silence_rate_60dB": {
        "mean": 0.0159547086805,
        "var": 0.0156995132565
    },
    "spectral_centroid": {
        "mean": 482.410766602,
        "var": 139576.875
    },
    "spectral_complexity": {
        "mean": 7.70046329498,
        "var": 13.5664892197
    },
    "spectral_decrease": {
        "mean": -1.56717465671e-008,
        "var": 4.46116583209e-016
    },
    "spectral_energy": {
        "mean": 0.0601234473288,
        "var": 0.00645859306678
    },
    "spectral_energyband_high": {
        "mean": 2.96580469694e-006,
        "var": 1.63766916694e-010
    },
    "spectral_energyband_low": {
        "mean": 0.0458099618554,
        "var": 0.00593622447923
    },
    "spectral_energyband_middle_high": {
        "mean": 0.000641786959022,
        "var": 7.8871136111e-007
    },
    "spectral_energyband_middle_low": {
        "mean": 0.0143216345459,
        "var": 0.000235373008763
    },
    "spectral_entropy": {
        "mean": 5.74379444122,
        "var": 0.272099345922
    },
    "spectral_flux": {
        "mean": 0.0779557451606,
        "var": 0.0090952264145
    },
    "spectral_kurtosis": {
        "mean": 59.0327301025,
        "var": 1182.54272461
    },
    "spectral_rms": {
        "mean": 0.00641080830246,
        "var": 1.75585391844e-005
    },
    "spectral_rolloff": {
        "mean": 452.563171387,
        "var": 729212.25
    },
    "spectral_skewness": {
        "mean": 5.61373949051,
        "var": 3.31797528267
    },
    "spectral_spread": {
        "mean": 1377369.125,
        "var": 2.02507760435e+012
    },
    "spectral_strongpeak": {
        "mean": 1.028185606,
        "var": 0.741533994675
    },
    "zerocrossingrate": {
        "mean": 0.0162105355412,
        "var": 0.000582967244554
    },
    "barkbands": {
        "mean": [0.000448274426162, 0.0409280583262, 0.0038352382835, 0.0010142918909, 0.00139051373117, 0.00102432596032, 0.00259593618102, 0.00719487247989, 0.00099328008946, 0.000281784101389, 0.000228925782721, 3.13633026963e-005, 8.82386157173e-005, 3.15242541546e-005, 2.03160161618e-005, 4.5870779104e-006, 4.74799571748e-006, 2.47771390605e-006, 1.20394986425e-006, 1.4191128912e-006, 1.34761012305e-006, 4.83734368117e-007, 2.02167115049e-007, 6.69603394954e-008, 2.3628462742e-008, 8.8488585348e-009, 2.15283524341e-009],
        "var": [5.77891398734e-007, 0.00454914662987, 0.00028996632318, 1.79232793016e-005, 1.610858817e-005, 3.35127970175e-006, 1.51424283104e-005, 6.90227388986e-005, 2.00099862013e-006, 2.85021172886e-007, 1.32297699906e-007, 2.3540536187e-009, 3.01778833034e-008, 4.94199126067e-009, 1.61037216895e-009, 1.05467246048e-010, 1.54140825104e-010, 7.99037988553e-011, 1.34264804136e-011, 3.83050466346e-011, 4.76998614218e-011, 2.66590569065e-012, 3.75319811037e-013, 2.08882204204e-014, 3.68758122928e-015, 7.2083504369e-016, 6.38954870073e-017]
    },
    "erbbands": {
        "mean": [1.1643923521, 9.10585594177, 6.77030944824, 4.31729841232, 3.25971412659, 5.80699157715, 6.84177017212, 8.86955833435, 19.8243980408, 61.1972961426, 183.746063232, 36.5145645142, 8.87532806396, 12.5619163513, 4.73727607727, 1.70288097858, 3.77728796005, 2.61158895493, 1.22205352783, 0.613183557987, 0.24498963356, 0.273273229599, 0.167628094554, 0.0706143602729, 0.0604383349419, 0.0718198940158, 0.0661449730396, 0.039868529886, 0.0194196421653, 0.0102592715994, 0.00516531523317, 0.00190826784819, 0.000964489416219, 0.000316553050652, 0.000203442265047, 9.27444198169e-005, 2.5508188628e-005, 3.31618230121e-006, 2.73020759778e-005, 6.56142292428e-005],
        "var": [3.53590345383, 245.080917358, 408.893676758, 307.144622803, 135.057128906, 235.459335327, 190.691604614, 269.662353516, 793.014038086, 5519.66845703, 49530.8203125, 1776.46826172, 185.589294434, 480.276062012, 55.4340209961, 6.2782998085, 51.8552093506, 20.3129005432, 5.28039455414, 1.39240908623, 0.264477282763, 0.599032402039, 0.335052222013, 0.0426229797304, 0.039560213685, 0.106733717024, 0.1444452703, 0.0270564239472, 0.00477372203022, 0.000876751029864, 0.00029419263592, 1.92009702005e-005, 4.98762756251e-006, 6.38399910713e-007, 2.13588805309e-007, 4.02125408527e-008, 1.71951020089e-009, 5.71851802023e-011, 1.274007011e-009, 7.54887619081e-009]
    },
    "gfcc": {
        "mean": [-188.418685913, 201.158493042, -106.790367126, -27.5746955872, -59.8180084229, -12.2898321152, -2.98281097412, -1.42175137997, 16.6705799103, 2.55013823509, 3.2174949646, -14.4365968704, -0.588571250439],
        "cov": [[6680.27099609, 1692.05810547, 1039.74987793, 1173.56274414, 1103.79101563, 840.54296875, 377.890899658, 225.552307129, 51.4114723206, 188.330322266, 122.70274353, 255.409545898, 166.813583374], [1692.05810547, 1349.1730957, 1306.68188477, 923.437744141, 987.945678711, 628.431884766, 481.131011963, 220.024093628, 47.4321022034, 109.922653198, 189.390991211, 209.35925293, 192.360916138], [1039.74987793, 1306.68188477, 2333.58666992, 1617.83483887, 1626.87329102, 1017.11297607, 684.858154297, 344.66204834, -23.9357891083, 108.23840332, 195.085891724, 301.282775879, 265.029632568], [1173.56274414, 923.437744141, 1617.83483887, 1620.64074707, 1294.79711914, 855.108276367, 558.576538086, 262.355041504, -16.6402893066, 53.2016601563, 124.612121582, 237.067581177, 220.170578003], [1103.79101563, 987.945678711, 1626.87329102, 1294.79711914, 1377.02197266, 820.339538574, 548.750671387, 265.164733887, -1.64775085449, 113.74773407, 142.204711914, 230.101669312, 188.406524658], [840.54296875, 628.431884766, 1017.11297607, 855.108276367, 820.339538574, 705.835876465, 383.106933594, 252.695968628, 34.2658424377, 99.681312561, 114.573738098, 181.605026245, 139.831207275], [377.890899658, 481.131011963, 684.858154297, 558.576538086, 548.750671387, 383.106933594, 367.415252686, 177.472900391, 63.1148452759, 74.7956314087, 110.786857605, 119.881469727, 100.391677856], [225.552307129, 220.024093628, 344.66204834, 262.355041504, 265.164733887, 252.695968628, 177.472900391, 176.21572876, 73.3782958984, 69.7782821655, 65.598739624, 73.145614624, 55.017616272], [51.4114723206, 47.4321022034, -23.9357891083, -16.6402893066, -1.64775085449, 34.2658424377, 63.1148452759, 73.3782958984, 115.070411682, 58.1117744446, 44.9855194092, 18.1066627502, 4.77931928635], [188.330322266, 109.922653198, 108.23840332, 53.2016601563, 113.74773407, 99.681312561, 74.7956314087, 69.7782821655, 58.1117744446, 99.9725418091, 57.8578338623, 27.6342754364, 11.0164747238], [122.70274353, 189.390991211, 195.085891724, 124.612121582, 142.204711914, 114.573738098, 110.786857605, 65.598739624, 44.9855194092, 57.8578338623, 85.7853622437, 54.3180046082, 39.4581375122], [255.409545898, 209.35925293, 301.282775879, 237.067581177, 230.101669312, 181.605026245, 119.881469727, 73.145614624, 18.1066627502, 27.6342754364, 54.3180046082, 99.3396072388, 63.2351570129], [166.813583374, 192.360916138, 265.029632568, 220.170578003, 188.406524658, 139.831207275, 100.391677856, 55.017616272, 4.77931928635, 11.0164747238, 39.4581375122, 63.2351570129, 76.1110305786]],
        "icov": [[0.000336334953317, -0.000713896588422, 0.000401704135584, -0.000305522320559, 8.59145711729e-006, -0.000184556818567, 0.000424323981861, -3.16356890835e-005, 9.92590939859e-005, -0.00073439150583, 0.000985227175988, -0.000687293650117, 0.000493437401019], [-0.000713896588422, 0.00367231643759, -0.00140836869832, 0.00103261647746, -0.000770990271121, 1.56418172992e-005, -0.00139345857315, 0.00125302141532, -0.000999086652882, 0.00203895941377, -0.00417922763154, 0.00210126163438, -0.00279913842678], [0.000401704135584, -0.00140836869832, 0.00364313158207, -0.000766861136071, -0.00259074033238, -0.000141768963658, 0.000643120962195, -0.00179627502803, 0.00189829617739, 0.000485837779706, -0.000493227911647, -0.000652641814668, -5.63163666811e-005], [-0.000305522320559, 0.00103261647746, -0.000766861136071, 0.00377783249132, -0.00192895566579, -0.00153287604917, -0.00143301964272, 0.00118755863514, -0.000822581641842, 0.00293273990974, -0.000587313203141, 0.00158404628746, -0.00295973243192], [8.59145711729e-006, -0.000770990271121, -0.00259074033238, -0.00192895566579, 0.00765010761097, -0.00147008569911, -0.00263343332335, 0.0021370803006, 0.00114425551146, -0.00504541024566, 0.00450709601864, -0.00208274903707, 0.00227567693219], [-0.000184556818567, 1.56418172992e-005, -0.000141768963658, -0.00153287604917, -0.00147008569911, 0.00875245127827, -0.000275791971944, -0.00666566006839, 0.00288383220322, -0.00216287747025, 0.000946954125538, -0.0037923627533, 0.000825884169899], [0.000424323981861, -0.00139345857315, 0.000643120962195, -0.00143301964272, -0.00263343332335, -0.000275791971944, 0.0132051883265, -0.00458779325709, -0.00287473900244, 0.00255727046169, -0.00634702621028, 0.000661854865029, -2.73033565463e-005], [-3.16356890835e-005, 0.00125302141532, -0.00179627502803, 0.00118755863514, 0.0021370803006, -0.00666566006839, -0.00458779325709, 0.0224916804582, -0.00966650433838, -0.00388753670268, 0.00336749339476, -0.00025377253769, -0.00389418983832], [9.92590939859e-005, -0.000999086652882, 0.00189829617739, -0.000822581641842, 0.00114425551146, 0.00288383220322, -0.00287473900244, -0.00966650433838, 0.0205691028386, -0.00631893472746, -0.00246409326792, -0.00203451211564, 0.00331635586917], [-0.00073439150583, 0.00203895941377, 0.000485837779706, 0.00293273990974, -0.00504541024566, -0.00216287747025, 0.00255727046169, -0.00388753670268, -0.00631893472746, 0.028472525999, -0.019204840064, 0.00618266640231, 0.00327633158304], [0.000985227175988, -0.00417922763154, -0.000493227911647, -0.000587313203141, 0.00450709601864, 0.000946954125538, -0.00634702621028, 0.00336749339476, -0.00246409326792, -0.019204840064, 0.0423973947763, -0.0131180165336, -0.00328623969108], [-0.000687293650117, 0.00210126163438, -0.000652641814668, 0.00158404628746, -0.00208274903707, -0.0037923627533, 0.000661854865029, -0.00025377253769, -0.00203451211564, 0.00618266640231, -0.0131180165336, 0.03257368505, -0.0157100409269], [0.000493437401019, -0.00279913842678, -5.63163666811e-005, -0.00295973243192, 0.00227567693219, 0.000825884169899, -2.73033565463e-005, -0.00389418983832, 0.00331635586917, 0.00327633158304, -0.00328623969108, -0.0157100409269, 0.0376635268331]]
    },
    "melbands": {
        "mean": [0.0113927870989, 0.00671906629577, 0.000712190812919, 0.000319984421367, 0.000242836409598, 0.000185129480087, 0.000403940677643, 0.00075203855522, 0.00140179577284, 0.00014078328968, 3.75330200768e-005, 4.93092702527e-005, 2.06268068723e-005, 5.15277952218e-006, 3.32870831699e-006, 1.1192330021e-005, 3.98714109906e-006, 1.84463442565e-006, 1.46356512687e-006, 4.09435017446e-007, 2.38713028011e-007, 3.10614012733e-007, 1.81819288514e-007, 1.07707258223e-007, 5.13975564331e-008, 4.36274589788e-008, 4.17988594847e-008, 4.93620824216e-008, 4.09423108749e-008, 3.51987914371e-008, 1.87560811327e-008, 1.19149685673e-008, 6.77235378888e-009, 5.18154985585e-009, 3.2840350439e-009, 1.63996305425e-009, 9.44489819688e-010, 7.16780745869e-010, 4.01863459176e-010, 1.74246950202e-010],
        "var": [0.000343437073752, 0.000180723203812, 8.58475323184e-006, 8.56223778101e-007, 2.62468262235e-007, 1.16948868367e-007, 3.54916153356e-007, 7.40098471397e-007, 2.89059653369e-006, 3.41018733252e-008, 4.03457400822e-009, 8.17817369381e-009, 9.8211760946e-010, 6.53695708674e-011, 3.60770649466e-011, 5.1949589075e-010, 7.01814370507e-011, 1.3575528722e-011, 7.24120719983e-012, 9.2976494559e-013, 2.9357251222e-013, 7.93996758532e-013, 3.63978405792e-013, 1.45260241552e-013, 2.1865425391e-014, 1.83902287794e-014, 2.37845191404e-014, 5.45079694542e-014, 5.86106819545e-014, 3.39242353555e-014, 5.00522441148e-015, 1.99091833175e-015, 4.66322236529e-016, 2.06453269465e-016, 1.49679297988e-016, 1.94164750385e-017, 4.1854962628e-018, 2.95906741502e-018, 1.10609712631e-018, 3.61503234243e-019]
    },
    "mfcc": {
        "mean": [-831.19921875, 229.79927063, 14.0275659561, -10.653550148, -19.4638156891, -10.9237480164, -9.71143627167, -4.71064710617, 9.45355796814, 14.4204092026, 14.1786308289, 10.8781862259, 4.10597276688],
        "cov": [[3709.19042969, 1361.19763184, -57.4946670532, 965.875549316, 384.596069336, 737.337890625, 338.504547119, 369.454650879, 192.615020752, 91.2421646118, 132.201370239, 89.6851882935, 44.2814826965], [1361.19763184, 1254.30358887, 620.992431641, 646.435058594, 574.38458252, 587.941162109, 514.950073242, 377.519775391, 210.944549561, 132.442184448, 115.721504211, 98.0375823975, 106.539100647], [-57.4946670532, 620.992431641, 1108.96533203, 837.265991211, 776.781799316, 709.639343262, 664.774719238, 511.34487915, 257.587524414, 162.361206055, 74.6266708374, 46.2058944702, 112.813240051], [965.875549316, 646.435058594, 837.265991211, 1216.5859375, 859.006958008, 881.472473145, 695.127258301, 546.553405762, 287.099334717, 142.56803894, 66.8945846558, 36.2228164673, 89.533706665], [384.596069336, 574.38458252, 776.781799316, 859.006958008, 815.412536621, 735.944030762, 606.123474121, 471.143280029, 246.876586914, 136.190765381, 76.8888931274, 40.9952087402, 81.2189407349], [737.337890625, 587.941162109, 709.639343262, 881.472473145, 735.944030762, 803.402099609, 614.724853516, 494.975372314, 255.500106812, 140.707305908, 95.0651702881, 46.762336731, 84.6870727539], [338.504547119, 514.950073242, 664.774719238, 695.127258301, 606.123474121, 614.724853516, 584.255737305, 423.147155762, 224.542739868, 141.305130005, 77.2107467651, 55.8683166504, 98.5695495605], [369.454650879, 377.519775391, 511.34487915, 546.553405762, 471.143280029, 494.975372314, 423.147155762, 399.810638428, 212.057189941, 116.810348511, 77.4657745361, 43.1923561096, 78.8642807007], [192.615020752, 210.944549561, 257.587524414, 287.099334717, 246.876586914, 255.500106812, 224.542739868, 212.057189941, 155.035751343, 90.9634628296, 56.5345954895, 42.4493637085, 50.7830047607], [91.2421646118, 132.442184448, 162.361206055, 142.56803894, 136.190765381, 140.707305908, 141.305130005, 116.810348511, 90.9634628296, 112.782714844, 72.5914535522, 43.984375, 43.5347480774], [132.201370239, 115.721504211, 74.6266708374, 66.8945846558, 76.8888931274, 95.0651702881, 77.2107467651, 77.4657745361, 56.5345954895, 72.5914535522, 90.3745727539, 53.8926239014, 36.4879226685], [89.6851882935, 98.0375823975, 46.2058944702, 36.2228164673, 40.9952087402, 46.762336731, 55.8683166504, 43.1923561096, 42.4493637085, 43.984375, 53.8926239014, 74.5861358643, 47.5980758667], [44.2814826965, 106.539100647, 112.813240051, 89.533706665, 81.2189407349, 84.6870727539, 98.5695495605, 78.8642807007, 50.7830047607, 43.5347480774, 36.4879226685, 47.5980758667, 69.9570541382]],
        "icov": [[0.00923754740506, -0.012322855182, 0.0129381623119, -0.0122967343777, 0.0122652100399, -0.0140476273373, 0.0142489215359, -0.013868288137, 0.0126182669774, -0.0114006604999, 0.00826596748084, -0.00670645246282, 0.004302859772], [-0.012322855182, 0.0178222004324, -0.0174821093678, 0.0163784176111, -0.0164451636374, 0.0183524303138, -0.0197079535574, 0.0190469734371, -0.0171783417463, 0.0160136632621, -0.011952009052, 0.0081826755777, -0.00576823810115], [0.0129381623119, -0.0174821093678, 0.021766487509, -0.017326368019, 0.0149008426815, -0.0181326400489, 0.0180036686361, -0.0215377621353, 0.0195151083171, -0.0175444390625, 0.0128494370729, -0.00877980329096, 0.00509568164125], [-0.0122967343777, 0.0163784176111, -0.017326368019, 0.0210910141468, -0.0176812689751, 0.0147103630006, -0.0189675427973, 0.0188887640834, -0.0178330391645, 0.0147399902344, -0.00814982503653, 0.00862988177687, -0.00590890366584], [0.0122652100399, -0.0164451636374, 0.0149008426815, -0.0176812689751, 0.026384845376, -0.0233762245625, 0.017101297155, -0.017381593585, 0.0151439737529, -0.0143321277574, 0.0107619306073, -0.00914930179715, 0.0075835227035], [-0.0140476273373, 0.0183524303138, -0.0181326400489, 0.0147103630006, -0.0233762245625, 0.0373799465597, -0.0274008624256, 0.0156187303364, -0.0178089477122, 0.0207031033933, -0.0194992311299, 0.0122301056981, -0.00386099726893], [0.0142489215359, -0.0197079535574, 0.0180036686361, -0.0189675427973, 0.017101297155, -0.0274008624256, 0.0388077460229, -0.0265875272453, 0.0223516542464, -0.0247703138739, 0.020456135273, -0.0136502115056, 0.00265287584625], [-0.013868288137, 0.0190469734371, -0.0215377621353, 0.0188887640834, -0.017381593585, 0.0156187303364, -0.0265875272453, 0.0457372181118, -0.0382503643632, 0.0252157915384, -0.0211263988167, 0.0190593395382, -0.0123719023541], [0.0126182669774, -0.0171783417463, 0.0195151083171, -0.0178330391645, 0.0151439737529, -0.0178089477122, 0.0223516542464, -0.0382503643632, 0.054073702544, -0.0328799411654, 0.021145472303, -0.020225668326, 0.0090720448643], [-0.0114006604999, 0.0160136632621, -0.0175444390625, 0.0147399902344, -0.0143321277574, 0.0207031033933, -0.0247703138739, 0.0252157915384, -0.0328799411654, 0.0480303689837, -0.034290060401, 0.0159046016634, -0.00864957645535], [0.00826596748084, -0.011952009052, 0.0128494370729, -0.00814982503653, 0.0107619306073, -0.0194992311299, 0.020456135273, -0.0211263988167, 0.021145472303, -0.034290060401, 0.0491403117776, -0.027219094336, 0.00766152935103], [-0.00670645246282, 0.0081826755777, -0.00877980329096, 0.00862988177687, -0.00914930179715, 0.0122301056981, -0.0136502115056, 0.0190593395382, -0.020225668326, 0.0159046016634, -0.027219094336, 0.0451786518097, -0.0232966206968], [0.004302859772, -0.00576823810115, 0.00509568164125, -0.00590890366584, 0.0075835227035, -0.00386099726893, 0.00265287584625, -0.0123719023541, 0.0090720448643, -0.00864957645535, 0.00766152935103, -0.0232966206968, 0.0364312566817]]
    },
    "spectral_contrast_coeffs": {
        "mean": [-0.666670203209, -0.67735183239, -0.752634048462, -0.809496581554, -0.859880983829, -0.777434527874],
        "var": [0.00642773602158, 0.00973760988563, 0.00287563353777, 0.00223407545127, 0.000667772372253, 0.00125624949578]
    },
    "spectral_contrast_valleys": {
        "mean": [-8.36250019073, -6.6440205574, -8.12440299988, -9.20118236542, -10.0664892197, -13.6060447693],
        "var": [4.68437147141, 1.18544304371, 0.970147311687, 0.823006987572, 0.785346269608, 0.633798897266]
    }
},
"metadata": {
    "audio_properties": {
        "analysis_sample_rate": 44100,
        "bit_rate": 94759,
        "equal_loudness": 0,
        "length": 45.0873451233,
        "lossless": 0,
        "replay_gain": -9.97096252441,
        "sample_rate": 44100,
        "codec": "mp3",
        "downmix": "mix",
        "md5_encoded": "e5ee2fec2126f49f74b5ac84c337a14e"
    },
    "tags": {
        "file_name": "926.mp3"
    },
    "version": {
        "essentia": "2.1-beta2",
        "essentia_git_sha": "v2.1_beta2",
        "extractor": "music 1.0"
    }
},
"rhythm": {
    "beats_count": 93,
    "beats_loudness": {
        "mean": 0.188637599349,
        "var": 0.0151201020926
    },
    "bpm": 125.159263611,
    "bpm_histogram_first_peak_bpm": {
        "mean": 126,
        "var": 0
    },
    "bpm_histogram_first_peak_spread": {
        "mean": 0.455555528402,
        "var": 0
    },
    "bpm_histogram_first_peak_weight": {
        "mean": 0.532608687878,
        "var": 0
    },
    "bpm_histogram_second_peak_bpm": {
        "mean": 120,
        "var": 0
    },
    "bpm_histogram_second_peak_spread": {
        "mean": 0,
        "var": 0
    },
    "bpm_histogram_second_peak_weight": {
        "mean": 0.0108695654199,
        "var": 0
    },
    "danceability": 1.43700432777,
    "onset_rate": 4.70016908646,
    "beats_loudness_band_ratio": {
        "mean": [0.659482836723, 0.011199307628, 0.32430639863, 0.00659676780924, 0.000442255521193, 4.09314343415e-005],
        "var": [0.217121332884, 8.92726675374e-005, 0.206089824438, 6.78390133544e-005, 3.26695783315e-007, 2.04907313339e-009]
    },
    "beats_position": [0.406349211931, 0.859138309956, 1.3235373497, 1.8111563921, 2.29877543449, 2.77478456497, 3.25079369545, 3.72680258751, 4.20281171799, 4.69043064117, 5.16644001007, 5.64244890213, 6.11845779419, 6.59446716309, 7.08208608627, 7.55809497833, 8.03410434723, 8.52172279358, 9.0093421936, 9.49696159363, 9.96135997772, 10.4373693466, 10.9249887466, 11.4009971619, 11.8770065308, 12.3530158997, 12.840634346, 13.328253746, 13.8042631149, 14.2802715302, 14.7678909302, 15.2555103302, 15.7315187454, 16.2075271606, 16.6835365295, 17.1595458984, 17.6471652985, 18.1347846985, 18.6107940674, 19.0868015289, 19.5628108978, 20.0388202667, 20.5264396667, 21.0140590668, 21.4900684357, 21.9660758972, 22.4420852661, 22.918094635, 23.405714035, 23.8933334351, 24.369342804, 24.8453502655, 25.3329696655, 25.8089790344, 26.2965984344, 26.7726078033, 27.2486171722, 27.7246246338, 28.1890239716, 28.6766433716, 29.1526527405, 29.6286621094, 30.1162815094, 30.5922889709, 31.0682983398, 31.5559177399, 32.0319252014, 32.5079345703, 32.9955558777, 33.4831733704, 33.9707946777, 34.4468002319, 34.9228096008, 35.4104309082, 35.8980484009, 36.362449646, 36.8384590149, 37.3144645691, 37.8020858765, 38.2664833069, 38.7541046143, 39.2417221069, 39.7293434143, 40.2053489685, 40.6813583374, 41.1573677063, 41.6565971375, 42.1209983826, 42.585395813, 43.0730133057, 43.560634613, 44.0366439819, 44.5126533508]
},
"tonal": {
    "chords_changes_rate": 0.0462962947786,
    "chords_number_rate": 0.00720164598897,
    "chords_strength": {
        "mean": 0.441490262747,
        "var": 0.00703644379973
    },
    "hpcp_entropy": {
        "mean": 1.55887365341,
        "var": 0.284828126431
    },
    "key_strength": 0.395231455564,
    "tuning_diatonic_strength": 0.350974410772,
    "tuning_equal_tempered_deviation": 0.0282333530486,
    "tuning_frequency": 441.017791748,
    "tuning_nontempered_energy_ratio": 0.603412270546,
    "hpcp": {
        "mean": [0.12527987361, 0.0485990904272, 0.0933529138565, 0.154384940863, 0.0970800966024, 0.0971912965178, 0.183656483889, 0.154328361154, 0.190123662353, 0.258745253086, 0.122424356639, 0.0218804702163, 0.0179331693798, 0.0161306429654, 0.191843181849, 0.390086740255, 0.232404991984, 0.148953944445, 0.186772987247, 0.0676046088338, 0.00527993915603, 0.00482593290508, 0.0108945565298, 0.0246402863413, 0.0334324017167, 0.0210846997797, 0.00545511720702, 0.00191855640151, 0.00186067831237, 0.00688263075426, 0.0107977371663, 0.00621607014909, 0.00270834029652, 0.00435108272359, 0.020725030452, 0.104201212525],
        "var": [0.0985464528203, 0.0157207418233, 0.0146126123145, 0.0264281071723, 0.0197615791112, 0.0462500937283, 0.129943847656, 0.0950710996985, 0.078656449914, 0.158806473017, 0.0428158268332, 0.0146719263867, 0.0108454637229, 0.0113309295848, 0.0454438626766, 0.17443318665, 0.0557836405933, 0.0821084752679, 0.108743049204, 0.0159389469773, 0.00225731055252, 0.00178927974775, 0.00674302689731, 0.007355958689, 0.00421415036544, 0.00434663612396, 0.000905266380869, 4.46273479611e-005, 4.43652606918e-005, 0.000234361548792, 0.000542322115507, 0.000244937604293, 0.000792671809904, 0.00240639410913, 0.00700507173315, 0.0742908790708]
    },
    "chords_histogram": [17.6954727173, 18.6213989258, 13.9917697906, 16.3580245972, 0, 0, 0, 19.5473251343, 8.23045253754, 0, 0, 0, 0, 0, 0, 0, 0, 0, 0, 0, 0.308641970158, 0, 5.24691343307, 0],
    "thpcp": [1, 0.595777750015, 0.381848275661, 0.478798598051, 0.173306599259, 0.0135352946818, 0.0123714357615, 0.0279285479337, 0.0631661713123, 0.0857050418854, 0.054051309824, 0.0139843700454, 0.00491828145459, 0.0047699091956, 0.0176438465714, 0.0276803486049, 0.0159350968897, 0.00694291805848, 0.0111541412771, 0.053129285574, 0.267123192549, 0.321159005165, 0.124585345387, 0.239313215017, 0.395770788193, 0.248867973685, 0.249153032899, 0.470809340477, 0.39562574029, 0.487388163805, 0.663301825523, 0.313838809729, 0.0560912936926, 0.0459722615778, 0.0413514263928, 0.491796225309],
    "chords_key": "G",
    "chords_scale": "major",
    "key_key": "G",
    "key_scale": "minor"
}
}