{
"lowlevel": {
    "average_loudness": 0.981179594994,
    "barkbands_crest": {
        "mean": 9.51247692108,
        "var": 18.8401794434
    },
    "barkbands_flatness_db": {
        "mean": 0.116113863885,
        "var": 0.00169500347693
    },
    "barkbands_kurtosis": {
        "mean": 2.86442899704,
        "var": 27.5293045044
    },
    "barkbands_skewness": {
        "mean": 1.44689750671,
        "var": 0.879638314247
    },
    "barkbands_spread": {
        "mean": 25.0356693268,
        "var": 188.263046265
    },
    "dissonance": {
        "mean": 0.470484435558,
        "var": 0.000285017944407
    },
    "dynamic_complexity": 1.03722846508,
    "erbbands_crest": {
        "mean": 7.89704608917,
        "var": 10.2060117722
    },
    "erbbands_flatness_db": {
        "mean": 0.14433927834,
        "var": 0.00119585113134
    },
    "erbbands_kurtosis": {
        "mean": -0.556588947773,
        "var": 0.543873906136
    },
    "erbbands_skewness": {
        "mean": 0.403463363647,
        "var": 0.224711880088
    },
    "erbbands_spread": {
        "mean": 43.4940795898,
        "var": 170.722000122
    },
    "hfc": {
        "mean": 35.6965255737,
        "var": 964.39465332
    },
    "melbands_crest": {
        "mean": 14.0648708344,
        "var": 32.0862579346
    },
    "melbands_flatness_db": {
        "mean": 0.177041947842,
        "var": 0.00302132056095
    },
    "melbands_kurtosis": {
        "mean": 10.6426010132,
        "var": 177.332046509
    },
    "melbands_skewness": {
        "mean": 2.48147273064,
        "var": 1.45071601868
    },
    "melbands_spread": {
        "mean": 24.2744064331,
        "var": 227.423538208
    },
    "pitch_salience": {
        "mean": 0.549672424793,
        "var": 0.0140174813569
    },
    "silence_rate_20dB": {
        "mean": 1,
        "var": 0
    },
    "silence_rate_30dB": {
        "mean": 0.912461400032,
        "var": 0.0798739939928
    },
    "silence_rate_60dB": {
        "mean": 0.00205973233096,
        "var": 0.00205553858541
    },
    "spectral_centroid": {
        "mean": 1512.00085449,
        "var": 353040.75
    },
    "spectral_complexity": {
        "mean": 29.3877449036,
        "var": 44.1971473694
    },
    "spectral_decrease": {
        "mean": -1.19692691314e-008,
        "var": 9.11579041592e-017
    },
    "spectral_energy": {
        "mean": 0.0484125800431,
        "var": 0.00133226893377
    },
    "spectral_energyband_high": {
        "mean": 0.00196152622811,
        "var": 1.05503968371e-005
    },
    "spectral_energyband_low": {
        "mean": 0.0215876847506,
        "var": 0.00125268893316
    },
    "spectral_energyband_middle_high": {
        "mean": 0.00595049606636,
        "var": 6.55973053654e-006
    },
    "spectral_energyband_middle_low": {
        "mean": 0.0193181671202,
        "var": 6.96747083566e-005
    },
    "spectral_entropy": {
        "mean": 7.69060325623,
        "var": 0.0825478434563
    },
    "spectral_flux": {
        "mean": 0.113225258887,
        "var": 0.00377134536393
    },
    "spectral_kurtosis": {
        "mean": 3.55000138283,
        "var": 1.92954742908
    },
    "spectral_rms": {
        "mean": 0.00653326045722,
        "var": 4.54834435004e-006
    },
    "spectral_rolloff": {
        "mean": 1765.36242676,
        "var": 3959265
    },
    "spectral_skewness": {
        "mean": 1.35092699528,
        "var": 0.0470851510763
    },
    "spectral_spread": {
        "mean": 4618249,
        "var": 4.24472346624e+012
    },
    "spectral_strongpeak": {
        "mean": 1.00144302845,
        "var": 1.89508390427
    },
    "zerocrossingrate": {
        "mean": 0.0678514838219,
        "var": 0.00213456503116
    },
    "barkbands": {
        "mean": [0.00136871798895, 0.0148026784882, 0.00510155968368, 0.00192268926185, 0.0026996883098, 0.00329139526002, 0.00515390792862, 0.00362245598808, 0.00249817385338, 0.000532117439434, 0.000356878706953, 0.00059777579736, 0.000896727375221, 0.000797050597612, 0.000601624662522, 0.000228929842706, 0.000528032542206, 0.000778371933848, 0.000318284961395, 0.000775484368205, 0.000338595767971, 0.000235844505369, 0.000204823722015, 0.000256507017184, 0.000271480646916, 0.000224505129154, 8.29005603009e-006],
        "var": [3.91972662328e-006, 0.000785063544754, 0.000128545958432, 1.00514662336e-005, 1.14802269309e-005, 1.01016566987e-005, 2.71523113042e-005, 1.39654248414e-005, 7.12515202395e-006, 3.13515357675e-007, 1.16263720429e-007, 3.15368907877e-007, 5.77188075113e-007, 7.3327936434e-007, 2.06459873198e-007, 4.98037913133e-008, 1.61645721164e-006, 2.81896944898e-007, 6.54291909541e-008, 4.96173356623e-007, 5.39441089131e-007, 2.0668470313e-007, 1.73948393467e-007, 3.93484100414e-007, 4.93307766192e-007, 3.60254034604e-007, 6.15720363584e-010]
    },
    "erbbands": {
        "mean": [0.41499710083, 3.27356004715, 6.57505989075, 6.08099365234, 5.55725049973, 11.675948143, 15.8296966553, 31.4070549011, 67.0023040771, 97.4152145386, 54.6439743042, 71.3272476196, 16.2847480774, 18.3192062378, 15.3723630905, 28.4319953918, 44.8648719788, 33.9460716248, 38.3138465881, 24.9371471405, 16.5820350647, 29.4384250641, 47.286529541, 24.0455570221, 16.5790843964, 38.1011161804, 19.6516494751, 10.6903896332, 9.00743770599, 7.11599779129, 5.52378559113, 5.2242064476, 4.18960142136, 3.11483716965, 1.91393256187, 1.02003550529, 0.372359722853, 0.0689354389906, 0.00134043442085, 0.000101888515928],
        "var": [0.570275723934, 48.5709686279, 192.283569336, 134.054107666, 59.1650161743, 332.487487793, 328.718902588, 1112.23303223, 5435.94335938, 9374.15917969, 2157.36499023, 5797.52734375, 164.188598633, 313.633178711, 126.193222046, 628.434387207, 1478.10266113, 1296.09777832, 692.008239746, 379.60369873, 1648.02514648, 1483.56604004, 1282.4934082, 245.258636475, 161.753936768, 1222.07409668, 369.713470459, 1315.59228516, 386.674346924, 200.101760864, 116.620269775, 147.843093872, 112.512695313, 65.8264846802, 25.1721744537, 7.32735395432, 1.03093147278, 0.0362345948815, 1.28106385091e-005, 1.74521073149e-008]
    },
    "gfcc": {
        "mean": [51.1796073914, 88.6697006226, -122.048049927, 32.4336738586, -63.5142860413, 5.1194190979, -37.386302948, 16.0743541718, -19.450510025, 16.2445487976, -6.92380237579, -3.89202618599, -17.3963661194],
        "cov": [[3946.03930664, -603.329650879, 243.460174561, 14.9016332626, -161.134155273, 149.893676758, -180.570297241, 96.316734314, -103.460571289, 112.321426392, -209.552093506, 80.3746490479, -179.68737793], [-603.329650879, 1245.92443848, -411.898986816, 236.910232544, 124.997322083, -21.4926929474, 217.361602783, -12.8341207504, 129.704452515, -88.3097457886, 219.756164551, -142.313323975, 139.741943359], [243.460174561, -411.898986816, 665.292724609, 21.8077468872, 47.4943580627, 156.767807007, 27.866765976, 90.6859054565, -30.6728630066, 53.7388305664, -58.4160766602, 142.751235962, -22.4586372375], [14.9016332626, 236.910232544, 21.8077468872, 169.948410034, 74.014793396, 57.8049964905, 83.8000793457, 16.2280426025, 47.2675094604, -17.6537704468, 38.2425804138, -30.5474147797, 28.51927948], [-161.134155273, 124.997322083, 47.4943580627, 74.014793396, 110.548667908, 52.6596069336, 59.2504081726, 26.5508422852, 35.2849464417, 4.52522087097, 30.6134929657, -11.888130188, 10.7872457504], [149.893676758, -21.4926929474, 156.767807007, 57.8049964905, 52.6596069336, 122.249191284, 67.374382019, 47.9949951172, 23.7873306274, 21.8170013428, 3.14511466026, 18.5186290741, -9.04466056824], [-180.570297241, 217.361602783, 27.866765976, 83.8000793457, 59.2504081726, 67.374382019, 141.723083496, 50.3101005554, 54.6518630981, 6.70878458023, 50.8283653259, -17.0721149445, 26.3588542938], [96.316734314, -12.8341207504, 90.6859054565, 16.2280426025, 26.5508422852, 47.9949951172, 50.3101005554, 89.2458496094, 38.1131629944, 27.1745510101, 18.8085536957, 16.6738071442, 3.54493069649], [-103.460571289, 129.704452515, -30.6728630066, 47.2675094604, 35.2849464417, 23.7873306274, 54.6518630981, 38.1131629944, 92.4105529785, 30.45271492, 51.6281929016, -19.8046112061, 12.5735874176], [112.321426392, -88.3097457886, 53.7388305664, -17.6537704468, 4.52522087097, 21.8170013428, 6.70878458023, 27.1745510101, 30.45271492, 86.3705215454, 33.654586792, 25.4151191711, -10.7387475967], [-209.552093506, 219.756164551, -58.4160766602, 38.2425804138, 30.6134929657, 3.14511466026, 50.8283653259, 18.8085536957, 51.6281929016, 33.654586792, 133.870559692, 16.505859375, 57.0672950745], [80.3746490479, -142.313323975, 142.751235962, -30.5474147797, -11.888130188, 18.5186290741, -17.0721149445, 16.6738071442, -19.8046112061, 25.4151191711, 16.505859375, 105.860420227, 35.0066947937], [-179.68737793, 139.741943359, -22.4586372375, 28.51927948, 10.7872457504, -9.04466056824, 26.3588542938, 3.54493069649, 12.5735874176, -10.7387475967, 57.0672950745, 35.0066947937, 95.0094299316]],
        "icov": [[0.000614942982793, -0.000469556602184, 0.000529939890839, -0.0015202043578, 0.00144885026384, -0.00145042676013, 0.00182750925887, -0.00177575892303, 0.00119973521214, -0.00171197217423, 0.00136444170494, -0.00114996591583, 0.000943794439081], [-0.000469556602184, 0.00369116570801, 0.000277772836853, -0.000150439489516, -0.00190536933951, 0.00213992455974, -0.00434283073992, 0.00240153120831, -0.00145617988892, 0.00449146237224, -0.00496447551996, 0.0033981082961, -0.00224075792357], [0.000529939890839, 0.000277772836853, 0.00482430821285, -0.00304186134599, 5.29480239493e-005, -0.00362234236673, 0.000940455822274, -0.00347743672319, 0.00253338902257, -0.00201709219255, 0.00293985917233, -0.00628494098783, 0.002151790075], [-0.0015202043578, -0.000150439489516, -0.00304186134599, 0.0172224510461, -0.00676261167973, -0.000641036720481, -0.00555955292657, 0.00742582650855, -0.00643024407327, 0.00685818213969, -0.00357397086918, 0.00676759937778, -0.00529116205871], [0.00144885026384, -0.00190536933951, 5.29480239493e-005, -0.00676261167973, 0.018828028813, -0.00698965089396, 0.00430944561958, -0.00477406056598, 0.00178328424226, -0.00414788257331, 0.0017137567047, -0.000580157211516, 0.00224407948554], [-0.00145042676013, 0.00213992455974, -0.00362234236673, -0.000641036720481, -0.00698965089396, 0.0243483986706, -0.0120946755633, 0.00225869938731, -0.00282290461473, 0.00284610781819, -0.00233299611136, -0.000178808564669, 0.00199075299315], [0.00182750925887, -0.00434283073992, 0.000940455822274, -0.00555955292657, 0.00430944561958, -0.0120946755633, 0.0249041486531, -0.0112000405788, 0.00234416453168, -0.00630439119413, 0.00399022037163, -0.000511147256475, 0.000371727859601], [-0.00177575892303, 0.00240153120831, -0.00347743672319, 0.00742582650855, -0.00477406056598, 0.00225869938731, -0.0112000405788, 0.0258535258472, -0.0111175784841, 0.00533174769953, -0.00475011253729, 0.00305102951825, -0.00323905376717], [0.00119973521214, -0.00145617988892, 0.00253338902257, -0.00643024407327, 0.00178328424226, -0.00282290461473, 0.00234416453168, -0.0111175784841, 0.0257533676922, -0.0115326996893, -9.70429900917e-005, 0.0020070427563, 0.000840135267936], [-0.00171197217423, 0.00449146237224, -0.00201709219255, 0.00685818213969, -0.00414788257331, 0.00284610781819, -0.00630439119413, 0.00533174769953, -0.0115326996893, 0.0291639566422, -0.0147330639884, 0.00133151037153, 0.00309402123094], [0.00136444170494, -0.00496447551996, 0.00293985917233, -0.00357397086918, 0.0017137567047, -0.00233299611136, 0.00399022037163, -0.00475011253729, -9.70429900917e-005, -0.0147330639884, 0.0249773841351, -0.010235702619, -0.00257999706082], [-0.00114996591583, 0.0033981082961, -0.00628494098783, 0.00676759937778, -0.000580157211516, -0.000178808564669, -0.000511147256475, 0.00305102951825, 0.0020070427563, 0.00133151037153, -0.010235702619, 0.0317543819547, -0.016280291602], [0.000943794439081, -0.00224075792357, 0.002151790075, -0.00529116205871, 0.00224407948554, 0.00199075299315, 0.000371727859601, -0.00323905376717, 0.000840135267936, 0.00309402123094, -0.00257999706082, -0.016280291602, 0.0254421010613]]
    },
    "melbands": {
        "mean": [0.00392061984167, 0.00390677386895, 0.00109123100992, 0.00055302673718, 0.00058641313808, 0.000675804214552, 0.00104589725379, 0.00104437838309, 0.000434830843005, 0.000396850373363, 6.59251600155e-005, 7.50559047447e-005, 5.10756835865e-005, 5.67844435864e-005, 0.000103041384136, 7.63608404668e-005, 6.54778341413e-005, 6.49960638839e-005, 4.73695181427e-005, 1.93291270989e-005, 1.96292530745e-005, 2.85531714326e-005, 4.30976069765e-005, 3.48233079421e-005, 1.84483596968e-005, 9.53272956394e-006, 1.92229472304e-005, 2.67991545115e-005, 1.46903657878e-005, 6.5374292717e-006, 6.39993641016e-006, 5.38469612366e-006, 4.04753018302e-006, 4.03966123486e-006, 3.31088290295e-006, 2.66293659479e-006, 3.48767230207e-006, 2.96602070193e-006, 2.63714468929e-006, 2.68710209639e-006],
        "var": [4.85051095893e-005, 6.40774669591e-005, 3.38590416504e-006, 5.49047911136e-007, 3.59909932968e-007, 4.90861793878e-007, 1.23615302527e-006, 1.0725455013e-006, 1.31004611603e-007, 1.80157883278e-007, 4.16417655913e-009, 6.04294969619e-009, 2.3004487204e-009, 2.61601384999e-009, 8.18673218106e-009, 3.48241857573e-009, 6.35726005171e-009, 2.64345634271e-009, 1.5627461547e-009, 3.42029626843e-010, 5.27304599984e-009, 3.34274075087e-009, 1.24245813637e-009, 5.81739378891e-010, 1.8625459508e-010, 8.21298584697e-011, 2.30261795742e-010, 8.97058927141e-010, 2.51651338656e-010, 1.34664196461e-010, 1.05310538068e-009, 1.66396452173e-010, 6.10319919603e-011, 7.81144593454e-011, 4.27785203094e-011, 3.21937823622e-011, 7.39409367068e-011, 5.48963687008e-011, 5.18445980591e-011, 5.02400412938e-011]
    },
    "mfcc": {
        "mean": [-587.846557617, 117.768470764, -3.28745031357, 25.7714138031, -2.27529001236, -4.61787033081, -0.497172892094, -6.57036781311, -6.73924255371, 10.5117330551, 9.02352809906, 11.5761146545, 0.614976942539],
        "cov": [[1326.70080566, -340.663513184, 224.12802124, -43.9565429688, 62.0389671326, 44.4829177856, -44.4466094971, -6.27256727219, 56.7163848877, -20.9367084503, 48.2855796814, -6.03816175461, 1.40790212154], [-340.663513184, 702.398193359, -177.773651123, 157.655487061, -10.7216911316, 21.2033061981, 97.2130584717, 53.1260299683, -15.3623609543, 82.7738571167, -2.38586354256, 55.3670387268, 10.0342216492], [224.12802124, -177.773651123, 410.185791016, 2.95442152023, 66.3653945923, 60.5789527893, 44.4430770874, 83.7174682617, 54.8370475769, -24.5525817871, 2.31303572655, -20.0440406799, 49.2080383301], [-43.9565429688, 157.655487061, 2.95442152023, 120.511413574, 29.5705623627, 37.7725028992, 42.395740509, 34.7793502808, 19.304857254, 26.7740440369, 7.23077487946, 20.3390541077, 2.17391371727], [62.0389671326, -10.7216911316, 66.3653945923, 29.5705623627, 88.527885437, 33.9475784302, 20.6198959351, 23.8107204437, 14.8148784637, 13.8677043915, 11.6779661179, 12.2804794312, 18.6840267181], [44.4829177856, 21.2033061981, 60.5789527893, 37.7725028992, 33.9475784302, 95.7834014893, 39.547416687, 32.9523277283, 28.5552845001, 16.4395446777, 17.7795467377, 11.9000883102, 15.6212158203], [-44.4466094971, 97.2130584717, 44.4430770874, 42.395740509, 20.6198959351, 39.547416687, 95.4780883789, 51.4416770935, 22.0020084381, 30.1278877258, 11.893119812, 20.920633316, 19.6411075592], [-6.27256727219, 53.1260299683, 83.7174682617, 34.7793502808, 23.8107204437, 32.9523277283, 51.4416770935, 95.0665359497, 41.2803840637, 19.1686115265, 6.53667020798, 2.56353211403, 12.6538562775], [56.7163848877, -15.3623609543, 54.8370475769, 19.304857254, 14.8148784637, 28.5552845001, 22.0020084381, 41.2803840637, 72.2713394165, 26.9922199249, 17.0986747742, 6.62657737732, 4.76973581314], [-20.9367084503, 82.7738571167, -24.5525817871, 26.7740440369, 13.8677043915, 16.4395446777, 30.1278877258, 19.1686115265, 26.9922199249, 84.4654998779, 44.9431991577, 35.2528877258, 20.2113132477], [48.2855796814, -2.38586354256, 2.31303572655, 7.23077487946, 11.6779661179, 17.7795467377, 11.893119812, 6.53667020798, 17.0986747742, 44.9431991577, 72.9081115723, 38.7192306519, 14.5332269669], [-6.03816175461, 55.3670387268, -20.0440406799, 20.3390541077, 12.2804794312, 11.9000883102, 20.920633316, 2.56353211403, 6.62657737732, 35.2528877258, 38.7192306519, 70.2691192627, 36.0013771057], [1.40790212154, 10.0342216492, 49.2080383301, 2.17391371727, 18.6840267181, 15.6212158203, 19.6411075592, 12.6538562775, 4.76973581314, 20.2113132477, 14.5332269669, 36.0013771057, 81.0661087036]],
        "icov": [[0.000979212112725, 0.000225496172789, -0.000434503977885, 6.05610985076e-005, -0.000391075154766, -0.000245446019107, 0.000457274145447, 0.000436213624198, -0.000563904468436, 0.000218363420572, -0.000600818719249, -0.00017708663654, 0.000340850820066], [0.000225496172789, 0.00338919716887, 0.00118487561122, -0.00342409592122, 0.00122086179908, 3.62612045137e-005, -0.00141928752419, -0.00182502495591, 0.00231416570023, -0.00245851022191, 0.00203421665356, -0.00110234261956, -0.000108804291813], [-0.000434503977885, 0.00118487561122, 0.00526299793273, -0.000546685361769, -0.00159070512746, -0.00049824436428, -0.00167261960451, -0.0032060968224, -0.00118617259432, 0.00273350789212, -0.00104193610605, 0.00284498604015, -0.0036392044276], [6.05610985076e-005, -0.00342409592122, -0.000546685361769, 0.0156911574304, -0.00394507637247, -0.00299683585763, -0.000633725780062, -0.000384964689147, -0.00249758898281, 0.000476095068734, 0.000910951930564, -0.00268372520804, 0.00309099000879], [-0.000391075154766, 0.00122086179908, -0.00159070512746, -0.00394507637247, 0.0159685760736, -0.00293798930943, 0.000350020563928, -0.00141184800304, 0.0024105948396, -0.00287580443546, 0.00122785242274, -0.00161196524277, -0.000980751123279], [-0.000245446019107, 3.62612045137e-005, -0.00049824436428, -0.00299683585763, -0.00293798930943, 0.0160205848515, -0.00434494996443, 0.000438707793364, -0.00329331797548, 0.00202116323635, -0.00334689556621, 0.00165738468058, -0.00148932903539], [0.000457274145447, -0.00141928752419, -0.00167261960451, -0.000633725780062, 0.000350020563928, -0.00434494996443, 0.019865186885, -0.00678739324212, 0.00144658493809, -0.00353211606853, 0.00186800549272, -0.00367285311222, 0.00029477418866], [0.000436213624198, -0.00182502495591, -0.0032060968224, -0.000384964689147, -0.00141184800304, 0.000438707793364, -0.00678739324212, 0.0221914034337, -0.00901046488434, 0.000739917391911, -0.000967197061982, 0.00323123252019, -0.00031970650889], [-0.000563904468436, 0.00231416570023, -0.00118617259432, -0.00249758898281, 0.0024105948396, -0.00329331797548, 0.00144658493809, -0.00901046488434, 0.024762596935, -0.0090420152992, 0.00184138328768, -0.00174602435436, 0.00288801873103], [0.000218363420572, -0.00245851022191, 0.00273350789212, 0.000476095068734, -0.00287580443546, 0.00202116323635, -0.00353211606853, 0.000739917391911, -0.0090420152992, 0.0271796640009, -0.0142339617014, 0.00118853023741, -0.00457830447704], [-0.000600818719249, 0.00203421665356, -0.00104193610605, 0.000910951930564, 0.00122785242274, -0.00334689556621, 0.00186800549272, -0.000967197061982, 0.00184138328768, -0.0142339617014, 0.0293856114149, -0.0140987820923, 0.0048605739139], [-0.00017708663654, -0.00110234261956, 0.00284498604015, -0.00268372520804, -0.00161196524277, 0.00165738468058, -0.00367285311222, 0.00323123252019, -0.00174602435436, 0.00118853023741, -0.0140987820923, 0.03151274845, -0.0127385882661], [0.000340850820066, -0.000108804291813, -0.0036392044276, 0.00309099000879, -0.000980751123279, -0.00148932903539, 0.00029477418866, -0.00031970650889, 0.00288801873103, -0.00457830447704, 0.0048605739139, -0.0127385882661, 0.0207181666046]]
    },
    "spectral_contrast_coeffs": {
        "mean": [-0.650873303413, -0.707006335258, -0.758809447289, -0.77165979147, -0.764920711517, -0.751730501652],
        "var": [0.00667169317603, 0.00381056591868, 0.00241832179017, 0.00152257934678, 0.00110999366734, 0.000886491965503]
    },
    "spectral_contrast_valleys": {
        "mean": [-6.98433113098, -5.90079021454, -6.9417090416, -7.14418315887, -6.93217658997, -9.83222198486],
        "var": [1.17219936848, 0.939176261425, 0.796875059605, 0.795004427433, 0.802242696285, 1.06705522537]
    }
},
"metadata": {
    "audio_properties": {
        "analysis_sample_rate": 44100,
        "bit_rate": 106907,
        "equal_loudness": 0,
        "length": 45.0612258911,
        "lossless": 0,
        "replay_gain": -1.76888275146,
        "sample_rate": 44100,
        "codec": "mp3",
        "downmix": "mix",
        "md5_encoded": "5b43c41f0acdcbdcf9bbd6065746f813"
    },
    "tags": {
        "file_name": "928.mp3"
    },
    "version": {
        "essentia": "2.1-beta2",
        "essentia_git_sha": "v2.1_beta2",
        "extractor": "music 1.0"
    }
},
"rhythm": {
    "beats_count": 90,
    "beats_loudness": {
        "mean": 0.0710050910711,
        "var": 0.00136411737185
    },
    "bpm": 120.24811554,
    "bpm_histogram_first_peak_bpm": {
        "mean": 120,
        "var": 0
    },
    "bpm_histogram_first_peak_spread": {
        "mean": 0.471264362335,
        "var": 0
    },
    "bpm_histogram_first_peak_weight": {
        "mean": 0.516853928566,
        "var": 0
    },
    "bpm_histogram_second_peak_bpm": {
        "mean": 115,
        "var": 0
    },
    "bpm_histogram_second_peak_spread": {
        "mean": 0,
        "var": 0
    },
    "bpm_histogram_second_peak_weight": {
        "mean": 0.0112359551713,
        "var": 0
    },
    "danceability": 1.82871711254,
    "onset_rate": 3.48257827759,
    "beats_loudness_band_ratio": {
        "mean": [0.504964888096, 0.102352075279, 0.21938842535, 0.0504668913782, 0.052861649543, 0.0890451744199],
        "var": [0.0447604060173, 0.00755989272147, 0.0186019055545, 0.000817735097371, 0.00228440039791, 0.0101795662194]
    },
    "beats_position": [0.452789098024, 0.9287981987, 1.4164172411, 1.90403628349, 2.40326523781, 2.90249419212, 3.40172338486, 3.90095233917, 4.40018129349, 4.8994102478, 5.41024923325, 5.90947818756, 6.40870714188, 6.90793657303, 7.40716552734, 7.90639448166, 8.40562343597, 8.90485286713, 9.4040813446, 9.90331077576, 10.4025392532, 10.9017686844, 11.4009971619, 11.900226593, 12.3994560242, 12.8986845016, 13.3979139328, 13.8855323792, 14.3847618103, 14.8839902878, 15.3948297501, 15.8824491501, 16.3700675964, 16.8809070587, 17.391746521, 17.8793640137, 18.3669834137, 18.877822876, 19.3886623383, 19.8762817383, 20.3755092621, 20.8747386932, 21.3855781555, 21.8731975555, 22.3724250793, 22.8832645416, 23.405714035, 23.8933334351, 24.3925609589, 24.89179039, 25.4026298523, 25.8902492523, 26.3778686523, 26.8887062073, 27.3995456696, 27.8871650696, 28.3747844696, 28.8856239319, 29.3964614868, 29.8840808868, 30.3717002869, 30.8825397491, 31.3933773041, 31.8926067352, 32.391834259, 32.8910636902, 33.3902931213, 33.8779144287, 34.3771438599, 34.8763694763, 35.3872108459, 35.8748283386, 36.3740577698, 36.8732872009, 37.3841247559, 37.8717460632, 38.3709754944, 38.8702049255, 39.3810424805, 39.8802719116, 40.3795013428, 40.8903388977, 41.4011802673, 41.9004058838, 42.3996353149, 42.8988647461, 43.3980941772, 43.8857116699, 44.3733329773, 44.8725624084]
},
"tonal": {
    "chords_changes_rate": 0.037037037313,
    "chords_number_rate": 0.00720164598897,
    "chords_strength": {
        "mean": 0.491120189428,
        "var": 0.0122099407017
    },
    "hpcp_entropy": {
        "mean": 1.96127283573,
        "var": 0.340293377638
    },
    "key_strength": 0.847442388535,
    "tuning_diatonic_strength": 0.553450286388,
    "tuning_equal_tempered_deviation": 0.042125493288,
    "tuning_frequency": 440.508636475,
    "tuning_nontempered_energy_ratio": 0.626403450966,
    "hpcp": {
        "mean": [0.374773859978, 0.198549285531, 0.0531491003931, 0.0644662082195, 0.0645413100719, 0.169973418117, 0.307592362165, 0.214413329959, 0.167837098241, 0.254557192326, 0.157011166215, 0.0594828203321, 0.0614777393639, 0.0444670729339, 0.0979729369283, 0.147699669003, 0.0853674486279, 0.0526060424745, 0.0733114555478, 0.0681812092662, 0.188414976001, 0.386555612087, 0.308995217085, 0.191993623972, 0.19018162787, 0.116757467389, 0.0977201759815, 0.120352201164, 0.0905094444752, 0.103334024549, 0.16204546392, 0.156144604087, 0.132931619883, 0.11947735399, 0.102245055139, 0.247066900134],
        "var": [0.154212206602, 0.0453466847539, 0.0115044089034, 0.0101754441857, 0.0176269412041, 0.0393640995026, 0.121486142278, 0.0563987866044, 0.0372050926089, 0.0872983038425, 0.0342790596187, 0.00805190112442, 0.0102714011446, 0.00582746509463, 0.0192142706364, 0.0479879975319, 0.0174717493355, 0.0129920970649, 0.0203574094921, 0.0200011916459, 0.0367067009211, 0.116693027318, 0.0703971385956, 0.0689113289118, 0.062602519989, 0.0256753470749, 0.0224840324372, 0.0443830750883, 0.0227756742388, 0.0267379097641, 0.0631993934512, 0.0697587430477, 0.0538516268134, 0.0381439700723, 0.0327024199069, 0.0740725323558]
    },
    "chords_histogram": [43.41563797, 8.12757205963, 9.05349826813, 6.79012346268, 0, 0, 0, 3.90946507454, 0, 18.0041160583, 0, 0, 0, 0, 0, 0, 0.411522626877, 0, 0, 0, 0, 0, 0.925925910473, 9.36213970184],
    "thpcp": [1, 0.799355149269, 0.496677875519, 0.491990327835, 0.302045732737, 0.252797186375, 0.311345100403, 0.234143391252, 0.267319947481, 0.419203490019, 0.403938263655, 0.343887448311, 0.309081941843, 0.264502823353, 0.639149665833, 0.969521224499, 0.513637065887, 0.137494057417, 0.166770845652, 0.166965141892, 0.439712703228, 0.795726001263, 0.554676532745, 0.434186160564, 0.658526718616, 0.406180024147, 0.153879076242, 0.159039825201, 0.115034088492, 0.25345107913, 0.382091641426, 0.220841318369, 0.136089190841, 0.189653068781, 0.176381379366, 0.487420111895],
    "chords_key": "A",
    "chords_scale": "minor",
    "key_key": "A",
    "key_scale": "minor"
}
}