{
"lowlevel": {
    "average_loudness": 0.920913338661,
    "barkbands_crest": {
        "mean": 10.843290329,
        "var": 19.4333438873
    },
    "barkbands_flatness_db": {
        "mean": 0.132436096668,
        "var": 0.00217226729728
    },
    "barkbands_kurtosis": {
        "mean": 5.01208782196,
        "var": 53.8506813049
    },
    "barkbands_skewness": {
        "mean": 1.78145289421,
        "var": 1.10907495022
    },
    "barkbands_spread": {
        "mean": 18.514591217,
        "var": 91.9292068481
    },
    "dissonance": {
        "mean": 0.46181640029,
        "var": 0.000792629376519
    },
    "dynamic_complexity": 1.94677615166,
    "erbbands_crest": {
        "mean": 9.19661235809,
        "var": 15.550280571
    },
    "erbbands_flatness_db": {
        "mean": 0.151067256927,
        "var": 0.00154673855286
    },
    "erbbands_kurtosis": {
        "mean": 0.51236987114,
        "var": 2.70208072662
    },
    "erbbands_skewness": {
        "mean": 0.6468334198,
        "var": 0.272106856108
    },
    "erbbands_spread": {
        "mean": 37.7178153992,
        "var": 221.975982666
    },
    "hfc": {
        "mean": 18.6527309418,
        "var": 185.794967651
    },
    "melbands_crest": {
        "mean": 14.0118494034,
        "var": 25.8152542114
    },
    "melbands_flatness_db": {
        "mean": 0.192698031664,
        "var": 0.00330326636322
    },
    "melbands_kurtosis": {
        "mean": 12.2890119553,
        "var": 288.012237549
    },
    "melbands_skewness": {
        "mean": 2.50225639343,
        "var": 1.9576253891
    },
    "melbands_spread": {
        "mean": 19.4106903076,
        "var": 134.970336914
    },
    "pitch_salience": {
        "mean": 0.58725631237,
        "var": 0.012598529458
    },
    "silence_rate_20dB": {
        "mean": 1,
        "var": 0
    },
    "silence_rate_30dB": {
        "mean": 0.970149278641,
        "var": 0.0289602018893
    },
    "silence_rate_60dB": {
        "mean": 0.00977869238704,
        "var": 0.00968282762915
    },
    "spectral_centroid": {
        "mean": 1144.02905273,
        "var": 373526.46875
    },
    "spectral_complexity": {
        "mean": 19.3968086243,
        "var": 71.7760543823
    },
    "spectral_decrease": {
        "mean": -7.26775084559e-009,
        "var": 5.32289698474e-017
    },
    "spectral_energy": {
        "mean": 0.0291220732033,
        "var": 0.000798718479928
    },
    "spectral_energyband_high": {
        "mean": 0.000702443358023,
        "var": 7.58511305321e-007
    },
    "spectral_energyband_low": {
        "mean": 0.0090209832415,
        "var": 0.000447451340733
    },
    "spectral_energyband_middle_high": {
        "mean": 0.00565977906808,
        "var": 2.83098361251e-005
    },
    "spectral_energyband_middle_low": {
        "mean": 0.0155645860359,
        "var": 0.000202955779969
    },
    "spectral_entropy": {
        "mean": 7.56738805771,
        "var": 0.114387340844
    },
    "spectral_flux": {
        "mean": 0.0855678170919,
        "var": 0.00370438629761
    },
    "spectral_kurtosis": {
        "mean": 4.54185438156,
        "var": 5.7847070694
    },
    "spectral_rms": {
        "mean": 0.0049129682593,
        "var": 4.27448867413e-006
    },
    "spectral_rolloff": {
        "mean": 1232.57788086,
        "var": 1396746.125
    },
    "spectral_skewness": {
        "mean": 1.61545169353,
        "var": 0.121416181326
    },
    "spectral_spread": {
        "mean": 4827298.5,
        "var": 3.79655762739e+012
    },
    "spectral_strongpeak": {
        "mean": 1.00244700909,
        "var": 0.868263602257
    },
    "zerocrossingrate": {
        "mean": 0.0597487390041,
        "var": 0.00116478069685
    },
    "barkbands": {
        "mean": [0.000154983557877, 0.00588330766186, 0.00153518584557, 0.00284597603604, 0.00592545047402, 0.00219014217146, 0.00169553444721, 0.000905784661882, 0.00123044173233, 0.0026987423189, 0.000940692261793, 0.000421491800807, 0.000153476823471, 0.00017265274073, 0.000359245255822, 0.000291583623039, 0.000366600434063, 0.000327444286086, 0.000222827264224, 0.000224991759751, 0.000132597386255, 0.00011129581253, 0.000100024772109, 9.07276262296e-005, 8.63247623784e-005, 5.00001879118e-005, 4.52517133454e-006],
        "var": [1.3897874851e-007, 0.000307465845253, 1.31966935442e-005, 4.92007930006e-005, 3.38710087817e-005, 3.42591265508e-005, 5.0906769502e-006, 1.98873090085e-006, 5.08457742399e-006, 1.36939797812e-005, 1.77602271378e-006, 2.09191921385e-006, 5.37102096132e-007, 4.11495051367e-007, 4.53101193898e-007, 1.44532720014e-007, 3.25956762026e-007, 1.70993885718e-007, 5.38779296733e-008, 6.2564673442e-008, 2.70766609134e-008, 3.15417238994e-008, 2.35198562848e-008, 2.26094218903e-008, 1.47681431528e-008, 8.52084180991e-009, 2.60790056217e-010]
    },
    "erbbands": {
        "mean": [0.169888064265, 1.31078779697, 1.83475542068, 6.45755577087, 13.935292244, 23.9774227142, 13.8886528015, 19.6698741913, 24.3036727905, 20.4291172028, 23.5831031799, 29.876203537, 63.4449691772, 74.393371582, 32.493976593, 18.349029541, 8.38127613068, 7.91749334335, 14.5467300415, 18.6265163422, 20.3723201752, 19.1209869385, 18.319393158, 11.5412597656, 11.5341968536, 10.7621641159, 7.29556655884, 4.23453712463, 3.77898979187, 3.81821680069, 2.63762450218, 1.80959641933, 1.54739022255, 1.01660311222, 0.594964206219, 0.222382858396, 0.0912267789245, 0.0186791811138, 0.000554443977308, 4.77511639474e-005],
        "var": [0.212129712105, 16.7137298584, 17.6128330231, 226.168258667, 560.311584473, 612.673278809, 1078.50439453, 2510.62011719, 1265.87670898, 615.79901123, 1089.78051758, 1558.64282227, 12489.265625, 11666.0615234, 1254.83544922, 4251.67236328, 1294.65063477, 836.633728027, 2133.99707031, 508.388061523, 784.08001709, 603.620788574, 561.796630859, 150.922485352, 152.540222168, 152.354507446, 68.4248504639, 29.6849269867, 36.226940155, 40.2693748474, 15.5565462112, 9.23160839081, 6.42912864685, 2.29414057732, 0.760735571384, 0.122021496296, 0.0359548032284, 0.00229487894103, 2.76789342024e-006, 2.39453412654e-009]
    },
    "gfcc": {
        "mean": [11.9365701675, 85.0519790649, -112.570457458, 20.7181129456, -70.8089370728, 1.42259430885, -40.5341682434, 16.9134712219, -34.0503082275, -8.74945831299, -29.0020828247, 3.27058768272, -4.72581481934],
        "cov": [[5038.43505859, -465.281616211, -146.27281189, 191.972961426, -146.546768188, 224.650543213, -88.8997421265, 110.473777771, -53.5631637573, 150.07333374, -23.3847122192, 73.1475906372, -82.9925079346], [-465.281616211, 1023.00799561, -203.273132324, 115.510559082, 167.290313721, -72.2148971558, 103.617599487, -0.42666682601, 104.777130127, -70.843132019, 117.536216736, -116.234283447, 157.436416626], [-146.27281189, -203.273132324, 756.158752441, 86.7070236206, 95.1002655029, 229.00302124, 121.859870911, 21.7017192841, 20.5723133087, 98.1887817383, -21.8899345398, 88.7074127197, -58.7077941895], [191.972961426, 115.510559082, 86.7070236206, 224.822845459, 76.2456283569, 87.1761779785, 67.8690185547, 41.8731536865, 72.4804382324, 38.6860542297, 55.8930892944, -14.6648721695, 12.3146238327], [-146.546768188, 167.290313721, 95.1002655029, 76.2456283569, 247.066650391, 57.9007835388, 91.0939865112, 56.4710388184, 61.5101661682, 44.13646698, 42.8372573853, 0.971674561501, 6.23704957962], [224.650543213, -72.2148971558, 229.00302124, 87.1761779785, 57.9007835388, 250.317108154, 117.057884216, 34.5007553101, 24.5296211243, 73.8025817871, 34.4803771973, 42.2127075195, -12.9238491058], [-88.8997421265, 103.617599487, 121.859870911, 67.8690185547, 91.0939865112, 117.057884216, 138.320175171, 51.9177627563, 46.898853302, 31.374420166, 43.6287727356, 14.2372426987, 13.0153617859], [110.473777771, -0.42666682601, 21.7017192841, 41.8731536865, 56.4710388184, 34.5007553101, 51.9177627563, 108.500595093, 46.6885986328, 34.2023010254, 19.4095535278, 27.753074646, 6.88082504272], [-53.5631637573, 104.777130127, 20.5723133087, 72.4804382324, 61.5101661682, 24.5296211243, 46.898853302, 46.6885986328, 99.5427627563, 48.3264160156, 53.8222808838, 0.101535141468, 14.8783540726], [150.07333374, -70.843132019, 98.1887817383, 38.6860542297, 44.13646698, 73.8025817871, 31.374420166, 34.2023010254, 48.3264160156, 115.214141846, 55.653263092, 33.9133834839, -25.2889385223], [-23.3847122192, 117.536216736, -21.8899345398, 55.8930892944, 42.8372573853, 34.4803771973, 43.6287727356, 19.4095535278, 53.8222808838, 55.653263092, 110.214904785, 20.5082836151, 28.1145687103], [73.1475906372, -116.234283447, 88.7074127197, -14.6648721695, 0.971674561501, 42.2127075195, 14.2372426987, 27.753074646, 0.101535141468, 33.9133834839, 20.5082836151, 91.0215988159, 15.202167511], [-82.9925079346, 157.436416626, -58.7077941895, 12.3146238327, 6.23704957962, -12.9238491058, 13.0153617859, 6.88082504272, 14.8783540726, -25.2889385223, 28.1145687103, 15.202167511, 111.373626709]],
        "icov": [[0.000292515847832, -8.06555035524e-005, 0.00026204585447, -0.000475543318316, 0.000185235883691, -0.000459275383037, 0.00050578720402, -0.000394403730752, 0.000495860702358, -0.000593399628997, 0.000461898307549, -0.000326712237438, 0.000151306216139], [-8.06555035524e-005, 0.00283898459747, -0.000199888483621, 0.000239260174567, -0.00125731131993, 0.00111440569162, -0.00179393205326, 0.000772899191361, -0.00115957646631, 0.00206977920607, -0.00292077334598, 0.00385560421273, -0.00300755328499], [0.00026204585447, -0.000199888483621, 0.00302492897026, -0.0014924070565, -0.000241954709054, -0.00113387603778, -0.00164727761876, 0.00189901667181, -2.07973334909e-005, -0.00247033801861, 0.00404115254059, -0.003622838296, 0.00111074768938], [-0.000475543318316, 0.000239260174567, -0.0014924070565, 0.00862282793969, -0.000886651978362, -0.00210113055073, 0.00127013388555, -0.00154381047469, -0.00438855588436, 0.00338496896438, -0.00447861291468, 0.0046793106012, -0.000833190046251], [0.000185235883691, -0.00125731131993, -0.000241954709054, -0.000886651978362, 0.0067047951743, 0.000548653537408, -0.00246463925578, -0.00170252670068, 0.000144130943227, -0.00250913039781, 0.00130412727594, -0.000631632574368, 0.00113526883069], [-0.000459275383037, 0.00111440569162, -0.00113387603778, -0.00210113055073, 0.000548653537408, 0.0118352742866, -0.0104644643143, 0.00276353722438, 0.00274861720391, -0.00443824380636, 0.000615816330537, -0.000402199249947, -0.0013636170188], [0.00050578720402, -0.00179393205326, -0.00164727761876, 0.00127013388555, -0.00246463925578, -0.0104644643143, 0.0240019597113, -0.00807667803019, -0.002044551773, 0.00612682849169, -0.00551223941147, 0.00143105490133, 0.00138226733543], [-0.000394403730752, 0.000772899191361, 0.00189901667181, -0.00154381047469, -0.00170252670068, 0.00276353722438, -0.00807667803019, 0.0179125685245, -0.00632494315505, -0.00263933930546, 0.00580157432705, -0.00652566691861, -0.000289659335976], [0.000495860702358, -0.00115957646631, -2.07973334909e-005, -0.00438855588436, 0.000144130943227, 0.00274861720391, -0.002044551773, -0.00632494315505, 0.0239924713969, -0.00917965453118, -0.00260281912051, 0.00264819222502, -0.0015704203397], [-0.000593399628997, 0.00206977920607, -0.00247033801861, 0.00338496896438, -0.00250913039781, -0.00443824380636, 0.00612682849169, -0.00263933930546, -0.00917965453118, 0.0261283516884, -0.0141678173095, 0.000691900320817, 0.00466923275962], [0.000461898307549, -0.00292077334598, 0.00404115254059, -0.00447861291468, 0.00130412727594, 0.000615816330537, -0.00551223941147, 0.00580157432705, -0.00260281912051, -0.0141678173095, 0.0263832733035, -0.0105111505836, -0.000712077890057], [-0.000326712237438, 0.00385560421273, -0.003622838296, 0.0046793106012, -0.000631632574368, -0.000402199249947, 0.00143105490133, -0.00652566691861, 0.00264819222502, 0.000691900320817, -0.0105111505836, 0.0260256715119, -0.00899185612798], [0.000151306216139, -0.00300755328499, 0.00111074768938, -0.000833190046251, 0.00113526883069, -0.0013636170188, 0.00138226733543, -0.000289659335976, -0.0015704203397, 0.00466923275962, -0.000712077890057, -0.00899185612798, 0.0163322761655]]
    },
    "melbands": {
        "mean": [0.00163748022169, 0.00124605349265, 0.00128948793281, 0.00142904475797, 0.000627292552963, 0.000436124886619, 0.000373003102141, 0.000206037366297, 0.000197519344511, 0.000181944793439, 0.000321393745253, 0.000315274955938, 0.000120618642541, 5.78762264922e-005, 2.94413603115e-005, 1.20329041238e-005, 1.49621382661e-005, 2.1813722924e-005, 2.5052093406e-005, 2.02977607842e-005, 2.68195217359e-005, 2.13195835386e-005, 1.72601412487e-005, 1.44007717608e-005, 8.50323704071e-006, 8.68509141583e-006, 7.38287189961e-006, 7.19157469575e-006, 5.08189577886e-006, 3.33414914166e-006, 2.21475170292e-006, 2.25068015425e-006, 2.03372110263e-006, 2.09816630559e-006, 1.6110064962e-006, 1.13238218091e-006, 1.14910199045e-006, 1.12830127819e-006, 1.04269054191e-006, 7.54903737743e-007],
        "var": [2.26203774218e-005, 1.03928205135e-005, 7.64791275287e-006, 2.1524820113e-006, 9.89112209027e-007, 1.18553543871e-006, 2.78290855249e-007, 6.73378082183e-008, 6.52766658504e-008, 8.43515550741e-008, 3.14001738388e-007, 2.20520448124e-007, 1.98817176056e-008, 3.68236463544e-008, 8.65503047009e-009, 4.03830302531e-009, 3.34878103025e-009, 6.99816160576e-009, 1.24554422332e-009, 6.26965590556e-010, 1.8599638496e-009, 9.50024059421e-010, 5.7211774207e-010, 3.23075427522e-010, 9.43941799725e-011, 9.62536439442e-011, 6.60713983525e-011, 7.85154233296e-011, 3.49825030055e-011, 2.46417851402e-011, 8.6849017561e-012, 1.46696994829e-011, 1.1703861838e-011, 1.21775957374e-011, 5.98673844873e-012, 3.62457394827e-012, 3.99159785086e-012, 3.70349020548e-012, 2.99881213611e-012, 1.28351387678e-012]
    },
    "mfcc": {
        "mean": [-632.810546875, 120.384521484, 4.08327960968, 19.6643333435, -8.13625717163, -15.2785005569, -4.34687280655, 8.0584897995, 5.79927778244, -4.74283695221, -17.7268180847, -11.6219673157, -2.08473539352],
        "cov": [[2901.33569336, -494.735443115, -23.6782550812, -12.5543518066, 39.8816795349, 45.2393226624, 41.4194526672, -16.4576473236, -13.9643268585, 73.5938720703, 67.0624771118, 24.3237190247, 77.0851821899], [-494.735443115, 775.725708008, -149.623779297, 141.177383423, 67.7539215088, -12.163318634, 46.3578033447, 29.680721283, 42.1194953918, 50.9516639709, -13.7741327286, -14.6751623154, -4.9750957489], [-23.6782550812, -149.623779297, 576.324951172, -14.250538826, 32.0156745911, 196.422592163, 82.7806243896, 47.3689613342, 43.5736579895, 8.61585712433, 55.8606109619, 30.1015052795, -8.95954322815], [-12.5543518066, 141.177383423, -14.250538826, 170.762207031, 78.2833557129, 7.23131227493, 18.448266983, 25.4223480225, 30.6780891418, 44.0792045593, 30.6140193939, 23.1945762634, 18.8833580017], [39.8816795349, 67.7539215088, 32.0156745911, 78.2833557129, 128.398620605, 60.5398674011, 49.7249259949, 30.0158615112, 34.7249412537, 47.2459907532, 41.9872970581, 30.76471138, 22.3730945587], [45.2393226624, -12.163318634, 196.422592163, 7.23131227493, 60.5398674011, 198.747375488, 98.7075271606, 37.3703384399, 24.659992218, 37.9488792419, 64.4234008789, 42.8008995056, 19.4359951019], [41.4194526672, 46.3578033447, 82.7806243896, 18.448266983, 49.7249259949, 98.7075271606, 127.360656738, 57.7277603149, 34.9162254333, 36.5344657898, 40.1735916138, 34.2756347656, 26.6536922455], [-16.4576473236, 29.680721283, 47.3689613342, 25.4223480225, 30.0158615112, 37.3703384399, 57.7277603149, 93.1840896606, 51.905796051, 19.0173835754, 10.9046220779, 23.0480175018, 20.3055953979], [-13.9643268585, 42.1194953918, 43.5736579895, 30.6780891418, 34.7249412537, 24.659992218, 34.9162254333, 51.905796051, 80.2435836792, 37.7947998047, 9.90932846069, 4.78043365479, 9.78750705719], [73.5938720703, 50.9516639709, 8.61585712433, 44.0792045593, 47.2459907532, 37.9488792419, 36.5344657898, 19.0173835754, 37.7947998047, 81.6678085327, 50.2155570984, 20.8753147125, 17.231048584], [67.0624771118, -13.7741327286, 55.8606109619, 30.6140193939, 41.9872970581, 64.4234008789, 40.1735916138, 10.9046220779, 9.90932846069, 50.2155570984, 108.400558472, 68.4819641113, 30.8601703644], [24.3237190247, -14.6751623154, 30.1015052795, 23.1945762634, 30.76471138, 42.8008995056, 34.2756347656, 23.0480175018, 4.78043365479, 20.8753147125, 68.4819641113, 101.320770264, 55.6770057678], [77.0851821899, -4.9750957489, -8.95954322815, 18.8833580017, 22.3730945587, 19.4359951019, 26.6536922455, 20.3055953979, 9.78750705719, 17.231048584, 30.8601703644, 55.6770057678, 79.8981933594]],
        "icov": [[0.000436811271356, 0.000365247251466, 0.000111517168989, -0.000115354756417, -8.35735627334e-005, -1.40572255987e-005, -0.000251933262916, 0.000106202329334, 0.000232008474995, -0.000525297829881, -2.55315098912e-005, 0.000400798395276, -0.000459614180727], [0.000365247251466, 0.00206367694773, 0.000658562232275, -0.00149299984332, 1.22753181131e-005, -0.000195305023226, -0.00116963125765, 0.000362132064765, -0.000207181816222, -0.000895595469046, 0.000842006294988, 0.000216712112888, 0.000287335715257], [0.000111517168989, 0.000658562232275, 0.00319394655526, -0.000487747252919, 0.000592535769101, -0.00330606102943, 0.000101893805549, -1.28391575345e-005, -0.00200222455896, 0.00169920665212, -0.000746378558688, 2.60454235104e-005, 0.0011633830145], [-0.000115354756417, -0.00149299984332, -0.000487747252919, 0.0101942783222, -0.00530729722232, 0.00188676710241, 0.00181157444604, -0.00165180326439, 0.000240889610723, -0.00190127303358, -0.00103629543446, -0.0004332215467, -0.000520396686625], [-8.35735627334e-005, 1.22753181131e-005, 0.000592535769101, -0.00530729722232, 0.0145346624777, -0.00321854953654, -0.00151337974239, 0.000653954572044, -0.00231241667643, -0.00206576474011, -0.000213550199987, -0.000886064895894, -0.000117498464533], [-1.40572255987e-005, -0.000195305023226, -0.00330606102943, 0.00188676710241, -0.00321854953654, 0.0132676539943, -0.00665679993108, 0.000547794043086, 0.00194891530555, -0.00124916795176, -0.00266616325825, -1.2131562471e-005, 8.8821107056e-006], [-0.000251933262916, -0.00116963125765, 0.000101893805549, 0.00181157444604, -0.00151337974239, -0.00665679993108, 0.0183429382741, -0.00821784511209, 0.00114369322546, -0.00209005572833, -0.000788247562014, 0.000293047545711, -0.00182311073877], [0.000106202329334, 0.000362132064765, -1.28391575345e-005, -0.00165180326439, 0.000653954572044, 0.000547794043086, -0.00821784511209, 0.0232004392892, -0.0132158156484, 0.00369247165509, 0.00303353345953, -0.00449982192367, -0.00037551735295], [0.000232008474995, -0.000207181816222, -0.00200222455896, 0.000240889610723, -0.00231241667643, 0.00194891530555, 0.00114369322546, -0.0132158156484, 0.0273156687617, -0.0120178135112, 0.00317135779187, 0.00265300297178, -0.00119561515749], [-0.000525297829881, -0.000895595469046, 0.00169920665212, -0.00190127303358, -0.00206576474011, -0.00124916795176, -0.00209005572833, 0.00369247165509, -0.0120178135112, 0.0287425592542, -0.0134770069271, 0.00565252592787, -0.0017279892927], [-2.55315098912e-005, 0.000842006294988, -0.000746378558688, -0.00103629543446, -0.000213550199987, -0.00266616325825, -0.000788247562014, 0.00303353345953, 0.00317135779187, -0.0134770069271, 0.0268155969679, -0.016328478232, 0.00397778861225], [0.000400798395276, 0.000216712112888, 2.60454235104e-005, -0.0004332215467, -0.000886064895894, -1.2131562471e-005, 0.000293047545711, -0.00449982192367, 0.00265300297178, 0.00565252592787, -0.016328478232, 0.0286169890314, -0.0141499657184], [-0.000459614180727, 0.000287335715257, 0.0011633830145, -0.000520396686625, -0.000117498464533, 8.8821107056e-006, -0.00182311073877, -0.00037551735295, -0.00119561515749, -0.0017279892927, 0.00397778861225, -0.0141499657184, 0.0228081848472]]
    },
    "spectral_contrast_coeffs": {
        "mean": [-0.55488628149, -0.740294575691, -0.734663009644, -0.778240561485, -0.804088592529, -0.75493657589],
        "var": [0.0100407227874, 0.00428156368434, 0.003262455808, 0.00202166591771, 0.000817839812953, 0.000682009500451]
    },
    "spectral_contrast_valleys": {
        "mean": [-7.69050121307, -6.48856019974, -6.92257928848, -7.94375181198, -7.31766986847, -10.2478055954],
        "var": [1.63619410992, 1.19037485123, 1.08223724365, 0.969230234623, 1.05454802513, 1.09512031078]
    }
},
"metadata": {
    "audio_properties": {
        "analysis_sample_rate": 44100,
        "bit_rate": 106746,
        "equal_loudness": 0,
        "length": 45.0873451233,
        "lossless": 0,
        "replay_gain": -10.3811359406,
        "sample_rate": 44100,
        "codec": "mp3",
        "downmix": "mix",
        "md5_encoded": "696e28617a15eae8bc91c50cf7ee3f0b"
    },
    "tags": {
        "file_name": "93.mp3"
    },
    "version": {
        "essentia": "2.1-beta2",
        "essentia_git_sha": "v2.1_beta2",
        "extractor": "music 1.0"
    }
},
"rhythm": {
    "beats_count": 67,
    "beats_loudness": {
        "mean": 0.0550202839077,
        "var": 0.00130771461409
    },
    "bpm": 89.7611312866,
    "bpm_histogram_first_peak_bpm": {
        "mean": 89,
        "var": 0
    },
    "bpm_histogram_first_peak_spread": {
        "mean": 0.484848499298,
        "var": 0
    },
    "bpm_histogram_first_peak_weight": {
        "mean": 0.515151500702,
        "var": 0
    },
    "bpm_histogram_second_peak_bpm": {
        "mean": 0,
        "var": 0
    },
    "bpm_histogram_second_peak_spread": {
        "mean": 0,
        "var": 0
    },
    "bpm_histogram_second_peak_weight": {
        "mean": 0,
        "var": 0
    },
    "danceability": 1.1868827343,
    "onset_rate": 2.6383023262,
    "beats_loudness_band_ratio": {
        "mean": [0.463236063719, 0.198746472597, 0.156022295356, 0.120796591043, 0.0694234594703, 0.0500477962196],
        "var": [0.0672371685505, 0.0197794288397, 0.0089997779578, 0.0104282191023, 0.00486369477585, 0.000952817499638]
    },
    "beats_position": [0.696598649025, 1.39319729805, 2.08979582787, 2.76317453384, 3.43655323982, 4.1099319458, 4.78331041336, 5.45668935776, 6.13006782532, 6.82666635513, 7.47682523727, 8.15020370483, 8.82358264923, 9.49696159363, 10.1703395844, 10.8437185287, 11.5170974731, 12.1904764175, 12.8638544083, 13.5488433838, 14.2222223282, 14.8839902878, 15.5573692322, 16.2307472229, 16.904127121, 17.5775051117, 18.2624931335, 18.9474830627, 19.6092510223, 20.2710208893, 20.9327888489, 21.5945568085, 22.2679367065, 22.9413146973, 23.6030826569, 24.2532424927, 24.9150104523, 25.5883903503, 26.2501583099, 26.9119262695, 27.5736961365, 28.2354640961, 28.8856239319, 29.5590019226, 30.2091598511, 30.8593196869, 31.5210876465, 32.1828575134, 32.8330154419, 33.4831733704, 34.1449432373, 34.8067131042, 35.4568710327, 36.1070289612, 36.7687988281, 37.4421768188, 38.1039466858, 38.7773246765, 39.4390907288, 40.124080658, 40.7858505249, 41.4476165771, 42.1209983826, 42.7943763733, 43.467754364, 44.1527442932, 44.8261222839]
},
"tonal": {
    "chords_changes_rate": 0.0658436194062,
    "chords_number_rate": 0.00925925932825,
    "chords_strength": {
        "mean": 0.487596750259,
        "var": 0.00731576792896
    },
    "hpcp_entropy": {
        "mean": 1.90935122967,
        "var": 0.613222956657
    },
    "key_strength": 0.593147158623,
    "tuning_diatonic_strength": 0.559131443501,
    "tuning_equal_tempered_deviation": 0.083242751658,
    "tuning_frequency": 443.060424805,
    "tuning_nontempered_energy_ratio": 0.731032431126,
    "hpcp": {
        "mean": [0.382159203291, 0.267668038607, 0.123887911439, 0.0911185666919, 0.0889779925346, 0.207146704197, 0.34509652853, 0.254185348749, 0.119492799044, 0.095545321703, 0.0725720748305, 0.0678198263049, 0.0802524611354, 0.0868525579572, 0.128505811095, 0.169155105948, 0.12327067554, 0.0765821263194, 0.0720947161317, 0.085369348526, 0.13855035603, 0.196313664317, 0.164167657495, 0.0875351503491, 0.0481652878225, 0.0437847822905, 0.0710711032152, 0.084287814796, 0.0883137658238, 0.160348683596, 0.195500075817, 0.135424137115, 0.120313361287, 0.136484116316, 0.130433216691, 0.247203707695],
        "var": [0.158862888813, 0.0845753848553, 0.0391796976328, 0.0271443668753, 0.0236173737794, 0.0589335225523, 0.145956709981, 0.0844512060285, 0.038527045399, 0.0340747833252, 0.0302600376308, 0.0229786299169, 0.0258787795901, 0.0265739578754, 0.0374274775386, 0.0641347169876, 0.0429883897305, 0.0255863610655, 0.0246187821031, 0.0308528635651, 0.0454895831645, 0.0617345534265, 0.0467245578766, 0.0227966140956, 0.00887728109956, 0.0120785031468, 0.027645194903, 0.0271642263979, 0.0208526551723, 0.0684228688478, 0.0917245000601, 0.0428756885231, 0.0312861353159, 0.0395795218647, 0.0365675501525, 0.0739075690508]
    },
    "chords_histogram": [11.1111106873, 0.102880656719, 1.74897122383, 18.8271598816, 1.85185182095, 4.93827152252, 1.44032919407, 15.2263374329, 0, 38.6831283569, 4.01234579086, 0.925925910473, 0, 0, 0, 0.102880656719, 0, 0, 0, 0, 0.823045253754, 0, 0.205761313438, 0],
    "thpcp": [1, 0.700409770012, 0.324178785086, 0.238430917263, 0.232829645276, 0.542042970657, 0.903017699718, 0.665129482746, 0.312678068876, 0.250014454126, 0.189900115132, 0.177464857697, 0.209997460246, 0.227267995477, 0.336262494326, 0.442629933357, 0.322563678026, 0.200393259525, 0.188650995493, 0.223386868834, 0.362546175718, 0.513696014881, 0.429579228163, 0.229054152966, 0.126034617424, 0.114572100341, 0.185972496867, 0.220556810498, 0.231091558933, 0.419586092234, 0.511567115784, 0.354365766048, 0.314825236797, 0.357139408588, 0.341305971146, 0.646860539913],
    "chords_key": "E",
    "chords_scale": "major",
    "key_key": "A",
    "key_scale": "minor"
}
}