{
"lowlevel": {
    "average_loudness": 0.981872737408,
    "barkbands_crest": {
        "mean": 9.03367900848,
        "var": 11.4191036224
    },
    "barkbands_flatness_db": {
        "mean": 0.124856494367,
        "var": 0.00129276921507
    },
    "barkbands_kurtosis": {
        "mean": 2.71361732483,
        "var": 45.2043800354
    },
    "barkbands_skewness": {
        "mean": 1.33448970318,
        "var": 2.02439618111
    },
    "barkbands_spread": {
        "mean": 33.6151161194,
        "var": 206.466049194
    },
    "dissonance": {
        "mean": 0.486960858107,
        "var": 8.30333665363e-005
    },
    "dynamic_complexity": 2.01172566414,
    "erbbands_crest": {
        "mean": 6.4939866066,
        "var": 9.71257305145
    },
    "erbbands_flatness_db": {
        "mean": 0.155647292733,
        "var": 0.000600904517341
    },
    "erbbands_kurtosis": {
        "mean": 0.325560897589,
        "var": 3.75481081009
    },
    "erbbands_skewness": {
        "mean": -0.750496208668,
        "var": 0.392744749784
    },
    "erbbands_spread": {
        "mean": 51.2073707581,
        "var": 369.126037598
    },
    "hfc": {
        "mean": 17.241979599,
        "var": 294.6378479
    },
    "melbands_crest": {
        "mean": 16.3067207336,
        "var": 26.2138195038
    },
    "melbands_flatness_db": {
        "mean": 0.164141997695,
        "var": 0.00348829897121
    },
    "melbands_kurtosis": {
        "mean": 16.544210434,
        "var": 471.211425781
    },
    "melbands_skewness": {
        "mean": 3.29224967957,
        "var": 3.97726821899
    },
    "melbands_spread": {
        "mean": 38.5284233093,
        "var": 789.834838867
    },
    "pitch_salience": {
        "mean": 0.554047107697,
        "var": 0.0110949063674
    },
    "silence_rate_20dB": {
        "mean": 1,
        "var": 0
    },
    "silence_rate_30dB": {
        "mean": 1,
        "var": 0
    },
    "silence_rate_60dB": {
        "mean": 0.00772399595007,
        "var": 0.0076644802466
    },
    "spectral_centroid": {
        "mean": 2041.86535645,
        "var": 706607.5625
    },
    "spectral_complexity": {
        "mean": 20.3784751892,
        "var": 132.812911987
    },
    "spectral_decrease": {
        "mean": -4.36649116864e-009,
        "var": 2.46180249583e-017
    },
    "spectral_energy": {
        "mean": 0.0180440358818,
        "var": 0.000381195772206
    },
    "spectral_energyband_high": {
        "mean": 0.00128545460757,
        "var": 3.27288398694e-006
    },
    "spectral_energyband_low": {
        "mean": 0.00837820675224,
        "var": 0.000147540005855
    },
    "spectral_energyband_middle_high": {
        "mean": 0.00335982814431,
        "var": 1.08295134851e-005
    },
    "spectral_energyband_middle_low": {
        "mean": 0.00804425869137,
        "var": 0.000124876241898
    },
    "spectral_entropy": {
        "mean": 7.78426885605,
        "var": 0.053396012634
    },
    "spectral_flux": {
        "mean": 0.0818300321698,
        "var": 0.00283579947427
    },
    "spectral_kurtosis": {
        "mean": 2.24553823471,
        "var": 1.85062646866
    },
    "spectral_rms": {
        "mean": 0.00384732894599,
        "var": 2.80200561065e-006
    },
    "spectral_rolloff": {
        "mean": 2326.97998047,
        "var": 2853334.5
    },
    "spectral_skewness": {
        "mean": 0.784051060677,
        "var": 0.052741959691
    },
    "spectral_spread": {
        "mean": 3900211.25,
        "var": 2.42185561702e+012
    },
    "spectral_strongpeak": {
        "mean": 0.664487242699,
        "var": 1.64140856266
    },
    "zerocrossingrate": {
        "mean": 0.0793265923858,
        "var": 0.00133082340471
    },
    "barkbands": {
        "mean": [6.85191407683e-005, 0.000720243668184, 0.00458778208122, 0.0045019374229, 0.0024315873161, 0.000487559940666, 0.000289293646347, 0.000138638948556, 0.000172638465301, 0.00011402938253, 0.000172696862137, 0.000126334038214, 0.000195282831555, 0.000171674822923, 0.000297778635286, 0.000269201671472, 0.000756618799642, 0.000442490389105, 0.000489471014589, 0.000623135536443, 0.000589887786191, 0.000230498655583, 0.00010236990056, 5.00281676068e-005, 1.13997557492e-005, 2.91411720355e-006, 3.71534802923e-008],
        "var": [3.91778911535e-008, 2.06779691325e-006, 4.89064041176e-005, 5.81855165365e-005, 1.25153037516e-005, 3.11932893737e-007, 1.02856823503e-007, 3.49835289626e-008, 4.29990123507e-008, 2.23536691379e-008, 3.99208737178e-008, 1.83222361727e-008, 4.07186036e-008, 3.43956365612e-008, 1.25410366536e-007, 1.0296401598e-007, 1.73377929968e-006, 3.33088536308e-007, 4.47617793498e-007, 8.23407958706e-007, 1.0896802678e-006, 1.12346221215e-007, 2.153774048e-008, 6.01840710601e-009, 4.06068872971e-010, 3.41660866265e-011, 2.32549964935e-014]
    },
    "erbbands": {
        "mean": [0.00627255020663, 0.279362142086, 3.89269924164, 12.8844833374, 10.3820009232, 7.91151380539, 4.39000463486, 4.23137712479, 4.17792224884, 3.20986270905, 3.1114218235, 3.89002037048, 3.8358938694, 5.57838439941, 6.26273298264, 5.20612239838, 7.36772871017, 9.16567325592, 10.3271980286, 19.0114631653, 18.8617362976, 43.3955688477, 29.8637504578, 23.0134525299, 26.8722953796, 26.5179367065, 21.2872467041, 24.5946769714, 9.39506816864, 4.65673875809, 2.71603870392, 1.49562561512, 0.611567020416, 0.187665298581, 0.0545827150345, 0.0216479282826, 0.00346058537252, 0.000266703922534, 1.96166201931e-005, 2.3361575586e-005],
        "var": [0.000162914802786, 0.265407890081, 37.244972229, 377.50668335, 339.485992432, 104.012374878, 35.1123962402, 20.3636436462, 21.3647193909, 14.9714851379, 14.7104539871, 21.6488666534, 15.7993917465, 40.222038269, 37.9408950806, 29.5926704407, 50.8696670532, 85.146484375, 112.559745789, 617.946105957, 435.677307129, 6898.18457031, 1562.71923828, 988.979797363, 1345.59020996, 1468.79919434, 1163.1784668, 1988.37304688, 189.158554077, 40.1117973328, 15.8263597488, 5.30675172806, 0.932460725307, 0.103367753327, 0.0109202247113, 0.00160878757015, 6.36780896457e-005, 7.80998789196e-007, 8.92647178397e-010, 5.51329759624e-010]
    },
    "gfcc": {
        "mean": [-17.7857379913, 87.1873321533, -142.728469849, 73.6597518921, -60.2414207458, 6.14388990402, -40.3099327087, -6.83351182938, -30.7276668549, -11.943063736, -24.3794002533, -10.9271554947, -13.0083360672],
        "cov": [[4176.32324219, -158.960235596, -352.948120117, 275.565795898, -189.390594482, 88.4585647583, -93.0892715454, 52.4927825928, -91.9188995361, 68.6685714722, -75.9455718994, -2.26244091988, -56.1785430908], [-158.960235596, 475.510101318, 177.07800293, -15.6772909164, 85.7350540161, -66.5752258301, 57.9254264832, -67.6376037598, 15.2089242935, -41.8355865479, 2.77460956573, -44.0023765564, 25.8877334595], [-352.948120117, 177.07800293, 386.353515625, 6.60503292084, 57.4077720642, 57.3531112671, 10.320183754, -37.3640480042, 11.3028125763, 0.219899982214, 2.50002932549, -39.0224266052, -0.24855671823], [275.565795898, -15.6772909164, 6.60503292084, 89.4719696045, 18.2010154724, 24.1057281494, -0.225558921695, 4.08258914948, 3.29108405113, 8.96995258331, -0.637826561928, -8.755900383, -0.806799411774], [-189.390594482, 85.7350540161, 57.4077720642, 18.2010154724, 97.849647522, -14.7419395447, 42.8548965454, -3.50446367264, 10.0009670258, -6.59685325623, -1.16563951969, -2.4709174633, 7.61459207535], [88.4585647583, -66.5752258301, 57.3531112671, 24.1057281494, -14.7419395447, 107.164276123, -11.6461620331, 13.9113445282, 2.91300320625, 6.89520263672, 4.01076889038, -10.128783226, -9.01471614838], [-93.0892715454, 57.9254264832, 10.320183754, -0.225558921695, 42.8548965454, -11.6461620331, 84.5318145752, 21.4711494446, 6.09674024582, -5.40901517868, -0.538932323456, -0.121083416045, 6.30072879791], [52.4927825928, -67.6376037598, -37.3640480042, 4.08258914948, -3.50446367264, 13.9113445282, 21.4711494446, 63.5433120728, 13.5734138489, -0.0903768613935, 2.33100247383, 10.2103204727, -2.9228041172], [-91.9188995361, 15.2089242935, 11.3028125763, 3.29108405113, 10.0009670258, 2.91300320625, 6.09674024582, 13.5734138489, 38.2608184814, 6.99196624756, 3.03435969353, -0.887374341488, 2.96792078018], [68.6685714722, -41.8355865479, 0.219899982214, 8.96995258331, -6.59685325623, 6.89520263672, -5.40901517868, -0.0903768613935, 6.99196624756, 49.0636291504, 9.87728309631, 2.63307666779, -1.07173395157], [-75.9455718994, 2.77460956573, 2.50002932549, -0.637826561928, -1.16563951969, 4.01076889038, -0.538932323456, 2.33100247383, 3.03435969353, 9.87728309631, 36.4141235352, 6.14998292923, -1.11703717709], [-2.26244091988, -44.0023765564, -39.0224266052, -8.755900383, -2.4709174633, -10.128783226, -0.121083416045, 10.2103204727, -0.887374341488, 2.63307666779, 6.14998292923, 38.2475891113, 6.61659812927], [-56.1785430908, 25.8877334595, -0.24855671823, -0.806799411774, 7.61459207535, -9.01471614838, 6.30072879791, -2.9228041172, 2.96792078018, -1.07173395157, -1.11703717709, 6.61659812927, 30.8869819641]],
        "icov": [[0.000656528747641, -0.00122172490228, 0.000725240213796, -0.00230359542184, 0.00142536987551, -0.000726906815544, 0.00066724215867, -0.0015419019619, 0.00219543511048, -0.00183116493281, 0.00217471923679, -0.00125414202921, 0.00139100616798], [-0.00122172490228, 0.00800213590264, -0.00315706455149, 0.0045018857345, -0.00346576515585, 0.00476168980822, -0.00465174950659, 0.00817988067865, -0.00749926129356, 0.00806870032102, -0.00703710084781, 0.00716306921095, -0.00565812317654], [0.000725240213796, -0.00315706455149, 0.00531045394018, -0.00141005881596, -0.000809389282949, -0.00465489085764, 0.00175882026087, -0.000884729321115, 0.00241933530197, -0.00359063828364, 0.00277888984419, -4.80170965602e-005, 0.00212324527092], [-0.00230359542184, 0.0045018857345, -0.00141005881596, 0.0218005590141, -0.00981766078621, -0.000937782635447, -0.000523129594512, 0.00449134223163, -0.00711451517418, 0.0037299671676, -0.00717329466715, 0.00827188417315, -0.00594498775899], [0.00142536987551, -0.00346576515585, -0.000809389282949, -0.00981766078621, 0.0206914674491, 0.00113717920613, -0.00650732871145, -0.000952683680225, 0.00135062553454, -0.00209022173658, 0.00523324869573, -0.0062964647077, 0.00303826434538], [-0.000726906815544, 0.00476168980822, -0.00465489085764, -0.000937782635447, 0.00113717920613, 0.0160227958113, -0.00123111670837, -3.21254519804e-005, -0.00360913784243, 0.00425605755299, -0.00515597127378, 0.00552272470668, -0.00160594389308], [0.00066724215867, -0.00465174950659, 0.00175882026087, -0.000523129594512, -0.00650732871145, -0.00123111670837, 0.0211959984154, -0.0130537189543, 0.00656667305157, -0.0048071150668, 0.00362753635272, -0.000991697073914, 0.000344619882526], [-0.0015419019619, 0.00817988067865, -0.000884729321115, 0.00449134223163, -0.000952683680225, -3.21254519804e-005, -0.0130537189543, 0.0331156365573, -0.0176882110536, 0.0107952030376, -0.00770717579871, 0.000912523886655, -0.00192811700981], [0.00219543511048, -0.00749926129356, 0.00241933530197, -0.00711451517418, 0.00135062553454, -0.00360913784243, 0.00656667305157, -0.0176882110536, 0.0411301068962, -0.0139399003237, 0.00754165509716, -0.00347963464446, 0.0022948065307], [-0.00183116493281, 0.00806870032102, -0.00359063828364, 0.0037299671676, -0.00209022173658, 0.00425605755299, -0.0048071150668, 0.0107952030376, -0.0139399003237, 0.0321855843067, -0.0140177458525, 0.00511076161638, -0.00541066285223], [0.00217471923679, -0.00703710084781, 0.00277888984419, -0.00717329466715, 0.00523324869573, -0.00515597127378, 0.00362753635272, -0.00770717579871, 0.00754165509716, -0.0140177458525, 0.039002943784, -0.0122924949974, 0.00825703889132], [-0.00125414202921, 0.00716306921095, -4.80170965602e-005, 0.00827188417315, -0.0062964647077, 0.00552272470668, -0.000991697073914, 0.000912523886655, -0.00347963464446, 0.00511076161638, -0.0122924949974, 0.0408090762794, -0.0132912658155], [0.00139100616798, -0.00565812317654, 0.00212324527092, -0.00594498775899, 0.00303826434538, -0.00160594389308, 0.000344619882526, -0.00192811700981, 0.0022948065307, -0.00541066285223, 0.00825703889132, -0.0132912658155, 0.0407773628831]]
    },
    "melbands": {
        "mean": [0.000118867857964, 0.00147929531522, 0.00210921885446, 0.000661028898321, 0.000177200650796, 9.2614289315e-005, 6.23527084826e-005, 3.38651007041e-005, 2.25270468945e-005, 2.66556344286e-005, 1.94300955627e-005, 2.21459449676e-005, 2.16459975491e-005, 1.53352502821e-005, 1.54439785547e-005, 1.87802215805e-005, 1.63938730111e-005, 1.4919165551e-005, 2.47272200795e-005, 2.14465944737e-005, 2.22934322665e-005, 4.72174433526e-005, 3.14022327075e-005, 2.25105122809e-005, 1.80283423106e-005, 1.90463633771e-005, 2.18644181587e-005, 1.67740254255e-005, 1.32670274979e-005, 1.4989625015e-005, 1.28070778374e-005, 5.62484910915e-006, 3.35147024089e-006, 2.19937601287e-006, 1.61633192874e-006, 1.22882249798e-006, 7.80229584052e-007, 4.61815830022e-007, 2.55912340208e-007, 1.21868225733e-007],
        "var": [5.61982460567e-008, 5.46050569028e-006, 1.0773818758e-005, 9.96187395685e-007, 4.63584299837e-008, 9.37182154104e-009, 4.49493686716e-009, 1.63380775575e-009, 8.15563228063e-010, 1.08072295557e-009, 4.30901953008e-010, 6.54699572333e-010, 5.25256893535e-010, 3.19350629274e-010, 4.15648904184e-010, 4.24443508118e-010, 3.02694369569e-010, 2.88852441965e-010, 9.2700380705e-010, 7.07439939962e-010, 7.98742738617e-010, 8.32417601515e-009, 2.22188090149e-009, 1.06463415861e-009, 7.22850668211e-010, 7.78760167464e-010, 1.10790787655e-009, 7.26613214042e-010, 4.87540452454e-010, 8.59531890107e-010, 4.92449969691e-010, 8.1226442239e-011, 2.58379862644e-011, 9.78571824267e-012, 5.87490603041e-012, 3.65804825667e-012, 1.49500182199e-012, 5.52094231877e-013, 1.82529257551e-013, 5.03454970855e-014]
    },
    "mfcc": {
        "mean": [-639.755126953, 91.8561477661, -14.8175849915, 53.3359642029, 1.46279716492, 14.6572122574, -3.80344176292, 2.25392580032, -4.20867156982, -5.29191446304, -12.2404937744, -3.88371109962, -9.93551540375],
        "cov": [[2193.04296875, -370.437561035, -67.0601806641, 60.6172828674, -29.7552242279, 23.9488582611, 23.5591754913, -5.53279304504, 28.8957595825, 13.6582536697, 55.9729652405, 66.4931640625, -36.8640403748], [-370.437561035, 513.462280273, 100.109779358, 92.2189407349, 17.856760025, 23.5797557831, 21.1949672699, -13.7157039642, 19.7617168427, -10.260966301, -30.8393001556, -22.2890415192, 3.07566523552], [-67.0601806641, 100.109779358, 286.99786377, -25.4094829559, 67.6865921021, 67.2202224731, 10.4927225113, -12.4844865799, -11.7196273804, 46.8020248413, -5.20331096649, -23.8680171967, -3.18902039528], [60.6172828674, 92.2189407349, -25.4094829559, 115.377540588, 9.83543491364, 5.8415312767, 17.7606735229, -2.24196720123, 24.1180362701, -10.4820756912, 3.23559546471, 14.1468963623, -0.296519130468], [-29.7552242279, 17.856760025, 67.6865921021, 9.83543491364, 74.74609375, 32.6174316406, 0.273492693901, 0.671265482903, 0.0945728719234, 11.8757419586, 1.22102487087, 1.05720210075, -1.9269888401], [23.9488582611, 23.5797557831, 67.2202224731, 5.8415312767, 32.6174316406, 71.3925857544, 15.2270679474, -9.4797372818, 4.6647977829, 12.4180822372, 2.46908712387, 0.0590828694403, -5.7100276947], [23.5591754913, 21.1949672699, 10.4927225113, 17.7606735229, 0.273492693901, 15.2270679474, 61.6126899719, 21.7242832184, 9.87006473541, 12.5959739685, 7.08033227921, -2.30745363235, 6.41727161407], [-5.53279304504, -13.7157039642, -12.4844865799, -2.24196720123, 0.671265482903, -9.4797372818, 21.7242832184, 68.9177780151, 15.756155014, 5.13430213928, 9.65656280518, -5.0558886528, 7.12401723862], [28.8957595825, 19.7617168427, -11.7196273804, 24.1180362701, 0.0945728719234, 4.6647977829, 9.87006473541, 15.756155014, 53.1971206665, 8.2542591095, 1.65988600254, 3.57143807411, 0.754324138165], [13.6582536697, -10.260966301, 46.8020248413, -10.4820756912, 11.8757419586, 12.4180822372, 12.5959739685, 5.13430213928, 8.2542591095, 52.3818206787, 10.9610681534, -5.60187673569, 6.21920204163], [55.9729652405, -30.8393001556, -5.20331096649, 3.23559546471, 1.22102487087, 2.46908712387, 7.08033227921, 9.65656280518, 1.65988600254, 10.9610681534, 42.7576942444, 15.3633460999, -2.42053294182], [66.4931640625, -22.2890415192, -23.8680171967, 14.1468963623, 1.05720210075, 0.0590828694403, -2.30745363235, -5.0558886528, 3.57143807411, -5.60187673569, 15.3633460999, 44.0074424744, 1.33858633041], [-36.8640403748, 3.07566523552, -3.18902039528, -0.296519130468, -1.9269888401, -5.7100276947, 6.41727161407, 7.12401723862, 0.754324138165, 6.21920204163, -2.42053294182, 1.33858633041, 41.4129600525]],
        "icov": [[0.000612724048551, 0.000599534658249, -0.000221229347517, -0.000761805160437, 0.000553840189241, -0.000267550407443, -0.00016120672808, 8.87319911271e-005, -0.000190285485587, -9.00992745301e-005, -9.9354001577e-005, -0.000485106691485, 0.000503870658576], [0.000599534658249, 0.00347265927121, -0.00175717682578, -0.00333831319585, 0.00121384789236, 1.40318888953e-005, -0.000560623651836, 0.000461297720904, -0.000800218549557, 0.00119639013428, 0.00116004887968, 0.000777950685006, 6.0057889641e-005], [-0.000221229347517, -0.00175717682578, 0.00710688112304, 0.00256509589963, -0.00415277481079, -0.00362260476686, 0.000116699331556, 0.000447102560429, 0.00193247327115, -0.00464008050039, 0.000410826294683, 0.00173503707629, 0.000341050123097], [-0.000761805160437, -0.00333831319585, 0.00256509589963, 0.0149265266955, -0.00457443343475, 0.00092089350801, -0.00408063689247, 0.00270475866273, -0.00486389594153, 0.00270036770962, -0.00175649020821, -0.00237801042385, -0.000387365027564], [0.000553840189241, 0.00121384789236, -0.00415277481079, -0.00457443343475, 0.0211162846535, -0.00717898923904, 0.0042044701986, -0.0038113987539, 0.00173529481981, -0.00169453164563, 0.00126794993412, -0.00253102974966, 0.000425961974543], [-0.000267550407443, 1.40318888953e-005, -0.00362260476686, 0.00092089350801, -0.00717898923904, 0.0231536421925, -0.0069629214704, 0.00539219239727, -0.00354002835229, 0.00122589920647, -0.00114707916509, -0.000680841912981, 0.00233352999203], [-0.00016120672808, -0.000560623651836, 0.000116699331556, -0.00408063689247, 0.0042044701986, -0.0069629214704, 0.0233435090631, -0.00809096172452, 0.00155257119332, -0.00469178892672, -0.00108415039722, 0.00126999174245, -0.00254003657028], [8.87319911271e-005, 0.000461297720904, 0.000447102560429, 0.00270475866273, -0.0038113987539, 0.00539219239727, -0.00809096172452, 0.0208914354444, -0.00702035846189, 0.00276910094544, -0.00571619160473, 0.00452494714409, -0.00244375644252], [-0.000190285485587, -0.000800218549557, 0.00193247327115, -0.00486389594153, 0.00173529481981, -0.00354002835229, 0.00155257119332, -0.00702035846189, 0.0250817444175, -0.0072041018866, 0.00362501782365, -0.0025313529186, 0.00148248276673], [-9.00992745301e-005, 0.00119639013428, -0.00464008050039, 0.00270036770962, -0.00169453164563, 0.00122589920647, -0.00469178892672, 0.00276910094544, -0.0072041018866, 0.0291369389743, -0.00894859619439, 0.00504124676809, -0.00509658269584], [-9.9354001577e-005, 0.00116004887968, 0.000410826294683, -0.00175649020821, 0.00126794993412, -0.00114707916509, -0.00108415039722, -0.00571619160473, 0.00362501782365, -0.00894859619439, 0.0328486301005, -0.0122549450025, 0.00449052592739], [-0.000485106691485, 0.000777950685006, 0.00173503707629, -0.00237801042385, -0.00253102974966, -0.000680841912981, 0.00126999174245, 0.00452494714409, -0.0025313529186, 0.00504124676809, -0.0122549450025, 0.0314512886107, -0.00400370266289], [0.000503870658576, 6.0057889641e-005, 0.000341050123097, -0.000387365027564, 0.000425961974543, 0.00233352999203, -0.00254003657028, -0.00244375644252, 0.00148248276673, -0.00509658269584, 0.00449052592739, -0.00400370266289, 0.0269003883004]]
    },
    "spectral_contrast_coeffs": {
        "mean": [-0.5598077178, -0.778670549393, -0.819748163223, -0.811718165874, -0.791622698307, -0.677102804184],
        "var": [0.00422709714621, 0.00236324546859, 0.00171236495953, 0.00116279965732, 0.00164629158098, 0.00149101135321]
    },
    "spectral_contrast_valleys": {
        "mean": [-7.73161888123, -7.15994167328, -7.53525543213, -7.50851631165, -6.9835858345, -10.4013834],
        "var": [1.13922011852, 0.928303182125, 0.819664418697, 0.878096938133, 0.941936969757, 0.880210042]
    }
},
"metadata": {
    "audio_properties": {
        "analysis_sample_rate": 44100,
        "bit_rate": 111714,
        "equal_loudness": 0,
        "length": 45.0612258911,
        "lossless": 0,
        "replay_gain": -14.4893417358,
        "sample_rate": 44100,
        "codec": "mp3",
        "downmix": "mix",
        "md5_encoded": "09a8a682f669c86626ee840eb4f43e54"
    },
    "tags": {
        "file_name": "931.mp3"
    },
    "version": {
        "essentia": "2.1-beta2",
        "essentia_git_sha": "v2.1_beta2",
        "extractor": "music 1.0"
    }
},
"rhythm": {
    "beats_count": 72,
    "beats_loudness": {
        "mean": 0.0307980552316,
        "var": 0.00011568388436
    },
    "bpm": 97.4456558228,
    "bpm_histogram_first_peak_bpm": {
        "mean": 98,
        "var": 0
    },
    "bpm_histogram_first_peak_spread": {
        "mean": 0.287878811359,
        "var": 0
    },
    "bpm_histogram_first_peak_weight": {
        "mean": 0.66197180748,
        "var": 0
    },
    "bpm_histogram_second_peak_bpm": {
        "mean": 89,
        "var": 0
    },
    "bpm_histogram_second_peak_spread": {
        "mean": 0.399999976158,
        "var": 0
    },
    "bpm_histogram_second_peak_weight": {
        "mean": 0.0422535203397,
        "var": 0
    },
    "danceability": 2.15146756172,
    "onset_rate": 3.83749079704,
    "beats_loudness_band_ratio": {
        "mean": [0.4328969419, 0.11663954705, 0.0386202558875, 0.0511411465704, 0.153076723218, 0.23429325223],
        "var": [0.0297568906099, 0.00550317810848, 0.000384597631637, 0.000543928123079, 0.0059169139713, 0.0137226562947]
    },
    "beats_position": [0.66176867485, 1.3235373497, 1.99691605568, 2.67029476166, 3.33206343651, 4.00544214249, 4.6439909935, 5.27092981339, 5.89786815643, 6.52480697632, 7.1517457962, 7.77868461609, 8.39401340485, 9.0093421936, 9.62467098236, 10.2399997711, 10.866938591, 11.4822673798, 12.0975961685, 12.7129249573, 13.328253746, 13.9551925659, 14.5705213547, 15.1858501434, 15.8011789322, 16.4165077209, 17.0434455872, 17.6471652985, 18.2508831024, 18.8546028137, 19.4815406799, 20.0852603912, 20.7121982574, 21.3275279999, 21.942855835, 22.5465755463, 23.1502952576, 23.7656230927, 24.3809528351, 24.984670639, 25.5883903503, 26.1921081543, 26.8190479279, 27.4459857941, 28.0613155365, 28.6766433716, 29.2803630829, 29.9073009491, 30.5110206604, 31.1379585266, 31.7416782379, 32.357006073, 32.9723358154, 33.5876655579, 34.2029914856, 34.818321228, 35.4336509705, 36.0605888367, 36.6875267029, 37.3144645691, 37.9181861877, 38.5335159302, 39.1488418579, 39.7525634766, 40.3678894043, 40.9832191467, 41.5869369507, 42.1906585693, 42.8059844971, 43.4213142395, 44.0482521057, 44.6519737244]
},
"tonal": {
    "chords_changes_rate": 0.0853909477592,
    "chords_number_rate": 0.00823045242578,
    "chords_strength": {
        "mean": 0.52925568819,
        "var": 0.00712791411206
    },
    "hpcp_entropy": {
        "mean": 2.83605074883,
        "var": 0.573540389538
    },
    "key_strength": 0.471762657166,
    "tuning_diatonic_strength": 0.553975343704,
    "tuning_equal_tempered_deviation": 0.168914094567,
    "tuning_frequency": 443.060424805,
    "tuning_nontempered_energy_ratio": 0.857389211655,
    "hpcp": {
        "mean": [0.138587892056, 0.136355653405, 0.203583374619, 0.29287147522, 0.225498706102, 0.113178424537, 0.0894955769181, 0.0737561061978, 0.0774178206921, 0.106697142124, 0.147144988179, 0.247826725245, 0.303864628077, 0.222605064511, 0.171811148524, 0.216625496745, 0.260212004185, 0.248332634568, 0.208755612373, 0.150365263224, 0.0934993103147, 0.057906024158, 0.0556921772659, 0.10362572968, 0.171918168664, 0.159011214972, 0.10018235445, 0.0785005688667, 0.0704292654991, 0.0828980654478, 0.0943675339222, 0.0980887413025, 0.135124862194, 0.189375668764, 0.185960903764, 0.155527040362],
        "var": [0.0473243184388, 0.0477536767721, 0.0681378617883, 0.101712472737, 0.0630939528346, 0.026058120653, 0.024651568383, 0.0222392007709, 0.0209575518966, 0.0338089391589, 0.046275652945, 0.102224580944, 0.128869906068, 0.0821583420038, 0.0655175819993, 0.0852388814092, 0.105062320828, 0.0976226329803, 0.0799571201205, 0.0595097504556, 0.0283509399742, 0.0125926584005, 0.0122572761029, 0.0247516203672, 0.0467022657394, 0.0431487075984, 0.0220697876066, 0.0190287418664, 0.0153216160834, 0.020498290658, 0.0232084952295, 0.0240325331688, 0.0342953018844, 0.0579412281513, 0.057930149138, 0.0528771802783]
    },
    "chords_histogram": [0.308641970158, 0, 0, 0, 0, 0, 0, 0, 0, 0, 0, 0, 1.23456788063, 0, 7.81893014908, 5.76131677628, 38.2716064453, 2.16049385071, 0.411522626877, 1.95473253727, 0, 2.26337456703, 0.617283940315, 39.1975326538],
    "thpcp": [1, 0.732579708099, 0.565420031548, 0.712901353836, 0.856341898441, 0.817247569561, 0.687002003193, 0.494842916727, 0.307700544596, 0.19056519866, 0.183279559016, 0.341025978327, 0.565772235394, 0.523296236992, 0.329694032669, 0.258340597153, 0.231778427958, 0.272812485695, 0.310557812452, 0.322804093361, 0.444687694311, 0.623223781586, 0.611986041069, 0.511830031872, 0.456084311008, 0.448738157749, 0.66998052597, 0.963822185993, 0.742102503777, 0.372463315725, 0.294524490833, 0.242726862431, 0.254777342081, 0.351133793592, 0.484245210886, 0.815582692623],
    "chords_key": "A#",
    "chords_scale": "major",
    "key_key": "D",
    "key_scale": "minor"
}
}