{
"lowlevel": {
    "average_loudness": 0.855052411556,
    "barkbands_crest": {
        "mean": 9.58662796021,
        "var": 10.2018880844
    },
    "barkbands_flatness_db": {
        "mean": 0.192503809929,
        "var": 0.00244763214141
    },
    "barkbands_kurtosis": {
        "mean": 3.95907521248,
        "var": 35.8992042542
    },
    "barkbands_skewness": {
        "mean": 1.36607170105,
        "var": 1.28132987022
    },
    "barkbands_spread": {
        "mean": 14.5075778961,
        "var": 103.643859863
    },
    "dissonance": {
        "mean": 0.447830677032,
        "var": 0.00130598433316
    },
    "dynamic_complexity": 2.41601872444,
    "erbbands_crest": {
        "mean": 11.8809299469,
        "var": 19.9191856384
    },
    "erbbands_flatness_db": {
        "mean": 0.228558257222,
        "var": 0.00247487332672
    },
    "erbbands_kurtosis": {
        "mean": 1.00975930691,
        "var": 7.04677009583
    },
    "erbbands_skewness": {
        "mean": 0.347025841475,
        "var": 0.932151436806
    },
    "erbbands_spread": {
        "mean": 27.1064796448,
        "var": 183.751785278
    },
    "hfc": {
        "mean": 11.8628673553,
        "var": 281.16796875
    },
    "melbands_crest": {
        "mean": 12.1694908142,
        "var": 13.9046735764
    },
    "melbands_flatness_db": {
        "mean": 0.251789093018,
        "var": 0.00456706248224
    },
    "melbands_kurtosis": {
        "mean": 7.71222686768,
        "var": 92.5550384521
    },
    "melbands_skewness": {
        "mean": 1.96305561066,
        "var": 1.39659810066
    },
    "melbands_spread": {
        "mean": 21.4140472412,
        "var": 458.312103271
    },
    "pitch_salience": {
        "mean": 0.551273226738,
        "var": 0.00710249179974
    },
    "silence_rate_20dB": {
        "mean": 1,
        "var": 0
    },
    "silence_rate_30dB": {
        "mean": 1,
        "var": 0
    },
    "silence_rate_60dB": {
        "mean": 0.023686921224,
        "var": 0.0231255684048
    },
    "spectral_centroid": {
        "mean": 1039.9630127,
        "var": 656337.6875
    },
    "spectral_complexity": {
        "mean": 11.94490242,
        "var": 20.8306598663
    },
    "spectral_decrease": {
        "mean": -3.11174597201e-009,
        "var": 3.78581334416e-018
    },
    "spectral_energy": {
        "mean": 0.0128204263747,
        "var": 7.02008837834e-005
    },
    "spectral_energyband_high": {
        "mean": 0.000524607894477,
        "var": 3.20483491123e-006
    },
    "spectral_energyband_low": {
        "mean": 0.00156483706087,
        "var": 2.26113297686e-006
    },
    "spectral_energyband_middle_high": {
        "mean": 0.00337254418992,
        "var": 2.22472990572e-005
    },
    "spectral_energyband_middle_low": {
        "mean": 0.00771351810545,
        "var": 2.88387636829e-005
    },
    "spectral_entropy": {
        "mean": 6.85600852966,
        "var": 0.17631533742
    },
    "spectral_flux": {
        "mean": 0.0416424386203,
        "var": 0.000680764729623
    },
    "spectral_kurtosis": {
        "mean": 9.59318256378,
        "var": 50.7818450928
    },
    "spectral_rms": {
        "mean": 0.00337082101032,
        "var": 1.1452657418e-006
    },
    "spectral_rolloff": {
        "mean": 1273.3873291,
        "var": 1908728.375
    },
    "spectral_skewness": {
        "mean": 2.01285600662,
        "var": 0.544797420502
    },
    "spectral_spread": {
        "mean": 2979200.75,
        "var": 3.50307142861e+012
    },
    "spectral_strongpeak": {
        "mean": 1.44627892971,
        "var": 5.00149965286
    },
    "zerocrossingrate": {
        "mean": 0.0466238185763,
        "var": 0.0013307161862
    },
    "barkbands": {
        "mean": [1.15238544822e-005, 0.000237264452153, 0.000986231025308, 0.00067062996095, 0.00226994859986, 0.00180390663445, 0.000985514139757, 0.0013581935782, 0.000572356861085, 0.000558755011298, 0.000214056708501, 0.000224145551329, 0.000214999090531, 0.000331618386554, 0.000339070131304, 0.000469355698442, 0.000670634675771, 0.000269524374744, 7.11624597898e-005, 0.000344837928424, 9.89465552266e-005, 6.80355587974e-005, 1.79855833267e-005, 2.14498450077e-005, 7.12221435606e-006, 3.10361542688e-006, 7.47793649225e-008],
        "var": [3.46326411993e-010, 1.67867142409e-007, 1.1015237078e-006, 5.34140838226e-007, 3.38786139764e-006, 4.24205018135e-006, 1.69653583271e-006, 8.16318333818e-006, 5.04434092363e-006, 2.55102600022e-006, 8.95417940683e-007, 4.95679842061e-007, 3.1024652003e-007, 5.48039224668e-007, 1.97699455384e-006, 1.84980990525e-006, 3.1844433579e-006, 5.2416970675e-007, 2.92097794841e-008, 1.64716220752e-006, 9.17750284657e-008, 1.27251993831e-007, 1.77986265726e-008, 2.70581086426e-008, 3.10669512338e-009, 3.84620280069e-010, 1.18960429615e-012]
    },
    "erbbands": {
        "mean": [0.00207090494223, 0.0872695297003, 0.97964990139, 1.79698050022, 4.12626171112, 7.36104202271, 15.0866804123, 13.6214036942, 6.69511270523, 25.0518035889, 34.7082061768, 16.1508865356, 8.79656219482, 20.3913784027, 8.91548633575, 10.0517625809, 10.3645496368, 17.6158409119, 12.5472421646, 22.1354866028, 32.77368927, 43.4872589111, 17.3959980011, 4.65597391129, 4.7657866478, 17.4225234985, 7.40193796158, 3.85138320923, 2.13017892838, 1.93257677555, 0.455533832312, 0.373207628727, 0.370833575726, 0.119833402336, 0.0340568833053, 0.0188316870481, 0.00445977505296, 0.000449076964287, 1.95717984752e-005, 1.61802527145e-005],
        "var": [7.30416832084e-006, 0.0190503057092, 1.30860042572, 2.28271484375, 21.2184123993, 65.8394317627, 152.866851807, 365.724182129, 196.372314453, 830.933105469, 7404.88720703, 3136.30712891, 587.952758789, 3754.29541016, 737.626953125, 1206.23913574, 628.487915039, 1435.390625, 7377.90429688, 1386.52429199, 9887.90722656, 14061.6523438, 1982.35058594, 84.0589141846, 109.218505859, 4360.42236328, 687.353820801, 164.98248291, 127.274620056, 124.822753906, 10.1029758453, 9.44423675537, 7.30298471451, 0.956099271774, 0.0571395978332, 0.0154243307188, 0.00070539698936, 1.12490397441e-005, 1.29489858836e-008, 1.57648297194e-010]
    },
    "gfcc": {
        "mean": [-79.5443649292, 142.388244629, -140.464004517, 20.9482936859, -53.6508102417, -12.0806064606, -46.0910377502, -7.44788694382, -24.7106628418, -6.62058162689, -18.0631160736, -9.68094444275, -8.72733402252],
        "cov": [[6289.84667969, -2049.95678711, -326.101867676, 632.628723145, -754.652648926, 482.747070313, -272.2237854, 453.408325195, -238.741149902, 204.606964111, -409.361328125, 238.788314819, -98.8835067749], [-2049.95678711, 2183.29467773, -307.025878906, -527.546875, 604.728942871, -456.961242676, 204.150146484, -340.490753174, 232.025405884, -153.428741455, 340.354553223, -259.681427002, 17.1233081818], [-326.101867676, -307.025878906, 734.369934082, -105.231132507, -256.751220703, 358.9347229, -30.0261554718, 103.095817566, -172.297271729, 14.5454244614, -44.3481216431, 79.2498321533, -29.3461723328], [632.628723145, -527.546875, -105.231132507, 462.198028564, -26.1056270599, -5.51036119461, -41.3925666809, 11.492430687, 0.463252156973, 26.5259780884, -86.389541626, 58.0465278625, 44.1040039063], [-754.652648926, 604.728942871, -256.751220703, -26.1056270599, 433.287353516, -264.707885742, 20.5757160187, -108.880126953, 123.709335327, 18.1032924652, 93.9523620605, -73.4384765625, 16.9978675842], [482.747070313, -456.961242676, 358.9347229, -5.51036119461, -264.707885742, 454.053833008, 11.6871929169, 126.237350464, -149.841644287, -11.4138832092, -49.5935897827, 53.9041633606, -44.156879425], [-272.2237854, 204.150146484, -30.0261554718, -41.3925666809, 20.5757160187, 11.6871929169, 181.484741211, -15.2893896103, 7.04945707321, -52.6365089417, 36.264415741, -32.5402603149, -11.6741123199], [453.408325195, -340.490753174, 103.095817566, 11.492430687, -108.880126953, 126.237350464, -15.2893896103, 191.464828491, -36.6110153198, 45.51222229, -54.9437141418, 37.6208534241, -15.6878976822], [-238.741149902, 232.025405884, -172.297271729, 0.463252156973, 123.709335327, -149.841644287, 7.04945707321, -36.6110153198, 162.311004639, 12.3695297241, 34.7836723328, -34.058719635, 15.8913726807], [204.606964111, -153.428741455, 14.5454244614, 26.5259780884, 18.1032924652, -11.4138832092, -52.6365089417, 45.51222229, 12.3695297241, 137.629135132, -20.0259933472, 12.6057386398, -5.72816753387], [-409.361328125, 340.354553223, -44.3481216431, -86.389541626, 93.9523620605, -49.5935897827, 36.264415741, -54.9437141418, 34.7836723328, -20.0259933472, 116.897384644, -39.8542480469, -13.6153564453], [238.788314819, -259.681427002, 79.2498321533, 58.0465278625, -73.4384765625, 53.9041633606, -32.5402603149, 37.6208534241, -34.058719635, 12.6057386398, -39.8542480469, 93.6979827881, 1.03890705109], [-98.8835067749, 17.1233081818, -29.3461723328, 44.1040039063, 16.9978675842, -44.156879425, -11.6741123199, -15.6878976822, 15.8913726807, -5.72816753387, -13.6153564453, 1.03890705109, 86.9672241211]],
        "icov": [[0.000592385476921, -0.000612940872088, 0.00124768749811, -0.000775133899879, 0.00124902673997, -0.000739068316761, 0.000804143666755, -0.000901745806914, 0.000747403071728, -0.000942079001106, 0.00120905099902, -0.00083573377924, 0.000934901414439], [-0.000612940872088, 0.00372260902077, -0.00195214385167, 0.00305930199102, -0.00349649018608, 0.00166584830731, -0.00204161345027, 0.00265728845261, -0.00182551913895, 0.00278245424852, -0.00413254322484, 0.0033876018133, -0.00207619415596], [0.00124768749811, -0.00195214385167, 0.00550244096667, -0.00125744240358, 0.00337210507132, -0.00340073881671, 0.00223902659491, -0.00200826511718, 0.00288278050721, -0.00299984193407, 0.00302498415112, -0.00356172840111, 0.00164173229132], [-0.000775133899879, 0.00305930199102, -0.00125744240358, 0.00570617709309, -0.00342917395756, 0.000996551476419, -0.00189643772319, 0.003014996415, -0.00178333173972, 0.00206773495302, -0.00176934653427, 0.00120862561744, -0.00316566112451], [0.00124902673997, -0.00349649018608, 0.00337210507132, -0.00342917395756, 0.00874822959304, -0.000594862969592, 0.00234454777092, -0.00250899698585, 0.00159836746752, -0.00439068023115, 0.00236045033671, -0.0024344692938, 0.00265313894488], [-0.000739068316761, 0.00166584830731, -0.00340073881671, 0.000996551476419, -0.000594862969592, 0.0068035251461, -0.00200216006488, -0.000309940078296, 0.000671890331432, 0.00236322544515, -0.00313569884747, 0.00240138126537, -6.19516940787e-005], [0.000804143666755, -0.00204161345027, 0.00223902659491, -0.00189643772319, 0.00234454777092, -0.00200216006488, 0.00845231022686, -0.00245427666232, 0.00123512954451, 0.000478101166664, 0.00150454894174, -0.000517169537488, 0.00229816953652], [-0.000901745806914, 0.00265728845261, -0.00200826511718, 0.003014996415, -0.00250899698585, -0.000309940078296, -0.00245427666232, 0.0104992436245, -0.00251275370829, -0.00026414077729, -0.000843566842377, 0.00141807622276, -0.00156492448878], [0.000747403071728, -0.00182551913895, 0.00288278050721, -0.00178333173972, 0.00159836746752, 0.000671890331432, 0.00123512954451, -0.00251275370829, 0.011412977241, -0.00270978990011, 0.00100841920357, -0.00105961237568, 0.00073424418224], [-0.000942079001106, 0.00278245424852, -0.00299984193407, 0.00206773495302, -0.00439068023115, 0.00236322544515, 0.000478101166664, -0.00026414077729, -0.00270978990011, 0.0122427782044, -0.00292751309462, 0.00297143007629, -0.000797575281467], [0.00120905099902, -0.00413254322484, 0.00302498415112, -0.00176934653427, 0.00236045033671, -0.00313569884747, 0.00150454894174, -0.000843566842377, 0.00100841920357, -0.00292751309462, 0.0194794870913, -0.00248896004632, 0.00480504799634], [-0.00083573377924, 0.0033876018133, -0.00356172840111, 0.00120862561744, -0.0024344692938, 0.00240138126537, -0.000517169537488, 0.00141807622276, -0.00105961237568, 0.00297143007629, -0.00248896004632, 0.018592339009, -0.00177299417555], [0.000934901414439, -0.00207619415596, 0.00164173229132, -0.00316566112451, 0.00265313894488, -6.19516940787e-005, 0.00229816953652, -0.00156492448878, 0.00073424418224, -0.000797575281467, 0.00480504799634, -0.00177299417555, 0.0151927070692]]
    },
    "melbands": {
        "mean": [3.83637125196e-005, 0.000371239322703, 0.000371610571165, 0.000408080435591, 0.000505957810674, 0.000307142152451, 0.000124610785861, 0.000261312205112, 0.000267730007181, 8.31542783999e-005, 4.28641214967e-005, 8.72665259521e-005, 3.23348467646e-005, 2.50701377809e-005, 2.09106929105e-005, 3.13847485813e-005, 2.96896796499e-005, 1.91073941096e-005, 2.20471101784e-005, 2.67061241175e-005, 3.93722293666e-005, 4.90794627694e-005, 2.21304235311e-005, 1.02723615782e-005, 2.64184654952e-006, 3.85322755392e-006, 2.49547974818e-006, 1.56737442012e-005, 6.21876370133e-006, 2.4608266358e-006, 1.78484356184e-006, 9.01529801922e-007, 1.79966059477e-006, 7.25973563931e-007, 2.61074688979e-007, 1.65226168747e-007, 2.54290085877e-007, 2.91183425816e-007, 1.82095959644e-007, 7.26695219555e-008],
        "var": [3.65333674424e-009, 1.97543101876e-007, 1.05141381823e-007, 1.52061176095e-007, 1.57285839464e-007, 1.68877491546e-007, 4.42219807439e-008, 7.15157852937e-008, 5.46235071397e-007, 1.02840701288e-007, 1.52956101118e-008, 7.02119535845e-008, 1.48533789712e-008, 3.81245568448e-009, 7.8626980482e-009, 2.83958256908e-009, 4.50576420619e-009, 1.8955438108e-008, 2.99935121184e-009, 2.19070073193e-009, 1.74570082834e-008, 1.75612520081e-008, 3.82525966458e-009, 6.46204145749e-010, 3.08428074747e-011, 1.25343749269e-010, 4.01954233786e-011, 3.98714172789e-009, 6.15076545252e-010, 6.05558797551e-011, 3.72532629744e-011, 2.7855877327e-011, 8.7351008371e-011, 2.38218455378e-011, 3.55030284685e-012, 2.04033209598e-012, 4.25663324033e-012, 4.35568421608e-012, 2.5526445107e-012, 3.31184136105e-013]
    },
    "mfcc": {
        "mean": [-714.337219238, 167.092330933, -22.1008701324, 24.5145492554, 3.53862953186, -5.12281322479, -11.2161998749, -10.5274744034, -5.56968355179, -9.99981403351, -6.04294157028, -4.65577459335, -4.31313371658],
        "cov": [[4042.07861328, -1832.83947754, -148.419311523, 305.979431152, -332.861572266, 129.319107056, -169.11857605, 157.915939331, 283.870544434, -12.9352827072, 1.22308957577, 90.4056625366, -32.7179145813], [-1832.83947754, 1905.96508789, -272.86907959, -222.742584229, 240.469680786, -152.177474976, 109.806930542, -121.741996765, -238.169006348, 112.422218323, 98.7473449707, -72.1514205933, 55.1051902771], [-148.419311523, -272.86907959, 751.466430664, -268.212554932, -131.94921875, 112.716697693, 125.432380676, 132.122161865, -26.9798717499, -12.4989957809, -1.66340899467, -84.1396484375, -34.5497245789], [305.979431152, -222.742584229, -268.212554932, 406.741241455, 62.2274894714, 3.34830880165, -93.4629058838, -72.5810394287, 89.8281402588, -58.341758728, -52.5077857971, 98.2053833008, 24.4822769165], [-332.861572266, 240.469680786, -131.94921875, 62.2274894714, 225.842819214, -29.7617721558, -41.3853111267, -71.1198654175, -16.6299800873, 16.9391059875, -12.7003192902, 34.6846046448, 18.6229515076], [129.319107056, -152.177474976, 112.716697693, 3.34830880165, -29.7617721558, 163.192016602, 42.6426429749, 48.4056472778, -12.753909111, -8.17960166931, 5.31030607224, -19.3020267487, -31.2859306335], [-169.11857605, 109.806930542, 125.432380676, -93.4629058838, -41.3853111267, 42.6426429749, 187.197158813, 66.9156341553, -37.6430473328, 22.2326469421, 39.0388031006, -45.9159355164, -28.2317733765], [157.915939331, -121.741996765, 132.122161865, -72.5810394287, -71.1198654175, 48.4056472778, 66.9156341553, 179.522979736, -8.9613866806, -3.68633079529, 25.7494983673, -28.9520874023, -34.5255584717], [283.870544434, -238.169006348, -26.9798717499, 89.8281402588, -16.6299800873, -12.753909111, -37.6430473328, -8.9613866806, 160.89503479, -5.38303899765, -31.1570148468, 30.2229232788, 10.1067209244], [-12.9352827072, 112.422218323, -12.4989957809, -58.341758728, 16.9391059875, -8.17960166931, 22.2326469421, -3.68633079529, -5.38303899765, 112.105712891, 43.04088974, -15.3127593994, 13.4837303162], [1.22308957577, 98.7473449707, -1.66340899467, -52.5077857971, -12.7003192902, 5.31030607224, 39.0388031006, 25.7494983673, -31.1570148468, 43.04088974, 119.375686646, -11.1573829651, -3.17886853218], [90.4056625366, -72.1514205933, -84.1396484375, 98.2053833008, 34.6846046448, -19.3020267487, -45.9159355164, -28.9520874023, 30.2229232788, -15.3127593994, -11.1573829651, 103.803756714, 20.5778923035], [-32.7179145813, 55.1051902771, -34.5497245789, 24.4822769165, 18.6229515076, -31.2859306335, -28.2317733765, -34.5255584717, 10.1067209244, 13.4837303162, -3.17886853218, 20.5778923035, 89.171913147]],
        "icov": [[0.00058019766584, 0.000533257552888, 0.000408739346312, -5.21092761119e-006, 0.000469305872684, -0.000176390938577, 0.000260294473264, -0.000306412752252, -0.000149687126395, -0.000460652518086, -0.000279702449916, 2.45538831223e-006, -7.69009930082e-005], [0.000533257552888, 0.00158281682525, 0.000842559966259, 0.000544651120435, -0.000510236539412, 0.000485744676553, -0.000636289070826, 0.000187007433851, 0.000902889471035, -0.00050834461581, -0.000516522559337, 0.000566898845136, -0.000632315583061], [0.000408739346312, 0.000842559966259, 0.00285449973308, 0.00186266319361, 0.000386371160857, -0.00125110114459, -0.000792509934399, -0.000530708988663, -0.000210148660699, 0.000447442755103, 0.000413992558606, 0.000259317981545, -0.000841072876938], [-5.21092761119e-006, 0.000544651120435, 0.00186266319361, 0.0055361953564, -0.000870642368682, -0.00169002462644, -0.000269462761935, 0.000807561038528, -0.00155774678569, 0.00217625289224, 0.000480604619952, -0.00225007184781, -0.000936668424401], [0.000469305872684, -0.000510236539412, 0.000386371160857, -0.000870642368682, 0.00692576449364, -0.000548567681108, 0.00119127088692, 0.000749479630031, 0.000343415449606, -0.00173731858376, 0.000822964590043, -0.00168277753983, 0.00054615654517], [-0.000176390938577, 0.000485744676553, -0.00125110114459, -0.00169002462644, -0.000548567681108, 0.00864840950817, -0.00130028440617, -0.000715996196959, 0.00165176752489, -0.000428627128713, -0.000283161643893, 0.00118740508333, 0.00166782713495], [0.000260294473264, -0.000636289070826, -0.000792509934399, -0.000269462761935, 0.00119127088692, -0.00130028440617, 0.00841792672873, -0.00193400657736, -3.94753660657e-005, -0.00113692134619, -0.00123411288951, 0.000924230727833, 0.00138605339453], [-0.000306412752252, 0.000187007433851, -0.000530708988663, 0.000807561038528, 0.000749479630031, -0.000715996196959, -0.00193400657736, 0.00834535527974, 2.98217473755e-005, 0.000908600050025, -0.00114103604574, 2.25310577662e-005, 0.00136914034374], [-0.000149687126395, 0.000902889471035, -0.000210148660699, -0.00155774678569, 0.000343415449606, 0.00165176752489, -3.94753660657e-005, 2.98217473755e-005, 0.00915383454412, -0.00185071933083, 0.00154027133249, -0.000457279296825, -0.000356977776391], [-0.000460652518086, -0.00050834461581, 0.000447442755103, 0.00217625289224, -0.00173731858376, -0.000428627128713, -0.00113692134619, 0.000908600050025, -0.00185071933083, 0.012762230821, -0.00364415743388, 0.00106293242425, -0.00216994481161], [-0.000279702449916, -0.000516522559337, 0.000413992558606, 0.000480604619952, 0.000822964590043, -0.000283161643893, -0.00123411288951, -0.00114103604574, 0.00154027133249, -0.00364415743388, 0.0113805225119, -0.00123020703904, 0.00020734910504], [2.45538831223e-006, 0.000566898845136, 0.000259317981545, -0.00225007184781, -0.00168277753983, 0.00118740508333, 0.000924230727833, 2.25310577662e-005, -0.000457279296825, 0.00106293242425, -0.00123020703904, 0.0141109703109, -0.00197091163136], [-7.69009930082e-005, -0.000632315583061, -0.000841072876938, -0.000936668424401, 0.00054615654517, 0.00166782713495, 0.00138605339453, 0.00136914034374, -0.000356977776391, -0.00216994481161, 0.00020734910504, -0.00197091163136, 0.0137789295986]]
    },
    "spectral_contrast_coeffs": {
        "mean": [-0.563828885555, -0.644620537758, -0.764896571636, -0.744681715965, -0.744339764118, -0.722078800201],
        "var": [0.00517225591466, 0.00429156934842, 0.00317101366818, 0.00321652367711, 0.0047411005944, 0.00353829655796]
    },
    "spectral_contrast_valleys": {
        "mean": [-8.14739990234, -7.30151844025, -7.83926010132, -8.4089345932, -8.70443725586, -12.2761144638],
        "var": [1.10806584358, 0.94090116024, 0.872816324234, 0.903084635735, 1.12900602818, 1.8624368906]
    }
},
"metadata": {
    "audio_properties": {
        "analysis_sample_rate": 44100,
        "bit_rate": 105754,
        "equal_loudness": 0,
        "length": 45.0612258911,
        "lossless": 0,
        "replay_gain": -10.3522319794,
        "sample_rate": 44100,
        "codec": "mp3",
        "downmix": "mix",
        "md5_encoded": "3d6959238e0ed5c00c7e3aca009d48bc"
    },
    "tags": {
        "file_name": "932.mp3"
    },
    "version": {
        "essentia": "2.1-beta2",
        "essentia_git_sha": "v2.1_beta2",
        "extractor": "music 1.0"
    }
},
"rhythm": {
    "beats_count": 72,
    "beats_loudness": {
        "mean": 0.0202036090195,
        "var": 9.72758425632e-005
    },
    "bpm": 98.1677093506,
    "bpm_histogram_first_peak_bpm": {
        "mean": 99,
        "var": 0
    },
    "bpm_histogram_first_peak_spread": {
        "mean": 0.321428537369,
        "var": 0
    },
    "bpm_histogram_first_peak_weight": {
        "mean": 0.535211265087,
        "var": 0
    },
    "bpm_histogram_second_peak_bpm": {
        "mean": 94,
        "var": 0
    },
    "bpm_histogram_second_peak_spread": {
        "mean": 0.399999976158,
        "var": 0
    },
    "bpm_histogram_second_peak_weight": {
        "mean": 0.126760557294,
        "var": 0
    },
    "danceability": 1.07848775387,
    "onset_rate": 2.79493546486,
    "beats_loudness_band_ratio": {
        "mean": [0.22785371542, 0.288062900305, 0.226907521486, 0.1053179726, 0.146527782083, 0.0453520528972],
        "var": [0.0212558731437, 0.0231601241976, 0.0219608414918, 0.0115928724408, 0.0234683677554, 0.00729669537395]
    },
    "beats_position": [0.626938760281, 1.25387752056, 1.88081634045, 2.50775504112, 3.14630389214, 3.80807256699, 4.45823097229, 5.10838985443, 5.7701587677, 6.38548755646, 7.00081634521, 7.63936471939, 8.28952407837, 8.91646194458, 9.52018165588, 10.1703395844, 10.8088884354, 11.4358272552, 12.0627660751, 12.689704895, 13.3166437149, 13.9435825348, 14.5589113235, 15.1974601746, 15.8360090256, 16.4629478455, 17.1014957428, 17.7400455475, 18.3785934448, 19.0171432495, 19.6440811157, 20.2710208893, 20.8979587555, 21.5248966217, 22.1402263641, 22.7439460754, 23.3592739105, 23.9629936218, 24.5667114258, 25.1704311371, 25.774148941, 26.3778686523, 26.9931964874, 27.6085262299, 28.2238540649, 28.8391838074, 29.4429016113, 30.0466213226, 30.6503391266, 31.2540588379, 31.8577766418, 32.4614944458, 33.0652160645, 33.6689338684, 34.2842636108, 34.8879814148, 35.5033111572, 36.1070289612, 36.7107467651, 37.3144645691, 37.9181861877, 38.5335159302, 39.1488418579, 39.7525634766, 40.3562812805, 40.9599990845, 41.5637168884, 42.1674385071, 42.7595443726, 43.3516540527, 43.9437637329, 44.5358734131]
},
"tonal": {
    "chords_changes_rate": 0.037037037313,
    "chords_number_rate": 0.00925925932825,
    "chords_strength": {
        "mean": 0.500771284103,
        "var": 0.0144739393145
    },
    "hpcp_entropy": {
        "mean": 1.7273567915,
        "var": 0.437247097492
    },
    "key_strength": 0.688170135021,
    "tuning_diatonic_strength": 0.45577532053,
    "tuning_equal_tempered_deviation": 0.0431835763156,
    "tuning_frequency": 441.017791748,
    "tuning_nontempered_energy_ratio": 0.659306228161,
    "hpcp": {
        "mean": [0.241131365299, 0.0954303741455, 0.0241882540286, 0.0223890729249, 0.0385260544717, 0.266978949308, 0.470748633146, 0.255520224571, 0.0592960491776, 0.0561508201063, 0.0429538413882, 0.168103843927, 0.31382226944, 0.225648730993, 0.163345247507, 0.192800492048, 0.116151101887, 0.0740024000406, 0.094202183187, 0.130851313472, 0.30840498209, 0.316422581673, 0.118779405951, 0.0566404089332, 0.0441541969776, 0.0351329557598, 0.102632507682, 0.153580397367, 0.0966189801693, 0.11846229434, 0.141719222069, 0.0713211372495, 0.0957214310765, 0.12978617847, 0.121903039515, 0.225076586008],
        "var": [0.103787139058, 0.0267149619758, 0.00450872583315, 0.00484674377367, 0.00840839184821, 0.0499499104917, 0.152437537909, 0.0501978844404, 0.0262283459306, 0.0284776892513, 0.0145009448752, 0.0443290621042, 0.123355634511, 0.0654945448041, 0.0702333748341, 0.0924881026149, 0.0503908209503, 0.0240773092955, 0.0434093922377, 0.0313830673695, 0.0848124995828, 0.0922105386853, 0.0305159538984, 0.0181872081012, 0.00777014624327, 0.00741548417136, 0.0397297292948, 0.063341088593, 0.021623948589, 0.0555857643485, 0.0842533260584, 0.0176802054048, 0.0342313833535, 0.0504860691726, 0.0289060864598, 0.0852194651961]
    },
    "chords_histogram": [29.6296291351, 0.514403283596, 4.93827152252, 0, 4.73251008987, 0, 0.205761313438, 0, 4.11522626877, 0, 0, 0, 0, 0, 0, 0, 0, 3.39506173134, 15.3292179108, 9.87654304504, 6.99588489532, 0, 20.267490387, 0],
    "thpcp": [1, 0.542795479298, 0.1259611696, 0.119279839098, 0.0912458151579, 0.357098966837, 0.666645109653, 0.479340165854, 0.346990376711, 0.40956145525, 0.246736988425, 0.157201513648, 0.200111433864, 0.277964293957, 0.655137300491, 0.672168850899, 0.252320230007, 0.120319858193, 0.0937957018614, 0.0746320933104, 0.218019768596, 0.326247155666, 0.205245375633, 0.251646608114, 0.301050722599, 0.1515057832, 0.203338727355, 0.275701671839, 0.258955687284, 0.478124767542, 0.512229561806, 0.202720448375, 0.0513825267553, 0.0475605688989, 0.0818399712443, 0.56713694334],
    "chords_key": "E",
    "chords_scale": "major",
    "key_key": "E",
    "key_scale": "major"
}
}