{
"lowlevel": {
    "average_loudness": 0.966032624245,
    "barkbands_crest": {
        "mean": 9.61796760559,
        "var": 8.37293624878
    },
    "barkbands_flatness_db": {
        "mean": 0.157992705703,
        "var": 0.00367129617371
    },
    "barkbands_kurtosis": {
        "mean": 7.37680053711,
        "var": 89.124168396
    },
    "barkbands_skewness": {
        "mean": 2.09947347641,
        "var": 1.46536254883
    },
    "barkbands_spread": {
        "mean": 16.3750419617,
        "var": 97.2272415161
    },
    "dissonance": {
        "mean": 0.458766996861,
        "var": 0.00107868679333
    },
    "dynamic_complexity": 1.9152276516,
    "erbbands_crest": {
        "mean": 9.69255638123,
        "var": 23.703125
    },
    "erbbands_flatness_db": {
        "mean": 0.157019466162,
        "var": 0.00154801842291
    },
    "erbbands_kurtosis": {
        "mean": 0.503865659237,
        "var": 6.80333328247
    },
    "erbbands_skewness": {
        "mean": 0.515708684921,
        "var": 0.524101853371
    },
    "erbbands_spread": {
        "mean": 43.8724365234,
        "var": 431.713287354
    },
    "hfc": {
        "mean": 22.2571048737,
        "var": 194.474899292
    },
    "melbands_crest": {
        "mean": 14.5751562119,
        "var": 16.5459384918
    },
    "melbands_flatness_db": {
        "mean": 0.229012966156,
        "var": 0.00573186576366
    },
    "melbands_kurtosis": {
        "mean": 20.985370636,
        "var": 518.320556641
    },
    "melbands_skewness": {
        "mean": 3.31379461288,
        "var": 3.40349793434
    },
    "melbands_spread": {
        "mean": 15.7109680176,
        "var": 130.444625854
    },
    "pitch_salience": {
        "mean": 0.54503184557,
        "var": 0.00865893531591
    },
    "silence_rate_20dB": {
        "mean": 1,
        "var": 0
    },
    "silence_rate_30dB": {
        "mean": 1,
        "var": 0
    },
    "silence_rate_60dB": {
        "mean": 0.0123520325869,
        "var": 0.01219947543
    },
    "spectral_centroid": {
        "mean": 978.719787598,
        "var": 343073.1875
    },
    "spectral_complexity": {
        "mean": 19.887802124,
        "var": 97.1928100586
    },
    "spectral_decrease": {
        "mean": -1.04058317518e-008,
        "var": 2.34324617279e-017
    },
    "spectral_energy": {
        "mean": 0.0412928424776,
        "var": 0.000359848781954
    },
    "spectral_energyband_high": {
        "mean": 0.00071953056613,
        "var": 6.36783170194e-007
    },
    "spectral_energyband_low": {
        "mean": 0.017431287095,
        "var": 0.000224171875743
    },
    "spectral_energyband_middle_high": {
        "mean": 0.00588096724823,
        "var": 4.36410773546e-005
    },
    "spectral_energyband_middle_low": {
        "mean": 0.0212200824171,
        "var": 0.000143465513247
    },
    "spectral_entropy": {
        "mean": 7.41849136353,
        "var": 0.263616025448
    },
    "spectral_flux": {
        "mean": 0.0939130708575,
        "var": 0.00238169450313
    },
    "spectral_kurtosis": {
        "mean": 4.33743619919,
        "var": 17.0791149139
    },
    "spectral_rms": {
        "mean": 0.00616565253586,
        "var": 2.27041209655e-006
    },
    "spectral_rolloff": {
        "mean": 869.583007813,
        "var": 1215492.625
    },
    "spectral_skewness": {
        "mean": 1.52263259888,
        "var": 0.301368266344
    },
    "spectral_spread": {
        "mean": 4500576,
        "var": 3.36451967386e+012
    },
    "spectral_strongpeak": {
        "mean": 1.10281431675,
        "var": 1.45473694801
    },
    "zerocrossingrate": {
        "mean": 0.0432245768607,
        "var": 0.000811674341094
    },
    "barkbands": {
        "mean": [0.000201369868591, 0.00449658324942, 0.00895205233246, 0.00670180656016, 0.00560936145484, 0.00221524876542, 0.00147311214823, 0.00185256334953, 0.00294734328054, 0.00123261648696, 0.000910417293198, 0.00086241227109, 0.000564093701541, 0.00069753814023, 0.000458868365968, 0.000418888492277, 0.00033410495962, 0.000278426479781, 0.000263393856585, 0.000212975879549, 0.000176603512955, 0.000152379114297, 0.00012171184062, 9.35950374696e-005, 4.95968015457e-005, 1.52723550855e-005, 5.32716740054e-007],
        "var": [7.74598234443e-008, 4.67065619887e-005, 6.59718789393e-005, 3.55639858753e-005, 1.34780793815e-005, 8.61604075908e-006, 1.11355866466e-005, 2.34398175962e-005, 3.78138574888e-005, 1.03747815956e-005, 6.02226782576e-006, 6.50153242532e-006, 2.23108440878e-006, 1.71369731561e-006, 5.41429074019e-007, 3.26049729438e-007, 2.3272750127e-007, 8.86577851134e-008, 7.36144443181e-008, 6.2628203068e-008, 3.4491268508e-008, 2.48127864921e-008, 3.00109803675e-008, 6.16375146478e-008, 2.08788044631e-008, 8.38173264128e-009, 8.84660834172e-012]
    },
    "erbbands": {
        "mean": [0.0778266564012, 1.30576133728, 7.96904468536, 19.5984325409, 21.1689949036, 16.1696071625, 18.352180481, 17.3360157013, 13.530207634, 35.2837638855, 52.3461380005, 60.7894325256, 52.5013656616, 28.641292572, 40.0253067017, 32.6889343262, 28.2775993347, 27.2736721039, 32.0001411438, 25.0785007477, 24.481256485, 18.9643878937, 16.1375770569, 15.5441455841, 10.3082752228, 10.4045829773, 8.081366539, 6.59927606583, 5.33344078064, 4.62749576569, 3.35893845558, 2.19658184052, 1.40718364716, 0.763828337193, 0.235429286957, 0.0823531597853, 0.0250797513872, 0.00337598077022, 9.9051023426e-005, 5.09923374921e-005],
        "var": [0.0110447835177, 3.58799338341, 64.0511703491, 228.935409546, 256.447662354, 141.404830933, 417.806762695, 552.484313965, 513.278015137, 8239.30078125, 18310.4414063, 15270.9033203, 15831.6396484, 2999.65551758, 9488.90820313, 7461.30615234, 5112.36181641, 2542.73828125, 2758.00439453, 1305.89685059, 1077.34814453, 755.431762695, 290.36239624, 250.822616577, 119.00025177, 161.073684692, 71.1671142578, 45.974822998, 29.4691925049, 27.1454334259, 29.654466629, 26.2466545105, 16.6472015381, 6.41049766541, 0.328037887812, 0.175858035684, 0.0274121817201, 0.000459873641375, 1.80951360562e-007, 7.202371477e-010]
    },
    "gfcc": {
        "mean": [14.8711709976, 109.035133362, -111.282417297, 46.7400360107, -58.567325592, 13.5393457413, -39.5412864685, 5.26494646072, -24.2362613678, -9.61442756653, -25.2085533142, -10.3465576172, -10.2781772614],
        "cov": [[5751.96484375, -889.101867676, -809.885681152, -97.5262985229, -577.218811035, 417.503662109, -157.921875, 45.3873252869, -234.51751709, 203.154251099, -23.0858669281, 86.223274231, -302.790252686], [-889.101867676, 926.080932617, 61.7540588379, -11.403002739, 262.142272949, -221.561035156, 113.148620605, 4.91269397736, 196.216506958, -110.156982422, 21.5899982452, -93.5610046387, 137.545700073], [-809.885681152, 61.7540588379, 574.16229248, 182.082321167, 107.262062073, -70.0805435181, 9.26448249817, 47.1606521606, 24.8548336029, 1.6545124054, -39.6551399231, 20.2778930664, 43.2573699951], [-97.5262985229, -11.403002739, 182.082321167, 410.466827393, 69.0023117065, -11.9997587204, 15.6804380417, 23.0979499817, 59.8586044312, -28.7073917389, 8.40253829956, -27.0264225006, 54.3214035034], [-577.218811035, 262.142272949, 107.262062073, 69.0023117065, 275.106506348, -71.4248046875, 65.2672271729, 8.5131072998, 51.0797958374, -26.9422550201, -20.716085434, -11.8127918243, 52.0635147095], [417.503662109, -221.561035156, -70.0805435181, -11.9997587204, -71.4248046875, 209.358032227, 27.8630256653, -22.7920265198, -83.6637420654, 14.9246644974, 26.555273056, 14.086728096, -21.1571426392], [-157.921875, 113.148620605, 9.26448249817, 15.6804380417, 65.2672271729, 27.8630256653, 167.483795166, 28.3336448669, 15.2866067886, -18.1655292511, 3.50211000443, -14.8817148209, 1.3659658432], [45.3873252869, 4.91269397736, 47.1606521606, 23.0979499817, 8.5131072998, -22.7920265198, 28.3336448669, 110.487640381, 70.0226516724, 0.138555034995, -31.1763134003, -11.3099012375, -10.2995328903], [-234.51751709, 196.216506958, 24.8548336029, 59.8586044312, 51.0797958374, -83.6637420654, 15.2866067886, 70.0226516724, 174.711395264, 1.19585549831, -11.4072780609, -53.1433982849, 21.680393219], [203.154251099, -110.156982422, 1.6545124054, -28.7073917389, -26.9422550201, 14.9246644974, -18.1655292511, 0.138555034995, 1.19585549831, 97.0028457642, 18.0821762085, 16.4950275421, -50.9948959351], [-23.0858669281, 21.5899982452, -39.6551399231, 8.40253829956, -20.716085434, 26.555273056, 3.50211000443, -31.1763134003, -11.4072780609, 18.0821762085, 95.5583953857, 22.8608894348, -1.44953203201], [86.223274231, -93.5610046387, 20.2778930664, -27.0264225006, -11.8127918243, 14.086728096, -14.8817148209, -11.3099012375, -53.1433982849, 16.4950275421, 22.8608894348, 83.5846786499, -5.39217185974], [-302.790252686, 137.545700073, 43.2573699951, 54.3214035034, 52.0635147095, -21.1571426392, 1.3659658432, -10.2995328903, 21.680393219, -50.9948959351, -1.44953203201, -5.39217185974, 98.9769515991]],
        "icov": [[0.000563605979551, -0.00102913985029, 0.00102720211726, -0.00109806854744, 0.0010096427286, -0.0012402322609, 0.000853779667523, -0.00124828785192, 0.0012475795811, -0.00151499733329, 0.00178651092574, -0.00131726288237, 0.00127075985074], [-0.00102913985029, 0.00669190566987, -0.00246922066435, 0.00427212100476, -0.00406772876158, 0.00544109242037, -0.00394254410639, 0.00440758327022, -0.00573932752013, 0.0059804697521, -0.00724396528676, 0.00574188912287, -0.00535242911428], [0.00102720211726, -0.00246922066435, 0.00446120649576, -0.00338306557387, 0.00160981877707, -0.0018565680366, 0.00176150491461, -0.00367704872042, 0.00367205776274, -0.00442325090989, 0.00472215656191, -0.0036227691453, 0.00161871209275], [-0.00109806854744, 0.00427212100476, -0.00338306557387, 0.00653532939032, -0.0033570213709, 0.00315571413375, -0.0024625309743, 0.00325909000821, -0.00494771357626, 0.00523067591712, -0.00654495554045, 0.00515849422663, -0.00462686037645], [0.0010096427286, -0.00406772876158, 0.00160981877707, -0.0033570213709, 0.00830310862511, -0.00216510659084, 2.10398502531e-006, -0.00163737870753, 0.00285925646313, -0.00464962050319, 0.00635198270902, -0.00464588124305, 0.00169762631413], [-0.0012402322609, 0.00544109242037, -0.0018565680366, 0.00315571413375, -0.00216510659084, 0.0123956594616, -0.00551311159506, 0.00268285092898, -0.00035847115214, 0.00330850994214, -0.00777276139706, 0.00667867250741, -0.00609904062003], [0.000853779667523, -0.00394254410639, 0.00176150491461, -0.0024625309743, 2.10398502531e-006, -0.00551311159506, 0.0106241181493, -0.00567680690438, 0.00380506995134, -0.00177709467243, 0.002707389649, -0.00211699260399, 0.00493069831282], [-0.00124828785192, 0.00440758327022, -0.00367704872042, 0.00325909000821, -0.00163737870753, 0.00268285092898, -0.00567680690438, 0.0210103895515, -0.0136839328334, 0.00706399232149, 7.31264299247e-005, -0.000787559547462, 0.000169011065736], [0.0012475795811, -0.00573932752013, 0.00367205776274, -0.00494771357626, 0.00285925646313, -0.00035847115214, 0.00380506995134, -0.0136839328334, 0.0203889943659, -0.0103443972766, 0.00330062373541, 0.00320811267011, 0.000273247685982], [-0.00151499733329, 0.0059804697521, -0.00442325090989, 0.00523067591712, -0.00464962050319, 0.00330850994214, -0.00177709467243, 0.00706399232149, -0.0103443972766, 0.0236800350249, -0.00973171647638, 0.00214612833224, 0.0044701420702], [0.00178651092574, -0.00724396528676, 0.00472215656191, -0.00654495554045, 0.00635198270902, -0.00777276139706, 0.002707389649, 7.31264299247e-005, 0.00330062373541, -0.00973171647638, 0.0238801110536, -0.0126420818269, 0.005951854866], [-0.00131726288237, 0.00574188912287, -0.0036227691453, 0.00515849422663, -0.00464588124305, 0.00667867250741, -0.00211699260399, -0.000787559547462, 0.00320811267011, 0.00214612833224, -0.0126420818269, 0.0245966929942, -0.00788037944585], [0.00127075985074, -0.00535242911428, 0.00161871209275, -0.00462686037645, 0.00169762631413, -0.00609904062003, 0.00493069831282, 0.000169011065736, 0.000273247685982, 0.0044701420702, 0.005951854866, -0.00788037944585, 0.0229148492217]]
    },
    "melbands": {
        "mean": [0.00101389258634, 0.00343238678761, 0.00347910216078, 0.00135194126051, 0.000656175776385, 0.000394321017666, 0.000224962088396, 0.000393482710933, 0.000463424570626, 0.000372013339074, 0.000259862194071, 0.000116905597679, 0.000139680952998, 0.000102648315078, 7.15597270755e-005, 5.35521248821e-005, 5.14061975991e-005, 5.85573361604e-005, 3.4623866668e-005, 2.64650734607e-005, 2.96031867038e-005, 1.87909718079e-005, 1.7353819203e-005, 1.27361572595e-005, 1.29037343868e-005, 8.75012210599e-006, 6.71282623443e-006, 6.89296848577e-006, 5.31720297658e-006, 4.05818582294e-006, 3.71761097995e-006, 3.09970846502e-006, 2.67774589702e-006, 2.50988205153e-006, 2.07545986086e-006, 1.49432878516e-006, 1.27541784423e-006, 1.00874638065e-006, 8.2777961552e-007, 5.93809318161e-007],
        "var": [2.12920394915e-006, 1.28322108139e-005, 5.50194181415e-006, 8.15652924757e-007, 4.29198280472e-007, 2.82609391888e-007, 1.51009814431e-007, 8.78962111983e-007, 1.49781601522e-006, 5.61508102237e-007, 4.08645945527e-007, 6.37231281075e-008, 1.34336517021e-007, 1.1471233563e-007, 3.40482095851e-008, 2.25576357593e-008, 1.09476339105e-008, 1.21172734069e-008, 3.66943542218e-009, 1.47011536278e-009, 1.77156123105e-009, 1.03474229185e-009, 4.28813873299e-010, 2.40595793288e-010, 1.94630173089e-010, 9.16699147147e-011, 8.19824624854e-011, 7.2216337077e-011, 3.34124256041e-011, 2.06132472202e-011, 1.48767231173e-011, 1.02506484204e-011, 8.92190141211e-012, 8.66777569858e-012, 1.09169027984e-011, 9.55684923559e-012, 1.06831574836e-011, 7.84939040849e-012, 9.29982306441e-012, 3.80503397887e-012]
    },
    "mfcc": {
        "mean": [-624.748046875, 126.657402039, 9.89783477783, 33.4271278381, 7.65888261795, 7.39335107803, -3.16738295555, 6.14674806595, 3.05023431778, 1.85565698147, -5.30466842651, -9.0765581131, -9.37692070007],
        "cov": [[4671.22949219, -1026.82995605, -398.09552002, -648.180786133, -401.905548096, 88.7392578125, 52.3201522827, -66.5808410645, -227.021896362, -5.80667972565, 92.865447998, 206.994018555, 45.5538215637], [-1026.82995605, 968.755493164, -116.093818665, 148.058792114, 97.2991409302, -85.385925293, -61.3416938782, 28.9438896179, 118.108917236, 22.2837028503, 12.2768249512, -43.1816291809, -8.06393623352], [-398.09552002, -116.093818665, 422.211883545, 151.679412842, 61.1395721436, 8.93741130829, 6.34856891632, 14.9630727768, 19.9373168945, 18.1745491028, -12.798997879, -27.7434177399, -1.68047738075], [-648.180786133, 148.058792114, 151.679412842, 460.325469971, 160.535049438, -3.3704726696, -30.4345111847, 49.7365379333, 105.338233948, 47.638710022, -7.7299747467, -42.7995376587, 4.6373295784], [-401.905548096, 97.2991409302, 61.1395721436, 160.535049438, 183.595214844, 4.74005413055, -27.6735935211, 6.69018173218, 53.4600257874, 7.25740861893, -19.9934997559, -26.9035606384, -0.53896188736], [88.7392578125, -85.385925293, 8.93741130829, -3.3704726696, 4.74005413055, 134.814727783, 90.2393417358, -0.0938236191869, -24.7717666626, -12.6111335754, -5.87212276459, 0.276814728975, -6.14419317245], [52.3201522827, -61.3416938782, 6.34856891632, -30.4345111847, -27.6735935211, 90.2393417358, 159.062103271, 33.1530342102, -31.0958518982, -31.1468658447, -4.43112325668, -2.70694088936, -7.09913301468], [-66.5808410645, 28.9438896179, 14.9630727768, 49.7365379333, 6.69018173218, -0.0938236191869, 33.1530342102, 100.749427795, 46.8867492676, 13.9788980484, -3.01038813591, -8.75033092499, -5.25999975204], [-227.021896362, 118.108917236, 19.9373168945, 105.338233948, 53.4600257874, -24.7717666626, -31.0958518982, 46.8867492676, 131.70930481, 65.9404602051, 3.13275623322, -28.2106628418, -12.2195549011], [-5.80667972565, 22.2837028503, 18.1745491028, 47.638710022, 7.25740861893, -12.6111335754, -31.1468658447, 13.9788980484, 65.9404602051, 105.931373596, 36.3756752014, 1.08592319489, -6.04886341095], [92.865447998, 12.2768249512, -12.798997879, -7.7299747467, -19.9934997559, -5.87212276459, -4.43112325668, -3.01038813591, 3.13275623322, 36.3756752014, 85.0564193726, 43.9468574524, 5.12293291092], [206.994018555, -43.1816291809, -27.7434177399, -42.7995376587, -26.9035606384, 0.276814728975, -2.70694088936, -8.75033092499, -28.2106628418, 1.08592319489, 43.9468574524, 83.5373001099, 33.0038108826], [45.5538215637, -8.06393623352, -1.68047738075, 4.6373295784, -0.53896188736, -6.14419317245, -7.09913301468, -5.25999975204, -12.2195549011, -6.04886341095, 5.12293291092, 33.0038108826, 58.3642921448]],
        "icov": [[0.000411522429204, 0.000388067390304, 0.000350284070009, 0.000206702694413, 0.000362851831596, -0.000207187229535, 0.00020861356461, -0.000126458267914, 5.89207884332e-005, -0.000199567337404, -5.580054858e-005, -0.00041541364044, -4.69409860671e-005], [0.000388067390304, 0.00176915060729, 0.000904035987332, -8.17899999674e-005, -9.21910614124e-005, 0.00061405193992, -4.60570026917e-006, 7.00221062289e-005, -0.00105226563755, 0.000552311597858, -0.000925254425965, 0.000419839081587, -0.000275647704257], [0.000350284070009, 0.000904035987332, 0.003306185361, -0.000812172074802, -0.00019912001153, 0.00030395668, -0.000279085390503, -0.000116378207167, 0.000483887240989, -0.000667472311761, -0.000128751868033, 0.000539213244338, -0.000264522008365], [0.000206702694413, -8.17899999674e-005, -0.000812172074802, 0.00410912837833, -0.00229273317382, -0.000709190964699, 0.00064450618811, -0.00129695981741, -0.000971703790128, -0.000454382796306, -0.00082385254791, 0.00112177582923, -0.00146939442493], [0.000362851831596, -9.21910614124e-005, -0.00019912001153, -0.00229273317382, 0.0094520105049, -0.00227439263836, 0.00197409652174, 0.00113805313595, -0.00272997864522, 0.00194209220354, 0.00107214611489, -0.000397306954255, -0.000168702987139], [-0.000207187229535, 0.00061405193992, 0.00030395668, -0.000709190964699, -0.00227439263836, 0.0141537003219, -0.00905942358077, 0.00305257877335, 0.000828931049909, -0.00208803755231, 0.00167223403696, -0.00136411224958, 0.00153556617443], [0.00020861356461, -4.60570026917e-006, -0.000279085390503, 0.00064450618811, 0.00197409652174, -0.00905942358077, 0.0140074016526, -0.00603660568595, 0.00174077320844, 0.00315094226971, -0.00233099563047, 0.00209158519283, -0.000285564135993], [-0.000126458267914, 7.00221062289e-005, -0.000116378207167, -0.00129695981741, 0.00113805313595, 0.00305257877335, -0.00603660568595, 0.0153709994629, -0.00683517381549, 0.00082898727851, 0.00163844786584, -0.00211947853677, 0.000900530430954], [5.89207884332e-005, -0.00105226563755, 0.000483887240989, -0.000971703790128, -0.00272997864522, 0.000828931049909, 0.00174077320844, -0.00683517381549, 0.0192143563181, -0.0101305274293, 0.00132296688389, 0.00309299118817, 0.00066532578785], [-0.000199567337404, 0.000552311597858, -0.000667472311761, -0.000454382796306, 0.00194209220354, -0.00208803755231, 0.00315094226971, 0.00082898727851, -0.0101305274293, 0.0191980209202, -0.00826486293226, 0.00178969302215, 8.7150343461e-005], [-5.580054858e-005, -0.000925254425965, -0.000128751868033, -0.00082385254791, 0.00107214611489, 0.00167223403696, -0.00233099563047, 0.00163844786584, 0.00132296688389, -0.00826486293226, 0.0223835352808, -0.0136441355571, 0.00519871897995], [-0.00041541364044, 0.000419839081587, 0.000539213244338, 0.00112177582923, -0.000397306954255, -0.00136411224958, 0.00209158519283, -0.00211947853677, 0.00309299118817, 0.00178969302215, -0.0136441355571, 0.0270428098738, -0.0130367279053], [-4.69409860671e-005, -0.000275647704257, -0.000264522008365, -0.00146939442493, -0.000168702987139, 0.00153556617443, -0.000285564135993, 0.000900530430954, 0.00066532578785, 8.7150343461e-005, 0.00519871897995, -0.0130367279053, 0.0245119854808]]
    },
    "spectral_contrast_coeffs": {
        "mean": [-0.578629672527, -0.70560747385, -0.733148634434, -0.774111866951, -0.791359424591, -0.743180274963],
        "var": [0.00422322330996, 0.00676134414971, 0.00637310184538, 0.0029686819762, 0.00122066482436, 0.00123255571816]
    },
    "spectral_contrast_valleys": {
        "mean": [-6.80250453949, -6.73131370544, -7.3593173027, -7.67027521133, -7.41381454468, -10.16609478],
        "var": [1.09717178345, 1.32635176182, 1.41365027428, 1.3190997839, 1.16630625725, 1.35688912868]
    }
},
"metadata": {
    "audio_properties": {
        "analysis_sample_rate": 44100,
        "bit_rate": 108374,
        "equal_loudness": 0,
        "length": 45.0873451233,
        "lossless": 0,
        "replay_gain": -15.093038559,
        "sample_rate": 44100,
        "codec": "mp3",
        "downmix": "mix",
        "md5_encoded": "fe2b58a333e53023ef4fabcbac0ff84d"
    },
    "tags": {
        "file_name": "934.mp3"
    },
    "version": {
        "essentia": "2.1-beta2",
        "essentia_git_sha": "v2.1_beta2",
        "extractor": "music 1.0"
    }
},
"rhythm": {
    "beats_count": 87,
    "beats_loudness": {
        "mean": 0.0494505241513,
        "var": 0.000247736374149
    },
    "bpm": 115.790878296,
    "bpm_histogram_first_peak_bpm": {
        "mean": 115,
        "var": 0
    },
    "bpm_histogram_first_peak_spread": {
        "mean": 0.538461506367,
        "var": 0
    },
    "bpm_histogram_first_peak_weight": {
        "mean": 0.418604642153,
        "var": 0
    },
    "bpm_histogram_second_peak_bpm": {
        "mean": 120,
        "var": 0
    },
    "bpm_histogram_second_peak_spread": {
        "mean": 0.33333337307,
        "var": 0
    },
    "bpm_histogram_second_peak_weight": {
        "mean": 0.0465116277337,
        "var": 0
    },
    "danceability": 1.04927170277,
    "onset_rate": 3.25907945633,
    "beats_loudness_band_ratio": {
        "mean": [0.545356452465, 0.180784329772, 0.162705689669, 0.0753092765808, 0.0595311336219, 0.0339250192046],
        "var": [0.0383324846625, 0.00649484759197, 0.0263976231217, 0.00653310492635, 0.00187546852976, 0.000348037225194]
    },
    "beats_position": [0.487619042397, 0.96362811327, 1.43963718414, 1.92725622654, 2.41487526894, 2.92571425438, 3.43655323982, 3.94739222527, 4.46984100342, 4.99229001999, 5.51473903656, 6.03718805313, 6.54802703857, 7.05886602402, 7.58131504059, 8.10376358032, 8.6146030426, 9.12544155121, 9.65950107574, 10.1819496155, 10.7043991089, 11.2268476486, 11.7376871109, 12.2601356506, 12.7709751129, 13.2934236526, 13.8158731461, 14.3383216858, 14.8607711792, 15.3832197189, 15.9056682587, 16.4165077209, 16.9273471832, 17.426574707, 17.9374141693, 18.4366436005, 18.970703125, 19.4931507111, 20.0156002045, 20.5380496979, 21.0604991913, 21.5829467773, 22.0821762085, 22.5930156708, 23.1154651642, 23.6379127502, 24.1719722748, 24.7060317993, 25.2400894165, 25.7509288788, 26.2733783722, 26.7958278656, 27.3066654205, 27.8175048828, 28.3399543762, 28.8624038696, 29.3732414246, 29.8840808868, 30.3949203491, 30.9057598114, 31.4165973663, 31.9274368286, 32.4382743835, 32.9491157532, 33.4599533081, 33.99401474, 34.5280723572, 35.0505218506, 35.572971344, 36.0954170227, 36.6178665161, 37.1287078857, 37.6395454407, 38.1503829956, 38.6612243652, 39.1720619202, 39.6829032898, 40.1821289063, 40.6929702759, 41.2038078308, 41.7262573242, 42.2487068176, 42.771156311, 43.281993866, 43.8044433594, 44.3152809143, 44.8377304077]
},
"tonal": {
    "chords_changes_rate": 0.0442386828363,
    "chords_number_rate": 0.00823045242578,
    "chords_strength": {
        "mean": 0.583180606365,
        "var": 0.00881951488554
    },
    "hpcp_entropy": {
        "mean": 1.8744328022,
        "var": 0.596801400185
    },
    "key_strength": 0.789018452168,
    "tuning_diatonic_strength": 0.632260084152,
    "tuning_equal_tempered_deviation": 0.0294380206615,
    "tuning_frequency": 441.527557373,
    "tuning_nontempered_energy_ratio": 0.715054929256,
    "hpcp": {
        "mean": [0.137946456671, 0.0840728282928, 0.057385597378, 0.0687664523721, 0.0924368277192, 0.186035916209, 0.269898831844, 0.190107017756, 0.0862919390202, 0.0632208511233, 0.0683580040932, 0.186857655644, 0.310327500105, 0.21499364078, 0.0812874287367, 0.0525314025581, 0.0556876957417, 0.0820793807507, 0.10929274559, 0.131817787886, 0.198830425739, 0.241776257753, 0.160188511014, 0.0750792175531, 0.0516155436635, 0.0471937805414, 0.118433684111, 0.190051808953, 0.134633466601, 0.0684805214405, 0.0560628920794, 0.0570285022259, 0.117573238909, 0.189718171954, 0.15577352047, 0.13221411407],
        "var": [0.0732687339187, 0.0283510014415, 0.0199703462422, 0.0323249399662, 0.0367040559649, 0.0672841370106, 0.11725589633, 0.0705281347036, 0.0303096603602, 0.0271887835115, 0.0227397792041, 0.0674332380295, 0.163044244051, 0.0786998569965, 0.03413092345, 0.0173068009317, 0.0213528051972, 0.0291169285774, 0.0450581237674, 0.0525474771857, 0.0832654982805, 0.111232079566, 0.0587432421744, 0.0282328072935, 0.019707839936, 0.0162692014128, 0.0376531779766, 0.0892169848084, 0.0478367954493, 0.0234293155372, 0.0199719052762, 0.0167595576495, 0.0329346209764, 0.0720848068595, 0.0512757077813, 0.0529829971492]
    },
    "chords_histogram": [18.7242794037, 6.27572011948, 14.9176950455, 0, 2.46913576126, 0, 0, 0, 0, 0, 0, 0, 0, 0, 0, 0.411522626877, 0, 0, 0, 4.32098770142, 0, 4.01234579086, 19.2386837006, 29.6296291351],
    "thpcp": [1, 0.692795991898, 0.261940777302, 0.169277310371, 0.179448142648, 0.26449277997, 0.352185189724, 0.42476990819, 0.640711605549, 0.779100358486, 0.516191780567, 0.241935431957, 0.166326031089, 0.152077332139, 0.381640970707, 0.612423360348, 0.433843165636, 0.220671772957, 0.180657178164, 0.183768764138, 0.378868252039, 0.61134827137, 0.50196492672, 0.426047056913, 0.444518953562, 0.270916461945, 0.184919476509, 0.221593156457, 0.297868639231, 0.599482536316, 0.869722545147, 0.612601280212, 0.278067320585, 0.2037229985, 0.220276981592, 0.602130532265],
    "chords_key": "C#",
    "chords_scale": "minor",
    "key_key": "E",
    "key_scale": "major"
}
}