{
"lowlevel": {
    "average_loudness": 0.981100976467,
    "barkbands_crest": {
        "mean": 16.3248176575,
        "var": 29.2945652008
    },
    "barkbands_flatness_db": {
        "mean": 0.191097527742,
        "var": 0.00361575675197
    },
    "barkbands_kurtosis": {
        "mean": 13.4866437912,
        "var": 402.295928955
    },
    "barkbands_skewness": {
        "mean": 3.00261616707,
        "var": 3.29904770851
    },
    "barkbands_spread": {
        "mean": 18.4227523804,
        "var": 183.768112183
    },
    "dissonance": {
        "mean": 0.478300631046,
        "var": 0.000264286441961
    },
    "dynamic_complexity": 1.08923709393,
    "erbbands_crest": {
        "mean": 6.89755249023,
        "var": 7.49285030365
    },
    "erbbands_flatness_db": {
        "mean": 0.141010805964,
        "var": 0.000818544474896
    },
    "erbbands_kurtosis": {
        "mean": -0.175310701132,
        "var": 0.726797938347
    },
    "erbbands_skewness": {
        "mean": -0.304338991642,
        "var": 0.296609133482
    },
    "erbbands_spread": {
        "mean": 48.7781028748,
        "var": 327.084075928
    },
    "hfc": {
        "mean": 27.7875919342,
        "var": 416.20980835
    },
    "melbands_crest": {
        "mean": 20.5785255432,
        "var": 28.0223236084
    },
    "melbands_flatness_db": {
        "mean": 0.26299738884,
        "var": 0.00645868247375
    },
    "melbands_kurtosis": {
        "mean": 40.9789810181,
        "var": 1584.98425293
    },
    "melbands_skewness": {
        "mean": 5.14644098282,
        "var": 4.92246055603
    },
    "melbands_spread": {
        "mean": 14.4299297333,
        "var": 302.895904541
    },
    "pitch_salience": {
        "mean": 0.361100286245,
        "var": 0.0203615371138
    },
    "silence_rate_20dB": {
        "mean": 1,
        "var": 0
    },
    "silence_rate_30dB": {
        "mean": 0.859423279762,
        "var": 0.120813369751
    },
    "silence_rate_60dB": {
        "mean": 0.00205973233096,
        "var": 0.00205553858541
    },
    "spectral_centroid": {
        "mean": 1391.57910156,
        "var": 618865.6875
    },
    "spectral_complexity": {
        "mean": 26.0442848206,
        "var": 112.221977234
    },
    "spectral_decrease": {
        "mean": -1.94720186641e-008,
        "var": 6.46525359388e-017
    },
    "spectral_energy": {
        "mean": 0.076012276113,
        "var": 0.000926089473069
    },
    "spectral_energyband_high": {
        "mean": 0.00136908167042,
        "var": 6.03491571383e-006
    },
    "spectral_energyband_low": {
        "mean": 0.0603304468095,
        "var": 0.000995722482912
    },
    "spectral_energyband_middle_high": {
        "mean": 0.00610195100307,
        "var": 1.97351128008e-005
    },
    "spectral_energyband_middle_low": {
        "mean": 0.0104199880734,
        "var": 0.000106367493572
    },
    "spectral_entropy": {
        "mean": 7.62686824799,
        "var": 0.136960223317
    },
    "spectral_flux": {
        "mean": 0.0999482870102,
        "var": 0.00258949771523
    },
    "spectral_kurtosis": {
        "mean": 3.85019302368,
        "var": 9.48377132416
    },
    "spectral_rms": {
        "mean": 0.00839022453874,
        "var": 3.76224102183e-006
    },
    "spectral_rolloff": {
        "mean": 772.54486084,
        "var": 1960017.125
    },
    "spectral_skewness": {
        "mean": 1.2989603281,
        "var": 0.303637266159
    },
    "spectral_spread": {
        "mean": 4208634,
        "var": 4.05943117414e+012
    },
    "spectral_strongpeak": {
        "mean": 0.782381892204,
        "var": 0.285560905933
    },
    "zerocrossingrate": {
        "mean": 0.0356495603919,
        "var": 0.00134674983565
    },
    "barkbands": {
        "mean": [7.11254397174e-005, 0.04529023543, 0.0130350692198, 0.00310284644365, 0.00401404220611, 0.000723252655007, 0.000694165879395, 0.000760283961426, 0.000675085233524, 0.000795351923443, 0.000383817183319, 0.000698052637745, 0.00072612031363, 0.000420086056693, 0.00102953170426, 0.000454700173577, 0.000544186623301, 0.000487175304443, 0.000571195792872, 0.000362213177141, 0.000359824567568, 0.000337859295541, 0.00023109378526, 0.000139036012115, 8.07934993645e-005, 2.49391978286e-005, 2.74452844451e-007],
        "var": [9.29070242961e-009, 0.00101918075234, 0.000248771131737, 1.47253986142e-005, 5.73208053538e-005, 5.07260836002e-007, 1.19431751955e-006, 1.24696896364e-006, 1.18565674256e-006, 7.40451582715e-007, 4.51728311646e-007, 6.03805119681e-007, 6.76882109474e-007, 4.00831112302e-007, 2.64968389274e-006, 4.42250239985e-007, 3.65076829212e-007, 2.86194932642e-007, 3.93721990122e-007, 2.42057183186e-007, 3.06363830305e-007, 5.52634503492e-007, 4.13160307744e-007, 2.16408309939e-007, 8.56178843378e-008, 8.98031871088e-009, 2.80810856339e-012]
    },
    "erbbands": {
        "mean": [0.814234733582, 11.7006397247, 19.0117530823, 12.4584102631, 12.6286649704, 12.417675972, 7.71392869949, 6.31573867798, 9.94648647308, 12.6584558487, 15.4384775162, 18.1643447876, 25.4238300323, 18.1419048309, 15.8455858231, 32.8739128113, 36.0248832703, 26.8453731537, 46.6944084167, 33.0741043091, 29.7653961182, 27.9219417572, 26.6828117371, 33.861240387, 20.7555179596, 17.0765037537, 16.2112178802, 13.2936992645, 12.1319265366, 10.1630983353, 5.88371801376, 3.6200799942, 1.85877549648, 0.98140245676, 0.537498891354, 0.17947511375, 0.0312894843519, 0.00238626566716, 0.000101777375676, 9.0408793767e-005],
        "var": [0.710811674595, 59.179309845, 280.59564209, 160.303436279, 585.958068848, 456.565643311, 56.6957893372, 46.6448402405, 192.119903564, 330.390777588, 592.586242676, 871.49987793, 864.0390625, 596.089477539, 251.902496338, 1396.76794434, 1456.01257324, 1133.26025391, 3578.86279297, 2799.99804688, 1027.43212891, 911.444519043, 936.042541504, 1414.66455078, 440.828674316, 564.912536621, 563.785705566, 536.27545166, 674.319030762, 583.924377441, 287.545623779, 131.612503052, 45.2727546692, 12.0312976837, 4.21281814575, 0.481237977743, 0.0111228935421, 6.97414943716e-005, 5.14750944092e-008, 1.34446831446e-009]
    },
    "gfcc": {
        "mean": [28.7449531555, 111.610290527, -115.237915039, 57.5070533752, -40.1908149719, 28.3081283569, -22.8866481781, 11.1097307205, -17.0391330719, 0.289485067129, -11.6175966263, -4.74037027359, -9.52533531189],
        "cov": [[4324.93847656, -579.039428711, -587.193115234, 513.655090332, -367.908996582, 112.070114136, -221.580657959, 42.9631538391, -153.982681274, 77.9531860352, -137.989196777, 23.4245243073, -116.836044312], [-579.039428711, 999.413452148, -60.2915725708, -252.966094971, 310.101470947, -169.765808105, 151.810974121, -36.6191596985, 115.062973022, -71.2918624878, 124.38420105, -81.1708755493, 92.7780303955], [-587.193115234, -60.2915725708, 732.95111084, -116.432876587, 8.35552120209, 143.725189209, -1.27064740658, 56.6438560486, -30.4576148987, 8.94280719757, -18.1398525238, 70.6241455078, 0.630225598812], [513.655090332, -252.966094971, -116.432876587, 343.124389648, -107.379928589, 40.4918823242, 27.8230228424, -33.3881530762, 12.5240373611, -9.69924449921, 14.067609787, 19.0297603607, 18.6507091522], [-367.908996582, 310.101470947, 8.35552120209, -107.379928589, 258.013244629, -70.4446640015, 45.6677932739, 24.8190479279, 22.160615921, -4.85832357407, 38.7807044983, -12.5567121506, 40.4863128662], [112.070114136, -169.765808105, 143.725189209, 40.4918823242, -70.4446640015, 169.242767334, 3.10152935982, 11.6132364273, -1.58921086788, 2.06611585617, -8.77057933807, 6.78070020676, 9.98254966736], [-221.580657959, 151.810974121, -1.27064740658, 27.8230228424, 45.6677932739, 3.10152935982, 147.871032715, -13.0602655411, 51.0469779968, -13.4963531494, 39.0463104248, -0.382631123066, 31.1580810547], [42.9631538391, -36.6191596985, 56.6438560486, -33.3881530762, 24.8190479279, 11.6132364273, -13.0602655411, 111.072868347, -3.96546149254, 8.68474388123, 2.62266302109, -0.706970334053, -0.591717541218], [-153.982681274, 115.062973022, -30.4576148987, 12.5240373611, 22.160615921, -1.58921086788, 51.0469779968, -3.96546149254, 101.560638428, 1.15330064297, 33.8245658875, -14.2989778519, 25.2525348663], [77.9531860352, -71.2918624878, 8.94280719757, -9.69924449921, -4.85832357407, 2.06611585617, -13.4963531494, 8.68474388123, 1.15330064297, 62.106918335, -7.03358030319, 10.1092329025, -18.5627613068], [-137.989196777, 124.38420105, -18.1398525238, 14.067609787, 38.7807044983, -8.77057933807, 39.0463104248, 2.62266302109, 33.8245658875, -7.03358030319, 81.8376083374, -5.56798553467, 25.8080806732], [23.4245243073, -81.1708755493, 70.6241455078, 19.0297603607, -12.5567121506, 6.78070020676, -0.382631123066, -0.706970334053, -14.2989778519, 10.1092329025, -5.56798553467, 69.8968505859, -2.63631677628], [-116.836044312, 92.7780303955, 0.630225598812, 18.6507091522, 40.4863128662, 9.98254966736, 31.1580810547, -0.591717541218, 25.2525348663, -18.5627613068, 25.8080806732, -2.63631677628, 68.5409317017]],
        "icov": [[0.000773671490606, -0.00163809675723, 0.000925265427213, -0.001998052001, 0.000863864028361, -0.00191747280769, 0.00142377149314, -0.0015915693948, 0.00140851328615, -0.0017844006652, 0.00180998945143, -0.00147492962424, 0.001438910258], [-0.00163809675723, 0.00812037382275, -0.002387981629, 0.00713887158781, -0.00392813095823, 0.00718412175775, -0.00520849972963, 0.00564251840115, -0.00495498115197, 0.00703094899654, -0.00715964334086, 0.00627173855901, -0.00534753734246], [0.000925265427213, -0.002387981629, 0.00336737139151, -0.00167752895504, 0.000905855733436, -0.0047056870535, 0.00171437102836, -0.0027148546651, 0.00211623776704, -0.00207058759406, 0.0025395762641, -0.00441325688735, 0.00211619539186], [-0.001998052001, 0.00713887158781, -0.00167752895504, 0.0112364757806, -0.00170085532591, 0.00593026215211, -0.00586552172899, 0.00589254079387, -0.00471383798867, 0.00687164533883, -0.00756632955745, 0.00393046392128, -0.00665516406298], [0.000863864028361, -0.00392813095823, 0.000905855733436, -0.00170085532591, 0.00855464022607, -0.000694091082551, 0.000940280093346, -0.00394807197154, 0.00310492794961, -0.00439166743308, 0.00208358489908, -0.00234971032478, -0.00137758883648], [-0.00191747280769, 0.00718412175775, -0.0047056870535, 0.00593026215211, -0.000694091082551, 0.0161917861551, -0.00567676313221, 0.00464501511306, -0.00465136626735, 0.00546918390319, -0.00610815826803, 0.00791171099991, -0.00809188745916], [0.00142377149314, -0.00520849972963, 0.00171437102836, -0.00586552172899, 0.000940280093346, -0.00567676313221, 0.0132767567411, -0.00279488414526, -0.000206004231586, -0.00327807897702, 0.00285719335079, -0.00511732045561, 0.0031847874634], [-0.0015915693948, 0.00564251840115, -0.0027148546651, 0.00589254079387, -0.00394807197154, 0.00464501511306, -0.00279488414526, 0.0144091043621, -0.0037421581801, 0.00406535062939, -0.00616029696539, 0.00520484987646, -0.0038792907726], [0.00140851328615, -0.00495498115197, 0.00211623776704, -0.00471383798867, 0.00310492794961, -0.00465136626735, -0.000206004231586, -0.0037421581801, 0.0173708517104, -0.00748373894021, 0.00143835309427, -0.00135087722447, 0.00025578396162], [-0.0017844006652, 0.00703094899654, -0.00207058759406, 0.00687164533883, -0.00439166743308, 0.00546918390319, -0.00327807897702, 0.00406535062939, -0.00748373894021, 0.0253670848906, -0.00611260859296, 0.00203592283651, 0.000920365913771], [0.00180998945143, -0.00715964334086, 0.0025395762641, -0.00756632955745, 0.00208358489908, -0.00610815826803, 0.00285719335079, -0.00616029696539, 0.00143835309427, -0.00611260859296, 0.0230787862092, -0.00541332829744, 0.00203550839797], [-0.00147492962424, 0.00627173855901, -0.00441325688735, 0.00393046392128, -0.00234971032478, 0.00791171099991, -0.00511732045561, 0.00520484987646, -0.00135087722447, 0.00203592283651, -0.00541332829744, 0.0231009293348, -0.00544983753935], [0.001438910258, -0.00534753734246, 0.00211619539186, -0.00665516406298, -0.00137758883648, -0.00809188745916, 0.0031847874634, -0.0038792907726, 0.00025578396162, 0.000920365913771, 0.00203550839797, -0.00544983753935, 0.0257625561208]]
    },
    "melbands": {
        "mean": [0.010528977029, 0.0126160141081, 0.00220486661419, 0.000938655284699, 0.000331091985572, 0.000141074226121, 0.000152466876898, 0.00014717009617, 0.000122220197227, 0.000110216453322, 0.000124629368656, 7.14945053915e-005, 4.7316581913e-005, 6.94703194313e-005, 8.44225869514e-005, 7.39548559068e-005, 4.58782124042e-005, 6.33770323475e-005, 7.40152026992e-005, 2.90970110655e-005, 3.67455104424e-005, 3.13692507916e-005, 2.27251839533e-005, 2.43232443609e-005, 2.86588056042e-005, 1.8049378923e-005, 1.16992268886e-005, 1.11335957627e-005, 1.074395459e-005, 8.50036303746e-006, 7.44171211409e-006, 6.88186628395e-006, 6.2913804868e-006, 5.40118071513e-006, 3.5785694763e-006, 2.49159870691e-006, 2.1340404146e-006, 1.36449341426e-006, 1.02134151803e-006, 7.46542525576e-007],
        "var": [7.53180429456e-005, 5.33684578841e-005, 4.32728074884e-006, 3.78259005629e-006, 1.13830026294e-007, 2.28190977225e-008, 4.75145576218e-008, 4.20836308024e-008, 3.50429978369e-008, 3.35408358865e-008, 2.20196465506e-008, 9.41377287234e-009, 4.17415346732e-009, 5.37744071494e-009, 7.21439752382e-009, 8.78677131055e-009, 5.00545205284e-009, 6.33372509995e-009, 2.12582058623e-008, 3.21004733905e-009, 1.59142821143e-009, 1.21633736416e-009, 9.04970431925e-010, 7.08576197717e-010, 1.13507181432e-009, 3.78192088757e-010, 2.25974891577e-010, 2.86584506126e-010, 2.50386933409e-010, 1.94688473676e-010, 2.02444699893e-010, 2.32661417909e-010, 2.11474823764e-010, 1.87270671193e-010, 1.06985663384e-010, 6.2361761588e-011, 5.03967215182e-011, 2.80738210456e-011, 1.31008875623e-011, 7.84673454685e-012]
    },
    "mfcc": {
        "mean": [-608.580810547, 128.129959106, -0.236854180694, 39.0529937744, 13.1498947144, 22.3605575562, 11.26603508, 15.1816654205, 5.01338291168, 7.77007675171, 5.7576918602, 2.76134967804, 0.23521515727],
        "cov": [[2618.26489258, -1065.63586426, -235.703445435, 236.373138428, -153.808273315, 44.9915542603, -112.968955994, -44.7072067261, -76.0804672241, -12.8584861755, -9.49594020844, 3.58563494682, -47.427230835], [-1065.63586426, 1314.09985352, -207.810531616, -54.770362854, 146.26763916, -90.6783676147, 91.755607605, -9.94987773895, 52.0063209534, 34.9723014832, 24.9553012848, 12.1197738647, 23.9460010529], [-235.703445435, -207.810531616, 629.815307617, -105.737434387, 24.3945999146, 81.9060058594, 22.3370780945, 64.7862243652, 11.4932527542, -11.4481334686, -3.52371907234, -9.03599262238, 19.7166957855], [236.373138428, -54.770362854, -105.737434387, 230.788864136, -31.8349952698, 22.0559139252, -0.493085980415, 19.7288990021, -4.798412323, -20.1522731781, -0.8626947999, 29.9933052063, 3.76654219627], [-153.808273315, 146.26763916, 24.3945999146, -31.8349952698, 160.23399353, -45.4013786316, 37.8459587097, -2.38582897186, 21.9152259827, 5.62656784058, -6.74995517731, 1.03559625149, 10.0660943985], [44.9915542603, -90.6783676147, 81.9060058594, 22.0559139252, -45.4013786316, 147.735061646, -3.92264175415, 20.7659053802, -1.68062210083, 3.87127614021, 2.6240260601, -15.6042537689, -2.20443153381], [-112.968955994, 91.755607605, 22.3370780945, -0.493085980415, 37.8459587097, -3.92264175415, 98.6377334595, 23.3807487488, 12.4420900345, 9.42936134338, -1.00410091877, 4.95930051804, 2.13045167923], [-44.7072067261, -9.94987773895, 64.7862243652, 19.7288990021, -2.38582897186, 20.7659053802, 23.3807487488, 80.3727645874, 18.3470802307, 1.47094619274, -0.538276195526, 9.01459693909, 10.3567695618], [-76.0804672241, 52.0063209534, 11.4932527542, -4.798412323, 21.9152259827, -1.68062210083, 12.4420900345, 18.3470802307, 63.6417770386, 20.9797306061, 2.85606980324, -4.92371845245, 2.29313015938], [-12.8584861755, 34.9723014832, -11.4481334686, -20.1522731781, 5.62656784058, 3.87127614021, 9.42936134338, 1.47094619274, 20.9797306061, 74.1730117798, 22.1418304443, -9.04430389404, -9.2698764801], [-9.49594020844, 24.9553012848, -3.52371907234, -0.8626947999, -6.74995517731, 2.6240260601, -1.00410091877, -0.538276195526, 2.85606980324, 22.1418304443, 53.283870697, 13.6090259552, 5.74005413055], [3.58563494682, 12.1197738647, -9.03599262238, 29.9933052063, 1.03559625149, -15.6042537689, 4.95930051804, 9.01459693909, -4.92371845245, -9.04430389404, 13.6090259552, 59.0836257935, 20.8525161743], [-47.427230835, 23.9460010529, 19.7166957855, 3.76654219627, 10.0660943985, -2.20443153381, 2.13045167923, 10.3567695618, 2.29313015938, -9.2698764801, 5.74005413055, 20.8525161743, 50.3683509827]],
        "icov": [[0.000723936944269, 0.000618596153799, 0.000357496261131, -0.000484815391246, -0.000101310659375, 3.71747290728e-007, 0.000152188935317, 0.000169265360455, 0.000311152747599, -0.000297141988995, -7.28880477254e-005, 2.23073166126e-005, 0.000193125961232], [0.000618596153799, 0.00154056388419, 0.000755873916205, -7.1902795753e-005, -0.000738990143873, 9.68521489995e-005, -0.000599275808781, 0.000153377128299, -0.000228799966862, -0.00019599373627, -0.000557595165446, 3.97969961341e-005, -0.000273296202067], [0.000357496261131, 0.000755873916205, 0.00258291210048, 0.00122698559426, -0.000846352777444, -0.00132644432597, -0.00026532492484, -0.001643693191, 2.07701759791e-005, 0.000668660621159, -0.000362785242032, -0.000119769858429, -0.000452235952253], [-0.000484815391246, -7.1902795753e-005, 0.00122698559426, 0.00625544600189, 0.000316770980135, -0.00153185077943, -0.00041583168786, -0.00188265193719, -0.000649998080917, 0.00179063656833, 0.00023224875622, -0.00304000149481, 0.000495181942824], [-0.000101310659375, -0.000738990143873, -0.000846352777444, 0.000316770980135, 0.00876549072564, 0.00237584603019, -0.00253631803207, 0.00151046540122, -0.00215680268593, -0.000211110382224, 0.00152969826013, 0.00029789126711, -0.00152586400509], [3.71747290728e-007, 9.68521489995e-005, -0.00132644432597, -0.00153185077943, 0.00237584603019, 0.00907118059695, -0.00022168327996, -0.00113240221981, 0.000440970034106, -0.000827999145258, -0.000801341491751, 0.00346414931118, -0.000762785144616], [0.000152188935317, -0.000599275808781, -0.00026532492484, -0.00041583168786, -0.00253631803207, -0.00022168327996, 0.0128707522526, -0.00352834560908, 0.000400401855586, -0.00159203039948, 0.000977924093604, -0.00116694590542, 0.00130188767798], [0.000169265360455, 0.000153377128299, -0.001643693191, -0.00188265193719, 0.00151046540122, -0.00113240221981, -0.00352834560908, 0.0172691233456, -0.00463687442243, -0.000334797805408, 0.00129718764219, -0.00201589404605, -0.00204616365954], [0.000311152747599, -0.000228799966862, 2.07701759791e-005, -0.000649998080917, -0.00215680268593, 0.000440970034106, 0.000400401855586, -0.00463687442243, 0.020271172747, -0.00560737494379, 0.000602276879363, 0.00228385487571, -0.0011399614159], [-0.000297141988995, -0.00019599373627, 0.000668660621159, 0.00179063656833, -0.000211110382224, -0.000827999145258, -0.00159203039948, -0.000334797805408, -0.00560737494379, 0.0192556027323, -0.00860720127821, 0.00252068135887, 0.00329631729983], [-7.28880477254e-005, -0.000557595165446, -0.000362785242032, 0.00023224875622, 0.00152969826013, -0.000801341491751, 0.000977924093604, 0.00129718764219, 0.000602276879363, -0.00860720127821, 0.0247651971877, -0.00686764251441, -0.00191834673751], [2.23073166126e-005, 3.97969961341e-005, -0.000119769858429, -0.00304000149481, 0.00029789126711, 0.00346414931118, -0.00116694590542, -0.00201589404605, 0.00228385487571, 0.00252068135887, -0.00686764251441, 0.0248473677784, -0.00831199251115], [0.000193125961232, -0.000273296202067, -0.000452235952253, 0.000495181942824, -0.00152586400509, -0.000762785144616, 0.00130188767798, -0.00204616365954, -0.0011399614159, 0.00329631729983, -0.00191834673751, -0.00831199251115, 0.0252610854805]]
    },
    "spectral_contrast_coeffs": {
        "mean": [-0.636239051819, -0.768342256546, -0.777717769146, -0.767778098583, -0.783048927784, -0.710303962231],
        "var": [0.00582658918574, 0.00295080570504, 0.00192356365733, 0.00207418669015, 0.00124899379443, 0.00375959416851]
    },
    "spectral_contrast_valleys": {
        "mean": [-6.42041683197, -6.65188503265, -7.00224208832, -7.34852552414, -7.15917634964, -10.3590164185],
        "var": [1.06061935425, 0.928944647312, 0.835233092308, 0.940837562084, 1.17570304871, 1.24076676369]
    }
},
"metadata": {
    "audio_properties": {
        "analysis_sample_rate": 44100,
        "bit_rate": 109875,
        "equal_loudness": 0,
        "length": 45.0612258911,
        "lossless": 0,
        "replay_gain": -11.5452537537,
        "sample_rate": 44100,
        "codec": "mp3",
        "downmix": "mix",
        "md5_encoded": "ef18793637e8561de73457a29887bf40"
    },
    "tags": {
        "file_name": "936.mp3"
    },
    "version": {
        "essentia": "2.1-beta2",
        "essentia_git_sha": "v2.1_beta2",
        "extractor": "music 1.0"
    }
},
"rhythm": {
    "beats_count": 73,
    "beats_loudness": {
        "mean": 0.0668521896005,
        "var": 0.000694319838658
    },
    "bpm": 97.9165802002,
    "bpm_histogram_first_peak_bpm": {
        "mean": 98,
        "var": 0
    },
    "bpm_histogram_first_peak_spread": {
        "mean": 0.0571428798139,
        "var": 0
    },
    "bpm_histogram_first_peak_weight": {
        "mean": 0.916666686535,
        "var": 0
    },
    "bpm_histogram_second_peak_bpm": {
        "mean": 92,
        "var": 0
    },
    "bpm_histogram_second_peak_spread": {
        "mean": 0,
        "var": 0
    },
    "bpm_histogram_second_peak_weight": {
        "mean": 0.0277777779847,
        "var": 0
    },
    "danceability": 1.72082340717,
    "onset_rate": 3.2163939476,
    "beats_loudness_band_ratio": {
        "mean": [0.683715879917, 0.172068357468, 0.0534798465669, 0.057782292366, 0.0679802149534, 0.0531040094793],
        "var": [0.0277098082006, 0.0262027494609, 0.00140634889249, 0.00126219284721, 0.00235400674865, 0.00154546531849]
    },
    "beats_position": [0.638548731804, 1.28870749474, 1.93886613846, 2.57741498947, 3.20435357094, 3.8196823597, 4.43501138687, 5.05034017563, 5.66566896439, 6.26938772202, 6.88471651077, 7.50004529953, 8.10376358032, 8.71909236908, 9.33442115784, 9.93814086914, 10.5534696579, 11.1687984467, 11.7841272354, 12.3994560242, 13.0031747818, 13.6185035706, 14.2338323593, 14.8491611481, 15.4644899368, 16.0798187256, 16.6951465607, 17.298866272, 17.9141941071, 18.5179138184, 19.1332416534, 19.7369613647, 20.3406791687, 20.9676189423, 21.5945568085, 22.1982765198, 22.8136043549, 23.4173240662, 24.0326519012, 24.6363716125, 25.2516994476, 25.8670291901, 26.4823570251, 27.0860767365, 27.7014045715, 28.316734314, 28.932062149, 29.5357818604, 30.1511096954, 30.7664394379, 31.3817672729, 31.9970970154, 32.6124267578, 33.2277526855, 33.8314743042, 34.4351921082, 35.0389099121, 35.6542396545, 36.269569397, 36.8848991394, 37.5002250671, 38.1039466858, 38.7192726135, 39.334602356, 39.9499320984, 40.5652618408, 41.1805877686, 41.795917511, 42.4112472534, 43.0149650574, 43.6302947998, 44.2340126038, 44.8377304077]
},
"tonal": {
    "chords_changes_rate": 0.0545267499983,
    "chords_number_rate": 0.00720164598897,
    "chords_strength": {
        "mean": 0.533186495304,
        "var": 0.00658183032647
    },
    "hpcp_entropy": {
        "mean": 2.04867482185,
        "var": 0.44759246707
    },
    "key_strength": 0.620583355427,
    "tuning_diatonic_strength": 0.569459021091,
    "tuning_equal_tempered_deviation": 0.10217730701,
    "tuning_frequency": 441.017791748,
    "tuning_nontempered_energy_ratio": 0.713738441467,
    "hpcp": {
        "mean": [0.0703665316105, 0.0541388690472, 0.0632120296359, 0.0884842053056, 0.0678470805287, 0.0336692519486, 0.0297496262938, 0.0590469427407, 0.195802420378, 0.30229729414, 0.196509033442, 0.0757587701082, 0.0489280670881, 0.0410409942269, 0.0549157336354, 0.0840541496873, 0.0942739695311, 0.157277241349, 0.204992696643, 0.123215310276, 0.056021541357, 0.0510559380054, 0.0536539815366, 0.110117062926, 0.163254037499, 0.109219461679, 0.040782161057, 0.0242136325687, 0.0320229418576, 0.0952244699001, 0.144034862518, 0.10608741641, 0.0586578957736, 0.0383497104049, 0.0401207171381, 0.0618945844471],
        "var": [0.0304458476603, 0.0172605346888, 0.0303533021361, 0.0479163266718, 0.0319379977882, 0.0122950021178, 0.00976680964231, 0.0246295109391, 0.0846406891942, 0.1576461941, 0.0805443525314, 0.0341106466949, 0.0229041706771, 0.0165282804519, 0.0227146781981, 0.0421845838428, 0.0460072308779, 0.0785356536508, 0.134227275848, 0.060415815562, 0.0232204720378, 0.0241310670972, 0.0249012317508, 0.0553098097444, 0.0996980071068, 0.052847571671, 0.0187365561724, 0.00846091844141, 0.0101998988539, 0.0460869707167, 0.075830951333, 0.0392338968813, 0.0291498489678, 0.0146080078557, 0.018088594079, 0.0305513180792]
    },
    "chords_histogram": [42.1810684204, 0, 20.7818927765, 2.46913576126, 8.53909492493, 18.6213989258, 5.76131677628, 1.64609050751, 0, 0, 0, 0, 0, 0, 0, 0, 0, 0, 0, 0, 0, 0, 0, 0],
    "thpcp": [1, 0.650052249432, 0.250610142946, 0.16185413301, 0.135763689876, 0.181661352515, 0.278051286936, 0.311858475208, 0.520273387432, 0.678116202354, 0.407596468925, 0.185319364071, 0.168893128633, 0.177487462759, 0.36426743865, 0.540044665337, 0.361298173666, 0.134907469153, 0.0800987407565, 0.105931952596, 0.315002709627, 0.476467579603, 0.350937366486, 0.194040432572, 0.126860916615, 0.132719412446, 0.204747393727, 0.232772618532, 0.179091483355, 0.209105506539, 0.292705923319, 0.224438264966, 0.111377947032, 0.0984118208289, 0.195327401161, 0.647714734077],
    "chords_key": "C",
    "chords_scale": "minor",
    "key_key": "C",
    "key_scale": "minor"
}
}