{
"lowlevel": {
    "average_loudness": 0.97339630127,
    "barkbands_crest": {
        "mean": 9.30120563507,
        "var": 12.1338663101
    },
    "barkbands_flatness_db": {
        "mean": 0.236818686128,
        "var": 0.00664386991411
    },
    "barkbands_kurtosis": {
        "mean": 3.17935609818,
        "var": 40.7882537842
    },
    "barkbands_skewness": {
        "mean": 1.22744643688,
        "var": 0.932354092598
    },
    "barkbands_spread": {
        "mean": 12.2067012787,
        "var": 51.0347137451
    },
    "dissonance": {
        "mean": 0.410056650639,
        "var": 0.00398768112063
    },
    "dynamic_complexity": 1.86643230915,
    "erbbands_crest": {
        "mean": 9.96208667755,
        "var": 16.5550689697
    },
    "erbbands_flatness_db": {
        "mean": 0.26615023613,
        "var": 0.00412761978805
    },
    "erbbands_kurtosis": {
        "mean": 0.939403474331,
        "var": 5.69430208206
    },
    "erbbands_skewness": {
        "mean": 0.469389915466,
        "var": 0.516572594643
    },
    "erbbands_spread": {
        "mean": 22.17461586,
        "var": 119.453948975
    },
    "hfc": {
        "mean": 19.2020435333,
        "var": 158.601974487
    },
    "melbands_crest": {
        "mean": 11.7376861572,
        "var": 15.9577589035
    },
    "melbands_flatness_db": {
        "mean": 0.291336834431,
        "var": 0.011357339099
    },
    "melbands_kurtosis": {
        "mean": 5.21252393723,
        "var": 64.0022125244
    },
    "melbands_skewness": {
        "mean": 1.6118875742,
        "var": 0.873183190823
    },
    "melbands_spread": {
        "mean": 16.7231273651,
        "var": 129.321136475
    },
    "pitch_salience": {
        "mean": 0.549194872379,
        "var": 0.00693663069978
    },
    "silence_rate_20dB": {
        "mean": 1,
        "var": 0
    },
    "silence_rate_30dB": {
        "mean": 0.999485313892,
        "var": 0.000514378305525
    },
    "silence_rate_60dB": {
        "mean": 0.0241893976927,
        "var": 0.0236030705273
    },
    "spectral_centroid": {
        "mean": 877.204345703,
        "var": 329171
    },
    "spectral_complexity": {
        "mean": 16.8502311707,
        "var": 53.0046958923
    },
    "spectral_decrease": {
        "mean": -7.39849692621e-009,
        "var": 1.34760782967e-017
    },
    "spectral_energy": {
        "mean": 0.0296653471887,
        "var": 0.000218248198507
    },
    "spectral_energyband_high": {
        "mean": 0.000280387961539,
        "var": 2.19732697815e-007
    },
    "spectral_energyband_low": {
        "mean": 0.00321508687921,
        "var": 1.32697905428e-005
    },
    "spectral_energyband_middle_high": {
        "mean": 0.00694068102166,
        "var": 3.61402271665e-005
    },
    "spectral_energyband_middle_low": {
        "mean": 0.0198295861483,
        "var": 0.00013647400192
    },
    "spectral_entropy": {
        "mean": 6.7088470459,
        "var": 0.485294997692
    },
    "spectral_flux": {
        "mean": 0.0716081485152,
        "var": 0.00113285123371
    },
    "spectral_kurtosis": {
        "mean": 26.5457553864,
        "var": 2220.48193359
    },
    "spectral_rms": {
        "mean": 0.00517753930762,
        "var": 2.13483394873e-006
    },
    "spectral_rolloff": {
        "mean": 1047.19262695,
        "var": 939532
    },
    "spectral_skewness": {
        "mean": 2.86113333702,
        "var": 6.5801358223
    },
    "spectral_spread": {
        "mean": 2397232.25,
        "var": 3.11714853683e+012
    },
    "spectral_strongpeak": {
        "mean": 1.21647787094,
        "var": 1.3102710247
    },
    "zerocrossingrate": {
        "mean": 0.0390044488013,
        "var": 0.000697332550772
    },
    "barkbands": {
        "mean": [2.3653065e-006, 0.000984901678748, 0.00176538736559, 0.0018027232727, 0.00747151765972, 0.00466252630576, 0.00111245235894, 0.00158225209452, 0.00280821463093, 0.00187167571858, 0.000865171838086, 0.00135798682459, 0.000312315329211, 0.000975063361693, 0.000502653128933, 0.000366554362699, 0.00053624069551, 0.000220164118218, 0.000122033168736, 0.000121724086057, 0.000128325438709, 6.91404711688e-005, 1.16180799523e-005, 5.41498957318e-006, 4.42621058028e-006, 2.41714133153e-006, 8.01103823278e-008],
        "var": [3.91421027535e-011, 3.66861991097e-006, 4.42476084572e-006, 4.21314780397e-006, 4.7567384172e-005, 2.66951974481e-005, 2.97618294098e-006, 2.95042741527e-006, 9.08429501578e-006, 5.97170037508e-006, 2.9472987535e-006, 3.3780324884e-006, 1.22075903164e-007, 1.96577752831e-006, 1.95330926545e-006, 4.9457366913e-007, 1.1334032024e-006, 1.21003893128e-007, 4.19939958363e-008, 5.97832610083e-008, 5.12177500411e-008, 1.36658018235e-008, 2.93999402601e-009, 6.32875973849e-010, 4.98433350149e-010, 1.74987802026e-010, 4.71855464857e-013]
    },
    "erbbands": {
        "mean": [0.00592094473541, 0.31250372529, 1.90541934967, 3.67404127121, 14.9042854309, 29.3853092194, 24.408372879, 45.1696662903, 25.9571475983, 17.5738162994, 39.3454551697, 44.3241577148, 78.5301818848, 59.4591751099, 47.0192260742, 47.4123191833, 16.7442741394, 37.123500824, 44.0400619507, 17.1512966156, 23.2816238403, 30.9590835571, 16.4231491089, 7.94720411301, 5.35090208054, 5.62563323975, 4.37991666794, 5.60893726349, 3.15167665482, 0.617089033127, 0.327646106482, 0.11964007467, 0.0932950526476, 0.0575865395367, 0.0266170818359, 0.0126298153773, 0.004539151676, 0.000444932433311, 2.68384610536e-005, 3.48368412233e-005],
        "var": [0.000106071543996, 0.320762485266, 5.72134876251, 11.9705247879, 331.113525391, 794.892700195, 552.617858887, 3393.37207031, 1053.77111816, 470.223846436, 1916.82824707, 1920.23425293, 6073.37548828, 6571.05175781, 3917.4206543, 3497.84130859, 308.152770996, 2200.65161133, 8429.68359375, 895.054382324, 2144.80981445, 3592.40405273, 660.972717285, 138.069519043, 81.9003067017, 118.913650513, 58.6227416992, 110.050842285, 26.2666912079, 3.96715569496, 2.56231617928, 0.273245096207, 0.226893216372, 0.105575412512, 0.0169142093509, 0.00446441862732, 0.000696483883075, 7.40276709621e-006, 6.04915317837e-009, 3.30702770723e-010]
    },
    "gfcc": {
        "mean": [-64.509437561, 176.354812622, -152.584213257, 9.64631938934, -58.3307495117, -18.6875209808, -27.1384620667, -20.840927124, -21.8737392426, -15.3751096725, -18.6113300323, -11.3955106735, -0.36667111516],
        "cov": [[9609.60742188, -2669.21166992, -2688.95727539, 1572.83056641, -734.198669434, 384.048919678, -79.4141693115, 52.4845962524, -618.8046875, -11.9524211884, -618.41595459, 307.546264648, 138.784469604], [-2669.21166992, 2142.40405273, 782.398193359, -831.024902344, 500.214599609, -296.021820068, 211.652938843, -117.727165222, 431.757629395, -83.6104278564, 235.373336792, -253.879821777, -15.7476205826], [-2688.95727539, 782.398193359, 1793.35070801, -479.49432373, 163.769515991, 116.499076843, -91.1649398804, 166.305221558, 110.886177063, 130.036956787, 280.034881592, -51.341468811, -190.308639526], [1572.83056641, -831.024902344, -479.49432373, 727.360717773, -115.785354614, 160.956161499, 20.7211761475, 54.8311691284, -141.974227905, 19.03399086, -82.5869903564, 116.266204834, 50.0419960022], [-734.198669434, 500.214599609, 163.769515991, -115.785354614, 349.053649902, 7.26015996933, 76.0712890625, 27.1655635834, 177.112457275, 17.0001144409, 19.8181800842, -45.6838188171, -1.64092636108], [384.048919678, -296.021820068, 116.499076843, 160.956161499, 7.26015996933, 304.323608398, 64.0428390503, 117.953285217, -35.9447746277, 72.7752532959, -15.9116296768, 69.28881073, 23.5972309113], [-79.4141693115, 211.652938843, -91.1649398804, 20.7211761475, 76.0712890625, 64.0428390503, 235.442565918, 22.6301174164, 57.8795509338, -9.87789821625, 12.7741146088, 3.17692112923, 65.6825332642], [52.4845962524, -117.727165222, 166.305221558, 54.8311691284, 27.1655635834, 117.953285217, 22.6301174164, 152.862136841, 18.0686130524, 46.2316474915, -5.14326334, 32.6718177795, -14.4436540604], [-618.8046875, 431.757629395, 110.886177063, -141.974227905, 177.112457275, -35.9447746277, 57.8795509338, 18.0686130524, 206.125427246, 20.9885559082, 21.5745563507, -52.0545425415, -0.497747004032], [-11.9524211884, -83.6104278564, 130.036956787, 19.03399086, 17.0001144409, 72.7752532959, -9.87789821625, 46.2316474915, 20.9885559082, 98.5009841919, 20.677904129, 25.2750205994, -20.0141410828], [-618.41595459, 235.373336792, 280.034881592, -82.5869903564, 19.8181800842, -15.9116296768, 12.7741146088, -5.14326334, 21.5745563507, 20.677904129, 129.076553345, -3.14929008484, -20.9347076416], [307.546264648, -253.879821777, -51.341468811, 116.266204834, -45.6838188171, 69.28881073, 3.17692112923, 32.6718177795, -52.0545425415, 25.2750205994, -3.14929008484, 105.913780212, 29.0641555786], [138.784469604, -15.7476205826, -190.308639526, 50.0419960022, -1.64092636108, 23.5972309113, 65.6825332642, -14.4436540604, -0.497747004032, -20.0141410828, -20.9347076416, 29.0641555786, 101.227355957]],
        "icov": [[0.00059693393996, -0.00129850686062, 0.00117418903392, -0.000914183852728, 0.0012193818111, -0.00111756066326, 0.000954427348915, -0.000984577229246, 0.00150723801926, -0.00134153815452, 0.00183093023952, -0.00106058025267, 0.00158484687563], [-0.00129850686062, 0.00716277398169, -0.00379920820706, 0.00380583503284, -0.00516382232308, 0.00414447439834, -0.00488050607964, 0.00423532584682, -0.00658521568403, 0.00601974222809, -0.00724053010345, 0.00538625521585, -0.00529423682019], [0.00117418903392, -0.00379920820706, 0.00444918964058, -0.00137731467839, 0.00269372179173, -0.00382308359258, 0.00357535737567, -0.0040779709816, 0.00409246934578, -0.00347291026264, 0.00127388408873, -0.00258783367462, 0.00521757639945], [-0.000914183852728, 0.00380583503284, -0.00137731467839, 0.00468666991219, -0.00308861909434, 0.00137194117997, -0.00246233004145, 0.00146695203148, -0.00265623768792, 0.00321061629802, -0.00482296664268, 0.00183462142013, -0.00252612866461], [0.0012193818111, -0.00516382232308, 0.00269372179173, -0.00308861909434, 0.00937196332961, -0.00392518704757, 0.00283217360266, -0.00268092076294, 0.000371831323719, -0.00385439745151, 0.00633865687996, -0.00384618202224, 0.00461764726788], [-0.00111756066326, 0.00414447439834, -0.00382308359258, 0.00137194117997, -0.00392518704757, 0.0104599772021, -0.00512655219063, -0.000236407417106, -0.00151421793271, -0.000436682428699, -0.00195713015273, 0.0024899111595, -0.0061114365235], [0.000954427348915, -0.00488050607964, 0.00357535737567, -0.00246233004145, 0.00283217360266, -0.00512655219063, 0.0104505643249, -0.00423874845728, 0.00298553775065, -0.00220664031804, 0.0017257645959, -0.00252546463162, 0.000386786909075], [-0.000984577229246, 0.00423532584682, -0.0040779709816, 0.00146695203148, -0.00268092076294, -0.000236407417106, -0.00423874845728, 0.0150302546099, -0.00666661607102, 0.00304287509061, -0.000805392977782, 0.000196728738956, -0.00113067531493], [0.00150723801926, -0.00658521568403, 0.00409246934578, -0.00265623768792, 0.000371831323719, -0.00151421793271, 0.00298553775065, -0.00666661607102, 0.0182388257235, -0.0100942300633, 0.00692006666213, -0.00148112978786, 0.00333699164912], [-0.00134153815452, 0.00601974222809, -0.00347291026264, 0.00321061629802, -0.00385439745151, -0.000436682428699, -0.00220664031804, 0.00304287509061, -0.0100942300633, 0.0220064297318, -0.00895196851343, 0.000715725822374, -0.00119073479436], [0.00183093023952, -0.00724053010345, 0.00127388408873, -0.00482296664268, 0.00633865687996, -0.00195713015273, 0.0017257645959, -0.000805392977782, 0.00692006666213, -0.00895196851343, 0.0234909038991, -0.00792267732322, 0.00586377596483], [-0.00106058025267, 0.00538625521585, -0.00258783367462, 0.00183462142013, -0.00384618202224, 0.0024899111595, -0.00252546463162, 0.000196728738956, -0.00148112978786, 0.000715725822374, -0.00792267732322, 0.0204552877694, -0.00983346439898], [0.00158484687563, -0.00529423682019, 0.00521757639945, -0.00252612866461, 0.00461764726788, -0.0061114365235, 0.000386786909075, -0.00113067531493, 0.00333699164912, -0.00119073479436, 0.00586377596483, -0.00983346439898, 0.022844415158]]
    },
    "melbands": {
        "mean": [0.000152750624693, 0.000815700332168, 0.000988716492429, 0.00161044450942, 0.000979213742539, 0.000958435761277, 0.000384271028452, 0.000211690770811, 0.000299833889585, 0.000342879357049, 0.000398626638344, 0.000245948205702, 0.000151880129124, 0.0001795230055, 4.59783113911e-005, 4.66444835183e-005, 6.80719240336e-005, 7.8483906691e-005, 3.3082185837e-005, 1.81478135346e-005, 2.75021066045e-005, 3.19775899698e-005, 2.35865445575e-005, 1.0284154996e-005, 5.97121788815e-006, 4.62082380182e-006, 3.57865087608e-006, 3.72615227207e-006, 2.74601256933e-006, 2.99173348139e-006, 3.11690655508e-006, 2.28462931773e-006, 4.90872992032e-007, 2.52649527965e-007, 2.22900339963e-007, 9.62215480627e-008, 5.96424527544e-008, 6.15882456145e-008, 6.41019752834e-008, 4.32894395885e-008],
        "var": [8.59894910832e-008, 1.16406044981e-006, 9.51606750732e-007, 2.6527072805e-006, 7.60202169658e-007, 1.42336818953e-006, 2.19149640657e-007, 5.006385706e-008, 1.09963700368e-007, 1.23697475374e-007, 1.55856795914e-007, 1.268737293e-007, 6.81925698132e-008, 6.32281356161e-008, 3.01610803e-009, 3.27135363243e-009, 7.60385354681e-009, 2.53770231495e-008, 6.34520969101e-009, 1.11129072611e-009, 3.62190299974e-009, 4.79624029381e-009, 1.92571825153e-009, 2.29298219301e-010, 9.3886169672e-011, 6.22728119071e-011, 6.4484251272e-011, 5.31847378638e-011, 2.94508757659e-011, 3.3607130967e-011, 3.33058962354e-011, 1.4292277431e-011, 2.04732238107e-012, 1.03491737749e-012, 1.3874791073e-012, 1.98027277085e-013, 7.23777252866e-014, 9.40580621202e-014, 1.29788215765e-013, 6.60365520404e-014]
    },
    "mfcc": {
        "mean": [-691.402282715, 195.335754395, -30.0911407471, 22.4748535156, -19.455324173, 0.747493445873, -10.861199379, -8.65165615082, -2.06442904472, -16.2577075958, -5.23981809616, -8.70756530762, -13.7665805817],
        "cov": [[8068.609375, -2539.78051758, -2554.9909668, 1030.36120605, -765.768676758, 432.731842041, 51.8955802917, 217.743148804, 330.869018555, -425.324401855, -212.360351563, -312.429412842, -311.278076172], [-2539.78051758, 1804.61083984, 612.458496094, -446.045562744, 275.445037842, -177.573242188, -70.694442749, -78.1085510254, 1.42163336277, 197.023101807, 152.830093384, 108.056106567, -7.05674552917], [-2554.9909668, 612.458496094, 1707.63977051, -374.923248291, 354.843505859, -87.5363845825, 119.702537537, -3.99500417709, -220.077423096, 248.73487854, 84.2634506226, 172.47869873, 238.576187134], [1030.36120605, -446.045562744, -374.923248291, 428.187744141, -87.3532485962, 103.028366089, 42.6756362915, 70.5929336548, 57.2552490234, -80.3348770142, -18.4104042053, -37.0354614258, 7.81593322754], [-765.768676758, 275.445037842, 354.843505859, -87.3532485962, 349.335754395, -12.864068985, -21.5191364288, -3.23247218132, 6.58744096756, 104.353286743, 59.4077148438, 98.9762039185, 38.1541175842], [432.731842041, -177.573242188, -87.5363845825, 103.028366089, -12.864068985, 213.057235718, 87.9411697388, 73.3961181641, 93.9043807983, -5.68781709671, 17.7031002045, 11.2384338379, 16.0299243927], [51.8955802917, -70.694442749, 119.702537537, 42.6756362915, -21.5191364288, 87.9411697388, 169.95072937, 82.9706726074, 20.5484867096, 24.8429393768, 9.98487281799, 3.3682641983, 45.2090301514], [217.743148804, -78.1085510254, -3.99500417709, 70.5929336548, -3.23247218132, 73.3961181641, 82.9706726074, 136.909469604, 81.0881271362, 12.6985616684, 20.0112514496, 3.82307767868, 13.8773050308], [330.869018555, 1.42163336277, -220.077423096, 57.2552490234, 6.58744096756, 93.9043807983, 20.5484867096, 81.0881271362, 212.582809448, 23.7484607697, 37.4508056641, 13.7338991165, -42.7784805298], [-425.324401855, 197.023101807, 248.73487854, -80.3348770142, 104.353286743, -5.68781709671, 24.8429393768, 12.6985616684, 23.7484607697, 151.615997314, 60.1520080566, 35.7456474304, 22.4562778473], [-212.360351563, 152.830093384, 84.2634506226, -18.4104042053, 59.4077148438, 17.7031002045, 9.98487281799, 20.0112514496, 37.4508056641, 60.1520080566, 109.447265625, 54.4658203125, -3.93141555786], [-312.429412842, 108.056106567, 172.47869873, -37.0354614258, 98.9762039185, 11.2384338379, 3.3682641983, 3.82307767868, 13.7338991165, 35.7456474304, 54.4658203125, 110.926719666, 33.3876457214], [-311.278076172, -7.05674552917, 238.576187134, 7.81593322754, 38.1541175842, 16.0299243927, 45.2090301514, 13.8773050308, -42.7784805298, 22.4562778473, -3.93141555786, 33.3876457214, 109.50541687]],
        "icov": [[0.00045922564459, 0.000389341788832, 0.000415583490394, -0.00026356842136, 0.000255449704127, -0.000341663922882, 2.76524533547e-005, -0.000382591300877, 0.000223159324378, -0.000376302254153, 0.000236384876189, -0.000229531520745, 0.000684763072059], [0.000389341788832, 0.00129605282564, 0.000204355368624, 0.000440743780928, -0.000109785010864, 0.000353415263817, -8.19861306809e-005, 0.000101599864138, -0.000414982292568, -0.000294445140753, -0.000896539830137, 0.000147949205711, 0.000542036432307], [0.000415583490394, 0.000204355368624, 0.00233807926998, 0.000801371934358, -0.000517986249179, -0.000188778300071, -0.00077536306344, -0.00122290092986, 0.00208137906156, -0.00183846440632, 0.000253858772339, -0.00111762166489, -0.00173342938069], [-0.00026356842136, 0.000440743780928, 0.000801371934358, 0.00453008664772, -0.000708384613972, -0.000251873309026, -0.000233562430367, -0.00102958129719, 7.49346363591e-005, 0.00120158970822, -0.00168125575874, 0.00109394011088, -0.00289051607251], [0.000255449704127, -0.000109785010864, -0.000517986249179, -0.000708384613972, 0.0053211953491, -0.000773103558458, 0.00190819893032, -0.00070213933941, 1.17501804198e-005, -0.00243627955206, 0.00119902740698, -0.00342957209796, 0.00105138123035], [-0.000341663922882, 0.000353415263817, -0.000188778300071, -0.000251873309026, -0.000773103558458, 0.00899754930288, -0.0039399350062, 0.00098526047077, -0.0038569890894, 0.00173075858038, -0.00167171657085, 0.000116075891128, -0.00202224869281], [2.76524533547e-005, -8.19861306809e-005, -0.00077536306344, -0.000233562430367, 0.00190819893032, -0.0039399350062, 0.0120879672468, -0.00597073044628, 0.00179655628745, -0.00196519913152, 0.000498683890328, 0.000455864705145, -0.00155894935597], [-0.000382591300877, 0.000101599864138, -0.00122290092986, -0.00102958129719, -0.00070213933941, 0.00098526047077, -0.00597073044628, 0.0155828315765, -0.00643786974251, 0.00205374206416, -0.00229917024262, 0.00225536990911, -0.00145888864063], [0.000223159324378, -0.000414982292568, 0.00208137906156, 7.49346363591e-005, 1.17501804198e-005, -0.0038569890894, 0.00179655628745, -0.00643786974251, 0.0115735111758, -0.00402993801981, 0.000996992457658, -0.00317375338636, 0.00305336550809], [-0.000376302254153, -0.000294445140753, -0.00183846440632, 0.00120158970822, -0.00243627955206, 0.00173075858038, -0.00196519913152, 0.00205374206416, -0.00402993801981, 0.0138819226995, -0.00623682281002, 0.00414307322353, -0.00193062238395], [0.000236384876189, -0.000896539830137, 0.000253858772339, -0.00168125575874, 0.00119902740698, -0.00167171657085, 0.000498683890328, -0.00229917024262, 0.000996992457658, -0.00623682281002, 0.0179684273899, -0.00871374830604, 0.00506386067718], [-0.000229531520745, 0.000147949205711, -0.00111762166489, 0.00109394011088, -0.00342957209796, 0.000116075891128, 0.000455864705145, 0.00225536990911, -0.00317375338636, 0.00414307322353, -0.00871374830604, 0.0182947181165, -0.0055624069646], [0.000684763072059, 0.000542036432307, -0.00173342938069, -0.00289051607251, 0.00105138123035, -0.00202224869281, -0.00155894935597, -0.00145888864063, 0.00305336550809, -0.00193062238395, 0.00506386067718, -0.0055624069646, 0.0193209312856]]
    },
    "spectral_contrast_coeffs": {
        "mean": [-0.502037107944, -0.66570442915, -0.680401861668, -0.73253339529, -0.746353626251, -0.679353833199],
        "var": [0.0101774930954, 0.00508118839934, 0.00600861851126, 0.00275986059569, 0.00287660909817, 0.00822786334902]
    },
    "spectral_contrast_valleys": {
        "mean": [-8.00710391998, -6.68710279465, -7.39762926102, -8.20990180969, -8.59517765045, -12.5547084808],
        "var": [1.41968297958, 1.07125675678, 1.39852118492, 1.693120718, 2.31211996078, 1.63811850548]
    }
},
"metadata": {
    "audio_properties": {
        "analysis_sample_rate": 44100,
        "bit_rate": 103498,
        "equal_loudness": 0,
        "length": 45.0873451233,
        "lossless": 0,
        "replay_gain": -7.51697349548,
        "sample_rate": 44100,
        "codec": "mp3",
        "downmix": "mix",
        "md5_encoded": "2f6c12e94a29f24bf803a0045212194a"
    },
    "tags": {
        "file_name": "942.mp3"
    },
    "version": {
        "essentia": "2.1-beta2",
        "essentia_git_sha": "v2.1_beta2",
        "extractor": "music 1.0"
    }
},
"rhythm": {
    "beats_count": 74,
    "beats_loudness": {
        "mean": 0.0406380183995,
        "var": 0.000249377801083
    },
    "bpm": 99.8422698975,
    "bpm_histogram_first_peak_bpm": {
        "mean": 99,
        "var": 0
    },
    "bpm_histogram_first_peak_spread": {
        "mean": 0.432835787535,
        "var": 0
    },
    "bpm_histogram_first_peak_weight": {
        "mean": 0.520547986031,
        "var": 0
    },
    "bpm_histogram_second_peak_bpm": {
        "mean": 94,
        "var": 0
    },
    "bpm_histogram_second_peak_spread": {
        "mean": 0,
        "var": 0
    },
    "bpm_histogram_second_peak_weight": {
        "mean": 0.0821917802095,
        "var": 0
    },
    "danceability": 1.17844808102,
    "onset_rate": 2.41659617424,
    "beats_loudness_band_ratio": {
        "mean": [0.297046750784, 0.417306244373, 0.15992243588, 0.117427155375, 0.0771007761359, 0.0178238097578],
        "var": [0.0297492165118, 0.0310094263405, 0.00920026190579, 0.00818096008152, 0.00827770866454, 0.000226573291002]
    },
    "beats_position": [0.615328788757, 1.25387752056, 1.89242625237, 2.53097510338, 3.16952371597, 3.80807256699, 4.446621418, 5.07355976105, 5.6888885498, 6.31582736969, 6.93115615845, 7.52326536179, 8.15020370483, 8.75392246246, 9.35764122009, 9.96135997772, 10.5650787354, 11.1687984467, 11.7725172043, 12.3646259308, 12.9567346573, 13.5604534149, 14.1641721725, 14.7678909302, 15.3599996567, 15.9521083832, 16.5558280945, 17.1595458984, 17.7516555786, 18.3553733826, 18.9474830627, 19.5395908356, 20.1317005157, 20.7238082886, 21.339138031, 21.942855835, 22.523355484, 23.1270751953, 23.7191829681, 24.3112926483, 24.9034004211, 25.4955101013, 26.0992279053, 26.7029476166, 27.3066654205, 27.9103851318, 28.4908847809, 29.0713825226, 29.6751022339, 30.2788200378, 30.8941497803, 31.5094776154, 32.1131973267, 32.7169151306, 33.3090248108, 33.9243545532, 34.539680481, 35.1550102234, 35.7471199036, 36.3508377075, 36.9545555115, 37.5466651917, 38.1387748718, 38.730884552, 39.334602356, 39.9383201599, 40.5420417786, 41.134147644, 41.7262573242, 42.3299751282, 42.9220848083, 43.5141944885, 44.1179122925, 44.7216300964]
},
"tonal": {
    "chords_changes_rate": 0.0216049384326,
    "chords_number_rate": 0.00823045242578,
    "chords_strength": {
        "mean": 0.577881157398,
        "var": 0.00635251728818
    },
    "hpcp_entropy": {
        "mean": 1.73973727226,
        "var": 0.457266896963
    },
    "key_strength": 0.764759838581,
    "tuning_diatonic_strength": 0.582036912441,
    "tuning_equal_tempered_deviation": 0.0641655400395,
    "tuning_frequency": 441.272583008,
    "tuning_nontempered_energy_ratio": 0.671359300613,
    "hpcp": {
        "mean": [0.248663067818, 0.124059289694, 0.0350378230214, 0.0331559218466, 0.0528092086315, 0.308855354786, 0.442920833826, 0.18530420959, 0.0195027850568, 0.0122328661382, 0.0173708610237, 0.101759076118, 0.19386702776, 0.129911631346, 0.135893493891, 0.196607768536, 0.102136202157, 0.0305783115327, 0.0270316265523, 0.0358087942004, 0.108536183834, 0.158840894699, 0.0936921015382, 0.0323668941855, 0.0245799049735, 0.0960269346833, 0.452948868275, 0.615216493607, 0.297751158476, 0.115873888135, 0.109629049897, 0.0666732266545, 0.0740071684122, 0.107900492847, 0.0864494666457, 0.171654507518],
        "var": [0.114065505564, 0.0304143819958, 0.00723519641906, 0.00882413238287, 0.00892828870565, 0.0744640156627, 0.127399757504, 0.0263123959303, 0.00220976094715, 0.00122283759993, 0.00145255285315, 0.0157143250108, 0.0575144551694, 0.0240028165281, 0.0288295485079, 0.0639035031199, 0.018736904487, 0.00356808258221, 0.00364175718278, 0.00478257425129, 0.037536278367, 0.0800216346979, 0.0310404729098, 0.00735787395388, 0.00506439805031, 0.0162925831974, 0.109492279589, 0.156559064984, 0.0624792352319, 0.0503564290702, 0.0680069029331, 0.0225138142705, 0.0201842803508, 0.0428448468447, 0.02361391671, 0.0627195164561]
    },
    "chords_histogram": [66.6666641235, 2.36625504494, 3.29218101501, 9.56790161133, 4.32098770142, 1.74897122383, 0, 0, 0, 0, 0, 0, 0, 0, 0, 0, 0, 0, 0, 0, 0.102880656719, 0, 7.81893014908, 4.11522626877],
    "thpcp": [1, 0.483977854252, 0.188346520066, 0.178195893764, 0.108373597264, 0.120294511318, 0.175386220217, 0.140518769622, 0.279014796019, 0.404187917709, 0.201651439071, 0.056952022016, 0.053893096745, 0.0858384147286, 0.502027094364, 0.71994304657, 0.30120164156, 0.0317006856203, 0.0198838394135, 0.0282353628427, 0.165403693914, 0.315120011568, 0.211164087057, 0.22088727355, 0.319574922323, 0.166016682982, 0.0497033335268, 0.0439383983612, 0.058205191046, 0.176419496536, 0.258186995983, 0.15229126811, 0.0526105761528, 0.0399532616138, 0.156086415052, 0.736243069172],
    "chords_key": "B",
    "chords_scale": "minor",
    "key_key": "B",
    "key_scale": "minor"
}
}