{
"lowlevel": {
    "average_loudness": 0.962150335312,
    "barkbands_crest": {
        "mean": 13.1884117126,
        "var": 12.9046230316
    },
    "barkbands_flatness_db": {
        "mean": 0.307840138674,
        "var": 0.00132497458253
    },
    "barkbands_kurtosis": {
        "mean": 14.7271614075,
        "var": 78.6005935669
    },
    "barkbands_skewness": {
        "mean": 2.52223968506,
        "var": 0.688594281673
    },
    "barkbands_spread": {
        "mean": 2.53198814392,
        "var": 2.16885256767
    },
    "dissonance": {
        "mean": 0.423298448324,
        "var": 0.00138386350591
    },
    "dynamic_complexity": 1.11995351315,
    "erbbands_crest": {
        "mean": 12.4095716476,
        "var": 15.2001476288
    },
    "erbbands_flatness_db": {
        "mean": 0.296131849289,
        "var": 0.000771369435824
    },
    "erbbands_kurtosis": {
        "mean": 4.50374031067,
        "var": 14.1784477234
    },
    "erbbands_skewness": {
        "mean": 1.68070030212,
        "var": 0.415261119604
    },
    "erbbands_spread": {
        "mean": 11.6831169128,
        "var": 13.4816255569
    },
    "hfc": {
        "mean": 10.5029735565,
        "var": 15.8489732742
    },
    "melbands_crest": {
        "mean": 16.2649440765,
        "var": 14.7310657501
    },
    "melbands_flatness_db": {
        "mean": 0.408689558506,
        "var": 0.00176885863766
    },
    "melbands_kurtosis": {
        "mean": 15.0344171524,
        "var": 73.8429260254
    },
    "melbands_skewness": {
        "mean": 2.54451274872,
        "var": 0.521535754204
    },
    "melbands_spread": {
        "mean": 3.60289502144,
        "var": 30.8715229034
    },
    "pitch_salience": {
        "mean": 0.595626652241,
        "var": 0.00664956215769
    },
    "silence_rate_20dB": {
        "mean": 1,
        "var": 0
    },
    "silence_rate_30dB": {
        "mean": 1,
        "var": 0
    },
    "silence_rate_60dB": {
        "mean": 0.00257334019989,
        "var": 0.0025667718146
    },
    "spectral_centroid": {
        "mean": 344.487243652,
        "var": 239387.046875
    },
    "spectral_complexity": {
        "mean": 10.2913017273,
        "var": 2.59658193588
    },
    "spectral_decrease": {
        "mean": -9.5705408043e-009,
        "var": 1.64861877186e-017
    },
    "spectral_energy": {
        "mean": 0.0370740741491,
        "var": 0.000245554372668
    },
    "spectral_energyband_high": {
        "mean": 7.1519989433e-006,
        "var": 2.37121260127e-011
    },
    "spectral_energyband_low": {
        "mean": 0.00504878303036,
        "var": 1.94019230548e-005
    },
    "spectral_energyband_middle_high": {
        "mean": 0.000750803621486,
        "var": 1.52291832478e-007
    },
    "spectral_energyband_middle_low": {
        "mean": 0.0343471206725,
        "var": 0.000238207896473
    },
    "spectral_entropy": {
        "mean": 5.85158109665,
        "var": 0.109092064202
    },
    "spectral_flux": {
        "mean": 0.0786117166281,
        "var": 0.000568709394429
    },
    "spectral_kurtosis": {
        "mean": 34.4925613403,
        "var": 265.768005371
    },
    "spectral_rms": {
        "mean": 0.00588069856167,
        "var": 1.58720786203e-006
    },
    "spectral_rolloff": {
        "mean": 408.609954834,
        "var": 713716.5625
    },
    "spectral_skewness": {
        "mean": 4.23517274857,
        "var": 1.09484958649
    },
    "spectral_spread": {
        "mean": 1639129.5,
        "var": 3.17807945318e+012
    },
    "spectral_strongpeak": {
        "mean": 0.935630619526,
        "var": 0.295016407967
    },
    "zerocrossingrate": {
        "mean": 0.0165201406926,
        "var": 0.000503728457261
    },
    "barkbands": {
        "mean": [4.8012834668e-006, 0.000177750349394, 0.00183648651, 0.00621512439102, 0.015970505774, 0.00912094581872, 0.000874512130395, 0.00150052923709, 0.000564355810639, 0.000382377649657, 0.000220259200432, 4.23065321229e-005, 1.30445323521e-005, 1.09426828203e-005, 9.30528112804e-005, 1.30693260871e-005, 6.84242513671e-006, 6.69744622428e-006, 9.94883430394e-006, 4.74078024126e-006, 4.6821955948e-006, 7.4978891007e-007, 1.65845946754e-007, 8.69087273259e-008, 5.18299962948e-008, 6.43747029017e-008, 3.70180792686e-008],
        "var": [2.48126883623e-011, 2.32912569231e-008, 3.42341877513e-006, 3.20523358823e-005, 0.000130516898935, 7.13608169463e-005, 5.3793121424e-007, 1.03101353943e-006, 1.62750595223e-007, 9.36293815812e-008, 2.93842568055e-008, 1.03346597946e-009, 9.18623926927e-011, 6.74727704264e-011, 5.28799004584e-009, 8.68060345827e-011, 2.52134840784e-011, 3.06645611681e-011, 6.03664410126e-011, 1.98251449979e-011, 1.72853328873e-011, 3.70574258128e-013, 3.45459168812e-014, 9.7163572896e-016, 2.52453061262e-016, 1.33219901988e-015, 4.00982459085e-016]
    },
    "erbbands": {
        "mean": [0.0036079864949, 0.077894128859, 1.63435256481, 12.5604791641, 23.8404541016, 79.1419219971, 97.0825576782, 40.6645584106, 9.06575012207, 22.98087883, 31.6825904846, 15.1925106049, 7.98658227921, 16.9096355438, 5.52076816559, 1.72211241722, 0.669758617878, 0.748999357224, 3.81582212448, 2.38633584976, 0.71758556366, 0.326094299555, 0.31881082058, 0.653694689274, 0.343985110521, 0.203235715628, 0.170330166817, 0.145792841911, 0.032684084028, 0.0134337441996, 0.00547843892127, 0.00232999469154, 0.00167775922455, 0.000952433852945, 0.000200799462618, 8.14581362647e-005, 0.000110696521006, 0.000108452339191, 1.98373454623e-005, 4.09245549235e-005],
        "var": [6.04753176958e-006, 0.00502833398059, 2.29729986191, 124.314720154, 276.949371338, 4156.55859375, 6640.30859375, 926.759399414, 34.5351028442, 224.066436768, 537.744995117, 93.7197952271, 32.7137527466, 165.135574341, 20.261888504, 1.36940813065, 0.157187029719, 0.214124307036, 10.864025116, 4.05870485306, 0.199174568057, 0.0362648069859, 0.0528150312603, 0.259326726198, 0.0831278562546, 0.0341075472534, 0.0202252212912, 0.0154368970543, 0.000554474710952, 0.00011228164658, 4.43498538516e-005, 3.25088194586e-006, 3.25537456547e-007, 7.44737107539e-008, 8.33812574541e-009, 2.82427459197e-009, 4.42921832544e-009, 3.2454054999e-009, 4.8763319771e-011, 2.95309443565e-010]
    },
    "gfcc": {
        "mean": [-107.696121216, 198.826477051, -100.332527161, 0.86894351244, -54.5598640442, -40.0072364807, -26.6333312988, -25.2542304993, -23.4179725647, -19.7708320618, -23.3379402161, -17.724521637, 1.65876305103],
        "cov": [[2423.86206055, 416.32144165, -272.17199707, 37.9086036682, -130.51852417, -94.8822250366, -34.7393569946, -58.8313179016, -38.9878349304, -41.833240509, -59.045085907, -52.6311759949, -13.4730548859], [416.32144165, 169.357391357, 19.4503440857, -23.1508998871, 4.16650724411, -20.4741611481, -8.00529289246, -15.5324621201, -8.99516201019, -17.6376399994, -1.87478601933, -22.0277614594, 14.2405414581], [-272.17199707, 19.4503440857, 169.630523682, -6.10217285156, 50.7603683472, 9.04132080078, -7.20640277863, -5.65276908875, -10.2630968094, -8.08378124237, -5.72672462463, -3.05301880836, 0.66327804327], [37.9086036682, -23.1508998871, -6.10217285156, 90.6972732544, 6.78446149826, 8.3534040451, 11.3859081268, -5.88581895828, 14.1849088669, -5.34250116348, -6.56460428238, -19.3064422607, -11.8079795837], [-130.51852417, 4.16650724411, 50.7603683472, 6.78446149826, 76.4431152344, 21.252281189, -0.407064527273, 1.40578830242, -6.67796134949, 4.51933002472, -5.38271522522, -4.79024887085, -8.31574821472], [-94.8822250366, -20.4741611481, 9.04132080078, 8.3534040451, 21.252281189, 54.2235946655, 17.187587738, 12.0836782455, 3.96486592293, 3.58027410507, -1.39277207851, 0.206356003881, -13.4030323029], [-34.7393569946, -8.00529289246, -7.20640277863, 11.3859081268, -0.407064527273, 17.187587738, 43.8776817322, 20.0216217041, 3.08102655411, 1.59005081654, -2.04046988487, 1.73401844501, -12.9105386734], [-58.8313179016, -15.5324621201, -5.65276908875, -5.88581895828, 1.40578830242, 12.0836782455, 20.0216217041, 50.2300491333, 8.92898178101, 9.02623176575, 0.786615967751, 5.49826049805, -13.7932949066], [-38.9878349304, -8.99516201019, -10.2630968094, 14.1849088669, -6.67796134949, 3.96486592293, 3.08102655411, 8.92898178101, 39.0378074646, 11.9314880371, -1.35278654099, -3.62234115601, -1.6597263813], [-41.833240509, -17.6376399994, -8.08378124237, -5.34250116348, 4.51933002472, 3.58027410507, 1.59005081654, 9.02623176575, 11.9314880371, 44.4953384399, 7.11316013336, 7.27201271057, -0.0748330950737], [-59.045085907, -1.87478601933, -5.72672462463, -6.56460428238, -5.38271522522, -1.39277207851, -2.04046988487, 0.786615967751, -1.35278654099, 7.11316013336, 38.3826789856, 12.8732385635, 8.54963874817], [-52.6311759949, -22.0277614594, -3.05301880836, -19.3064422607, -4.79024887085, 0.206356003881, 1.73401844501, 5.49826049805, -3.62234115601, 7.27201271057, 12.8732385635, 44.04347229, 12.9459457397], [-13.4730548859, 14.2405414581, 0.66327804327, -11.8079795837, -8.31574821472, -13.4030323029, -12.9105386734, -13.7932949066, -1.6597263813, -0.0748330950737, 8.54963874817, 12.9459457397, 50.6069908142]],
        "icov": [[0.00362675590441, -0.0115815186873, 0.00601326674223, -0.00636783102527, 0.00501870596781, -0.000455021683592, 0.00550419092178, -0.000150730527821, 0.00629735318944, -0.00337403453887, 0.0075505534187, -0.00615105638281, 0.00522666191682], [-0.0115815186873, 0.0449609644711, -0.0195924937725, 0.0236376728863, -0.017496066168, 0.00420777034014, -0.0198545902967, 0.00192670186516, -0.0206667035818, 0.0133826415986, -0.025360584259, 0.0253962129354, -0.0191338397563], [0.00601326674223, -0.0195924937725, 0.0176537763327, -0.0097929071635, 0.00302507332526, -0.000703413039446, 0.0097458967939, 4.95366111863e-005, 0.0105061996728, -0.00385339464992, 0.0129185151309, -0.0104356966913, 0.00823438167572], [-0.00636783102527, 0.0236376728863, -0.0097929071635, 0.0270130019635, -0.0116218002513, 0.00164567260072, -0.0155645525083, 0.0054031945765, -0.0175700988621, 0.00945327058434, -0.0144131630659, 0.017764179036, -0.00855908915401], [0.00501870596781, -0.017496066168, 0.00302507332526, -0.0116218002513, 0.0271087978035, -0.00829539354891, 0.0113163720816, -0.00144519098103, 0.0138764856383, -0.00960353575647, 0.0126175563782, -0.00844208244234, 0.00872754957527], [-0.000455021683592, 0.00420777034014, -0.000703413039446, 0.00164567260072, -0.00829539354891, 0.0260996520519, -0.009545750916, -0.000504057912622, -0.00388713018037, 0.00172949279658, -0.00231980369426, 0.00111917289905, 0.00204533850774], [0.00550419092178, -0.0198545902967, 0.0097458967939, -0.0155645525083, 0.0113163720816, -0.009545750916, 0.0424926653504, -0.0121093932539, 0.0128490068018, -0.00556271662936, 0.0135278701782, -0.0138424457982, 0.0118331434205], [-0.000150730527821, 0.00192670186516, 4.95366111863e-005, 0.0054031945765, -0.00144519098103, -0.000504057912622, -0.0121093932539, 0.0292628444731, -0.00705744652078, -0.00164177885745, -0.00127622147556, -0.00176600168925, 0.00562680931762], [0.00629735318944, -0.0206667035818, 0.0105061996728, -0.0175700988621, 0.0138764856383, -0.00388713018037, 0.0128490068018, -0.00705744652078, 0.0445195622742, -0.0156789422035, 0.0155841466039, -0.0081720687449, 0.00675446679816], [-0.00337403453887, 0.0133826415986, -0.00385339464992, 0.00945327058434, -0.00960353575647, 0.00172949279658, -0.00556271662936, -0.00164177885745, -0.0156789422035, 0.0317951887846, -0.0118171144277, 0.00428221188486, -0.00496071204543], [0.0075505534187, -0.025360584259, 0.0129185151309, -0.0144131630659, 0.0126175563782, -0.00231980369426, 0.0135278701782, -0.00127622147556, 0.0155841466039, -0.0118171144277, 0.0461999438703, -0.0207464043051, 0.00817218050361], [-0.00615105638281, 0.0253962129354, -0.0104356966913, 0.017764179036, -0.00844208244234, 0.00111917289905, -0.0138424457982, -0.00176600168925, -0.0081720687449, 0.00428221188486, -0.0207464043051, 0.04489203915, -0.0178465750068], [0.00522666191682, -0.0191338397563, 0.00823438167572, -0.00855908915401, 0.00872754957527, 0.00204533850774, 0.0118331434205, 0.00562680931762, 0.00675446679816, -0.00496071204543, 0.00817218050361, -0.0178465750068, 0.0343579687178]]
    },
    "melbands": {
        "mean": [3.5920584196e-005, 0.0005451447214, 0.00235517905094, 0.00369049608707, 0.00334480032325, 0.00108692562208, 0.000150108651724, 0.000258170271991, 0.000248219410423, 8.51029326441e-005, 3.63484468835e-005, 6.80236771586e-005, 2.11998794839e-005, 7.28472241462e-006, 2.29041438615e-006, 1.32411923914e-006, 1.23338440972e-006, 4.5782971938e-006, 7.03624664311e-006, 1.16454089039e-006, 6.96663619237e-007, 3.60861491799e-007, 2.32125145772e-007, 3.68528077388e-007, 5.75075546294e-007, 2.29649529615e-007, 2.48480006348e-007, 1.02832252935e-007, 8.37776212848e-008, 1.62720922958e-007, 5.10839406331e-008, 1.39556819434e-008, 1.70980509751e-008, 3.45023343229e-009, 2.96582580717e-009, 2.57671239901e-009, 9.30662880094e-010, 1.19507215235e-009, 9.98236604488e-010, 7.12836900618e-010],
        "var": [7.06176117582e-010, 2.91811460329e-007, 4.0064624045e-006, 8.23174650577e-006, 5.39642542208e-006, 7.9811758269e-007, 1.3745188987e-008, 2.8142922659e-008, 3.57115119698e-008, 3.83111986579e-009, 7.58903384579e-010, 2.83013723568e-009, 2.29106830729e-010, 4.92900997795e-011, 2.32543433294e-012, 1.30481096847e-012, 8.78638307944e-013, 1.99460916533e-011, 3.50917489511e-011, 6.2423037659e-013, 2.77797397715e-013, 6.87958533457e-014, 4.13683606956e-014, 1.27443343964e-013, 2.26214961476e-013, 5.07588728807e-014, 5.47291839669e-014, 9.83710945953e-015, 4.53611893056e-015, 3.68088534913e-014, 2.14436025597e-015, 1.69637776506e-016, 2.72042259884e-016, 1.10630410758e-017, 1.79241948914e-017, 1.26620796344e-017, 1.77306836385e-019, 2.21144358622e-019, 8.39576818761e-020, 5.58693683096e-020]
    },
    "mfcc": {
        "mean": [-760.955505371, 235.207427979, 2.88468408585, 35.4100761414, -16.2809906006, -11.7440214157, -10.4989881516, -17.9015197754, -0.705860853195, -8.84480762482, -17.9835548401, -23.2603721619, -13.5721645355],
        "cov": [[531.319213867, 149.09487915, -75.8903656006, 60.4523696899, -70.323890686, -1.65221619606, -18.5897064209, -4.33554649353, -2.52235245705, 18.9099750519, 1.26582694054, -23.2595500946, -1.20672094822], [149.09487915, 240.367263794, 44.0959205627, -11.6207742691, 24.1486129761, -16.9670219421, 10.0937242508, -21.5367450714, 7.61695098877, -18.2940673828, -14.0211858749, -7.79041099548, -10.6266851425], [-75.8903656006, 44.0959205627, 95.994644165, 12.2866325378, 22.1190071106, 8.06612300873, 0.14868837595, 2.10145401955, 2.22896766663, -8.50221252441, -8.63573551178, 2.28753328323, -10.957400322], [60.4523696899, -11.6207742691, 12.2866325378, 69.7381210327, 7.65952730179, 6.9836359024, 0.807872951031, -1.16291463375, 3.55783820152, 8.42514228821, 2.0277197361, -6.17111206055, -7.53246927261], [-70.323890686, 24.1486129761, 22.1190071106, 7.65952730179, 71.2418441772, 18.8152179718, 9.18549251556, -3.15749621391, 1.42017662525, 0.553248167038, -3.48690009117, -0.00162783137057, -7.91803979874], [-1.65221619606, -16.9670219421, 8.06612300873, 6.9836359024, 18.8152179718, 51.2475357056, 12.0278778076, 1.25588107109, 3.11840939522, 5.16209602356, 3.47681307793, -1.49511349201, -2.39205861092], [-18.5897064209, 10.0937242508, 0.14868837595, 0.807872951031, 9.18549251556, 12.0278778076, 47.4575767517, 12.8373336792, -2.13876247406, 3.08369207382, 2.57309412956, 4.32943487167, 2.49626517296], [-4.33554649353, -21.5367450714, 2.10145401955, -1.16291463375, -3.15749621391, 1.25588107109, 12.8373336792, 49.0626029968, 8.01532173157, 1.21916520596, 8.244099617, 2.37139129639, 4.86912441254], [-2.52235245705, 7.61695098877, 2.22896766663, 3.55783820152, 1.42017662525, 3.11840939522, -2.13876247406, 8.01532173157, 42.7908821106, 7.94922304153, -0.665685594082, 5.07055139542, 0.857548177242], [18.9099750519, -18.2940673828, -8.50221252441, 8.42514228821, 0.553248167038, 5.16209602356, 3.08369207382, 1.21916520596, 7.94922304153, 45.2409172058, 13.9441890717, -1.3280775547, 2.19889593124], [1.26582694054, -14.0211858749, -8.63573551178, 2.0277197361, -3.48690009117, 3.47681307793, 2.57309412956, 8.244099617, -0.665685594082, 13.9441890717, 46.4651794434, 9.92920875549, -0.82687485218], [-23.2595500946, -7.79041099548, 2.28753328323, -6.17111206055, -0.00162783137057, -1.49511349201, 4.32943487167, 2.37139129639, 5.07055139542, -1.3280775547, 9.92920875549, 41.1444969177, 11.980214119], [-1.20672094822, -10.6266851425, -10.957400322, -7.53246927261, -7.91803979874, -2.39205861092, 2.49626517296, 4.86912441254, 0.857548177242, 2.19889593124, -0.82687485218, 11.980214119, 37.6709365845]],
        "icov": [[0.0326725654304, -0.0437283404171, 0.0453810952604, -0.0449131764472, 0.0431091375649, -0.0381605476141, 0.0349282771349, -0.0309864301234, 0.025597114116, -0.0221012793481, 0.0155758298934, -0.0117281768471, 0.00603829370812], [-0.0437283404171, 0.0644640251994, -0.0635521113873, 0.0616371743381, -0.0593565106392, 0.0546596236527, -0.0501086488366, 0.0453733205795, -0.0371081568301, 0.0317627452314, -0.0217623393983, 0.0181374885142, -0.00818146765232], [0.0453810952604, -0.0635521113873, 0.0767001882195, -0.0650280639529, 0.05758388713, -0.0557427108288, 0.0512332357466, -0.0466186329722, 0.0369286723435, -0.0299627427012, 0.0246182177216, -0.0200324989855, 0.0118474699557], [-0.0449131764472, 0.0616371743381, -0.0650280639529, 0.0777769833803, -0.0602318719029, 0.0523021183908, -0.0490165948868, 0.0441401787102, -0.0369020700455, 0.0281412824988, -0.0223147086799, 0.0188019853085, -0.00648235995322], [0.0431091375649, -0.0593565106392, 0.05758388713, -0.0602318719029, 0.0745169743896, -0.0564757138491, 0.0444794595242, -0.0403470098972, 0.0343316197395, -0.0302878525108, 0.022196713835, -0.017165588215, 0.0106195947155], [-0.0381605476141, 0.0546596236527, -0.0557427108288, 0.0523021183908, -0.0564757138491, 0.0700773075223, -0.0480985045433, 0.0397099368274, -0.0335622504354, 0.0260230898857, -0.0211037769914, 0.0173356421292, -0.00765681220219], [0.0349282771349, -0.0501086488366, 0.0512332357466, -0.0490165948868, 0.0444794595242, -0.0480985045433, 0.0646828785539, -0.0427639372647, 0.0328641310334, -0.0268292743713, 0.0188759658486, -0.0173571705818, 0.00637315772474], [-0.0309864301234, 0.0453733205795, -0.0466186329722, 0.0441401787102, -0.0403470098972, 0.0397099368274, -0.0427639372647, 0.0565253570676, -0.0319970659912, 0.0247100070119, -0.0210822615772, 0.0155595941469, -0.00948352925479], [0.025597114116, -0.0371081568301, 0.0369286723435, -0.0369020700455, 0.0343316197395, -0.0335622504354, 0.0328641310334, -0.0319970659912, 0.0480767302215, -0.0243097282946, 0.0169671606272, -0.0156531203538, 0.00643282802776], [-0.0221012793481, 0.0317627452314, -0.0299627427012, 0.0281412824988, -0.0302878525108, 0.0260230898857, -0.0268292743713, 0.0247100070119, -0.0243097282946, 0.0430472567677, -0.0199381727725, 0.0131431575865, -0.0075428574346], [0.0155758298934, -0.0217623393983, 0.0246182177216, -0.0223147086799, 0.022196713835, -0.0211037769914, 0.0188759658486, -0.0210822615772, 0.0169671606272, -0.0199381727725, 0.0356683805585, -0.0153248673305, 0.00829251948744], [-0.0117281768471, 0.0181374885142, -0.0200324989855, 0.0188019853085, -0.017165588215, 0.0173356421292, -0.0173571705818, 0.0155595941469, -0.0156531203538, 0.0131431575865, -0.0153248673305, 0.0364479012787, -0.0130332829431], [0.00603829370812, -0.00818146765232, 0.0118474699557, -0.00648235995322, 0.0106195947155, -0.00765681220219, 0.00637315772474, -0.00948352925479, 0.00643282802776, -0.0075428574346, 0.00829251948744, -0.0130332829431, 0.033751219511]]
    },
    "spectral_contrast_coeffs": {
        "mean": [-0.439142167568, -0.663512289524, -0.742917776108, -0.792355656624, -0.790787637234, -0.741061210632],
        "var": [0.00442863861099, 0.00326162925921, 0.00154254538938, 0.000903786101844, 0.000625705579296, 0.00083772483049]
    },
    "spectral_contrast_valleys": {
        "mean": [-7.75496101379, -6.3816280365, -7.69954252243, -8.81366729736, -9.51823616028, -12.9917554855],
        "var": [1.044226408, 1.00245130062, 0.858310043812, 0.765738844872, 0.727376759052, 0.463308662176]
    }
},
"metadata": {
    "audio_properties": {
        "analysis_sample_rate": 44100,
        "bit_rate": 104354,
        "equal_loudness": 0,
        "length": 45.0873451233,
        "lossless": 0,
        "replay_gain": -2.76515007019,
        "sample_rate": 44100,
        "codec": "mp3",
        "downmix": "mix",
        "md5_encoded": "c676474e587a750bd033c24ced0c9427"
    },
    "tags": {
        "file_name": "945.mp3"
    },
    "version": {
        "essentia": "2.1-beta2",
        "essentia_git_sha": "v2.1_beta2",
        "extractor": "music 1.0"
    }
},
"rhythm": {
    "beats_count": 83,
    "beats_loudness": {
        "mean": 0.0388698652387,
        "var": 0.000208077370189
    },
    "bpm": 129.802825928,
    "bpm_histogram_first_peak_bpm": {
        "mean": 129,
        "var": 0
    },
    "bpm_histogram_first_peak_spread": {
        "mean": 0.411764711142,
        "var": 0
    },
    "bpm_histogram_first_peak_weight": {
        "mean": 0.12195122242,
        "var": 0
    },
    "bpm_histogram_second_peak_bpm": {
        "mean": 98,
        "var": 0
    },
    "bpm_histogram_second_peak_spread": {
        "mean": 0.374999970198,
        "var": 0
    },
    "bpm_histogram_second_peak_weight": {
        "mean": 0.18292683363,
        "var": 0
    },
    "danceability": 1.1143604517,
    "onset_rate": 0.133023649454,
    "beats_loudness_band_ratio": {
        "mean": [0.235546022654, 0.666322410107, 0.0920525938272, 0.0177650321275, 0.00405126390979, 0.000499150890391],
        "var": [0.0224834047258, 0.0254812408239, 0.00299747777171, 0.00014564236335, 1.02894928204e-005, 1.91549403894e-007]
    },
    "beats_position": [0.46439909935, 0.9287981987, 1.39319729805, 1.8575963974, 2.31038546562, 2.76317453384, 3.21596360207, 3.66875267029, 4.13315200806, 4.59755086899, 5.06195020676, 5.52634906769, 5.99074840546, 6.43192720413, 6.87310647964, 7.31428575516, 7.81351470947, 8.31274318695, 8.80036258698, 9.287981987, 9.77560043335, 10.2748298645, 10.7624483109, 11.261677742, 11.7725172043, 12.3994560242, 13.0263938904, 13.6533327103, 14.2802715302, 14.8839902878, 15.4877090454, 16.1030387878, 16.7183666229, 17.3220863342, 17.9258041382, 18.5411338806, 19.1564617157, 19.8298416138, 20.4916095734, 21.1069393158, 21.733877182, 22.3375968933, 22.9413146973, 23.5682544708, 24.195192337, 24.8105201721, 25.4258499146, 26.0411777496, 26.6565074921, 27.2486171722, 27.8407249451, 28.3631744385, 28.8856239319, 29.4080715179, 29.8840808868, 30.3717002869, 30.8593196869, 31.3469390869, 31.8345565796, 32.2989578247, 32.7633552551, 33.239364624, 33.6921539307, 34.2726516724, 34.8299331665, 35.3755989075, 35.9212684631, 36.4669380188, 37.0242156982, 37.5698852539, 38.1039466858, 38.6612243652, 39.2068939209, 39.7641716003, 40.2750091553, 40.7858505249, 41.2966880798, 41.8075294495, 42.3183670044, 42.8175964355, 43.3284339905, 43.8276634216, 44.3268928528]
},
"tonal": {
    "chords_changes_rate": 0.0442386828363,
    "chords_number_rate": 0.00720164598897,
    "chords_strength": {
        "mean": 0.513665676117,
        "var": 0.00747126108035
    },
    "hpcp_entropy": {
        "mean": 2.23384833336,
        "var": 0.276246905327
    },
    "key_strength": 0.856287062168,
    "tuning_diatonic_strength": 0.636988282204,
    "tuning_equal_tempered_deviation": 0.192726910114,
    "tuning_frequency": 436.960693359,
    "tuning_nontempered_energy_ratio": 0.890344262123,
    "hpcp": {
        "mean": [0.0250470135361, 0.0775674954057, 0.316495209932, 0.622622847557, 0.438204109669, 0.082772128284, 0.00651904894039, 0.00759724294767, 0.0940962731838, 0.261549085379, 0.201195284724, 0.0274535790086, 0.00106874480844, 0.00199988647364, 0.0179799608886, 0.124913908541, 0.32315993309, 0.493508070707, 0.508902072906, 0.252537965775, 0.0233417730778, 0.0039988909848, 0.0282150562853, 0.154295161366, 0.318482130766, 0.224865868688, 0.037574633956, 0.00348053895868, 0.00176462542731, 0.00246757548302, 0.0097934845835, 0.00988000817597, 0.00311410729773, 0.0020546161104, 0.00207570730709, 0.00346407503821],
        "var": [0.000968913140241, 0.00866894051433, 0.0627068579197, 0.113333694637, 0.0850905030966, 0.0137843824923, 0.000873440236319, 0.000802504655439, 0.0165721867234, 0.0908611938357, 0.0571557581425, 0.00155321019702, 2.89386189252e-005, 8.37785628391e-005, 0.00223310338333, 0.0206860918552, 0.072708144784, 0.103606849909, 0.139406099916, 0.0667097717524, 0.00264967302792, 0.000498896581121, 0.00723829632625, 0.0415543057024, 0.114282421768, 0.0566956102848, 0.00244934437796, 0.00103040644899, 0.000199268193683, 1.15490747703e-005, 0.000155778005137, 0.000153436572873, 1.8239590645e-005, 2.13421317312e-005, 1.85535973287e-005, 5.51198099856e-005]
    },
    "chords_histogram": [2.05761313438, 0, 65.740737915, 2.88065838814, 4.32098770142, 0, 0, 0, 0, 0, 0, 0, 0, 0, 0, 0, 0, 15.4320983887, 0, 0, 0, 0, 2.88065838814, 6.68724298477],
    "thpcp": [1, 0.703803479671, 0.132941037416, 0.0104703018442, 0.0122019983828, 0.151128843427, 0.420076280832, 0.323141515255, 0.0440934337676, 0.00171652040444, 0.00321203516796, 0.0288777723908, 0.200625315309, 0.519029974937, 0.792627632618, 0.817352056503, 0.405603438616, 0.037489425391, 0.00642265379429, 0.0453164502978, 0.247814804316, 0.511516928673, 0.361159026623, 0.0603489466012, 0.00559012405574, 0.00283418036997, 0.0039631947875, 0.0157294012606, 0.0158683676273, 0.00500159477815, 0.00329993688501, 0.00333381164819, 0.00556368101388, 0.0402282290161, 0.124581836164, 0.508325695992],
    "chords_key": "A#",
    "chords_scale": "major",
    "key_key": "D#",
    "key_scale": "major"
}
}