{
"lowlevel": {
    "average_loudness": 0.922759711742,
    "barkbands_crest": {
        "mean": 14.6997032166,
        "var": 29.9300003052
    },
    "barkbands_flatness_db": {
        "mean": 0.172087147832,
        "var": 0.00240411865525
    },
    "barkbands_kurtosis": {
        "mean": 9.92168331146,
        "var": 535.908569336
    },
    "barkbands_skewness": {
        "mean": 2.42716908455,
        "var": 3.82091832161
    },
    "barkbands_spread": {
        "mean": 25.4099273682,
        "var": 271.587158203
    },
    "dissonance": {
        "mean": 0.48057448864,
        "var": 0.000250662968028
    },
    "dynamic_complexity": 3.5934586525,
    "erbbands_crest": {
        "mean": 7.98408699036,
        "var": 12.1462984085
    },
    "erbbands_flatness_db": {
        "mean": 0.142242506146,
        "var": 0.00115826446563
    },
    "erbbands_kurtosis": {
        "mean": 1.43511343002,
        "var": 12.3684663773
    },
    "erbbands_skewness": {
        "mean": -0.736922979355,
        "var": 0.846554875374
    },
    "erbbands_spread": {
        "mean": 43.1643829346,
        "var": 438.709533691
    },
    "hfc": {
        "mean": 17.2008571625,
        "var": 406.191131592
    },
    "melbands_crest": {
        "mean": 19.2193107605,
        "var": 19.6096382141
    },
    "melbands_flatness_db": {
        "mean": 0.24527387321,
        "var": 0.0042966986075
    },
    "melbands_kurtosis": {
        "mean": 37.9693984985,
        "var": 3374.90551758
    },
    "melbands_skewness": {
        "mean": 4.72222661972,
        "var": 7.84476232529
    },
    "melbands_spread": {
        "mean": 21.623052597,
        "var": 471.681335449
    },
    "pitch_salience": {
        "mean": 0.373857587576,
        "var": 0.0203355420381
    },
    "silence_rate_20dB": {
        "mean": 1,
        "var": 0
    },
    "silence_rate_30dB": {
        "mean": 0.874421000481,
        "var": 0.109811604023
    },
    "silence_rate_60dB": {
        "mean": 0.0514668039978,
        "var": 0.0488165654242
    },
    "spectral_centroid": {
        "mean": 1805.7265625,
        "var": 745090.5625
    },
    "spectral_complexity": {
        "mean": 16.7380332947,
        "var": 89.464630127
    },
    "spectral_decrease": {
        "mean": -1.16466223332e-008,
        "var": 2.22965091511e-016
    },
    "spectral_energy": {
        "mean": 0.0455172732472,
        "var": 0.00330721237697
    },
    "spectral_energyband_high": {
        "mean": 0.000635691685602,
        "var": 8.99219514849e-007
    },
    "spectral_energyband_low": {
        "mean": 0.036932952702,
        "var": 0.00273513630964
    },
    "spectral_energyband_middle_high": {
        "mean": 0.00393178453669,
        "var": 2.73508976534e-005
    },
    "spectral_energyband_middle_low": {
        "mean": 0.0047075394541,
        "var": 4.12782901549e-005
    },
    "spectral_entropy": {
        "mean": 7.50159645081,
        "var": 0.0786782279611
    },
    "spectral_flux": {
        "mean": 0.104649886489,
        "var": 0.00570919830352
    },
    "spectral_kurtosis": {
        "mean": 4.36256361008,
        "var": 4.18737792969
    },
    "spectral_rms": {
        "mean": 0.00564029673114,
        "var": 1.25940669022e-005
    },
    "spectral_rolloff": {
        "mean": 1165.63305664,
        "var": 1946666.375
    },
    "spectral_skewness": {
        "mean": 1.26551783085,
        "var": 0.10161319375
    },
    "spectral_spread": {
        "mean": 3767409,
        "var": 3.1227772928e+012
    },
    "spectral_strongpeak": {
        "mean": 0.515787363052,
        "var": 0.414963364601
    },
    "zerocrossingrate": {
        "mean": 0.0472331047058,
        "var": 0.00106697529554
    },
    "barkbands": {
        "mean": [0.000125781312818, 0.0283625144511, 0.00779603421688, 0.00116681621876, 0.00162954360712, 0.000653068185784, 0.0004101745144, 0.000362906808732, 0.000426820508437, 0.000139882686199, 0.000206878670724, 0.000217402994167, 0.000342774903402, 0.000394166185288, 0.000226751610171, 0.000243257745751, 0.000996369402856, 0.00065952091245, 0.000342229905073, 0.00027011858765, 0.000249392614933, 0.000136514892802, 5.14776766067e-005, 4.50281695521e-005, 1.24667722048e-005, 4.90184793307e-005, 3.5323978409e-007],
        "var": [1.14832324982e-007, 0.00203604064882, 0.000150190346176, 3.58140846402e-006, 9.84014877758e-006, 9.00855127384e-007, 5.96006657361e-007, 6.19827346782e-007, 3.70467034827e-007, 6.15527184777e-008, 1.15481078922e-007, 1.1232535968e-007, 2.26558995564e-007, 3.93519428599e-007, 1.35211294605e-007, 1.30889773686e-007, 3.7699837776e-006, 1.61480420502e-006, 6.31472232726e-007, 2.34962541867e-007, 1.68982168702e-007, 5.84077248789e-008, 1.02957260495e-008, 7.78429765091e-009, 7.3253492161e-010, 2.47629898809e-008, 3.32012694247e-012]
    },
    "erbbands": {
        "mean": [0.514648377895, 7.37062168121, 11.8644800186, 5.23444080353, 5.05836296082, 5.30191087723, 5.13648033142, 4.64996051788, 6.14109325409, 6.12144184113, 8.80933094025, 8.63856506348, 5.81455373764, 5.56679058075, 9.0648727417, 8.23774719238, 12.3325119019, 17.1784858704, 16.5347061157, 13.2184677124, 17.4326610565, 61.042263031, 45.1199226379, 22.553735733, 15.1416749954, 11.300737381, 11.1791305542, 7.84971380234, 5.624812603, 2.18311834335, 1.67284071445, 0.795367002487, 0.797478199005, 0.216595053673, 0.0902134180069, 0.0940088704228, 0.0696564763784, 0.0293124075979, 0.000473549764138, 6.48216009722e-005],
        "var": [0.688279569149, 134.793502808, 292.462463379, 57.1024856567, 79.4819107056, 122.183265686, 52.7768058777, 49.7053909302, 143.868438721, 121.815818787, 297.562683105, 169.894836426, 66.5652694702, 78.709854126, 156.737380981, 142.788803101, 257.348999023, 603.294921875, 636.471130371, 489.18637085, 713.881408691, 12883.0693359, 7558.74316406, 2520.82446289, 1014.18658447, 459.667144775, 346.468658447, 187.874526978, 89.986907959, 21.9987068176, 11.2111444473, 3.44671368599, 2.4678132534, 0.176029980183, 0.0435739383101, 0.051980279386, 0.0469027385116, 0.0137165281922, 3.07501818497e-006, 8.10549671826e-009]
    },
    "gfcc": {
        "mean": [-20.7965431213, 91.4537506104, -112.946685791, 61.1521339417, -27.2333602905, 15.1270847321, -22.856262207, 12.9498806, -14.6082696915, 4.26319885254, -15.5482282639, 6.12889575958, -15.3225250244],
        "cov": [[9503.171875, 40.4560394287, -139.628479004, -26.8360271454, 20.5245170593, 146.855957031, 16.401632309, 40.331325531, -93.3160629272, 109.773834229, -109.086486816, 80.5787353516, -67.539100647], [40.4560394287, 1146.5949707, -180.230636597, -275.685180664, -215.63621521, -124.336769104, -3.166492939, -161.239517212, 3.86100697517, -138.619354248, 30.2491722107, -171.075942993, 54.516746521], [-139.628479004, -180.230636597, 743.023254395, 5.36841392517, -2.30881381035, 6.66255187988, 2.39584589005, 74.0380859375, -1.16260790825, 2.04536747932, 13.6411476135, -3.16564822197, -71.8761520386], [-26.8360271454, -275.685180664, 5.36841392517, 304.656402588, 127.676696777, 31.0478439331, 10.1063222885, 55.9106292725, 29.3830833435, -0.310107350349, 42.6186294556, 26.5212497711, -14.7043819427], [20.5245170593, -215.63621521, -2.30881381035, 127.676696777, 198.347946167, 54.9908180237, 45.7205200195, 22.0916728973, 24.936668396, 30.9225234985, 7.5942864418, 52.6000366211, 9.96616458893], [146.855957031, -124.336769104, 6.66255187988, 31.0478439331, 54.9908180237, 115.408599854, 29.2946853638, -3.88457798958, 11.4614696503, 39.1996154785, -14.6599435806, 28.4527435303, 26.1513195038], [16.401632309, -3.166492939, 2.39584589005, 10.1063222885, 45.7205200195, 29.2946853638, 78.3431854248, 1.89006733894, 15.4136447906, 9.23351383209, -1.90519142151, 10.5207233429, 11.6946792603], [40.331325531, -161.239517212, 74.0380859375, 55.9106292725, 22.0916728973, -3.88457798958, 1.89006733894, 100.538993835, 5.91127109528, 1.46679794788, 15.5495986938, 10.8677301407, -34.021648407], [-93.3160629272, 3.86100697517, -1.16260790825, 29.3830833435, 24.936668396, 11.4614696503, 15.4136447906, 5.91127109528, 59.0110206604, 10.7689199448, 8.95856761932, 7.06538105011, 7.9431438446], [109.773834229, -138.619354248, 2.04536747932, -0.310107350349, 30.9225234985, 39.1996154785, 9.23351383209, 1.46679794788, 10.7689199448, 84.0819778442, -12.3781080246, 33.6817321777, 15.6694316864], [-109.086486816, 30.2491722107, 13.6411476135, 42.6186294556, 7.5942864418, -14.6599435806, -1.90519142151, 15.5495986938, 8.95856761932, -12.3781080246, 65.1106567383, -5.7357583046, -13.3322000504], [80.5787353516, -171.075942993, -3.16564822197, 26.5212497711, 52.6000366211, 28.4527435303, 10.5207233429, 10.8677301407, 7.06538105011, 33.6817321777, -5.7357583046, 84.2667541504, 18.1877803802], [-67.539100647, 54.516746521, -71.8761520386, -14.7043819427, 9.96616458893, 26.1513195038, 11.6946792603, -34.021648407, 7.9431438446, 15.6694316864, -13.3322000504, 18.1877803802, 75.5217285156]],
        "icov": [[0.000130298736622, -0.000241976289544, 3.27002526319e-005, -0.000165521385497, 3.9769211071e-006, -0.000280688807834, 5.75280937483e-005, -0.000259354070295, 0.000364068429917, -0.000358027784387, 0.000372579466784, -0.000405403436162, 0.000460420560557], [-0.000241976289544, 0.00398503337055, 0.000239925837377, 0.00262290192768, 0.000721789256204, 0.00199853279628, -0.00154431862757, 0.00365415937267, -0.00293927988969, 0.00424369191751, -0.00366969383322, 0.00520670041442, -0.00372912874445], [3.27002526319e-005, 0.000239925837377, 0.00159753917251, 0.000391462468542, 0.000148530190927, -0.000420580618083, -0.000214324449189, -0.000629298738204, -0.000161615214893, 0.000154927605763, -0.000297202117508, 0.000220578236622, 0.00120768963825], [-0.000165521385497, 0.00262290192768, 0.000391462468542, 0.00740557909012, -0.00304746208712, 0.000168902566656, 0.000739093869925, 0.000318156526191, -0.00323171494529, 0.00414351793006, -0.00496990419924, 0.00361354649067, -0.00212181941606], [3.9769211071e-006, 0.000721789256204, 0.000148530190927, -0.00304746208712, 0.00992991030216, -0.00116769783199, -0.00437076250091, 0.00102773273829, -0.00102545518894, -0.000277296814602, -0.000307571463054, -0.00279947347008, 4.95657586725e-005], [-0.000280688807834, 0.00199853279628, -0.000420580618083, 0.000168902566656, -0.00116769783199, 0.0140863098204, -0.00354597670957, 0.00251535209827, -0.00151729001664, -0.00188686791807, 0.000198093504878, 0.00233904109336, -0.00507976254448], [5.75280937483e-005, -0.00154431862757, -0.000214324449189, 0.000739093869925, -0.00437076250091, -0.00354597670957, 0.0171089041978, -0.00222550122999, -0.0018880974967, -0.000385636842111, 0.00121720286552, -0.000955285446253, -1.7535261577e-005], [-0.000259354070295, 0.00365415937267, -0.000629298738204, 0.000318156526191, 0.00102773273829, 0.00251535209827, -0.00222550122999, 0.0173957068473, -0.00341902347282, 0.00325283268467, -0.0042494838126, 0.00232096365653, 0.00214337930083], [0.000364068429917, -0.00293927988969, -0.000161615214893, -0.00323171494529, -0.00102545518894, -0.00151729001664, -0.0018880974967, -0.00341902347282, 0.0221237801015, -0.00559716066346, 0.000428026367445, -0.00322894658893, 0.000764772179537], [-0.000358027784387, 0.00424369191751, 0.000154927605763, 0.00414351793006, -0.000277296814602, -0.00188686791807, -0.000385636842111, 0.00325283268467, -0.00559716066346, 0.0211700722575, -0.00258129648864, 0.000944885367062, -0.00470128376037], [0.000372579466784, -0.00366969383322, -0.000297202117508, -0.00496990419924, -0.000307571463054, 0.000198093504878, 0.00121720286552, -0.0042494838126, 0.000428026367445, -0.00258129648864, 0.0222395732999, -0.0043138996698, 0.00505640311167], [-0.000405403436162, 0.00520670041442, 0.000220578236622, 0.00361354649067, -0.00279947347008, 0.00233904109336, -0.000955285446253, 0.00232096365653, -0.00322894658893, 0.000944885367062, -0.0043138996698, 0.0239830724895, -0.00884842500091], [0.000460420560557, -0.00372912874445, 0.00120768963825, -0.00212181941606, 4.95657586725e-005, -0.00507976254448, -1.7535261577e-005, 0.00214337930083, 0.000764772179537, -0.00470128376037, 0.00505640311167, -0.00884842500091, 0.0237205009907]]
    },
    "melbands": {
        "mean": [0.00669114477932, 0.00781254563481, 0.000941430509556, 0.000411797809647, 0.000179625916644, 0.000112075664219, 8.8775967015e-005, 7.16538706911e-005, 7.74006912252e-005, 5.2156894526e-005, 2.86288523057e-005, 2.15005820792e-005, 3.02703501802e-005, 2.71883200185e-005, 2.2999207431e-005, 3.07990885631e-005, 3.26836998283e-005, 3.13832824759e-005, 1.72979671333e-005, 1.69113409356e-005, 1.83041138371e-005, 5.96508507442e-005, 5.26591575181e-005, 3.39594844263e-005, 1.64716802828e-005, 1.16968367365e-005, 1.16531118692e-005, 5.93809181737e-006, 7.12524706614e-006, 5.85715315538e-006, 4.31683656643e-006, 3.70783550352e-006, 1.83559370726e-006, 8.94383333616e-007, 1.01845898826e-006, 6.65919515086e-007, 4.10791272998e-007, 4.92197671065e-007, 5.00912676671e-007, 1.0137145523e-007],
        "var": [0.000113391317427, 0.000122797922813, 1.77847346094e-006, 6.83631697029e-007, 6.63280772528e-008, 2.69657949303e-008, 2.88142523175e-008, 1.85550348419e-008, 2.00959320296e-008, 5.71307490205e-009, 1.6552558213e-009, 1.24194510231e-009, 2.03764116691e-009, 1.98577376764e-009, 9.31260846215e-010, 2.42029241093e-009, 2.34401409394e-009, 2.63965915792e-009, 7.9458112312e-010, 5.771093603e-010, 1.02838693117e-009, 1.23835945942e-008, 1.26769510445e-008, 3.5103879803e-009, 1.77719294836e-009, 6.4896427121e-010, 5.6334042986e-010, 1.38348124623e-010, 1.49804321725e-010, 1.15122841815e-010, 7.86386372686e-011, 4.37693596644e-011, 1.52579511525e-011, 3.99438945461e-012, 4.01904247729e-012, 2.66007138192e-012, 8.99360772487e-013, 8.62323613123e-013, 1.14773392613e-012, 6.15937151543e-014]
    },
    "mfcc": {
        "mean": [-663.198791504, 116.541030884, -10.8763771057, 52.8759651184, 17.9177742004, 18.8987464905, 6.33905506134, 16.0876235962, 6.87370300293, 3.23400402069, 6.6854557991, 10.787191391, -5.13348388672],
        "cov": [[7152.75537109, 176.999237061, -200.270828247, -35.5193443298, -55.9132499695, 125.04397583, 54.5014457703, -1.29852449894, 62.7927474976, -36.5795783997, 48.6430473328, 89.5805740356, -110.724891663], [176.999237061, 1023.48529053, 44.7991600037, -213.364883423, -202.096511841, -74.1138305664, -64.8320159912, -113.382568359, -25.8498401642, -48.4717559814, -68.6199798584, 0.697299540043, -59.0553436279], [-200.270828247, 44.7991600037, 562.778503418, -2.04736638069, 32.741065979, -84.4083328247, 30.8903083801, 21.5328388214, -46.0421638489, 50.7354888916, -5.07271385193, 7.2246761322, 52.3707237244], [-35.5193443298, -213.364883423, -2.04736638069, 231.836456299, 101.786880493, 3.16878128052, 31.7782382965, 74.8672332764, -29.3869724274, 48.5382728577, 19.2653160095, -4.55392503738, 47.6576805115], [-55.9132499695, -202.096511841, 32.741065979, 101.786880493, 147.300140381, 33.5380477905, 30.0816383362, 47.652256012, 4.57412528992, 24.2539768219, 19.4242019653, 6.20372438431, 27.4197807312], [125.04397583, -74.1138305664, -84.4083328247, 3.16878128052, 33.5380477905, 181.944900513, 8.93439292908, -10.3035268784, 73.5911331177, -28.5682106018, 14.3525400162, 11.9258937836, -36.0821495056], [54.5014457703, -64.8320159912, 30.8903083801, 31.7782382965, 30.0816383362, 8.93439292908, 79.0194168091, 25.853181839, -0.514070868492, 15.1731138229, 9.95971488953, 4.15072822571, 11.4487686157], [-1.29852449894, -113.382568359, 21.5328388214, 74.8672332764, 47.652256012, -10.3035268784, 25.853181839, 101.314567566, -18.766872406, 28.1518211365, 13.7535676956, 0.572534680367, 26.0655727386], [62.7927474976, -25.8498401642, -46.0421638489, -29.3869724274, 4.57412528992, 73.5911331177, -0.514070868492, -18.766872406, 113.826095581, -29.2971897125, 8.29382419586, 12.6438789368, -33.2966957092], [-36.5795783997, -48.4717559814, 50.7354888916, 48.5382728577, 24.2539768219, -28.5682106018, 15.1731138229, 28.1518211365, -29.2971897125, 84.6444549561, 8.23159503937, -2.62326979637, 26.6454105377], [48.6430473328, -68.6199798584, -5.07271385193, 19.2653160095, 19.4242019653, 14.3525400162, 9.95971488953, 13.7535676956, 8.29382419586, 8.23159503937, 58.2664337158, 2.93596816063, 1.08281481266], [89.5805740356, 0.697299540043, 7.2246761322, -4.55392503738, 6.20372438431, 11.9258937836, 4.15072822571, 0.572534680367, 12.6438789368, -2.62326979637, 2.93596816063, 49.9670524597, -0.583119094372], [-110.724891663, -59.0553436279, 52.3707237244, 47.6576805115, 27.4197807312, -36.0821495056, 11.4487686157, 26.0655727386, -33.2966957092, 26.6454105377, 1.08281481266, -0.583119094372, 78.5037689209]],
        "icov": [[0.000150865933392, -3.60100457328e-005, 4.13908019254e-005, -3.25271284964e-005, 7.23296834622e-005, -5.99388076807e-005, -0.000137233524583, -4.86204153276e-005, 3.29773865815e-005, -1.72209354332e-006, -0.000122983794427, -0.000260795932263, 0.000175507972017], [-3.60100457328e-005, 0.00155727914535, -0.000228437915212, 0.000464217824629, 0.00132344523445, 0.000197809786187, 0.000299195555272, 0.000566007394809, 0.000455792876892, 7.98995315563e-005, 0.000944184954278, -0.000285026006168, 0.000539430358913], [4.13908019254e-005, -0.000228437915212, 0.0022004886996, 0.000705500249751, -0.000977070303634, 0.000781985872891, -0.000759983784519, -4.22593657277e-005, 8.79885919858e-005, -0.000861345441081, 7.34039495001e-005, -0.000408418622101, -0.000858544954099], [-3.25271284964e-005, 0.000464217824629, 0.000705500249751, 0.00822038482875, -0.00360241113231, -0.000341513426974, -0.000265204405878, -0.00270885042846, 0.00130344054196, -0.00194165296853, -3.05993780785e-005, 0.000828725867905, -0.00189987686463], [7.23296834622e-005, 0.00132344523445, -0.000977070303634, -0.00360241113231, 0.0128617696464, -0.00219954317436, -0.00101846468169, -0.00135407445487, -0.000617828336544, -0.000191957617062, -0.000453320128145, -0.00114769558422, -0.00116801832337], [-5.99388076807e-005, 0.000197809786187, 0.000781985872891, -0.000341513426974, -0.00219954317436, 0.00888551026583, -0.000895058969036, 0.000876969657838, -0.00410785572603, 0.00121118058451, -0.000641443883069, -0.000655358715449, 0.00229208730161], [-0.000137233524583, 0.000299195555272, -0.000759983784519, -0.000265204405878, -0.00101846468169, -0.000895058969036, 0.015033907257, -0.00225669960491, -0.000238584558247, -0.00109475513455, -0.000764459837228, -0.000513629231136, -0.000522253802046], [-4.86204153276e-005, 0.000566007394809, -4.22593657277e-005, -0.00270885042846, -0.00135407445487, 0.000876969657838, -0.00225669960491, 0.0147033389658, 0.000910366419703, -0.0012443959713, -0.00116763857659, -0.000420427619247, -0.000825455586892], [3.29773865815e-005, 0.000455792876892, 8.79885919858e-005, 0.00130344054196, -0.000617828336544, -0.00410785572603, -0.000238584558247, 0.000910366419703, 0.0136845828965, 0.0019082929939, -0.00103003135882, -0.0021628276445, 0.00275429384783], [-1.72209354332e-006, 7.98995315563e-005, -0.000861345441081, -0.00194165296853, -0.000191957617062, 0.00121118058451, -0.00109475513455, -0.0012443959713, 0.0019082929939, 0.0158710237592, -0.00158685981296, 0.000215046820813, -0.00154641864356], [-0.000122983794427, 0.000944184954278, 7.34039495001e-005, -3.05993780785e-005, -0.000453320128145, -0.000641443883069, -0.000764459837228, -0.00116763857659, -0.00103003135882, -0.00158685981296, 0.01949108392, -0.000479607027955, 0.000698430405464], [-0.000260795932263, -0.000285026006168, -0.000408418622101, 0.000828725867905, -0.00114769558422, -0.000655358715449, -0.000513629231136, -0.000420427619247, -0.0021628276445, 0.000215046820813, -0.000479607027955, 0.0215370245278, -0.0013224844588], [0.000175507972017, 0.000539430358913, -0.000858544954099, -0.00189987686463, -0.00116801832337, 0.00229208730161, -0.000522253802046, -0.000825455586892, 0.00275429384783, -0.00154641864356, 0.000698430405464, -0.0013224844588, 0.0186030231416]]
    },
    "spectral_contrast_coeffs": {
        "mean": [-0.691724002361, -0.776612281799, -0.802280128002, -0.771401762962, -0.751184344292, -0.682526171207],
        "var": [0.00382606382482, 0.00362935825251, 0.00302594667301, 0.00296447402798, 0.00247937929817, 0.00301268836483]
    },
    "spectral_contrast_valleys": {
        "mean": [-6.93630313873, -7.22211503983, -7.832508564, -7.98963356018, -7.6886844635, -11.2781772614],
        "var": [1.62888026237, 1.72363638878, 1.4882581234, 1.36038720608, 1.37046122551, 1.40353274345]
    }
},
"metadata": {
    "audio_properties": {
        "analysis_sample_rate": 44100,
        "bit_rate": 109924,
        "equal_loudness": 0,
        "length": 45.0873451233,
        "lossless": 0,
        "replay_gain": -11.3283519745,
        "sample_rate": 44100,
        "codec": "mp3",
        "downmix": "mix",
        "md5_encoded": "89008d928c9adafa070a4f0f565f0f70"
    },
    "tags": {
        "file_name": "949.mp3"
    },
    "version": {
        "essentia": "2.1-beta2",
        "essentia_git_sha": "v2.1_beta2",
        "extractor": "music 1.0"
    }
},
"rhythm": {
    "beats_count": 88,
    "beats_loudness": {
        "mean": 0.0900434032083,
        "var": 0.00367466639727
    },
    "bpm": 117.617240906,
    "bpm_histogram_first_peak_bpm": {
        "mean": 117,
        "var": 0
    },
    "bpm_histogram_first_peak_spread": {
        "mean": 0.435897409916,
        "var": 0
    },
    "bpm_histogram_first_peak_weight": {
        "mean": 0.505747139454,
        "var": 0
    },
    "bpm_histogram_second_peak_bpm": {
        "mean": 112,
        "var": 0
    },
    "bpm_histogram_second_peak_spread": {
        "mean": 0,
        "var": 0
    },
    "bpm_histogram_second_peak_weight": {
        "mean": 0.045977011323,
        "var": 0
    },
    "danceability": 1.60504424572,
    "onset_rate": 3.68032097816,
    "beats_loudness_band_ratio": {
        "mean": [0.838160276413, 0.0308876745403, 0.0172019507736, 0.0213786344975, 0.0656099840999, 0.0393801145256],
        "var": [0.0112010007724, 0.000630885188002, 0.000446418503998, 0.000480449263705, 0.00414461409673, 0.00111256644595]
    },
    "beats_position": [0.46439909935, 0.9287981987, 1.38158726692, 1.84598636627, 2.34521532059, 2.8444442749, 3.36689329147, 3.87773227692, 4.38857126236, 4.8994102478, 5.42185926437, 5.93269824982, 6.44353723526, 6.94276618958, 7.45360517502, 7.95283412933, 8.47528362274, 8.99773216248, 9.52018165588, 10.0310201645, 10.5418596268, 11.0526981354, 11.5751476288, 12.0743761063, 12.5852155685, 13.084444046, 13.5836734772, 14.0712919235, 14.5821313858, 15.0929698944, 15.6038093567, 16.0914287567, 16.5906581879, 17.0898857117, 17.6123352051, 18.1347846985, 18.6572322845, 19.179681778, 19.6905212402, 20.2013607025, 20.7121982574, 21.2114276886, 21.733877182, 22.2447166443, 22.7671642303, 23.2780036926, 23.7772331238, 24.2764625549, 24.7989120483, 25.3097496033, 25.8205890656, 26.3314285278, 26.865486145, 27.3995456696, 27.9103851318, 28.4212245941, 28.932062149, 29.4429016113, 29.9537410736, 30.4645805359, 30.9754180908, 31.4862575531, 31.9854869843, 32.4847145081, 32.9955558777, 33.5063934326, 34.0404510498, 34.5629005432, 35.0853500366, 35.5961914063, 36.1070289612, 36.6178665161, 37.1287078857, 37.6395454407, 38.1503829956, 38.6612243652, 39.1720619202, 39.6712913513, 40.1705207825, 40.6697502136, 41.1805877686, 41.6798171997, 42.2138786316, 42.7247161865, 43.2355537415, 43.7463951111, 44.257232666, 44.7564620972]
},
"tonal": {
    "chords_changes_rate": 0.0555555559695,
    "chords_number_rate": 0.00617283955216,
    "chords_strength": {
        "mean": 0.494048625231,
        "var": 0.0114492289722
    },
    "hpcp_entropy": {
        "mean": 2.32007932663,
        "var": 0.417808383703
    },
    "key_strength": 0.615850627422,
    "tuning_diatonic_strength": 0.626971065998,
    "tuning_equal_tempered_deviation": 0.187201246619,
    "tuning_frequency": 444.598632813,
    "tuning_nontempered_energy_ratio": 0.92212831974,
    "hpcp": {
        "mean": [0.0402049571276, 0.0289442427456, 0.0289840623736, 0.0481128655374, 0.0615431703627, 0.0425155796111, 0.0370536372066, 0.0608412772417, 0.101966224611, 0.154270529747, 0.163929119706, 0.143995434046, 0.164617180824, 0.2173101753, 0.235199585557, 0.207401871681, 0.153432279825, 0.12307010591, 0.170635253191, 0.173149645329, 0.0953124538064, 0.0514339990914, 0.0449329912663, 0.0489637739956, 0.069963991642, 0.0779481977224, 0.0527305863798, 0.0425224043429, 0.0502825975418, 0.0566672869027, 0.0784262567759, 0.0927130058408, 0.130706697702, 0.219334870577, 0.207930803299, 0.098656706512],
        "var": [0.0142359156162, 0.00884010922164, 0.00975858140737, 0.0106365373358, 0.0142597248778, 0.00951568223536, 0.0149218868464, 0.0292657408863, 0.0501460507512, 0.0729320496321, 0.0764476954937, 0.0679681524634, 0.0784329846501, 0.110757857561, 0.123891532421, 0.107712313533, 0.0757004693151, 0.0489964671433, 0.0577439516783, 0.0573140010238, 0.0302501413971, 0.019495267421, 0.018485782668, 0.0250071249902, 0.0283781215549, 0.0294213090092, 0.00984799675643, 0.0119006345049, 0.0217097047716, 0.023397738114, 0.0328186228871, 0.0399831756949, 0.0546347871423, 0.100566871464, 0.0942327529192, 0.038934994489]
    },
    "chords_histogram": [5.76131677628, 0, 74.7942352295, 12.8600826263, 0, 0, 1.02880656719, 0, 0, 0, 0, 0, 0, 0.102880656719, 0.102880656719, 0, 0, 0, 0, 0.102880656719, 0, 2.46913576126, 0, 2.77777767181],
    "thpcp": [1, 0.881812214851, 0.652349293232, 0.523258149624, 0.725491285324, 0.736181735992, 0.405240744352, 0.218682348728, 0.191041961312, 0.208179682493, 0.297466486692, 0.331413000822, 0.224195063114, 0.180792853236, 0.213786929846, 0.240932762623, 0.333445549011, 0.394188642502, 0.555726706982, 0.932547867298, 0.884061098099, 0.41945952177, 0.170939743519, 0.123062476516, 0.123231776059, 0.204561859369, 0.261663585901, 0.180763840675, 0.157541245222, 0.258679360151, 0.433530628681, 0.655913293362, 0.696978807449, 0.612226545811, 0.699904203415, 0.923939466476],
    "chords_key": "G#",
    "chords_scale": "major",
    "key_key": "C#",
    "key_scale": "major"
}
}