{
"lowlevel": {
    "average_loudness": 0.418832093477,
    "barkbands_crest": {
        "mean": 11.9921522141,
        "var": 13.3747177124
    },
    "barkbands_flatness_db": {
        "mean": 0.231095165014,
        "var": 0.00348843517713
    },
    "barkbands_kurtosis": {
        "mean": 11.3388519287,
        "var": 100.790039063
    },
    "barkbands_skewness": {
        "mean": 2.61958599091,
        "var": 0.965330779552
    },
    "barkbands_spread": {
        "mean": 7.81361436844,
        "var": 43.9902305603
    },
    "dissonance": {
        "mean": 0.423559457064,
        "var": 0.00145279639401
    },
    "dynamic_complexity": 3.26539707184,
    "erbbands_crest": {
        "mean": 9.87139225006,
        "var": 10.0074138641
    },
    "erbbands_flatness_db": {
        "mean": 0.217995136976,
        "var": 0.00225948076695
    },
    "erbbands_kurtosis": {
        "mean": 0.973043322563,
        "var": 3.56322574615
    },
    "erbbands_skewness": {
        "mean": 0.980884850025,
        "var": 0.310249388218
    },
    "erbbands_spread": {
        "mean": 28.7394485474,
        "var": 172.928436279
    },
    "hfc": {
        "mean": 8.29248046875,
        "var": 78.0048446655
    },
    "melbands_crest": {
        "mean": 15.3537807465,
        "var": 17.8328037262
    },
    "melbands_flatness_db": {
        "mean": 0.302612990141,
        "var": 0.00492510711774
    },
    "melbands_kurtosis": {
        "mean": 18.6441745758,
        "var": 222.315353394
    },
    "melbands_skewness": {
        "mean": 3.20110106468,
        "var": 1.25596833229
    },
    "melbands_spread": {
        "mean": 8.13064575195,
        "var": 59.4516067505
    },
    "pitch_salience": {
        "mean": 0.517905056477,
        "var": 0.00955838058144
    },
    "silence_rate_20dB": {
        "mean": 1,
        "var": 0
    },
    "silence_rate_30dB": {
        "mean": 0.977869272232,
        "var": 0.0216405373067
    },
    "silence_rate_60dB": {
        "mean": 0.0545548126101,
        "var": 0.0515781193972
    },
    "spectral_centroid": {
        "mean": 529.484008789,
        "var": 241328.703125
    },
    "spectral_complexity": {
        "mean": 10.7704582214,
        "var": 17.4419384003
    },
    "spectral_decrease": {
        "mean": -6.07921935014e-009,
        "var": 5.05350642767e-017
    },
    "spectral_energy": {
        "mean": 0.0236964840442,
        "var": 0.000758330861572
    },
    "spectral_energyband_high": {
        "mean": 0.000112163594167,
        "var": 7.76272841563e-008
    },
    "spectral_energyband_low": {
        "mean": 0.00474866013974,
        "var": 8.0000681919e-005
    },
    "spectral_energyband_middle_high": {
        "mean": 0.00149672338739,
        "var": 2.88643127533e-006
    },
    "spectral_energyband_middle_low": {
        "mean": 0.019196363166,
        "var": 0.000608771282714
    },
    "spectral_entropy": {
        "mean": 6.46616220474,
        "var": 0.275643348694
    },
    "spectral_flux": {
        "mean": 0.0484946258366,
        "var": 0.00161577388644
    },
    "spectral_kurtosis": {
        "mean": 13.621837616,
        "var": 167.347076416
    },
    "spectral_rms": {
        "mean": 0.00430786237121,
        "var": 4.56084489997e-006
    },
    "spectral_rolloff": {
        "mean": 575.821166992,
        "var": 886021.9375
    },
    "spectral_skewness": {
        "mean": 2.61425638199,
        "var": 1.00768494606
    },
    "spectral_spread": {
        "mean": 3013348.5,
        "var": 3.75998880154e+012
    },
    "spectral_strongpeak": {
        "mean": 0.645103633404,
        "var": 0.186765313148
    },
    "zerocrossingrate": {
        "mean": 0.0275091063231,
        "var": 0.00066906545544
    },
    "barkbands": {
        "mean": [5.18007982464e-006, 0.000894031254575, 0.00217843847349, 0.00446383422241, 0.00903718173504, 0.002784071723, 0.00110261572991, 0.0011767486576, 0.000212941493373, 0.000696557748597, 0.000280635867966, 9.83731806627e-005, 8.63972381921e-005, 4.80289236293e-005, 0.000287414877675, 4.04218808399e-005, 9.62738267845e-005, 5.11702892254e-005, 2.73357400147e-005, 2.80107124127e-005, 3.37935634889e-005, 2.92683180305e-005, 1.87728728633e-005, 9.60162014962e-006, 6.89052922098e-006, 2.48117930823e-006, 5.72605145521e-008],
        "var": [6.79159159467e-011, 4.27935992775e-006, 1.29981608552e-005, 0.000169780512806, 0.000109991582576, 1.08632366391e-005, 9.44576277107e-006, 1.03976417449e-005, 2.64434845576e-007, 8.72943815011e-007, 6.64028732444e-007, 3.2153177898e-008, 2.68189097596e-008, 4.52422765918e-009, 2.38220337678e-007, 7.00537006182e-009, 3.59305722952e-008, 1.04408046653e-008, 2.83290657599e-009, 2.88212631538e-009, 9.3732017703e-009, 1.16050404841e-008, 7.84515119534e-009, 2.97907987168e-009, 6.84573675525e-010, 9.78755063108e-011, 1.32954330054e-013]
    },
    "erbbands": {
        "mean": [0.00477955909446, 0.29291793704, 2.21115422249, 9.05229377747, 33.4365921021, 19.4813117981, 22.1000099182, 21.7135486603, 19.4122047424, 15.9604129791, 26.7757205963, 7.97029018402, 20.1017818451, 14.8930540085, 8.73704147339, 5.1365737915, 3.63521575928, 4.26505374908, 15.7170324326, 5.02847528458, 3.97699642181, 3.80991864204, 3.06587529182, 1.74227714539, 1.32940292358, 1.39387631416, 1.02945184708, 1.63443529606, 1.23335337639, 0.664217472076, 0.565131604671, 0.276142477989, 0.14215657115, 0.101720757782, 0.0297487620264, 0.0160565767437, 0.00333647173829, 0.000347492779838, 2.03014806175e-005, 2.68779040198e-005],
        "var": [9.16218123166e-005, 0.407801508904, 13.1271104813, 551.327209473, 2464.94433594, 700.751953125, 534.78894043, 1062.73034668, 1730.73339844, 1800.77770996, 6359.38916016, 242.769515991, 1009.02355957, 472.073577881, 543.235473633, 79.8393936157, 41.3321609497, 29.6553230286, 809.840332031, 77.662902832, 50.0443496704, 43.4361381531, 28.0710315704, 11.2484359741, 7.93157863617, 7.5200920105, 3.89951562881, 31.2960948944, 33.7091598511, 2.84112977982, 11.1902503967, 1.63878965378, 0.689587295055, 0.188388839364, 0.0113397287205, 0.00475689256564, 0.000200941838557, 2.33172386288e-006, 1.76666536955e-009, 9.40259314852e-010]
    },
    "gfcc": {
        "mean": [-84.4149246216, 152.685760498, -118.698730469, 22.1110534668, -65.2751541138, -6.09234714508, -44.3191146851, -16.2118816376, -23.6171283722, -17.4358634949, -22.5937080383, -12.7779922485, -3.40304040909],
        "cov": [[6747.37597656, -1066.88964844, -408.095367432, 528.639709473, -556.682373047, 253.586395264, -270.862304688, 294.824615479, -154.002304077, 244.441390991, -197.917419434, 127.407600403, -156.505462646], [-1066.88964844, 1545.60180664, -188.85848999, -188.155960083, 332.716369629, -271.353607178, 263.139404297, -279.384155273, 254.820571899, -277.172119141, 206.326293945, -256.024475098, 145.357971191], [-408.095367432, -188.85848999, 558.531005859, 22.3354988098, 79.6105041504, 140.154968262, 2.16691756248, 113.320327759, -68.4794845581, 73.3203430176, -91.0441436768, 51.9135742188, -69.5113601685], [528.639709473, -188.155960083, 22.3354988098, 258.36605835, -39.8393058777, 99.8351593018, 25.7390556335, 46.842376709, 37.3113861084, 28.8734989166, -2.45093035698, 16.6417732239, -13.1836557388], [-556.682373047, 332.716369629, 79.6105041504, -39.8393058777, 236.097579956, -28.5525875092, 82.1016464233, -38.721622467, 53.4554901123, -27.347820282, 30.5024929047, -21.0050067902, 6.19975376129], [253.586395264, -271.353607178, 140.154968262, 99.8351593018, -28.5525875092, 196.026443481, -6.90097999573, 96.8880691528, -20.3703689575, 86.5852050781, -18.1243572235, 56.8548622131, -36.6875267029], [-270.862304688, 263.139404297, 2.16691756248, 25.7390556335, 82.1016464233, -6.90097999573, 145.928573608, -28.4335460663, 66.9369888306, -39.2710533142, 45.0953903198, -32.59192276, 14.5930328369], [294.824615479, -279.384155273, 113.320327759, 46.842376709, -38.721622467, 96.8880691528, -28.4335460663, 157.203216553, -21.4866142273, 92.5644378662, -22.8340263367, 54.9545211792, -35.0453338623], [-154.002304077, 254.820571899, -68.4794845581, 37.3113861084, 53.4554901123, -20.3703689575, 66.9369888306, -21.4866142273, 145.839706421, -19.324552536, 75.6711349487, -49.36378479, 25.4184589386], [244.441390991, -277.172119141, 73.3203430176, 28.8734989166, -27.347820282, 86.5852050781, -39.2710533142, 92.5644378662, -19.324552536, 150.673278809, -9.97313404083, 72.2107543945, -26.8363742828], [-197.917419434, 206.326293945, -91.0441436768, -2.45093035698, 30.5024929047, -18.1243572235, 45.0953903198, -22.8340263367, 75.6711349487, -9.97313404083, 124.645202637, -38.4845314026, 36.101764679], [127.407600403, -256.024475098, 51.9135742188, 16.6417732239, -21.0050067902, 56.8548622131, -32.59192276, 54.9545211792, -49.36378479, 72.2107543945, -38.4845314026, 127.783485413, -23.6353397369], [-156.505462646, 145.357971191, -69.5113601685, -13.1836557388, 6.19975376129, -36.6875267029, 14.5930328369, -35.0453338623, 25.4184589386, -26.8363742828, 36.101764679, -23.6353397369, 77.8041229248]],
        "icov": [[0.000371427624486, -0.000678917509504, 0.000616952544078, -0.00103470287286, 0.000689469568897, -0.000159859744599, 0.000640984333586, -0.000771491962951, 0.000778908375651, -0.000767722143792, 0.000772089406382, -3.18828897434e-005, 0.00090613681823], [-0.000678917509504, 0.00533353118226, -0.00149630382657, 0.0040030060336, -0.00379541656002, 0.00105782784522, -0.00379597186111, 0.00325566250831, -0.00442765979096, 0.00393995037302, -0.00293120997958, 0.0024064425379, -0.00411230092868], [0.000616952544078, -0.00149630382657, 0.00429389858618, -0.00158449669834, -0.000398185482481, -0.00212332978845, 0.000858952756971, -0.00292884558439, 0.00255306833424, -0.00167295371648, 0.00330641726032, 0.000575113401283, 0.00238377670757], [-0.00103470287286, 0.0040030060336, -0.00158449669834, 0.00972933229059, -0.00197696196847, -0.00235380325466, -0.00426160590723, 0.00285958428867, -0.00622765859589, 0.00402896851301, -0.00152957381215, 0.00099636206869, -0.00375534687191], [0.000689469568897, -0.00379541656002, -0.000398185482481, -0.00197696196847, 0.00969685986638, 6.69375513098e-005, -5.41979079571e-006, -0.000853137753438, 0.00122683902737, -0.00317614525557, 0.00171596452128, -0.00248889345676, 0.00361395068467], [-0.000159859744599, 0.00105782784522, -0.00212332978845, -0.00235380325466, 6.69375513098e-005, 0.0111574530602, -0.00170819822233, -0.00162596232258, 0.000340494327247, -0.00186898151878, -0.00235541700386, -0.00069377332693, 0.000376399868401], [0.000640984333586, -0.00379597186111, 0.000858952756971, -0.00426160590723, -5.41979079571e-006, -0.00170819822233, 0.0140594718978, -0.00218566646799, 0.000414164067479, -0.000130370011902, 0.000390706933104, -0.00183217122685, 0.00308180041611], [-0.000771491962951, 0.00325566250831, -0.00292884558439, 0.00285958428867, -0.000853137753438, -0.00162596232258, -0.00218566646799, 0.0151358721778, -0.00397119577974, -0.00200710934587, -0.00242344010621, 0.000230351375649, -0.00143797660712], [0.000778908375651, -0.00442765979096, 0.00255306833424, -0.00622765859589, 0.00122683902737, 0.000340494327247, 0.000414164067479, -0.00397119577974, 0.0175106152892, -0.00486774090677, -0.00238740467466, 0.00141458935104, 0.0033986819908], [-0.000767722143792, 0.00393995037302, -0.00167295371648, 0.00402896851301, -0.00317614525557, -0.00186898151878, -0.000130370011902, -0.00200710934587, -0.00486774090677, 0.0171562191099, -0.00470332149416, -0.00351977697574, -0.00260390690528], [0.000772089406382, -0.00293120997958, 0.00330641726032, -0.00152957381215, 0.00171596452128, -0.00235541700386, 0.000390706933104, -0.00242344010621, -0.00238740467466, -0.00470332149416, 0.0169030893594, 0.00133221317083, -0.000968916807324], [-3.18828897434e-005, 0.0024064425379, 0.000575113401283, 0.00099636206869, -0.00248889345676, -0.00069377332693, -0.00183217122685, 0.000230351375649, 0.00141458935104, -0.00351977697574, 0.00133221317083, 0.0143067939207, -0.00150698330253], [0.00090613681823, -0.00411230092868, 0.00238377670757, -0.00375534687191, 0.00361395068467, 0.000376399868401, 0.00308180041611, -0.00143797660712, 0.0033986819908, -0.00260390690528, -0.000968916807324, -0.00150698330253, 0.0204987935722]]
    },
    "melbands": {
        "mean": [0.00013231644698, 0.000892197247595, 0.00238031009212, 0.00202269409783, 0.000765194825362, 0.000501402071677, 0.000287817616481, 0.000178440415766, 0.000196027554921, 4.10406028095e-005, 9.92668501567e-005, 5.9142606915e-005, 3.53125906258e-005, 1.33157373057e-005, 7.32238686396e-006, 1.00052666312e-005, 6.42417990093e-006, 2.28760818572e-005, 1.33998855745e-005, 3.98136899094e-006, 5.28401005795e-006, 4.55206645711e-006, 3.02237663163e-006, 2.68396911451e-006, 1.23114716644e-006, 9.0588355306e-007, 9.48424428771e-007, 8.75600676409e-007, 6.10381164279e-007, 7.45553222714e-007, 9.4551080565e-007, 6.48497234579e-007, 5.53972654416e-007, 3.07943906819e-007, 3.52989644625e-007, 2.44877611522e-007, 1.29423639805e-007, 8.90709159762e-008, 1.15821507052e-007, 7.16278734103e-008],
        "var": [9.12577320378e-008, 2.27998475566e-006, 2.46305480687e-005, 6.91552941134e-006, 7.08809466232e-007, 5.10357722305e-007, 4.15786814756e-007, 2.03569385349e-007, 3.54384525281e-007, 6.95718194166e-009, 2.46529907599e-008, 7.49469286632e-009, 1.11776055078e-008, 5.75733793973e-010, 1.52500734263e-010, 4.10756484381e-010, 7.49475620454e-011, 1.84410520188e-009, 5.29031485286e-010, 5.54238148431e-011, 1.22997445562e-010, 7.64209320825e-011, 3.33939716157e-011, 4.52358706049e-011, 6.4572683138e-012, 4.19139462721e-012, 3.37451420973e-012, 3.2673505828e-012, 1.31208856714e-012, 3.1962334255e-012, 1.35169618554e-011, 1.17078456305e-011, 2.77531101399e-012, 8.72474672804e-013, 5.25088045961e-012, 1.15845787824e-012, 4.09990075743e-013, 3.41421118807e-013, 3.72905916216e-013, 7.32318868632e-014]
    },
    "mfcc": {
        "mean": [-724.219177246, 175.161239624, 3.36860132217, 23.4042510986, -2.24753332138, 2.46754097939, -16.0278606415, -5.8867521286, -5.369161129, -7.93425273895, -13.9362211227, -15.7303447723, -12.1534614563],
        "cov": [[4822.32470703, -1079.15710449, -160.605834961, 263.736755371, -237.493255615, 40.4852828979, -147.578491211, 37.8641929626, 40.0038375854, 36.3556900024, 104.933616638, 120.79838562, 15.1303215027], [-1079.15710449, 1272.3112793, -176.454727173, 0.591497480869, 94.1756591797, -23.7356586456, 40.0684700012, -21.4225788116, -10.4286031723, 36.7333488464, -30.2379760742, -55.337474823, -22.5258903503], [-160.605834961, -176.454727173, 394.147186279, -6.33921813965, 69.9499511719, 43.9204597473, 71.8339004517, 42.9784965515, 66.7057952881, 9.24315071106, 30.5790672302, 36.94140625, 9.00482177734], [263.736755371, 0.591497480869, -6.33921813965, 169.22354126, 11.4217576981, 52.3129730225, -3.38034319878, 45.4021568298, 27.5082645416, 23.6231212616, 10.0207681656, 10.4516439438, 26.9051208496], [-237.493255615, 94.1756591797, 69.9499511719, 11.4217576981, 142.029098511, 25.6755828857, 37.3229904175, 17.0941963196, 27.4682312012, 30.9336566925, 15.8869724274, 6.2996673584, 32.7505226135], [40.4852828979, -23.7356586456, 43.9204597473, 52.3129730225, 25.6755828857, 140.457122803, 25.6918373108, 43.020652771, 23.4273796082, 5.32290220261, 27.5315170288, 23.6505241394, 27.108039856], [-147.578491211, 40.0684700012, 71.8339004517, -3.38034319878, 37.3229904175, 25.6918373108, 114.370124817, 19.8041687012, 21.9324073792, 13.158821106, 11.2122488022, 17.4158973694, 17.7926330566], [37.8641929626, -21.4225788116, 42.9784965515, 45.4021568298, 17.0941963196, 43.020652771, 19.8041687012, 96.3133010864, 21.8019123077, 9.92292976379, 8.96046829224, 23.2614307404, 30.0640830994], [40.0038375854, -10.4286031723, 66.7057952881, 27.5082645416, 27.4682312012, 23.4273796082, 21.9324073792, 21.8019123077, 91.179397583, 0.373476833105, 19.8029327393, 26.0434131622, 7.6375579834], [36.3556900024, 36.7333488464, 9.24315071106, 23.6231212616, 30.9336566925, 5.32290220261, 13.158821106, 9.92292976379, 0.373476833105, 130.065490723, 34.5354347229, 1.15021145344, 37.9041442871], [104.933616638, -30.2379760742, 30.5790672302, 10.0207681656, 15.8869724274, 27.5315170288, 11.2122488022, 8.96046829224, 19.8029327393, 34.5354347229, 115.873825073, 21.250207901, -1.45724618435], [120.79838562, -55.337474823, 36.94140625, 10.4516439438, 6.2996673584, 23.6505241394, 17.4158973694, 23.2614307404, 26.0434131622, 1.15021145344, 21.250207901, 112.695381165, 44.7730255127], [15.1303215027, -22.5258903503, 9.00482177734, 26.9051208496, 32.7505226135, 27.108039856, 17.7926330566, 30.0640830994, 7.6375579834, 37.9041442871, -1.45724618435, 44.7730255127, 121.932106018]],
        "icov": [[0.000340406055329, 0.000283935893094, 0.00023451972811, -0.000513761653565, 0.000327246758388, 6.00014900556e-005, 0.000144552948768, 5.61841079616e-005, -0.000181536059245, -0.000188673875527, -0.000185048411367, -0.000299478590023, 0.000147854880197], [0.000283935893094, 0.00123763363808, 0.000884435838088, -0.000419963471359, -0.000659693148918, 0.000123136327602, -0.000446439924417, 4.72472274851e-005, -0.000305528228637, -0.000446097867098, 0.000176873043529, -7.9067198385e-005, 0.000613031501416], [0.00023451972811, 0.000884435838088, 0.00406997278333, 0.000423553923611, -0.0014342032373, -0.000292819429887, -0.00151709350757, -0.00093416305026, -0.0019222140545, -0.000409043161198, -3.07786031044e-005, -0.000609754642937, 0.00111338077113], [-0.000513761653565, -0.000419963471359, 0.000423553923611, 0.00873333122581, -0.000334447599016, -0.00235709687695, 0.000999675015919, -0.00280709797516, -0.00198777252808, -0.00104281399399, 0.000681147153955, 0.000956173345912, -0.000706343329512], [0.000327246758388, -0.000659693148918, -0.0014342032373, -0.000334447599016, 0.0102900564671, -0.000628022418823, -0.000945203180891, 0.000282796798274, -0.0017485691933, -0.00116029044148, -0.000825687136967, 0.0010163775878, -0.0024516757112], [6.00014900556e-005, 0.000123136327602, -0.000292819429887, -0.00235709687695, -0.000628022418823, 0.00971429329365, -0.0011864611879, -0.00230820453726, 3.97780495405e-005, 0.0012808899628, -0.00202165637165, -0.000269856507657, -0.0010174595518], [0.000144552948768, -0.000446439924417, -0.00151709350757, 0.000999675015919, -0.000945203180891, -0.0011864611879, 0.0112617444247, -0.000926577544305, -0.000921013241168, -0.000579244282562, -8.06275784271e-005, -0.000746402773075, -0.000595318095293], [5.61841079616e-005, 4.72472274851e-005, -0.00093416305026, -0.00280709797516, 0.000282796798274, -0.00230820453726, -0.000926577544305, 0.0142430430278, -0.000791095895693, 9.13354815566e-005, 0.000198067558813, -0.000901256338693, -0.00189479615074], [-0.000181536059245, -0.000305528228637, -0.0019222140545, -0.00198777252808, -0.0017485691933, 3.97780495405e-005, -0.000921013241168, -0.000791095895693, 0.0148079004139, 0.00130100199021, -0.00135106453672, -0.00225037359633, 0.000815138570033], [-0.000188673875527, -0.000446097867098, -0.000409043161198, -0.00104281399399, -0.00116029044148, 0.0012808899628, -0.000579244282562, 9.13354815566e-005, 0.00130100199021, 0.0103651909158, -0.00353603530675, 0.00182062957902, -0.00372423441149], [-0.000185048411367, 0.000176873043529, -3.07786031044e-005, 0.000681147153955, -0.000825687136967, -0.00202165637165, -8.06275784271e-005, 0.000198067558813, -0.00135106453672, -0.00353603530675, 0.0110847465694, -0.00211440259591, 0.00263450038619], [-0.000299478590023, -7.9067198385e-005, -0.000609754642937, 0.000956173345912, 0.0010163775878, -0.000269856507657, -0.000746402773075, -0.000901256338693, -0.00225037359633, 0.00182062957902, -0.00211440259591, 0.0124774156138, -0.00505720544606], [0.000147854880197, 0.000613031501416, 0.00111338077113, -0.000706343329512, -0.0024516757112, -0.0010174595518, -0.000595318095293, -0.00189479615074, 0.000815138570033, -0.00372423441149, 0.00263450038619, -0.00505720544606, 0.0128037380055]]
    },
    "spectral_contrast_coeffs": {
        "mean": [-0.487916886806, -0.646299540997, -0.707866609097, -0.735599935055, -0.750445008278, -0.716609060764],
        "var": [0.00749527430162, 0.00516889290884, 0.0034540023189, 0.00247942167334, 0.00219994853251, 0.00277607748285]
    },
    "spectral_contrast_valleys": {
        "mean": [-8.10544395447, -7.29902505875, -8.19629764557, -8.98374271393, -9.35214424133, -12.4787559509],
        "var": [1.3301653862, 1.29001998901, 1.12407326698, 1.11728596687, 1.29368233681, 1.60231566429]
    }
},
"metadata": {
    "audio_properties": {
        "analysis_sample_rate": 44100,
        "bit_rate": 100359,
        "equal_loudness": 0,
        "length": 45.0873451233,
        "lossless": 0,
        "replay_gain": 0.396646499634,
        "sample_rate": 44100,
        "codec": "mp3",
        "downmix": "mix",
        "md5_encoded": "c6708e48402e041498dd8736d16cea72"
    },
    "tags": {
        "file_name": "95.mp3"
    },
    "version": {
        "essentia": "2.1-beta2",
        "essentia_git_sha": "v2.1_beta2",
        "extractor": "music 1.0"
    }
},
"rhythm": {
    "beats_count": 133,
    "beats_loudness": {
        "mean": 0.0345113575459,
        "var": 0.00143403513357
    },
    "bpm": 178.205856323,
    "bpm_histogram_first_peak_bpm": {
        "mean": 178,
        "var": 0
    },
    "bpm_histogram_first_peak_spread": {
        "mean": 0,
        "var": 0
    },
    "bpm_histogram_first_peak_weight": {
        "mean": 0.522727251053,
        "var": 0
    },
    "bpm_histogram_second_peak_bpm": {
        "mean": 185,
        "var": 0
    },
    "bpm_histogram_second_peak_spread": {
        "mean": 0,
        "var": 0
    },
    "bpm_histogram_second_peak_weight": {
        "mean": 0.227272734046,
        "var": 0
    },
    "danceability": 0.975744843483,
    "onset_rate": 3.94636821747,
    "beats_loudness_band_ratio": {
        "mean": [0.505750775337, 0.451482862234, 0.140298485756, 0.0518934689462, 0.0310077443719, 0.013166856952],
        "var": [0.050672724843, 0.0354733839631, 0.01022251416, 0.00174474017695, 0.000818460655864, 0.000473944033729]
    },
    "beats_position": [0.31346938014, 0.638548731804, 0.96362811327, 1.30031740665, 1.63700675964, 1.97369611263, 2.31038546562, 2.6470746994, 2.97215414047, 3.29723358154, 3.62231278419, 3.95900225639, 4.29569149017, 4.62077093124, 4.95746040344, 5.2941493988, 5.61922883987, 5.94430828094, 6.29260778427, 6.6176867485, 6.9543762207, 7.27945566177, 7.61614513397, 7.94122457504, 8.27791404724, 8.6146030426, 8.96290206909, 9.29959201813, 9.63628101349, 9.96135997772, 10.3096599579, 10.6579589844, 10.9946479797, 11.3313379288, 11.6680269241, 12.0047159195, 12.3297958374, 12.6780948639, 13.0147848129, 13.3514738083, 13.6881628036, 14.0248527527, 14.361541748, 14.6982307434, 15.0465307236, 15.3716096878, 15.7082986832, 16.0449886322, 16.3700675964, 16.7067565918, 17.0434455872, 17.3685264587, 17.693605423, 18.0419044495, 18.3785934448, 18.7268924713, 19.0868015289, 19.4467124939, 19.8066215515, 20.154920578, 20.4916095734, 20.8282985687, 21.1649875641, 21.5016784668, 21.8615875244, 22.2098865509, 22.5465755463, 22.8716545105, 23.1967334747, 23.5218143463, 23.8585033417, 24.195192337, 24.5202713013, 24.8453502655, 25.1820411682, 25.5187301636, 25.8670291901, 26.1921081543, 26.5171871185, 26.8422679901, 27.1673469543, 27.4924259186, 27.8291149139, 28.1774139404, 28.5141029358, 28.8624038696, 29.2107028961, 29.5590019226, 29.895690918, 30.2323799133, 30.5574588776, 30.9057598114, 31.2424488068, 31.5791378021, 31.9274368286, 32.2757377625, 32.6240348816, 32.9723358154, 33.3090248108, 33.6457138062, 33.99401474, 34.3423118591, 34.6790008545, 35.0156898499, 35.3523788452, 35.6890678406, 36.0257606506, 36.362449646, 36.7107467651, 37.059047699, 37.3957366943, 37.7324256897, 38.0807266235, 38.4290237427, 38.765712738, 39.1024017334, 39.4390907288, 39.7757797241, 40.124080658, 40.4491615295, 40.7858505249, 41.1225395203, 41.4708366394, 41.8075294495, 42.1442184448, 42.4692955017, 42.8059844971, 43.1426734924, 43.4793624878, 43.8160552979, 44.164352417, 44.5010414124, 44.8377304077]
},
"tonal": {
    "chords_changes_rate": 0.0236625522375,
    "chords_number_rate": 0.00514403311536,
    "chords_strength": {
        "mean": 0.492084562778,
        "var": 0.00477941520512
    },
    "hpcp_entropy": {
        "mean": 1.38803493977,
        "var": 0.41297763586
    },
    "key_strength": 0.761772871017,
    "tuning_diatonic_strength": 0.568782269955,
    "tuning_equal_tempered_deviation": 0.0108169736341,
    "tuning_frequency": 439.238189697,
    "tuning_nontempered_energy_ratio": 0.593584477901,
    "hpcp": {
        "mean": [0.0850423648953, 0.0563394650817, 0.021386211738, 0.0235723555088, 0.0200174655765, 0.035897962749, 0.0531503967941, 0.0423348583281, 0.162774041295, 0.243703633547, 0.107811540365, 0.0157148037106, 0.0121363187209, 0.0324968323112, 0.180437996984, 0.304151922464, 0.167437121272, 0.024231730029, 0.0113323219121, 0.0207223854959, 0.0574943646789, 0.0687308236957, 0.0412400662899, 0.0547608695924, 0.110039755702, 0.0905456840992, 0.0374160259962, 0.0340687483549, 0.070633135736, 0.418389439583, 0.718264579773, 0.391971856356, 0.0516958720982, 0.0153528032824, 0.00870680063963, 0.044029802084],
        "var": [0.0251288879663, 0.0136025100946, 0.00928748864681, 0.0111206369475, 0.0066698435694, 0.00907487608492, 0.0259859487414, 0.0136938570067, 0.0584625154734, 0.118092484772, 0.0272263288498, 0.00586524233222, 0.00445175496861, 0.0106667308137, 0.050784483552, 0.0991663038731, 0.0377522706985, 0.00780193554237, 0.00308659509756, 0.00654525775462, 0.0307585801929, 0.0354479514062, 0.0124551737681, 0.0201409347355, 0.0624750889838, 0.0457414463162, 0.0161739941686, 0.0156623236835, 0.0247615464032, 0.070768237114, 0.130527898669, 0.0642776340246, 0.021722452715, 0.00550311384723, 0.00294819730334, 0.0116270808503]
    },
    "chords_histogram": [15.3292179108, 0, 53.3950614929, 0, 0, 0, 0, 0, 0, 0, 0, 0, 0, 0, 0, 0, 0, 1.23456788063, 0, 27.1604938507, 0, 2.88065838814, 0, 0],
    "thpcp": [1, 0.545720696449, 0.0719733014703, 0.0213748570532, 0.0121219968423, 0.0613002553582, 0.118399776518, 0.0784383192658, 0.0297748390585, 0.0328184850514, 0.0278692096472, 0.0499787442386, 0.0739983543754, 0.0589404776692, 0.226621285081, 0.339295059443, 0.150100037456, 0.0218788515776, 0.0168967247009, 0.0452435389161, 0.251213818789, 0.423453867435, 0.233113437891, 0.0337364971638, 0.0157773643732, 0.0288506299257, 0.0800462216139, 0.0956901162863, 0.0574162602425, 0.0762405246496, 0.153202265501, 0.126061737537, 0.0520922616124, 0.0474320314825, 0.0983386039734, 0.582500457764],
    "chords_key": "G",
    "chords_scale": "major",
    "key_key": "C",
    "key_scale": "major"
}
}