{
"lowlevel": {
    "average_loudness": 0.926665842533,
    "barkbands_crest": {
        "mean": 14.3165102005,
        "var": 25.4268283844
    },
    "barkbands_flatness_db": {
        "mean": 0.337156027555,
        "var": 0.00337647413835
    },
    "barkbands_kurtosis": {
        "mean": 8.87374305725,
        "var": 240.19493103
    },
    "barkbands_skewness": {
        "mean": -0.109175875783,
        "var": 2.77695894241
    },
    "barkbands_spread": {
        "mean": 4.08041524887,
        "var": 9.21386623383
    },
    "dissonance": {
        "mean": 0.334355831146,
        "var": 0.00728272413835
    },
    "dynamic_complexity": 3.13404464722,
    "erbbands_crest": {
        "mean": 18.2056999207,
        "var": 53.2707519531
    },
    "erbbands_flatness_db": {
        "mean": 0.383707940578,
        "var": 0.00442557735369
    },
    "erbbands_kurtosis": {
        "mean": 11.385389328,
        "var": 257.878601074
    },
    "erbbands_skewness": {
        "mean": 1.08927035332,
        "var": 1.91990435123
    },
    "erbbands_spread": {
        "mean": 6.24616479874,
        "var": 28.7105407715
    },
    "hfc": {
        "mean": 12.0365581512,
        "var": 155.198425293
    },
    "melbands_crest": {
        "mean": 17.4752540588,
        "var": 44.0234375
    },
    "melbands_flatness_db": {
        "mean": 0.413786351681,
        "var": 0.00363283022307
    },
    "melbands_kurtosis": {
        "mean": 7.82215547562,
        "var": 133.025970459
    },
    "melbands_skewness": {
        "mean": -0.0510957725346,
        "var": 2.85437703133
    },
    "melbands_spread": {
        "mean": 6.76088857651,
        "var": 48.4732818604
    },
    "pitch_salience": {
        "mean": 0.489063769579,
        "var": 0.019737245515
    },
    "silence_rate_20dB": {
        "mean": 1,
        "var": 0
    },
    "silence_rate_30dB": {
        "mean": 0.998970687389,
        "var": 0.00102828850504
    },
    "silence_rate_60dB": {
        "mean": 0.0761708691716,
        "var": 0.0703666433692
    },
    "spectral_centroid": {
        "mean": 602.196350098,
        "var": 193575.21875
    },
    "spectral_complexity": {
        "mean": 7.16726732254,
        "var": 10.9792461395
    },
    "spectral_decrease": {
        "mean": -5.15512210697e-009,
        "var": 1.93169453585e-017
    },
    "spectral_energy": {
        "mean": 0.0205483194441,
        "var": 0.000311536103254
    },
    "spectral_energyband_high": {
        "mean": 2.04612433663e-006,
        "var": 8.44540201661e-011
    },
    "spectral_energyband_low": {
        "mean": 0.000895783654414,
        "var": 2.43202839556e-006
    },
    "spectral_energyband_middle_high": {
        "mean": 0.00358006241731,
        "var": 5.06197175127e-005
    },
    "spectral_energyband_middle_low": {
        "mean": 0.0176640804857,
        "var": 0.000249983510002
    },
    "spectral_entropy": {
        "mean": 5.69062900543,
        "var": 0.324842214584
    },
    "spectral_flux": {
        "mean": 0.0571269914508,
        "var": 0.00151350779925
    },
    "spectral_kurtosis": {
        "mean": 56.0121688843,
        "var": 1138.44702148
    },
    "spectral_rms": {
        "mean": 0.00409883260727,
        "var": 3.24672259921e-006
    },
    "spectral_rolloff": {
        "mean": 743.44519043,
        "var": 689889.625
    },
    "spectral_skewness": {
        "mean": 5.36538124084,
        "var": 3.74484920502
    },
    "spectral_spread": {
        "mean": 1442245.375,
        "var": 2.55688389427e+012
    },
    "spectral_strongpeak": {
        "mean": 1.9163506031,
        "var": 2.30055189133
    },
    "zerocrossingrate": {
        "mean": 0.0276546124369,
        "var": 0.000499550544191
    },
    "barkbands": {
        "mean": [6.39968857286e-005, 0.000416558352299, 0.000311262789182, 0.000355067313649, 0.0019101051148, 0.00262070912868, 0.000982751371339, 0.00532004563138, 0.00347444554791, 0.00368112581782, 0.000892555224709, 0.000192695559235, 7.844355423e-005, 5.64868714719e-005, 4.6792167268e-005, 8.77525017131e-005, 3.1715590012e-005, 1.38803397931e-005, 7.89290879766e-006, 2.89202125714e-006, 7.4719451959e-007, 2.46865795361e-007, 1.15800247613e-007, 5.79632519759e-008, 2.46503013557e-008, 4.14854195441e-009, 9.76608904857e-010],
        "var": [1.0826351371e-008, 2.70777604783e-007, 1.23590109524e-006, 6.83959854086e-007, 9.80848744803e-006, 2.94728379231e-005, 1.11746358016e-005, 5.58236097277e-005, 9.69676766545e-005, 5.39324391866e-005, 1.28723022499e-005, 5.69976236875e-007, 1.48255381305e-007, 9.51917016323e-008, 4.59688642707e-008, 1.65191181623e-007, 2.17705640182e-008, 2.6913429263e-009, 8.31246849131e-010, 2.93123691986e-010, 1.25329399636e-011, 5.28682729106e-013, 3.50852464757e-014, 5.22417056988e-015, 1.0437647137e-015, 2.47185204544e-016, 9.13818384946e-017]
    },
    "erbbands": {
        "mean": [0.0155164320022, 0.0852220356464, 0.302141606808, 0.791315436363, 3.33899950981, 6.54291725159, 14.6244764328, 18.5496730804, 22.7793483734, 27.9809112549, 137.293411255, 89.6730804443, 159.398406982, 38.7253723145, 21.2510147095, 7.32928705215, 3.74874424934, 3.21601629257, 2.0432639122, 3.39373970032, 4.56384706497, 1.44553637505, 0.901980757713, 0.396245360374, 0.374674648046, 0.137002766132, 0.0457584373653, 0.0232144054025, 0.010104065761, 0.00518713099882, 0.00306147243828, 0.00154657219537, 0.000839769199956, 0.000375927716959, 0.000143615310662, 4.61673007521e-005, 1.01905134215e-005, 2.28755538956e-006, 1.02068679553e-005, 2.33998762269e-005],
        "var": [0.000427808059612, 0.0124861644581, 1.00105202198, 3.26157212257, 46.8019142151, 142.141784668, 1290.69616699, 1715.98583984, 6005.04052734, 1801.32543945, 46868.9296875, 48012.5117188, 81512.09375, 10799.3183594, 4027.43017578, 604.227600098, 230.601272583, 295.739318848, 35.8211860657, 163.8203125, 369.760162354, 34.813457489, 11.8566894531, 2.22524523735, 1.93957638741, 0.741262614727, 0.0596945844591, 0.00830897595733, 0.00108917464968, 9.74959257292e-005, 2.23960614676e-005, 4.12426652474e-006, 1.04917819499e-006, 2.06863504104e-007, 3.81232467817e-008, 6.89179913138e-009, 7.86933962438e-010, 8.69560395911e-011, 8.19457834922e-011, 4.11275125067e-010]
    },
    "gfcc": {
        "mean": [-177.704925537, 203.221466064, -124.462020874, -26.8345127106, -58.6485748291, -8.71823501587, -12.0540437698, 4.34447956085, 5.68218946457, -19.3268890381, -11.536901474, -19.8477096558, 5.35916757584],
        "cov": [[4407.37060547, 581.561828613, -1037.29968262, -111.834587097, 183.529022217, -561.564941406, -214.903274536, 31.6424560547, -90.5411224365, -98.8654403687, 158.206115723, 236.245529175, 151.471801758], [581.561828613, 661.909484863, 294.0105896, 10.5820865631, 37.9898033142, -81.5357131958, -198.918212891, -303.264160156, -83.8765869141, 37.282661438, 210.870529175, 145.365631104, 30.0557403564], [-1037.29968262, 294.0105896, 889.218444824, 163.372375488, -111.555488586, 248.815856934, -102.150505066, -315.828857422, -75.8598022461, 103.965614319, 71.8082809448, -0.341853201389, -34.5493469238], [-111.834587097, 10.5820865631, 163.372375488, 523.524841309, 51.2828483582, 21.3023052216, -192.182830811, -124.180267334, -87.4496994019, 64.3027267456, 45.0770492554, 16.2806015015, 17.6990432739], [183.529022217, 37.9898033142, -111.555488586, 51.2828483582, 156.041046143, -73.9368133545, -48.0363807678, 2.74805688858, -15.0297679901, -0.163318857551, 47.2339553833, 53.7494888306, 11.6388969421], [-561.564941406, -81.5357131958, 248.815856934, 21.3023052216, -73.9368133545, 377.736907959, 167.528915405, -49.0970649719, -74.7536239624, -26.9750156403, -74.3291931152, -66.494644165, -34.6949195862], [-214.903274536, -198.918212891, -102.150505066, -192.182830811, -48.0363807678, 167.528915405, 350.83303833, 198.475234985, 47.0666313171, -91.3804168701, -150.26625061, -92.9490127563, -11.29682827], [31.6424560547, -303.264160156, -315.828857422, -124.180267334, 2.74805688858, -49.0970649719, 198.475234985, 382.285064697, 184.06968689, -39.0492935181, -149.351211548, -90.4138183594, 10.9480133057], [-90.5411224365, -83.8765869141, -75.8598022461, -87.4496994019, -15.0297679901, -74.7536239624, 47.0666313171, 184.06968689, 218.580841064, 64.3010940552, -43.6076965332, -68.3600234985, -20.2344703674], [-98.8654403687, 37.282661438, 103.965614319, 64.3027267456, -0.163318857551, -26.9750156403, -91.3804168701, -39.0492935181, 64.3010940552, 140.360977173, 81.3466567993, 8.79030418396, -28.0192584991], [158.206115723, 210.870529175, 71.8082809448, 45.0770492554, 47.2339553833, -74.3291931152, -150.26625061, -149.351211548, -43.6076965332, 81.3466567993, 204.83253479, 129.087661743, 4.20220518112], [236.245529175, 145.365631104, -0.341853201389, 16.2806015015, 53.7494888306, -66.494644165, -92.9490127563, -90.4138183594, -68.3600234985, 8.79030418396, 129.087661743, 158.879119873, 57.4936943054], [151.471801758, 30.0557403564, -34.5493469238, 17.6990432739, 11.6388969421, -34.6949195862, -11.29682827, 10.9480133057, -20.2344703674, -28.0192584991, 4.20220518112, 57.4936943054, 97.3983840942]],
        "icov": [[0.000753116270062, -0.00162934476975, 0.00145518698264, -0.000127043982502, 0.000583175220527, 6.99648371665e-005, 0.000200763723115, -0.000598141807131, 0.00116527883802, -0.00133372517303, 0.00130081258249, -0.00048814874026, 7.02239367456e-006], [-0.00162934476975, 0.0075211878866, -0.00423534959555, 0.000720285868738, -0.00216955924407, 0.000814213301055, -0.00076154677663, 0.00438578240573, -0.00499221263453, 0.00602394109592, -0.0062084342353, 0.00168268790003, -0.00148188881576], [0.00145518698264, -0.00423534959555, 0.00575679121539, -0.000820396177005, 0.00245549436659, -0.00171985395718, 0.00050024210941, 0.00082257395843, 0.000963856407907, -0.00423848023638, 0.00418983306736, -0.00179217080586, 0.000152595559484], [-0.000127043982502, 0.000720285868738, -0.000820396177005, 0.00358221912757, -0.00168132979888, -0.00078124681022, 0.00254205451347, -0.00114364887122, 0.00233732932247, -0.00157750991639, -0.000234273364185, 0.00220242864452, -0.00187885167543], [0.000583175220527, -0.00216955924407, 0.00245549436659, -0.00168132979888, 0.00975431408733, 0.000514776096679, 1.32628447318e-005, -0.00148966454435, 0.00116599025205, -0.000802244117949, 0.00105574016925, -0.00378172076307, 0.00232406007126], [6.99648371665e-005, 0.000814213301055, -0.00171985395718, -0.00078124681022, 0.000514776096679, 0.00720529165119, -0.0048516090028, 0.00135934283026, 0.00252538919449, -0.00130843464285, 0.000661368307192, 0.000298077764455, 0.000905204331502], [0.000200763723115, -0.00076154677663, 0.00050024210941, 0.00254205451347, 1.32628447318e-005, -0.0048516090028, 0.0103032654151, -0.00540112284943, 0.00155966868624, 0.00195826613344, 0.000507665623445, 0.00127125473227, -0.000174325919943], [-0.000598141807131, 0.00438578240573, 0.00082257395843, -0.00114364887122, -0.00148966454435, 0.00135934283026, -0.00540112284943, 0.015993501991, -0.0123941088095, 0.00401495257393, 0.00163014594, -0.00218721665442, -0.0018846206367], [0.00116527883802, -0.00499221263453, 0.000963856407907, 0.00233732932247, 0.00116599025205, 0.00252538919449, 0.00155966868624, -0.0123941088095, 0.0215582381934, -0.0137169323862, 0.0032702172175, 0.00462714536116, -0.000360017700586], [-0.00133372517303, 0.00602394109592, -0.00423848023638, -0.00157750991639, -0.000802244117949, -0.00130843464285, 0.00195826613344, 0.00401495257393, -0.0137169323862, 0.0255563165992, -0.0151359625161, 0.0044154911302, 0.000952939677518], [0.00130081258249, -0.0062084342353, 0.00418983306736, -0.000234273364185, 0.00105574016925, 0.000661368307192, 0.000507665623445, 0.00163014594, 0.0032702172175, -0.0151359625161, 0.0291968528181, -0.0194274820387, 0.00794007908553], [-0.00048814874026, 0.00168268790003, -0.00179217080586, 0.00220242864452, -0.00378172076307, 0.000298077764455, 0.00127125473227, -0.00218721665442, 0.00462714536116, 0.0044154911302, -0.0194274820387, 0.0286348722875, -0.0136779369786], [7.02239367456e-006, -0.00148188881576, 0.000152595559484, -0.00187885167543, 0.00232406007126, 0.000905204331502, -0.000174325919943, -0.0018846206367, -0.000360017700586, 0.000952939677518, 0.00794007908553, -0.0136779369786, 0.0192761588842]]
    },
    "melbands": {
        "mean": [0.000131151507958, 0.000140431613545, 0.000207638018765, 0.000346731598256, 0.000463187461719, 0.000477166351629, 0.000308094604407, 0.000397910858737, 0.00108675530646, 0.000559605134185, 0.000791406258941, 0.000140137708513, 0.000101953410194, 2.09328081837e-005, 1.50263949763e-005, 5.37032110515e-006, 6.3401666921e-006, 2.97611950373e-006, 3.81024597118e-006, 6.9775319389e-006, 4.54457949672e-006, 1.6687599782e-006, 9.60689817475e-007, 5.77582682126e-007, 2.80192864466e-007, 3.28298256136e-007, 1.61773257901e-007, 7.17609154322e-008, 3.06559257979e-008, 1.71808611782e-008, 1.13645555189e-008, 5.93222981848e-009, 3.73483155514e-009, 2.51477016988e-009, 1.83924864228e-009, 1.22821341986e-009, 8.29542490255e-010, 6.42995046096e-010, 3.69272556977e-010, 2.8408092545e-010],
        "var": [2.67191833103e-008, 1.39563354651e-007, 1.89630583236e-007, 3.70835039121e-007, 1.02847798189e-006, 1.1993621456e-006, 1.03289517028e-006, 2.74028053582e-007, 3.35240565619e-006, 2.46497711487e-006, 2.09521226679e-006, 1.67012672136e-007, 1.30561417677e-007, 5.83066084303e-009, 5.04931740863e-009, 3.35054789469e-010, 1.42485268029e-009, 7.35582011968e-011, 4.02781419329e-010, 8.65883587053e-010, 3.30308835839e-010, 6.43355785312e-011, 1.36491547231e-011, 6.68400057524e-012, 1.25891083582e-012, 1.58357485111e-012, 5.18784234321e-013, 2.51749657362e-013, 2.6411969603e-014, 5.23911265459e-015, 1.91686202942e-015, 4.41312979956e-016, 7.49411473641e-017, 2.05745857988e-017, 8.03716476425e-018, 3.42473577189e-018, 1.10974065012e-018, 6.92610010817e-019, 2.05448864993e-019, 1.34942820087e-019]
    },
    "mfcc": {
        "mean": [-819.06463623, 232.216262817, -2.46313786507, -11.5378007889, -11.8938045502, -18.0409145355, -9.93734741211, 6.44856548309, 16.5155925751, 11.9188861847, -0.104029469192, -7.06316804886, -5.02979898453],
        "cov": [[2870.63867188, 530.285461426, -1198.40319824, 416.926391602, 1.31565010548, -387.688781738, -179.500610352, -16.9654788971, -210.950195313, -221.568084717, -173.438430786, -41.4638633728, 144.482711792], [530.285461426, 675.737426758, 135.649978638, -55.3662376404, 92.4257278442, -12.9915456772, -53.0160255432, -121.741783142, -222.817932129, -201.373840332, -53.3121643066, 23.3552131653, 69.260269165], [-1198.40319824, 135.649978638, 1013.12957764, -93.6362380981, 94.1437759399, 398.16708374, 86.3920974731, -157.136428833, -135.372772217, -87.5007324219, 34.7688179016, 40.4747886658, -52.2478294373], [416.926391602, -55.3662376404, -93.6362380981, 397.247375488, 173.709609985, -9.57638931274, -84.9718780518, -120.234718323, -130.261444092, -68.7747955322, -15.4681844711, 9.94142818451, 33.3821792603], [1.31565010548, 92.4257278442, 94.1437759399, 173.709609985, 239.742904663, 46.951877594, -78.4531936646, -138.473419189, -170.182952881, -93.9077224731, 23.2628002167, 40.8006896973, 24.1696853638], [-387.688781738, -12.9915456772, 398.16708374, -9.57638931274, 46.951877594, 353.887268066, 143.544464111, -68.2280731201, -116.300445557, -108.447059631, -13.9037046432, 17.721288681, -39.9721374512], [-179.500610352, -53.0160255432, 86.3920974731, -84.9718780518, -78.4531936646, 143.544464111, 195.745895386, 99.1096954346, 36.9624290466, -25.2631130219, -55.2889213562, -20.4461765289, -6.93219566345], [-16.9654788971, -121.741783142, -157.136428833, -120.234718323, -138.473419189, -68.2280731201, 99.1096954346, 227.748275757, 219.841796875, 102.088157654, -37.8739242554, -52.3670806885, -2.98499512672], [-210.950195313, -222.817932129, -135.372772217, -130.261444092, -170.182952881, -116.300445557, 36.9624290466, 219.841796875, 367.807067871, 257.301757813, 14.7365913391, -65.9557647705, -39.0430870056], [-221.568084717, -201.373840332, -87.5007324219, -68.7747955322, -93.9077224731, -108.447059631, -25.2631130219, 102.088157654, 257.301757813, 274.255828857, 93.4267654419, -28.7980632782, -44.8310127258], [-173.438430786, -53.3121643066, 34.7688179016, -15.4681844711, 23.2628002167, -13.9037046432, -55.2889213562, -37.8739242554, 14.7365913391, 93.4267654419, 152.255279541, 78.8743667603, -28.1432666779], [-41.4638633728, 23.3552131653, 40.4747886658, 9.94142818451, 40.8006896973, 17.721288681, -20.4461765289, -52.3670806885, -65.9557647705, -28.7980632782, 78.8743667603, 116.524345398, 29.0010280609], [144.482711792, 69.260269165, -52.2478294373, 33.3821792603, 24.1696853638, -39.9721374512, -6.93219566345, -2.98499512672, -39.0430870056, -44.8310127258, -28.1432666779, 29.0010280609, 104.754165649]],
        "icov": [[0.0191427245736, -0.0263082291931, 0.0273240152746, -0.0268015470356, 0.0271173156798, -0.0274084024131, 0.027356095612, -0.0246764868498, 0.0232009198517, -0.0201326478273, 0.0185747239739, -0.0126658892259, 0.00608063489199], [-0.0263082291931, 0.0388496369123, -0.0380410403013, 0.0381560735404, -0.0379756987095, 0.0392500609159, -0.0379108525813, 0.0350707918406, -0.0318993330002, 0.0299188680947, -0.0261967238039, 0.018708428368, -0.00960608012974], [0.0273240152746, -0.0380410403013, 0.0413777604699, -0.0373877435923, 0.0380707792938, -0.042053334415, 0.0394711010158, -0.0334724672139, 0.0317275077105, -0.0288022328168, 0.0263982601464, -0.018011521548, 0.00842205714434], [-0.0268015470356, 0.0381560735404, -0.0373877435923, 0.042791441083, -0.0414123944938, 0.0382366515696, -0.0379933528602, 0.0368474759161, -0.0325262956321, 0.0279692392796, -0.0241555571556, 0.0179396905005, -0.00947385467589], [0.0271173156798, -0.0379756987095, 0.0380707792938, -0.0414123944938, 0.0485177189112, -0.0408751443028, 0.042762260884, -0.0370035134256, 0.0362241268158, -0.0290682520717, 0.0246648713946, -0.0175510793924, 0.00742236338556], [-0.0274084024131, 0.0392500609159, -0.042053334415, 0.0382366515696, -0.0408751443028, 0.0529064014554, -0.0515798479319, 0.0431967414916, -0.0376216806471, 0.0360673442483, -0.0314896404743, 0.0209602825344, -0.00672019133344], [0.027356095612, -0.0379108525813, 0.0394711010158, -0.0379933528602, 0.042762260884, -0.0515798479319, 0.0626875758171, -0.0531479455531, 0.0450663492084, -0.0391080640256, 0.0377263091505, -0.0251779928803, 0.00938031263649], [-0.0246764868498, 0.0350707918406, -0.0334724672139, 0.0368474759161, -0.0370035134256, 0.0431967414916, -0.0531479455531, 0.0644243210554, -0.0554010123014, 0.0448078028858, -0.0359787344933, 0.0258808787912, -0.0125539107248], [0.0232009198517, -0.0318993330002, 0.0317275077105, -0.0325262956321, 0.0362241268158, -0.0376216806471, 0.0450663492084, -0.0554010123014, 0.0646891817451, -0.0568166747689, 0.0438868030906, -0.0279926676303, 0.0133060021326], [-0.0201326478273, 0.0299188680947, -0.0288022328168, 0.0279692392796, -0.0290682520717, 0.0360673442483, -0.0391080640256, 0.0448078028858, -0.0568166747689, 0.064094722271, -0.0532608367503, 0.0356574393809, -0.01406049449], [0.0185747239739, -0.0261967238039, 0.0263982601464, -0.0241555571556, 0.0246648713946, -0.0314896404743, 0.0377263091505, -0.0359787344933, 0.0438868030906, -0.0532608367503, 0.0632531866431, -0.0445675104856, 0.0192255452275], [-0.0126658892259, 0.018708428368, -0.018011521548, 0.0179396905005, -0.0175510793924, 0.0209602825344, -0.0251779928803, 0.0258808787912, -0.0279926676303, 0.0356574393809, -0.0445675104856, 0.0427000150084, -0.0174495354295], [0.00608063489199, -0.00960608012974, 0.00842205714434, -0.00947385467589, 0.00742236338556, -0.00672019133344, 0.00938031263649, -0.0125539107248, 0.0133060021326, -0.01406049449, 0.0192255452275, -0.0174495354295, 0.0196544602513]]
    },
    "spectral_contrast_coeffs": {
        "mean": [-0.656084895134, -0.613610625267, -0.642682015896, -0.796633481979, -0.817664861679, -0.809263467789],
        "var": [0.00888554565609, 0.0118679646403, 0.0116649111733, 0.00427302764729, 0.00410635210574, 0.000854218786117]
    },
    "spectral_contrast_valleys": {
        "mean": [-8.15748119354, -7.35566329956, -8.22511768341, -9.02248859406, -10.0796909332, -13.189043045],
        "var": [1.05493807793, 1.36607670784, 1.22980129719, 0.934241712093, 0.88954269886, 0.460983395576]
    }
},
"metadata": {
    "audio_properties": {
        "analysis_sample_rate": 44100,
        "bit_rate": 95932,
        "equal_loudness": 0,
        "length": 45.0873451233,
        "lossless": 0,
        "replay_gain": -7.14054489136,
        "sample_rate": 44100,
        "codec": "mp3",
        "downmix": "mix",
        "md5_encoded": "5533feff8f70d0806e63988dfaa6ad5f"
    },
    "tags": {
        "file_name": "952.mp3"
    },
    "version": {
        "essentia": "2.1-beta2",
        "essentia_git_sha": "v2.1_beta2",
        "extractor": "music 1.0"
    }
},
"rhythm": {
    "beats_count": 128,
    "beats_loudness": {
        "mean": 0.0212325192988,
        "var": 0.000313987606205
    },
    "bpm": 184.570251465,
    "bpm_histogram_first_peak_bpm": {
        "mean": 185,
        "var": 0
    },
    "bpm_histogram_first_peak_spread": {
        "mean": 0,
        "var": 0
    },
    "bpm_histogram_first_peak_weight": {
        "mean": 0.299212604761,
        "var": 0
    },
    "bpm_histogram_second_peak_bpm": {
        "mean": 178,
        "var": 0
    },
    "bpm_histogram_second_peak_spread": {
        "mean": 0,
        "var": 0
    },
    "bpm_histogram_second_peak_weight": {
        "mean": 0.236220479012,
        "var": 0
    },
    "danceability": 1.07362043858,
    "onset_rate": 3.4586148262,
    "beats_loudness_band_ratio": {
        "mean": [0.14340287447, 0.263425081968, 0.566840529442, 0.130125582218, 0.00898352265358, 0.000569456431549],
        "var": [0.0317326597869, 0.063267365098, 0.0989540964365, 0.0255606733263, 0.000137485170853, 8.54305142184e-007]
    },
    "beats_position": [0.290249437094, 0.603718817234, 0.9287981987, 1.27709746361, 1.60217678547, 1.91564619541, 2.22911548615, 2.55419492722, 2.87927436829, 3.19274377823, 3.50621318817, 3.83129239082, 4.15637159348, 4.48145103455, 4.80653047562, 5.13160991669, 5.46829938889, 5.80498838425, 6.14167785645, 6.48997735977, 6.83827638626, 7.17496585846, 7.50004529953, 7.83673477173, 8.17342376709, 8.498503685, 8.83519268036, 9.17188167572, 9.4853515625, 9.78721046448, 10.1239004135, 10.4373693466, 10.7392292023, 11.0526981354, 11.3661680222, 11.6912469864, 12.0163259506, 12.3530158997, 12.6780948639, 13.0031747818, 13.328253746, 13.6533327103, 14.0016326904, 14.3383216858, 14.6866207123, 15.0233106613, 15.3716096878, 15.7199087143, 16.0682086945, 16.4048976898, 16.7415866852, 17.0782756805, 17.391746521, 17.693605423, 18.0419044495, 18.3785934448, 18.7152824402, 19.0635814667, 19.4002723694, 19.7369613647, 20.062040329, 20.3871192932, 20.7238082886, 21.0721092224, 21.4087982178, 21.7687072754, 22.128616333, 22.4769153595, 22.7903842926, 23.1154651642, 23.4289340973, 23.7540130615, 24.0790920258, 24.40417099, 24.7292518616, 25.0427207947, 25.3561897278, 25.6580486298, 25.9599094391, 26.2617683411, 26.563627243, 26.8770961761, 27.2137870789, 27.5388660431, 27.8639450073, 28.1890239716, 28.5141029358, 28.8391838074, 29.1758728027, 29.5125617981, 29.8608608246, 30.1859397888, 30.5110206604, 30.8360996246, 31.1611785889, 31.4862575531, 31.7997264862, 32.1248054504, 32.4614944458, 32.7981834412, 33.1348762512, 33.4599533081, 33.7850341797, 34.1333312988, 34.4816322327, 34.8415412903, 35.1782302856, 35.5033111572, 35.8400001526, 36.1882972717, 36.5249862671, 36.8732872009, 37.3260765076, 37.7788658142, 38.2200431824, 38.6612243652, 39.1024017334, 39.5435829163, 39.9847602844, 40.4723815918, 40.9483909607, 41.4243965149, 41.923625946, 42.4344673157, 42.9569168091, 43.467754364, 43.9902038574, 44.5010414124]
},
"tonal": {
    "chords_changes_rate": 0.0576131679118,
    "chords_number_rate": 0.00720164598897,
    "chords_strength": {
        "mean": 0.536539077759,
        "var": 0.0107097253203
    },
    "hpcp_entropy": {
        "mean": 1.66454899311,
        "var": 0.43416544795
    },
    "key_strength": 0.72107899189,
    "tuning_diatonic_strength": 0.610421419144,
    "tuning_equal_tempered_deviation": 0.157366082072,
    "tuning_frequency": 438.731048584,
    "tuning_nontempered_energy_ratio": 0.724697232246,
    "hpcp": {
        "mean": [0.0599913485348, 0.0520089194179, 0.0330103412271, 0.0438802726567, 0.0897769629955, 0.0923496857285, 0.0648737996817, 0.0562517270446, 0.0961709469557, 0.163155347109, 0.146343424916, 0.0684011429548, 0.0198881346732, 0.0121055338532, 0.149679347873, 0.385945051908, 0.339661240578, 0.114756971598, 0.0576174519956, 0.08365098387, 0.0652971193194, 0.0388973765075, 0.0283506345004, 0.0263519175351, 0.0605334565043, 0.120992720127, 0.0991126447916, 0.048606146127, 0.0539009608328, 0.238718152046, 0.437030225992, 0.303539484739, 0.104424484074, 0.045342002064, 0.0364467427135, 0.0471564680338],
        "var": [0.0315184183419, 0.0252868104726, 0.0143066048622, 0.0169524773955, 0.0502223111689, 0.0411191806197, 0.014922009781, 0.0135796088725, 0.0226902160794, 0.0656803697348, 0.0582988448441, 0.0262563042343, 0.00208095530979, 0.00104871031363, 0.0364623479545, 0.142870604992, 0.119435936213, 0.0447511337698, 0.0231213960797, 0.0529356785119, 0.0316460467875, 0.018700748682, 0.00970142800361, 0.00515282200649, 0.0132928509265, 0.0676141679287, 0.0408946350217, 0.023185338825, 0.0256751570851, 0.0712856054306, 0.168533325195, 0.0927886739373, 0.0523830801249, 0.0129505097866, 0.00954230874777, 0.0178045779467]
    },
    "chords_histogram": [22.5308647156, 0, 11.0082302094, 9.15637874603, 3.39506173134, 0.720164597034, 0, 10.9053497314, 0, 38.9917678833, 0.720164597034, 1.95473253727, 0, 0, 0, 0.102880656719, 0, 0, 0, 0, 0, 0.205761313438, 0.308641970158, 0],
    "thpcp": [1, 0.694550335407, 0.23894110322, 0.103750266135, 0.0833963900805, 0.10790207237, 0.137270480394, 0.119005315006, 0.0755333155394, 0.100405581295, 0.205425068736, 0.211311891675, 0.148442357779, 0.128713577986, 0.22005559504, 0.373327374458, 0.334858804941, 0.156513527036, 0.0455074571073, 0.02769953385, 0.342491984367, 0.883108377457, 0.777203083038, 0.262583613396, 0.131838589907, 0.191407769918, 0.149410992861, 0.0890038609505, 0.0648711100221, 0.0602977015078, 0.138510912657, 0.276852071285, 0.226786702871, 0.111219182611, 0.123334631324, 0.546227991581],
    "chords_key": "G",
    "chords_scale": "major",
    "key_key": "C",
    "key_scale": "minor"
}
}