{
"lowlevel": {
    "average_loudness": 0.942501008511,
    "barkbands_crest": {
        "mean": 10.8568725586,
        "var": 16.5629806519
    },
    "barkbands_flatness_db": {
        "mean": 0.193218007684,
        "var": 0.0089368596673
    },
    "barkbands_kurtosis": {
        "mean": 6.51188182831,
        "var": 117.190643311
    },
    "barkbands_skewness": {
        "mean": 1.6078094244,
        "var": 2.58724451065
    },
    "barkbands_spread": {
        "mean": 22.0976486206,
        "var": 300.574310303
    },
    "dissonance": {
        "mean": 0.455857545137,
        "var": 0.00137700035702
    },
    "dynamic_complexity": 3.11589980125,
    "erbbands_crest": {
        "mean": 10.9223012924,
        "var": 23.8005619049
    },
    "erbbands_flatness_db": {
        "mean": 0.191914886236,
        "var": 0.0062810969539
    },
    "erbbands_kurtosis": {
        "mean": 1.21196424961,
        "var": 19.015668869
    },
    "erbbands_skewness": {
        "mean": 0.338869869709,
        "var": 1.24375832081
    },
    "erbbands_spread": {
        "mean": 39.6095809937,
        "var": 460.440093994
    },
    "hfc": {
        "mean": 18.0134773254,
        "var": 506.274505615
    },
    "melbands_crest": {
        "mean": 15.1291131973,
        "var": 28.1981887817
    },
    "melbands_flatness_db": {
        "mean": 0.251690149307,
        "var": 0.015197112225
    },
    "melbands_kurtosis": {
        "mean": 18.5297718048,
        "var": 630.376098633
    },
    "melbands_skewness": {
        "mean": 2.88490128517,
        "var": 3.8213968277
    },
    "melbands_spread": {
        "mean": 23.7645530701,
        "var": 532.732543945
    },
    "pitch_salience": {
        "mean": 0.533255040646,
        "var": 0.0160596258938
    },
    "silence_rate_20dB": {
        "mean": 1,
        "var": 0
    },
    "silence_rate_30dB": {
        "mean": 0.998970687389,
        "var": 0.00102828803938
    },
    "silence_rate_60dB": {
        "mean": 0.120432324708,
        "var": 0.105930641294
    },
    "spectral_centroid": {
        "mean": 1470.53051758,
        "var": 1105179.25
    },
    "spectral_complexity": {
        "mean": 12.8281011581,
        "var": 90.118019104
    },
    "spectral_decrease": {
        "mean": -5.66064350949e-009,
        "var": 3.07571890655e-017
    },
    "spectral_energy": {
        "mean": 0.0229984670877,
        "var": 0.000476685178
    },
    "spectral_energyband_high": {
        "mean": 0.0011255776044,
        "var": 4.6140721679e-006
    },
    "spectral_energyband_low": {
        "mean": 0.00993757322431,
        "var": 0.000312638090691
    },
    "spectral_energyband_middle_high": {
        "mean": 0.00338427838869,
        "var": 2.13372550206e-005
    },
    "spectral_energyband_middle_low": {
        "mean": 0.00882815383375,
        "var": 5.5383246945e-005
    },
    "spectral_entropy": {
        "mean": 7.03981733322,
        "var": 0.642293155193
    },
    "spectral_flux": {
        "mean": 0.0670967027545,
        "var": 0.00322974240407
    },
    "spectral_kurtosis": {
        "mean": 11.2510814667,
        "var": 917.271362305
    },
    "spectral_rms": {
        "mean": 0.00428207172081,
        "var": 4.10136453866e-006
    },
    "spectral_rolloff": {
        "mean": 1730.82214355,
        "var": 3439831.25
    },
    "spectral_skewness": {
        "mean": 1.94923877716,
        "var": 3.10853648186
    },
    "spectral_spread": {
        "mean": 4397157.5,
        "var": 4.86799782707e+012
    },
    "spectral_strongpeak": {
        "mean": 1.11676812172,
        "var": 5.97087907791
    },
    "zerocrossingrate": {
        "mean": 0.0643624067307,
        "var": 0.0022713590879
    },
    "barkbands": {
        "mean": [0.000753192754928, 0.00636837445199, 0.00257794791833, 0.00138355884701, 0.00461868662387, 0.00127718376461, 0.000443521188572, 0.000622913124971, 0.000400010292651, 0.000245671282755, 0.000149076862726, 0.000424322730396, 0.000189319835044, 0.000178585498361, 0.000643758743536, 0.000314706703648, 0.000149902683916, 0.000175044639036, 0.000729935185518, 0.000392790214391, 0.000358710705768, 0.000180348011781, 0.000149068597239, 0.000144269579323, 8.53766177897e-005, 4.02060322813e-005, 2.00133081307e-006],
        "var": [5.67265533391e-006, 0.000186141551239, 1.84734199138e-005, 3.22921937368e-006, 3.6492387153e-005, 5.51896482648e-006, 4.64993320293e-007, 2.99811836157e-006, 2.19441403715e-006, 3.83685858196e-007, 6.33252241755e-008, 1.60918432357e-006, 1.88679550206e-007, 1.5697885658e-007, 3.97018584408e-006, 6.48163847927e-007, 9.42630435929e-008, 1.45409643437e-007, 3.92258925785e-006, 8.2114485167e-007, 1.45695526044e-006, 1.40726911013e-007, 2.83379023358e-007, 1.21509557971e-007, 7.31966309786e-008, 9.89937998241e-009, 3.07052681892e-011]
    },
    "erbbands": {
        "mean": [0.158048048615, 1.50089335442, 3.39341664314, 3.44928860664, 8.99820613861, 18.6268615723, 12.0263519287, 11.4509487152, 7.08030080795, 8.05478954315, 13.3856277466, 11.3428573608, 6.88479661942, 7.48114156723, 10.1983575821, 17.4314041138, 9.3892993927, 10.8343353271, 31.2763004303, 23.1958370209, 12.1190347672, 7.14248180389, 9.50009441376, 14.1900177002, 48.8108634949, 20.7228450775, 17.0595760345, 10.0266942978, 7.60343980789, 3.97850847244, 4.28383970261, 3.52571177483, 2.07282209396, 1.13488233089, 0.522853016853, 0.223001182079, 0.0633427500725, 0.0106318537146, 0.00029603857547, 3.69572044292e-005],
        "var": [0.13468837738, 10.239821434, 28.838350296, 17.8399753571, 275.1043396, 571.481079102, 265.066009521, 676.303344727, 106.1173172, 208.073165894, 1997.83227539, 1696.9831543, 323.768981934, 350.780914307, 496.095001221, 2645.76489258, 346.511077881, 498.564849854, 7425.6015625, 3272.49365234, 440.834014893, 156.426025391, 487.886657715, 616.243896484, 17813.953125, 1675.09631348, 4192.02685547, 498.140686035, 289.668212891, 85.7990493774, 290.496185303, 82.2111434937, 23.5410041809, 9.45066738129, 2.41964459419, 0.460788160563, 0.0190417692065, 0.000494243286084, 3.99233982762e-007, 1.48497258934e-009]
    },
    "gfcc": {
        "mean": [-60.0114021301, 82.3889007568, -115.648475647, 37.3775215149, -57.9337730408, 9.64849853516, -37.5111618042, 1.48058235645, -27.3487472534, 2.70326948166, -11.7817783356, -3.88234567642, -7.21917009354],
        "cov": [[16101.2988281, -1639.33740234, 1830.26171875, 1963.53381348, -486.462402344, 330.298858643, -1332.06689453, -195.896606445, -1080.9284668, 460.010803223, -652.863098145, -16.1429481506, -391.693572998], [-1639.33740234, 4740.49267578, 2642.67553711, 350.72064209, 853.485412598, -311.836700439, 114.652404785, -869.851196289, 119.296691895, -483.870819092, 154.455825806, -238.669616699, 334.903808594], [1830.26171875, 2642.67553711, 3928.03173828, 860.117431641, 623.131347656, -57.5358657837, -273.199768066, -518.20501709, -210.678039551, -119.694984436, -202.361450195, -5.7619562149, 9.7638874054], [1963.53381348, 350.72064209, 860.117431641, 1085.14013672, 109.899055481, 90.2205429077, -107.220146179, -153.960388184, -151.192459106, -53.0389709473, -29.721912384, -67.4007415771, 53.6624336243], [-486.462402344, 853.485412598, 623.131347656, 109.899055481, 623.625, 115.613510132, 180.419143677, -2.24216365814, 136.425750732, 20.2225341797, 4.43560028076, 15.1675262451, 92.4248428345], [330.298858643, -311.836700439, -57.5358657837, 90.2205429077, 115.613510132, 290.951660156, 147.362380981, 172.906555176, 27.8000144958, 70.4860534668, 7.60693311691, 61.3378486633, 9.52309894562], [-1332.06689453, 114.652404785, -273.199768066, -107.220146179, 180.419143677, 147.362380981, 459.258789063, 239.93006897, 212.35194397, -3.5196955204, 131.349700928, 68.3570098877, 64.2972488403], [-195.896606445, -869.851196289, -518.20501709, -153.960388184, -2.24216365814, 172.906555176, 239.93006897, 460.377624512, 188.069564819, 164.898513794, 1.37818717957, 82.3607025146, -49.882484436], [-1080.9284668, 119.296691895, -210.678039551, -151.192459106, 136.425750732, 27.8000144958, 212.35194397, 188.069564819, 312.707061768, 65.0075912476, 63.3627243042, -4.01957988739, 32.6802597046], [460.010803223, -483.870819092, -119.694984436, -53.0389709473, 20.2225341797, 70.4860534668, -3.5196955204, 164.898513794, 65.0075912476, 217.131607056, -6.1338596344, 49.036895752, -59.3306922913], [-652.863098145, 154.455825806, -202.361450195, -29.721912384, 4.43560028076, 7.60693311691, 131.349700928, 1.37818717957, 63.3627243042, -6.1338596344, 166.290252686, 23.9138259888, 40.3648300171], [-16.1429481506, -238.669616699, -5.7619562149, -67.4007415771, 15.1675262451, 61.3378486633, 68.3570098877, 82.3607025146, -4.01957988739, 49.036895752, 23.9138259888, 141.854095459, 4.63345813751], [-391.693572998, 334.903808594, 9.7638874054, 53.6624336243, 92.4248428345, 9.52309894562, 64.2972488403, -49.882484436, 32.6802597046, -59.3306922913, 40.3648300171, 4.63345813751, 150.612243652]],
        "icov": [[0.000180793038453, -0.00022017477022, 0.000113119378511, -0.000327804300468, 0.000184624150279, -0.000254683021922, 0.000427318562288, -0.000391392357415, 0.000510614307132, -0.000539060973097, 0.000434581597801, -0.0002692345588, 0.000228649529163], [-0.00022017477022, 0.00214036251418, -0.00123432418332, 0.000989718362689, -0.00115304032806, 0.000892722455319, -0.00173969101161, 0.00291839218698, -0.00184031960089, 0.00182514311746, -0.00203925953247, 0.00259230029769, -0.00165910297073], [0.000113119378511, -0.00123432418332, 0.00123658264056, -0.000914464704692, 0.000158826966072, -0.000352577277226, 0.000946458894759, -0.00100754736923, 0.000822499045171, -0.000941368052736, 0.00180575286504, -0.00218864716589, 0.0015056647826], [-0.000327804300468, 0.000989718362689, -0.000914464704692, 0.00221818871796, -0.000540337525308, -9.51905021793e-005, -0.000862075481564, 0.00107133493293, -0.000542444176972, 0.00129275221843, -0.00192844483536, 0.00245396047831, -0.00165556778666], [0.000184624150279, -0.00115304032806, 0.000158826966072, -0.000540337525308, 0.00401388620958, -0.00165881670546, -0.0008494151989, 0.000158946233569, -0.00015302094107, -0.00273690046743, 0.00275586009957, -0.00107168708928, -0.000467285717605], [-0.000254683021922, 0.000892722455319, -0.000352577277226, -9.51905021793e-005, -0.00165881670546, 0.00692116422579, -0.00255288532935, -0.000787116179708, 0.00109714653809, -2.54291426245e-005, -0.000708911684342, 0.000485667289468, -0.00125419441611], [0.000427318562288, -0.00173969101161, 0.000946458894759, -0.000862075481564, -0.0008494151989, -0.00255288532935, 0.0104148387909, -0.0071656354703, 8.57327104313e-005, 0.00305504631251, -0.00348277133889, -0.00342261837795, 0.00131235399749], [-0.000391392357415, 0.00291839218698, -0.00100754736923, 0.00107133493293, 0.000158946233569, -0.000787116179708, -0.0071656354703, 0.0135464668274, -0.00600795866922, -0.00163436646108, 0.00243465579115, 0.00124096730724, -0.000356697069947], [0.000510614307132, -0.00184031960089, 0.000822499045171, -0.000542444176972, -0.00015302094107, 0.00109714653809, 8.57327104313e-005, -0.00600795866922, 0.0103414896876, -0.00417439779267, 0.000370808207663, 0.00141531869303, -0.000473102554679], [-0.000539060973097, 0.00182514311746, -0.000941368052736, 0.00129275221843, -0.00273690046743, -2.54291426245e-005, 0.00305504631251, -0.00163436646108, -0.00417439779267, 0.0126880193129, -0.00526635767892, -0.000293171295198, 0.00130009942222], [0.000434581597801, -0.00203925953247, 0.00180575286504, -0.00192844483536, 0.00275586009957, -0.000708911684342, -0.00348277133889, 0.00243465579115, 0.000370808207663, -0.00526635767892, 0.0142186516896, -0.00454840948805, 0.00105582049582], [-0.0002692345588, 0.00259230029769, -0.00218864716589, 0.00245396047831, -0.00107168708928, 0.000485667289468, -0.00342261837795, 0.00124096730724, 0.00141531869303, -0.000293171295198, -0.00454840948805, 0.0143409278244, -0.00434261420742], [0.000228649529163, -0.00165910297073, 0.0015056647826, -0.00165556778666, -0.000467285717605, -0.00125419441611, 0.00131235399749, -0.000356697069947, -0.000473102554679, 0.00130009942222, 0.00105582049582, -0.00434261420742, 0.0115687819198]]
    },
    "melbands": {
        "mean": [0.0016468425747, 0.00191304541659, 0.000743640819564, 0.00107366265729, 0.00052866700571, 0.000243669986958, 0.000102641497506, 9.46736254264e-005, 0.000103650207166, 6.5979307692e-005, 3.22511405102e-005, 3.00128685922e-005, 2.60353790509e-005, 5.21051188116e-005, 2.71945973509e-005, 1.75993081939e-005, 1.95849352167e-005, 4.45096120529e-005, 3.93926966353e-005, 3.04850764223e-005, 1.06893230623e-005, 7.2788302532e-006, 7.72638850322e-006, 9.37893310038e-006, 9.87297516986e-006, 3.00501087622e-005, 2.92746572086e-005, 1.06649240479e-005, 1.41909204103e-005, 5.15973715665e-006, 5.47864419786e-006, 4.71688372272e-006, 2.64307004727e-006, 2.12407508116e-006, 2.30325554185e-006, 2.69871452474e-006, 1.97284521164e-006, 1.48826381974e-006, 1.17850061088e-006, 9.01591420188e-007],
        "var": [1.3258857507e-005, 1.09383190647e-005, 8.88431770818e-007, 2.10642201637e-006, 4.77301568935e-007, 2.69356462468e-007, 2.43052085125e-008, 3.21076285559e-008, 1.16052227384e-007, 6.53428386954e-008, 7.37279126639e-009, 6.67505206664e-009, 2.50898968268e-009, 2.3664011195e-008, 3.54308671291e-009, 2.63363286734e-009, 2.26104868162e-009, 1.30121184938e-008, 2.00333758471e-008, 6.98887880901e-009, 3.72051361941e-010, 2.66317135011e-010, 3.04578473553e-010, 4.56348708822e-010, 3.79912185045e-010, 6.0958567083e-009, 6.41582342809e-009, 4.61471777458e-010, 4.30781987859e-009, 1.61029745094e-010, 1.4432617601e-010, 1.28486707385e-010, 3.77566068688e-011, 4.60649747513e-011, 9.14887055004e-011, 1.09458234143e-010, 2.58672736009e-011, 1.35882659291e-011, 1.21756866742e-011, 6.8795602895e-012]
    },
    "mfcc": {
        "mean": [-702.274475098, 106.981498718, 5.83714103699, 27.6140785217, 3.72170233727, 6.75584459305, 2.27807235718, -4.20537137985, -6.55146408081, 1.33034169674, -4.19652891159, -4.54771852493, 0.0915788859129],
        "cov": [[12327.4511719, -2077.62060547, 400.624176025, 845.576782227, 250.710601807, 284.102996826, -25.6925544739, -644.928588867, -177.592590332, 218.528900146, -322.532989502, -440.201721191, -397.848876953], [-2077.62060547, 3985.9309082, 1842.03686523, 540.601928711, 657.725463867, 452.996551514, 51.5613136292, -117.842445374, 26.7486572266, -164.221496582, -148.02331543, -270.320129395, -263.084075928], [400.624176025, 1842.03686523, 2349.59912109, 813.210021973, 563.030029297, 427.108886719, 101.359992981, -116.666885376, 5.83360338211, -89.5789260864, -51.384727478, -325.660766602, -356.27154541], [845.576782227, 540.601928711, 813.210021973, 761.996643066, 325.69732666, 272.058105469, 101.838394165, -26.1992282867, 18.1699066162, 50.0352630615, -75.1518630981, -138.758666992, -98.386505127], [250.710601807, 657.725463867, 563.030029297, 325.69732666, 462.479522705, 242.500595093, 75.7583389282, -29.6394386292, 106.751068115, 49.6264839172, -32.3520965576, -64.8115310669, -30.9504566193], [284.102996826, 452.996551514, 427.108886719, 272.058105469, 242.500595093, 287.100830078, 126.891593933, 21.1270771027, 31.8683605194, 1.46301686764, -27.2269210815, -58.0851211548, -29.2891521454], [-25.6925544739, 51.5613136292, 101.359992981, 101.838394165, 75.7583389282, 126.891593933, 248.666534424, 153.740936279, 71.6416778564, 11.7633333206, 33.9659576416, 60.9700317383, 49.8830108643], [-644.928588867, -117.842445374, -116.666885376, -26.1992282867, -29.6394386292, 21.1270771027, 153.740936279, 314.547943115, 146.388549805, 55.9614257813, 117.585929871, 122.481071472, 115.801818848], [-177.592590332, 26.7486572266, 5.83360338211, 18.1699066162, 106.751068115, 31.8683605194, 71.6416778564, 146.388549805, 241.478546143, 115.554901123, 83.4402618408, 97.9741363525, 79.3133926392], [218.528900146, -164.221496582, -89.5789260864, 50.0352630615, 49.6264839172, 1.46301686764, 11.7633333206, 55.9614257813, 115.554901123, 193.931594849, 87.293548584, 73.5572280884, 82.2364273071], [-322.532989502, -148.02331543, -51.384727478, -75.1518630981, -32.3520965576, -27.2269210815, 33.9659576416, 117.585929871, 83.4402618408, 87.293548584, 215.520950317, 149.482727051, 84.6251068115], [-440.201721191, -270.320129395, -325.660766602, -138.758666992, -64.8115310669, -58.0851211548, 60.9700317383, 122.481071472, 97.9741363525, 73.5572280884, 149.482727051, 284.089477539, 179.893997192], [-397.848876953, -263.084075928, -356.27154541, -98.386505127, -30.9504566193, -29.2891521454, 49.8830108643, 115.801818848, 79.3133926392, 82.2364273071, 84.6251068115, 179.893997192, 246.677642822]],
        "icov": [[0.000148539853399, 0.00013988147839, -2.19959438255e-005, -9.40797690419e-005, 2.72523957392e-005, -0.00018688099226, -0.000143441357068, 0.000379814242478, -7.29258463252e-005, -0.000238029999309, 9.65036670095e-005, 4.29989195254e-005, 0.000189733997104], [0.00013988147839, 0.000597783189733, -0.000359687575838, 0.000119197589811, -0.000329321541358, -0.000435565016232, 0.000166848505614, 0.000174148299266, -5.86245550949e-005, 1.93814667e-005, 0.000398762611439, -0.000139596566441, 0.000160060895723], [-2.19959438255e-005, -0.000359687575838, 0.00141068000812, -0.000945033854805, -0.000382166967029, -7.56675144657e-005, -0.00025227596052, 0.000340626924299, -0.000374487717636, 0.000900949700736, -0.00157014688011, 0.000738814414944, 0.000895495060831], [-9.40797690419e-005, 0.000119197589811, -0.000945033854805, 0.0032124761492, -0.000725985155441, -0.00106924818829, -3.24980828736e-005, -0.000938131648581, 0.0012266873382, -0.00195822003298, 0.00163519231137, -0.000335720949806, 6.29839778412e-005], [2.72523957392e-005, -0.000329321541358, -0.000382166967029, -0.000725985155441, 0.00637408904731, -0.00335217267275, -0.00011646484927, 0.00236049876548, -0.00341000687331, -0.000415351445554, 0.000275764847174, 0.000536049134098, -0.00108227669261], [-0.00018688099226, -0.000435565016232, -7.56675144657e-005, -0.00106924818829, -0.00335217267275, 0.00990659091622, -0.00361881335266, -0.000470761908218, 0.00120567553677, 0.000707744969986, -0.000656881777104, 0.0012421652209, -0.0008973639342], [-0.000143441357068, 0.000166848505614, -0.00025227596052, -3.24980828736e-005, -0.00011646484927, -0.00361881335266, 0.00894315727055, -0.00455209380016, 0.000490963982884, 0.000878827471752, 0.00146005873103, -0.00243066763505, 0.000274353427812], [0.000379814242478, 0.000174148299266, 0.000340626924299, -0.000938131648581, 0.00236049876548, -0.000470761908218, -0.00455209380016, 0.00964632164687, -0.00498168217018, 0.00136158312671, -0.00320456991903, 0.00209570070729, -0.00173267896753], [-7.29258463252e-005, -5.86245550949e-005, -0.000374487717636, 0.0012266873382, -0.00341000687331, 0.00120567553677, 0.000490963982884, -0.00498168217018, 0.0105888368562, -0.00475151324645, 0.00154349417426, -0.00246090278961, 0.00116750248708], [-0.000238029999309, 1.93814667e-005, 0.000900949700736, -0.00195822003298, -0.000415351445554, 0.000707744969986, 0.000878827471752, 0.00136158312671, -0.00475151324645, 0.0113643351942, -0.00464814109728, 0.00178700417746, -0.00259749800898], [9.65036670095e-005, 0.000398762611439, -0.00157014688011, 0.00163519231137, 0.000275764847174, -0.000656881777104, 0.00146005873103, -0.00320456991903, 0.00154349417426, -0.00464814109728, 0.011422178708, -0.00572837330401, 0.00144344754517], [4.29989195254e-005, -0.000139596566441, 0.000738814414944, -0.000335720949806, 0.000536049134098, 0.0012421652209, -0.00243066763505, 0.00209570070729, -0.00246090278961, 0.00178700417746, -0.00572837330401, 0.0107734398916, -0.00511996820569], [0.000189733997104, 0.000160060895723, 0.000895495060831, 6.29839778412e-005, -0.00108227669261, -0.0008973639342, 0.000274353427812, -0.00173267896753, 0.00116750248708, -0.00259749800898, 0.00144344754517, -0.00511996820569, 0.0100938333198]]
    },
    "spectral_contrast_coeffs": {
        "mean": [-0.623229563236, -0.688650548458, -0.752053797245, -0.748316943645, -0.754720985889, -0.733334898949],
        "var": [0.0143567817286, 0.00711992848665, 0.00723807234317, 0.00761881005019, 0.00822373107076, 0.00359577033669]
    },
    "spectral_contrast_valleys": {
        "mean": [-8.11324882507, -7.72752046585, -8.28073596954, -8.62054634094, -8.50065612793, -11.1690578461],
        "var": [5.94070863724, 2.35126376152, 1.9064360857, 2.18176078796, 2.54164600372, 3.08585000038]
    }
},
"metadata": {
    "audio_properties": {
        "analysis_sample_rate": 44100,
        "bit_rate": 111475,
        "equal_loudness": 0,
        "length": 45.0873451233,
        "lossless": 0,
        "replay_gain": -12.1484737396,
        "sample_rate": 44100,
        "codec": "mp3",
        "downmix": "mix",
        "md5_encoded": "1c388a42b5938023ce731c039bf06d4f"
    },
    "tags": {
        "file_name": "954.mp3"
    },
    "version": {
        "essentia": "2.1-beta2",
        "essentia_git_sha": "v2.1_beta2",
        "extractor": "music 1.0"
    }
},
"rhythm": {
    "beats_count": 81,
    "beats_loudness": {
        "mean": 0.0320858284831,
        "var": 0.000290132476948
    },
    "bpm": 109.94758606,
    "bpm_histogram_first_peak_bpm": {
        "mean": 110,
        "var": 0
    },
    "bpm_histogram_first_peak_spread": {
        "mean": 0.434210479259,
        "var": 0
    },
    "bpm_histogram_first_peak_weight": {
        "mean": 0.537500023842,
        "var": 0
    },
    "bpm_histogram_second_peak_bpm": {
        "mean": 99,
        "var": 0
    },
    "bpm_histogram_second_peak_spread": {
        "mean": 0.5,
        "var": 0
    },
    "bpm_histogram_second_peak_weight": {
        "mean": 0.0250000003725,
        "var": 0
    },
    "danceability": 1.02772450447,
    "onset_rate": 4.89970445633,
    "beats_loudness_band_ratio": {
        "mean": [0.42538356781, 0.232820019126, 0.0879443213344, 0.0789918154478, 0.0997807756066, 0.115293040872],
        "var": [0.0700651109219, 0.0373918302357, 0.0143820960075, 0.0127806579694, 0.0111076598987, 0.0133863659576]
    },
    "beats_position": [0.568888902664, 1.17260766029, 1.764716506, 2.36843538284, 2.94893407822, 3.50621318817, 4.05188179016, 4.60916090012, 5.15482997894, 5.70049858093, 6.24616765976, 6.79183673859, 7.33750534058, 7.87156438828, 8.42884349823, 8.96290206909, 9.50857162476, 10.0542402267, 10.5999088287, 11.1571884155, 11.7028570175, 12.2601356506, 12.7941951752, 13.328253746, 13.8623123169, 14.4079818726, 14.9536504745, 15.5109291077, 16.0565986633, 16.602268219, 17.1363258362, 17.6819953918, 18.2276649475, 18.784942627, 19.3190021515, 19.853061676, 20.3871192932, 20.94439888, 21.5016784668, 22.0589561462, 22.5930156708, 23.1502952576, 23.6959629059, 24.2416324615, 24.7873020172, 25.3329696655, 25.8786392212, 26.4243087769, 26.9699764252, 27.5156459808, 28.0497055054, 28.5953731537, 29.1410427094, 29.6983222961, 30.2439899445, 30.7896595001, 31.3237190247, 31.8809967041, 32.4266662598, 32.9723358154, 33.5063934326, 34.0636711121, 34.6093406677, 35.1550102234, 35.6890678406, 36.2463493347, 36.7804069519, 37.3260765076, 37.8717460632, 38.4290237427, 38.9630813599, 39.5087509155, 40.0544204712, 40.6000900269, 41.1457595825, 41.6914291382, 42.2370948792, 42.7827644348, 43.3284339905, 43.8857116699, 44.4313812256]
},
"tonal": {
    "chords_changes_rate": 0.0442386828363,
    "chords_number_rate": 0.00823045242578,
    "chords_strength": {
        "mean": 0.536343276501,
        "var": 0.0051769791171
    },
    "hpcp_entropy": {
        "mean": 1.95853197575,
        "var": 0.701675474644
    },
    "key_strength": 0.790126562119,
    "tuning_diatonic_strength": 0.574695587158,
    "tuning_equal_tempered_deviation": 0.0944617688656,
    "tuning_frequency": 440.508636475,
    "tuning_nontempered_energy_ratio": 0.727183759212,
    "hpcp": {
        "mean": [0.388676166534, 0.309246301651, 0.13737334311, 0.0713509693742, 0.0599743463099, 0.081721752882, 0.10349367559, 0.0958813801408, 0.16375797987, 0.208584949374, 0.109482116997, 0.0628284588456, 0.0681983977556, 0.0499009899795, 0.0907747149467, 0.127876579762, 0.0850871652365, 0.0436055734754, 0.0276661608368, 0.0243593938649, 0.154429852962, 0.306760013103, 0.223555162549, 0.171119719744, 0.17554359138, 0.074689000845, 0.0285898000002, 0.0261513534933, 0.0288483649492, 0.0745264142752, 0.0971270427108, 0.0600080527365, 0.0424320846796, 0.0400296933949, 0.0513240844011, 0.207694083452],
        "var": [0.171336233616, 0.109221532941, 0.0547566637397, 0.0256174691021, 0.0235085356981, 0.0236600637436, 0.031458735466, 0.0219631046057, 0.0648679882288, 0.11351968348, 0.0362676940858, 0.0239718221128, 0.0265096370131, 0.0135254515335, 0.0366159342229, 0.0730140730739, 0.0371815934777, 0.019254161045, 0.00952865183353, 0.00490520661697, 0.0429360866547, 0.144297033548, 0.0601047351956, 0.0764973312616, 0.110580161214, 0.0263077411801, 0.00614754948765, 0.00472158333287, 0.004994480405, 0.0317283011973, 0.0452713705599, 0.0172309298068, 0.0137847186998, 0.0103299878538, 0.0125879328698, 0.0640709325671]
    },
    "chords_histogram": [34.4650192261, 7.20164632797, 2.46913576126, 0.617283940315, 0, 0.720164597034, 1.54320991039, 31.1728401184, 0, 0.308641970158, 0, 0, 0, 0, 0, 0, 0, 0, 0, 0, 3.60082316399, 0, 15.3292179108, 2.57201647758],
    "thpcp": [1, 0.79563999176, 0.353439062834, 0.183574333787, 0.154304146767, 0.210256665945, 0.266272246838, 0.246687054634, 0.421322405338, 0.536654829979, 0.28167951107, 0.161647319794, 0.175463289022, 0.128387063742, 0.23354844749, 0.32900545001, 0.218915313482, 0.112189985812, 0.0711804926395, 0.06267272681, 0.397322684526, 0.789243161678, 0.575170755386, 0.440262973309, 0.451644867659, 0.192162543535, 0.0735568627715, 0.0672831386328, 0.0742221102118, 0.191744238138, 0.249891936779, 0.154390871525, 0.109170794487, 0.102989830077, 0.13204844296, 0.534362792969],
    "chords_key": "A",
    "chords_scale": "minor",
    "key_key": "A",
    "key_scale": "minor"
}
}