{
"lowlevel": {
    "average_loudness": 0.883628129959,
    "barkbands_crest": {
        "mean": 13.3744182587,
        "var": 29.0978870392
    },
    "barkbands_flatness_db": {
        "mean": 0.372650712729,
        "var": 0.0202052500099
    },
    "barkbands_kurtosis": {
        "mean": 28.6117095947,
        "var": 5454.14306641
    },
    "barkbands_skewness": {
        "mean": 0.970780432224,
        "var": 3.57760071754
    },
    "barkbands_spread": {
        "mean": 9.19548511505,
        "var": 138.076461792
    },
    "dissonance": {
        "mean": 0.332170069218,
        "var": 0.0112984264269
    },
    "dynamic_complexity": 3.68301129341,
    "erbbands_crest": {
        "mean": 17.5129127502,
        "var": 50.7617950439
    },
    "erbbands_flatness_db": {
        "mean": 0.364254981279,
        "var": 0.020757868886
    },
    "erbbands_kurtosis": {
        "mean": 24.9851894379,
        "var": 2999.42919922
    },
    "erbbands_skewness": {
        "mean": 1.29555165768,
        "var": 6.23002243042
    },
    "erbbands_spread": {
        "mean": 12.2652826309,
        "var": 373.776092529
    },
    "hfc": {
        "mean": 17.5530338287,
        "var": 432.239074707
    },
    "melbands_crest": {
        "mean": 21.6313362122,
        "var": 64.9220199585
    },
    "melbands_flatness_db": {
        "mean": 0.435017734766,
        "var": 0.0228357929736
    },
    "melbands_kurtosis": {
        "mean": 12.3930263519,
        "var": 904.437255859
    },
    "melbands_skewness": {
        "mean": 1.02166306973,
        "var": 2.93170070648
    },
    "melbands_spread": {
        "mean": 10.0955810547,
        "var": 130.680160522
    },
    "pitch_salience": {
        "mean": 0.41298571229,
        "var": 0.0189637579024
    },
    "silence_rate_20dB": {
        "mean": 0.998970150948,
        "var": 0.00102881039493
    },
    "silence_rate_30dB": {
        "mean": 0.951596319675,
        "var": 0.0460605025291
    },
    "silence_rate_60dB": {
        "mean": 0.093202881515,
        "var": 0.0845135599375
    },
    "spectral_centroid": {
        "mean": 768.093566895,
        "var": 402685.71875
    },
    "spectral_complexity": {
        "mean": 7.96446943283,
        "var": 56.1659164429
    },
    "spectral_decrease": {
        "mean": -1.04714601434e-008,
        "var": 1.53257323976e-016
    },
    "spectral_energy": {
        "mean": 0.0411138162017,
        "var": 0.00226675882004
    },
    "spectral_energyband_high": {
        "mean": 0.000544039241504,
        "var": 2.70516102319e-006
    },
    "spectral_energyband_low": {
        "mean": 0.0200825966895,
        "var": 0.00172339589335
    },
    "spectral_energyband_middle_high": {
        "mean": 0.0027798791416,
        "var": 4.93789921165e-005
    },
    "spectral_energyband_middle_low": {
        "mean": 0.0182124581188,
        "var": 0.000288722018013
    },
    "spectral_entropy": {
        "mean": 5.8322634697,
        "var": 1.86863517761
    },
    "spectral_flux": {
        "mean": 0.0584009476006,
        "var": 0.00488629005849
    },
    "spectral_kurtosis": {
        "mean": 56.1964492798,
        "var": 4533.73876953
    },
    "spectral_rms": {
        "mean": 0.00560640310869,
        "var": 8.67924700287e-006
    },
    "spectral_rolloff": {
        "mean": 762.398803711,
        "var": 1021732.5625
    },
    "spectral_skewness": {
        "mean": 5.11706161499,
        "var": 14.3859968185
    },
    "spectral_spread": {
        "mean": 3121407.75,
        "var": 7.77932976947e+012
    },
    "spectral_strongpeak": {
        "mean": 1.09455621243,
        "var": 1.38344573975
    },
    "zerocrossingrate": {
        "mean": 0.0296347998083,
        "var": 0.000769022735767
    },
    "barkbands": {
        "mean": [0.00550774252042, 0.0129726855084, 0.00125706347171, 0.00116675673053, 0.000399885379011, 0.00141393835656, 0.00587808806449, 0.00206362013705, 0.007008489687, 0.00121834455058, 0.000601606268901, 0.000492390943691, 0.000108185915451, 9.44883286138e-005, 0.000102503545349, 6.25701504759e-005, 5.01113790961e-005, 5.21352849319e-005, 5.23840317328e-005, 0.00012478150893, 7.63595453463e-005, 0.000102881989733, 0.000104884551547, 0.00012183275976, 5.49393625988e-005, 2.34383769566e-005, 1.76354706127e-006],
        "var": [4.59575130662e-005, 0.000804802635685, 8.0441517639e-005, 7.41179464967e-005, 1.07248695258e-006, 2.39768860411e-006, 4.00327226089e-005, 9.8055561466e-006, 5.82532557019e-005, 1.17113031592e-005, 4.86386079501e-006, 4.49646131528e-006, 2.49854622325e-007, 1.01859093604e-007, 2.65141778755e-007, 1.00372346878e-007, 2.37856596641e-008, 2.39254873691e-008, 2.618399364e-008, 2.93204806212e-007, 5.93297357909e-008, 1.12860639945e-007, 1.25836791653e-007, 1.93124847669e-007, 4.43146284113e-008, 8.50702086552e-009, 1.50624707151e-010]
    },
    "erbbands": {
        "mean": [0.814599692822, 1.19219887257, 1.3902682066, 3.29373025894, 1.55151665211, 1.77039515972, 5.46136236191, 16.5728588104, 93.9643783569, 37.7997016907, 63.5025978088, 167.540496826, 60.5944709778, 40.8362731934, 30.6332550049, 13.0749902725, 4.95529508591, 5.48585700989, 6.16708183289, 3.35608053207, 3.39101243019, 3.05853533745, 2.77596592903, 2.68423390388, 3.79255223274, 6.31295728683, 3.56244468689, 2.98673844337, 3.31039142609, 3.65706825256, 2.74620294571, 2.84745764732, 1.84406483173, 0.75096142292, 0.335032343864, 0.148365914822, 0.029806220904, 0.00667569506913, 0.000241082001594, 5.26165131305e-005],
        "var": [2.00012874603, 21.0807819366, 76.1464385986, 623.229125977, 85.351234436, 19.3909168243, 31.8876228333, 278.59967041, 10312.8564453, 1137.16088867, 4459.54785156, 37410.5703125, 14429.1152344, 10371.3564453, 10148.0878906, 2486.28271484, 377.940887451, 386.668945313, 860.083007813, 280.000640869, 235.165969849, 91.6579818726, 66.0979385376, 73.0399169922, 187.543762207, 812.881164551, 125.410957336, 110.878227234, 122.359275818, 141.130172729, 90.3804779053, 113.746002197, 46.6759529114, 7.8006606102, 1.72662091255, 0.381769180298, 0.0129585620016, 0.000997630879283, 1.60444949415e-006, 3.79719722332e-009]
    },
    "gfcc": {
        "mean": [-159.035675049, 136.17527771, -91.7285766602, -20.0965270996, -107.093330383, -17.7628040314, -22.1800308228, 15.3962688446, 8.95526695251, 6.85173368454, 7.51826667786, -0.974464952946, 8.35375404358],
        "cov": [[20846.0898438, -3597.98632813, -1891.7565918, 3497.75146484, 1863.66503906, 3675.60546875, 1573.56994629, 2634.53759766, -32.6313056946, 961.475341797, -330.119354248, 1055.40783691, 325.022399902], [-3597.98632813, 2569.88134766, 361.157104492, -1269.06225586, -100.32144165, -787.76953125, 136.050949097, -445.914367676, 249.150527954, -490.065307617, 161.686309814, -349.459014893, 151.083343506], [-1891.7565918, 361.157104492, 1694.13085938, 48.1175308228, 28.3322639465, -23.6946563721, -238.541061401, 116.285629272, 265.917663574, 135.983520508, 26.4576206207, -62.3903770447, -101.59047699], [3497.75146484, -1269.06225586, 48.1175308228, 1886.03833008, 679.0703125, 958.984680176, 150.666397095, 677.94354248, 86.7481613159, 437.732940674, 40.8999900818, 254.397262573, -32.4887466431], [1863.66503906, -100.32144165, 28.3322639465, 679.0703125, 802.621643066, 700.223876953, 274.739135742, 369.105712891, 22.3644371033, 120.986297607, 64.2167816162, 201.903289795, 57.9067077637], [3675.60546875, -787.76953125, -23.6946563721, 958.984680176, 700.223876953, 1261.43164063, 403.342376709, 667.058166504, -28.7068576813, 239.066833496, 17.0365772247, 335.662628174, 112.257606506], [1573.56994629, 136.050949097, -238.541061401, 150.666397095, 274.739135742, 403.342376709, 508.505706787, 292.320739746, 29.0712471008, -18.5871677399, 20.6077079773, 78.3330078125, 131.082946777], [2634.53759766, -445.914367676, 116.285629272, 677.94354248, 369.105712891, 667.058166504, 292.320739746, 688.084533691, 183.41645813, 211.546936035, -53.8436355591, 134.380615234, 93.9551925659], [-32.6313056946, 249.150527954, 265.917663574, 86.7481613159, 22.3644371033, -28.7068576813, 29.0712471008, 183.41645813, 283.165985107, 90.3894805908, 13.3119668961, -70.5194320679, 47.1482200623], [961.475341797, -490.065307617, 135.983520508, 437.732940674, 120.986297607, 239.066833496, -18.5871677399, 211.546936035, 90.3894805908, 274.364746094, 48.2663955688, 102.716957092, -9.99877262115], [-330.119354248, 161.686309814, 26.4576206207, 40.8999900818, 64.2167816162, 17.0365772247, 20.6077079773, -53.8436355591, 13.3119668961, 48.2663955688, 234.259643555, 106.858947754, 45.3956604004], [1055.40783691, -349.459014893, -62.3903770447, 254.397262573, 201.903289795, 335.662628174, 78.3330078125, 134.380615234, -70.5194320679, 102.716957092, 106.858947754, 255.299163818, 59.4311065674], [325.022399902, 151.083343506, -101.59047699, -32.4887466431, 57.9067077637, 112.257606506, 131.082946777, 93.9551925659, 47.1482200623, -9.99877262115, 45.3956604004, 59.4311065674, 138.126785278]],
        "icov": [[0.000213935709326, -0.000185809549293, 0.000311397656333, -0.000103980819404, 0.000202459443244, -0.000294419412967, -0.000140262432978, -0.000437706330558, 4.76376844745e-005, -0.000434765941463, 0.000561644032132, -0.00062848086236, 0.000527743191924], [-0.000185809549293, 0.00320469890721, -0.000968858250417, 0.00117547204718, -0.00225990987383, 0.00103939487599, -0.000718955066986, 0.00105029914994, -0.00246498384513, 0.00422039907426, -0.00356292282231, 0.00356426672079, -0.00264933798462], [0.000311397656333, -0.000968858250417, 0.00153554498684, -0.000139518320793, 0.000700690434314, -0.000984627287835, 0.0005672647967, -0.00095064152265, -0.000609529321082, -0.00129593582824, 0.00118695315905, -0.00176312797703, 0.00252108857967], [-0.000103980819404, 0.00117547204718, -0.000139518320793, 0.00196421565488, -0.00146154791582, -2.44515758823e-005, 0.000286502530798, -0.000544254493434, -0.000646219647024, 0.000352645409293, -0.0019619143568, 0.00190703943372, 0.00011960255506], [0.000202459443244, -0.00225990987383, 0.000700690434314, -0.00146154791582, 0.00458934810013, -0.00220210640691, -0.000262169109192, -0.000186727993423, 0.000418176699895, -0.00180426507723, 0.00236468482763, -0.00369256152771, 0.00294685433619], [-0.000294419412967, 0.00103939487599, -0.000984627287835, -2.44515758823e-005, -0.00220210640691, 0.00469090184197, -0.000881776271854, -0.00156590947881, 0.00216232170351, 0.000624409702141, -0.000978756695986, 0.000486420351081, -0.00274176010862], [-0.000140262432978, -0.000718955066986, 0.0005672647967, 0.000286502530798, -0.000262169109192, -0.000881776271854, 0.00494266208261, -0.00199534348212, 0.00113572529517, 0.000524223665707, -0.0010200830875, 0.00121495383792, -0.00144298980013], [-0.000437706330558, 0.00105029914994, -0.00095064152265, -0.000544254493434, -0.000186727993423, -0.00156590947881, -0.00199534348212, 0.0087293125689, -0.0057261926122, 0.0010063496884, 0.00197297893465, -0.000561377732083, -0.00201877322979], [4.76376844745e-005, -0.00246498384513, -0.000609529321082, -0.000646219647024, 0.000418176699895, 0.00216232170351, 0.00113572529517, -0.0057261926122, 0.0145312445238, -0.00743511645123, -0.000242761496338, 0.00457458756864, -0.00451846048236], [-0.000434765941463, 0.00422039907426, -0.00129593582824, 0.000352645409293, -0.00180426507723, 0.000624409702141, 0.000524223665707, 0.0010063496884, -0.00743511645123, 0.0153579078615, -0.0060325791128, 0.0011767471442, -0.000270585092949], [0.000561644032132, -0.00356292282231, 0.00118695315905, -0.0019619143568, 0.00236468482763, -0.000978756695986, -0.0010200830875, 0.00197297893465, -0.000242761496338, -0.0060325791128, 0.0130461649969, -0.00982991885394, 0.00200519477949], [-0.00062848086236, 0.00356426672079, -0.00176312797703, 0.00190703943372, -0.00369256152771, 0.000486420351081, 0.00121495383792, -0.000561377732083, 0.00457458756864, 0.0011767471442, -0.00982991885394, 0.0182636622339, -0.00899027660489], [0.000527743191924, -0.00264933798462, 0.00252108857967, 0.00011960255506, 0.00294685433619, -0.00274176010862, -0.00144298980013, -0.00201877322979, -0.00451846048236, -0.000270585092949, 0.00200519477949, -0.00899027660489, 0.0192455071956]]
    },
    "melbands": {
        "mean": [0.00540942233056, 0.000925011525396, 0.000506398675498, 9.64306163951e-005, 0.000177206951776, 0.000367075350368, 0.00137008936144, 0.000432885746704, 0.000680914905388, 0.00098108779639, 0.000276427599601, 0.00016661992413, 9.90107801044e-005, 7.21082324162e-005, 8.02421709523e-006, 1.20783406601e-005, 9.61380737863e-006, 9.69048869592e-006, 6.35633159618e-006, 4.1233029151e-006, 3.70390989701e-006, 3.10275027005e-006, 2.97261226478e-006, 2.17851379603e-006, 2.12410418499e-006, 2.04154412131e-006, 3.98609017793e-006, 4.14996384279e-006, 2.35655215874e-006, 1.58526654559e-006, 1.84226973943e-006, 2.04613343158e-006, 1.71503404545e-006, 2.03496210816e-006, 1.38151358442e-006, 1.95871621145e-006, 1.61255070452e-006, 1.37720041948e-006, 9.26377992982e-007, 5.24365589172e-007],
        "var": [9.77291347226e-005, 2.2016627554e-005, 1.36770268e-005, 1.10673667564e-007, 3.39263266369e-008, 1.35160036052e-007, 2.20187234845e-006, 1.95211157461e-007, 4.75932722566e-007, 1.179681135e-006, 3.70895264723e-007, 1.93488460809e-007, 1.19630243489e-007, 9.26150605096e-008, 7.55451479151e-010, 3.14482351271e-009, 1.15530185418e-009, 2.06002015446e-009, 1.03689401509e-009, 5.25199883583e-010, 2.49020165599e-010, 9.67640273464e-011, 8.34209784584e-011, 4.34192300169e-011, 4.84622099395e-011, 4.18615316022e-011, 2.95084873203e-010, 3.69148489554e-010, 5.39147858303e-011, 3.08220185485e-011, 4.67710037366e-011, 5.47306540366e-011, 2.7769073499e-011, 4.60204339914e-011, 2.3906120139e-011, 5.47173278909e-011, 3.72425874862e-011, 2.6237737677e-011, 1.2254179442e-011, 4.2253462014e-012]
    },
    "mfcc": {
        "mean": [-806.997192383, 165.397857666, 44.4007720947, -1.49401557446, -37.4444160461, -33.7108192444, -24.7395191193, -8.75522518158, 1.1129680872, 10.7084188461, 10.0224285126, 10.3406009674, 6.84993696213],
        "cov": [[19637.9453125, -3359.7878418, -2530.8046875, 835.825073242, 830.624328613, 2013.77441406, 2230.92529297, 2715.54638672, 1930.59155273, 1416.71789551, 612.624572754, 526.693664551, 39.7693901062], [-3359.7878418, 2742.81298828, 235.994125366, -509.030303955, -300.388824463, -527.909057617, -292.913635254, -170.548706055, -2.80308508873, -59.4600753784, -41.1015701294, -141.719970703, -117.732017517], [-2530.8046875, 235.994125366, 1415.71240234, 80.9527511597, 247.88180542, -180.302871704, -317.674835205, -281.807830811, -107.646850586, 26.8680057526, 97.7996368408, 128.53364563, 40.9059486389], [835.825073242, -509.030303955, 80.9527511597, 665.215942383, 349.460998535, 252.925750732, 141.921218872, 129.259536743, 65.7464828491, 102.230567932, 141.331863403, 180.384155273, 85.3675384521], [830.624328613, -300.388824463, 247.88180542, 349.460998535, 684.140380859, 377.554382324, 235.554885864, 255.24420166, 150.783752441, 89.8798294067, 105.982650757, 216.469497681, 121.574478149], [2013.77441406, -527.909057617, -180.302871704, 252.925750732, 377.554382324, 549.319641113, 447.885467529, 399.524414063, 192.08972168, 92.1012191772, 49.0941734314, 122.043983459, 118.60231781], [2230.92529297, -292.913635254, -317.674835205, 141.921218872, 235.554885864, 447.885467529, 609.322021484, 559.615478516, 268.347473145, 99.3146591187, 8.86577510834, 82.1530303955, 117.087783813], [2715.54638672, -170.548706055, -281.807830811, 129.259536743, 255.24420166, 399.524414063, 559.615478516, 718.825073242, 449.743682861, 225.281494141, 61.8894577026, 107.055366516, 54.1662712097], [1930.59155273, -2.80308508873, -107.646850586, 65.7464828491, 150.783752441, 192.08972168, 268.347473145, 449.743682861, 481.182739258, 344.382171631, 140.327560425, 61.1004333496, -59.555934906], [1416.71789551, -59.4600753784, 26.8680057526, 102.230567932, 89.8798294067, 92.1012191772, 99.3146591187, 225.281494141, 344.382171631, 431.545196533, 241.071578979, 73.6768875122, -95.7970046997], [612.624572754, -41.1015701294, 97.7996368408, 141.331863403, 105.982650757, 49.0941734314, 8.86577510834, 61.8894577026, 140.327560425, 241.071578979, 255.4375, 118.694587708, -46.907585144], [526.693664551, -141.719970703, 128.53364563, 180.384155273, 216.469497681, 122.043983459, 82.1530303955, 107.055366516, 61.1004333496, 73.6768875122, 118.694587708, 183.938491821, 88.7355880737], [39.7693901062, -117.732017517, 40.9059486389, 85.3675384521, 121.574478149, 118.60231781, 117.087783813, 54.1662712097, -59.555934906, -95.7970046997, -46.907585144, 88.7355880737, 184.594940186]],
        "icov": [[0.000276601087535, 0.000230733960052, 0.00032888064743, 0.000104447899503, 0.000172145548277, -0.000329017901095, 7.7475568105e-005, -0.000533197191544, -0.000140443953569, -0.000419901363784, 0.000125102393213, -0.000640716578346, 0.000248281867243], [0.000230733960052, 0.00072818249464, 0.000220608184463, 0.000373527960619, -7.59348840802e-005, 0.000471361156087, -6.45954351057e-005, -0.000548843992874, -0.000460207491415, 7.52200649003e-005, -0.000458911585156, -4.67575046059e-005, -6.13089723629e-005], [0.00032888064743, 0.000220608184463, 0.00148635695223, 0.000217772685573, -0.000544997223187, 0.000103795267933, 0.000479067559354, -0.000386421277653, -6.50454603601e-005, -0.000953344628215, 0.000277866260149, -0.00114167062566, -0.00015478982823], [0.000104447899503, 0.000373527960619, 0.000217772685573, 0.00262832362205, -0.000723288627341, -0.000324608030496, 5.66452545172e-005, -0.000180982635356, 0.00034229826997, -0.000337366334861, -0.000696370087098, -0.00109380309004, -6.17272380623e-005], [0.000172145548277, -7.59348840802e-005, -0.000544997223187, -0.000723288627341, 0.00440202234313, -0.00325913191773, 0.000715816568118, -0.000124861791846, -0.00110570888501, 0.000452928739833, 0.00119997828733, -0.00389515981078, 0.00120282254647], [-0.000329017901095, 0.000471361156087, 0.000103795267933, -0.000324608030496, -0.00325913191773, 0.00882728304714, -0.00487718731165, 0.00119236763567, 7.1413560363e-005, 0.000432512111729, -0.001281940029, 0.00236745597795, -0.00149904214777], [7.7475568105e-005, -6.45954351057e-005, 0.000479067559354, 5.66452545172e-005, 0.000715816568118, -0.00487718731165, 0.0122525598854, -0.00900625251234, 0.00296994880773, -0.000565466936678, -0.00175488519017, 0.00397049309686, -0.00434692949057], [-0.000533197191544, -0.000548843992874, -0.000386421277653, -0.000180982635356, -0.000124861791846, 0.00119236763567, -0.00900625251234, 0.0144525468349, -0.00877056270838, 0.00271841301583, 0.00286600110121, -0.00458532338962, 0.00223562377505], [-0.000140443953569, -0.000460207491415, -6.50454603601e-005, 0.00034229826997, -0.00110570888501, 7.1413560363e-005, 0.00296994880773, -0.00877056270838, 0.0150380488485, -0.00872992351651, 0.00213890126906, 0.00133825000376, 0.00118642870802], [-0.000419901363784, 7.52200649003e-005, -0.000953344628215, -0.000337366334861, 0.000452928739833, 0.000432512111729, -0.000565466936678, 0.00271841301583, -0.00872992351651, 0.0139212450013, -0.00939405988902, 0.00359882670455, -0.000218574146857], [0.000125102393213, -0.000458911585156, 0.000277866260149, -0.000696370087098, 0.00119997828733, -0.001281940029, -0.00175488519017, 0.00286600110121, 0.00213890126906, -0.00939405988902, 0.0188207793981, -0.0145406862721, 0.00783359352499], [-0.000640716578346, -4.67575046059e-005, -0.00114167062566, -0.00109380309004, -0.00389515981078, 0.00236745597795, 0.00397049309686, -0.00458532338962, 0.00133825000376, 0.00359882670455, -0.0145406862721, 0.0271167177707, -0.0136923389509], [0.000248281867243, -6.13089723629e-005, -0.00015478982823, -6.17272380623e-005, 0.00120282254647, -0.00149904214777, -0.00434692949057, 0.00223562377505, 0.00118642870802, -0.000218574146857, 0.00783359352499, -0.0136923389509, 0.0165016241372]]
    },
    "spectral_contrast_coeffs": {
        "mean": [-0.664577722549, -0.60683375597, -0.6339148283, -0.844582080841, -0.844358205795, -0.805255651474],
        "var": [0.00721180532128, 0.0116735417396, 0.01823906973, 0.00169990956783, 0.00250790454447, 0.00310510629788]
    },
    "spectral_contrast_valleys": {
        "mean": [-9.18315505981, -7.09085988998, -8.70198726654, -9.65252685547, -9.68913173676, -11.955332756],
        "var": [2.67116880417, 2.25619363785, 2.58620667458, 2.65278220177, 3.37009906769, 3.23110175133]
    }
},
"metadata": {
    "audio_properties": {
        "analysis_sample_rate": 44100,
        "bit_rate": 105684,
        "equal_loudness": 0,
        "length": 45.0612258911,
        "lossless": 0,
        "replay_gain": -8.96440887451,
        "sample_rate": 44100,
        "codec": "mp3",
        "downmix": "mix",
        "md5_encoded": "1bd18f9395e6c03f8e6b33a6c594af10"
    },
    "tags": {
        "file_name": "955.mp3"
    },
    "version": {
        "essentia": "2.1-beta2",
        "essentia_git_sha": "v2.1_beta2",
        "extractor": "music 1.0"
    }
},
"rhythm": {
    "beats_count": 97,
    "beats_loudness": {
        "mean": 0.0693316087127,
        "var": 0.00576468277723
    },
    "bpm": 130.029006958,
    "bpm_histogram_first_peak_bpm": {
        "mean": 129,
        "var": 0
    },
    "bpm_histogram_first_peak_spread": {
        "mean": 0.270833313465,
        "var": 0
    },
    "bpm_histogram_first_peak_weight": {
        "mean": 0.729166686535,
        "var": 0
    },
    "bpm_histogram_second_peak_bpm": {
        "mean": 0,
        "var": 0
    },
    "bpm_histogram_second_peak_spread": {
        "mean": 0,
        "var": 0
    },
    "bpm_histogram_second_peak_weight": {
        "mean": 0,
        "var": 0
    },
    "danceability": 1.29440164566,
    "onset_rate": 4.12585687637,
    "beats_loudness_band_ratio": {
        "mean": [0.313621670008, 0.0884192064404, 0.521539449692, 0.0826559886336, 0.0141563024372, 0.0186821725219],
        "var": [0.119624041021, 0.0083326799795, 0.100314207375, 0.0213975347579, 0.000487739162054, 0.00116158055607]
    },
    "beats_position": [0.441179126501, 0.893968224525, 1.34675729275, 1.8111563921, 2.27555561066, 2.72834467888, 3.1811337471, 3.63392281532, 4.08671188354, 4.55111122131, 5.01551008224, 5.47990942001, 5.94430828094, 6.420317173, 6.88471651077, 7.33750534058, 7.80190467834, 8.26630401611, 8.73070240021, 9.19510173798, 9.64789104462, 10.1006803513, 10.5650787354, 11.0294780731, 11.4938774109, 11.9582767487, 12.4110651016, 12.8638544083, 13.328253746, 13.7926530838, 14.2570514679, 14.7214508057, 15.1858501434, 15.6502494812, 16.114648819, 16.5790481567, 17.031835556, 17.4846248627, 17.9490242004, 18.4134235382, 18.877822876, 19.3422222137, 19.8066215515, 20.2710208893, 20.7354183197, 21.1998176575, 21.6642169952, 22.1170063019, 22.5697956085, 23.0341949463, 23.4985942841, 23.9629936218, 24.4273910522, 24.89179039, 25.3445796967, 25.7973690033, 26.2617683411, 26.7261676788, 27.1905670166, 27.6549663544, 28.1077537537, 28.5721530914, 29.0365524292, 29.4893417358, 29.9537410736, 30.4181404114, 30.8825397491, 31.3469390869, 31.8113365173, 32.2757377625, 32.7401351929, 33.1929244995, 33.6457138062, 34.1101112366, 34.5745124817, 35.0389099121, 35.5033111572, 35.9677085876, 36.4321098328, 36.8848991394, 37.3376846313, 37.8020858765, 38.2664833069, 38.730884552, 39.1952819824, 39.6596832275, 40.1124725342, 40.5652618408, 41.0296592712, 41.4940567017, 41.9584579468, 42.4228553772, 42.8872566223, 43.3516540527, 43.8160552979, 44.2804527283, 44.7448501587]
},
"tonal": {
    "chords_changes_rate": 0.0442386828363,
    "chords_number_rate": 0.00823045242578,
    "chords_strength": {
        "mean": 0.446178883314,
        "var": 0.00711269164458
    },
    "hpcp_entropy": {
        "mean": 1.7158100605,
        "var": 0.292906999588
    },
    "key_strength": 0.660154283047,
    "tuning_diatonic_strength": 0.477920234203,
    "tuning_equal_tempered_deviation": 0.177275508642,
    "tuning_frequency": 434.193115234,
    "tuning_nontempered_energy_ratio": 0.906094670296,
    "hpcp": {
        "mean": [0.309445798397, 0.393221527338, 0.126796320081, 0.0102384304628, 0.00868638046086, 0.00794335640967, 0.0297550112009, 0.038363777101, 0.0157524831593, 0.00785053148866, 0.00867999903858, 0.0219127945602, 0.195247605443, 0.2491979599, 0.0754444524646, 0.00855078082532, 0.0110960379243, 0.00952891912311, 0.00765326619148, 0.00731598120183, 0.0342251732945, 0.314555972815, 0.394273519516, 0.361027032137, 0.49083134532, 0.242437645793, 0.0113419927657, 0.118662163615, 0.158462882042, 0.0512420088053, 0.00692798197269, 0.0135771203786, 0.0204188469797, 0.124554418027, 0.203729003668, 0.128587782383],
        "var": [0.0727228298783, 0.117760039866, 0.0181003343314, 0.00296831643209, 0.00115684070624, 0.000388613319956, 0.00809783674777, 0.0144745241851, 0.0020246906206, 0.0013694370864, 0.00144449563231, 0.00109092635103, 0.068111486733, 0.109626479447, 0.0120222009718, 0.00422375043854, 0.00638606073335, 0.00310035678558, 0.00165867176838, 0.00083331548376, 0.00166377832647, 0.0947415679693, 0.142456918955, 0.063476420939, 0.240964800119, 0.058783326298, 0.000693596666679, 0.0396452769637, 0.0725560635328, 0.00730492826551, 0.000840915949084, 0.00374430813827, 0.0042501478456, 0.0406459979713, 0.0935758501291, 0.0366962775588]
    },
    "chords_histogram": [55.2469139099, 0.720164597034, 0, 3.90946507454, 0, 0, 0, 11.8312759399, 8.02469158173, 0, 0, 0, 0, 0, 0, 1.95473253727, 3.80658435822, 6.58436203003, 0, 0, 0, 0, 0, 7.92181062698],
    "thpcp": [1, 0.493932694197, 0.0231077186763, 0.241757512093, 0.322845876217, 0.104398407042, 0.0141147915274, 0.0276614781469, 0.0416005365551, 0.253762155771, 0.415069252253, 0.261979579926, 0.630452394485, 0.801133692265, 0.258329719305, 0.0208593662828, 0.0176972821355, 0.0161834750324, 0.0606216602027, 0.0781608149409, 0.0320934727788, 0.0159943569452, 0.0176842808723, 0.0446442440152, 0.397789597511, 0.50770586729, 0.153707489371, 0.0174210164696, 0.0226066205651, 0.0194138363004, 0.015592455864, 0.0149052850902, 0.0697289854288, 0.640863656998, 0.803276956081, 0.735541939735],
    "chords_key": "A",
    "chords_scale": "major",
    "key_key": "A",
    "key_scale": "major"
}
}