{
"lowlevel": {
    "average_loudness": 0.978951752186,
    "barkbands_crest": {
        "mean": 9.8518409729,
        "var": 12.2588310242
    },
    "barkbands_flatness_db": {
        "mean": 0.181292831898,
        "var": 0.00157096062321
    },
    "barkbands_kurtosis": {
        "mean": 1.30067074299,
        "var": 5.28771162033
    },
    "barkbands_skewness": {
        "mean": 0.820606887341,
        "var": 0.661519944668
    },
    "barkbands_spread": {
        "mean": 14.2772579193,
        "var": 14.2070760727
    },
    "dissonance": {
        "mean": 0.448980301619,
        "var": 0.000969676300883
    },
    "dynamic_complexity": 1.00551438332,
    "erbbands_crest": {
        "mean": 11.0063314438,
        "var": 15.8785648346
    },
    "erbbands_flatness_db": {
        "mean": 0.211343854666,
        "var": 0.00173406978138
    },
    "erbbands_kurtosis": {
        "mean": 2.04790329933,
        "var": 2.99709796906
    },
    "erbbands_skewness": {
        "mean": 0.401458919048,
        "var": 0.266943007708
    },
    "erbbands_spread": {
        "mean": 17.5172309875,
        "var": 56.3461112976
    },
    "hfc": {
        "mean": 26.4184741974,
        "var": 76.3599853516
    },
    "melbands_crest": {
        "mean": 14.264005661,
        "var": 53.0715637207
    },
    "melbands_flatness_db": {
        "mean": 0.250560045242,
        "var": 0.00288549438119
    },
    "melbands_kurtosis": {
        "mean": 3.20741558075,
        "var": 23.0007190704
    },
    "melbands_skewness": {
        "mean": 1.33377802372,
        "var": 1.00926148891
    },
    "melbands_spread": {
        "mean": 18.9863948822,
        "var": 59.6315879822
    },
    "pitch_salience": {
        "mean": 0.488343298435,
        "var": 0.011078919284
    },
    "silence_rate_20dB": {
        "mean": 1,
        "var": 0
    },
    "silence_rate_30dB": {
        "mean": 0.944415867329,
        "var": 0.0524948313832
    },
    "silence_rate_60dB": {
        "mean": 0.00205867225304,
        "var": 0.00205448735505
    },
    "spectral_centroid": {
        "mean": 922.971801758,
        "var": 144986.953125
    },
    "spectral_complexity": {
        "mean": 18.0185279846,
        "var": 14.9598321915
    },
    "spectral_decrease": {
        "mean": -1.42450495844e-008,
        "var": 4.75026797081e-017
    },
    "spectral_energy": {
        "mean": 0.0561603270471,
        "var": 0.000689078646246
    },
    "spectral_energyband_high": {
        "mean": 0.000226894946536,
        "var": 6.38228954131e-008
    },
    "spectral_energyband_low": {
        "mean": 0.0241426676512,
        "var": 0.000664945342578
    },
    "spectral_energyband_middle_high": {
        "mean": 0.0129002016038,
        "var": 3.94841736124e-005
    },
    "spectral_energyband_middle_low": {
        "mean": 0.019713010639,
        "var": 0.000124170823256
    },
    "spectral_entropy": {
        "mean": 7.16332817078,
        "var": 0.0841102004051
    },
    "spectral_flux": {
        "mean": 0.103651076555,
        "var": 0.00220037484542
    },
    "spectral_kurtosis": {
        "mean": 7.51597499847,
        "var": 18.5586147308
    },
    "spectral_rms": {
        "mean": 0.00721270916983,
        "var": 2.76737659988e-006
    },
    "spectral_rolloff": {
        "mean": 965.617614746,
        "var": 699141.5625
    },
    "spectral_skewness": {
        "mean": 1.96127057076,
        "var": 0.179780587554
    },
    "spectral_spread": {
        "mean": 3166975,
        "var": 2.28322967552e+012
    },
    "spectral_strongpeak": {
        "mean": 1.41233003139,
        "var": 2.10622239113
    },
    "zerocrossingrate": {
        "mean": 0.0354957617819,
        "var": 0.000554387748707
    },
    "barkbands": {
        "mean": [0.00332142435946, 0.0175205916166, 0.00253507238813, 0.0026852847077, 0.00392288621515, 0.00266353902407, 0.00340731604956, 0.00284696673043, 0.00395608088002, 0.00186536787078, 0.00657627172768, 0.00174447079189, 0.00114462617785, 0.000620544597041, 0.000337965408107, 0.000231335259741, 0.00015589260147, 0.00018847156025, 0.000180720526259, 8.7102955149e-005, 5.38151907676e-005, 4.74465123261e-005, 3.60964768333e-005, 1.87867135537e-005, 9.12650830287e-006, 3.04546483676e-006, 1.43574411027e-007],
        "var": [3.13522432407e-005, 0.00038454591413, 3.11041803798e-005, 2.28698845604e-005, 1.28847750602e-005, 1.24634043459e-005, 1.96531054826e-005, 1.46104775922e-005, 1.29829450088e-005, 6.67389622322e-006, 3.21328443533e-005, 2.78767333839e-006, 1.67678433627e-006, 6.17237276401e-007, 7.81384130732e-008, 7.81430031793e-008, 5.12920976803e-008, 1.21370490547e-007, 1.43819800513e-008, 4.17002521402e-009, 3.98101418497e-009, 4.53327375638e-009, 2.98621460892e-009, 9.31386856529e-010, 1.93614901889e-010, 1.49011445544e-011, 6.85333341184e-014]
    },
    "erbbands": {
        "mean": [0.686607420444, 3.06793427467, 4.12040615082, 5.62670898438, 12.4707365036, 11.8824892044, 17.695224762, 23.0083351135, 25.9838867188, 78.4164733887, 66.1994552612, 69.7447662354, 86.8951797485, 124.985748291, 214.699539185, 66.9323501587, 63.1504898071, 36.1809577942, 15.8082780838, 19.5731945038, 14.3296003342, 9.97162914276, 10.7783136368, 6.95580053329, 9.12129020691, 3.9361140728, 2.96133637428, 2.12078475952, 1.69769144058, 1.49553239346, 0.969626665115, 0.50681000948, 0.242867797613, 0.123069003224, 0.0509637445211, 0.0188957378268, 0.00482832174748, 0.000685175298713, 4.42753771495e-005, 6.42518571112e-005],
        "var": [0.937537550926, 13.9343852997, 53.8229370117, 91.1687927246, 471.118927002, 123.422218323, 335.690582275, 1406.42749023, 1111.06506348, 7319.70654297, 5112.40722656, 4338.84130859, 8418.9765625, 14390.7509766, 29765.3496094, 3133.06152344, 3846.47119141, 2013.88708496, 264.797454834, 206.280075073, 317.793029785, 209.92817688, 426.063659668, 53.9758758545, 36.3065338135, 7.7466211319, 10.1886634827, 5.14906167984, 4.02971792221, 6.98091650009, 2.378865242, 0.6501532197, 0.164544776082, 0.0434984900057, 0.00479402625933, 0.000613397569396, 4.11892724514e-005, 1.0305378737e-006, 8.99925634013e-010, 8.22921231158e-010]
    },
    "gfcc": {
        "mean": [10.9622087479, 146.806503296, -132.049911499, 14.9796142578, -56.1987342834, 16.7878837585, -12.1286201477, 7.95803546906, -19.1236114502, 0.155771762133, -5.5953001976, 0.85720795393, -2.97850179672],
        "cov": [[3725.57885742, -360.492797852, 26.9282436371, 185.252716064, -377.727233887, 265.785797119, -278.622558594, 120.321212769, -172.839675903, 6.92785835266, -167.307647705, 45.749206543, -194.406295776], [-360.492797852, 834.498168945, -267.294586182, -137.674499512, 270.253448486, -253.984680176, 223.888168335, -84.8133392334, 134.526397705, -24.3972492218, 126.334938049, -51.5660896301, 129.028198242], [26.9282436371, -267.294586182, 427.687561035, 140.727096558, -10.440322876, 137.744628906, -44.7086791992, 35.2672271729, -50.061580658, 34.2043647766, -60.6718826294, 20.0106601715, -43.2216911316], [185.252716064, -137.674499512, 140.727096558, 169.216079712, -50.3024902344, 31.649225235, -46.2915725708, 18.6991577148, -20.7719020844, -32.7974243164, -24.7300243378, 12.5835990906, -14.571228981], [-377.727233887, 270.253448486, -10.440322876, -50.3024902344, 257.24508667, -52.7550392151, 129.137710571, -15.0781984329, 58.1238174438, 46.9384880066, 52.891960144, 5.38407182693, 44.8593215942], [265.785797119, -253.984680176, 137.744628906, 31.649225235, -52.7550392151, 245.802658081, -53.9576721191, -12.9461936951, -53.475276947, 44.2371330261, -42.606010437, -23.7373142242, -33.725440979], [-278.622558594, 223.888168335, -44.7086791992, -46.2915725708, 129.137710571, -53.9576721191, 154.578338623, 5.3278055191, 48.1576423645, 13.1902351379, 54.1087532043, 7.38455247879, 36.4726409912], [120.321212769, -84.8133392334, 35.2672271729, 18.6991577148, -15.0781984329, -12.9461936951, 5.3278055191, 92.4022293091, 9.54540634155, 2.13604474068, -6.02391242981, 35.2986221313, -18.296421051], [-172.839675903, 134.526397705, -50.061580658, -20.7719020844, 58.1238174438, -53.475276947, 48.1576423645, 9.54540634155, 85.99193573, 18.3279743195, 35.3686828613, -1.61178684235, 28.1182994843], [6.92785835266, -24.3972492218, 34.2043647766, -32.7974243164, 46.9384880066, 44.2371330261, 13.1902351379, 2.13604474068, 18.3279743195, 91.3045425415, 17.7437744141, 6.71826076508, -3.82699537277], [-167.307647705, 126.334938049, -60.6718826294, -24.7300243378, 52.891960144, -42.606010437, 54.1087532043, -6.02391242981, 35.3686828613, 17.7437744141, 76.3524169922, 16.510351181, 36.2009315491], [45.749206543, -51.5660896301, 20.0106601715, 12.5835990906, 5.38407182693, -23.7373142242, 7.38455247879, 35.2986221313, -1.61178684235, 6.71826076508, 16.510351181, 73.7399215698, 7.46711874008], [-194.406295776, 129.028198242, -43.2216911316, -14.571228981, 44.8593215942, -33.725440979, 36.4726409912, -18.296421051, 28.1182994843, -3.82699537277, 36.2009315491, 7.46711874008, 79.4864730835]],
        "icov": [[0.00113937282003, -0.00336619862355, 0.00143285561353, -0.00252687372267, 0.00199404917657, -0.00291957450099, 0.0021068258211, -0.00295332167298, 0.00231988425367, -0.00290519162081, 0.00273098400794, -0.00346838100813, 0.00267768232152], [-0.00336619862355, 0.01630955562, -0.00392852909863, 0.00880315992981, -0.00867424812168, 0.0124209877104, -0.00968058779836, 0.0120388427749, -0.00902898423374, 0.0110790310428, -0.0104246865958, 0.0151164103299, -0.0107964612544], [0.00143285561353, -0.00392852909863, 0.00687091518193, -0.0072872005403, 0.00128133408725, -0.00488711055368, 0.00184810371138, -0.0045048086904, 0.00436944141984, -0.00642816815525, 0.00647015310824, -0.0050514950417, 0.00327278557234], [-0.00252687372267, 0.00880315992981, -0.0072872005403, 0.0169287100434, -0.00463068252429, 0.00671011721715, -0.00277604395524, 0.00685189757496, -0.00781695358455, 0.0132497353479, -0.00912503711879, 0.00759872142226, -0.00617265980691], [0.00199404917657, -0.00867424812168, 0.00128133408725, -0.00463068252429, 0.0131331589073, -0.00529340747744, -0.000851211894769, -0.00429098820314, 0.00369805470109, -0.00981473922729, 0.00669293478131, -0.00836403947324, 0.00450737029314], [-0.00291957450099, 0.0124209877104, -0.00488711055368, 0.00671011721715, -0.00529340747744, 0.0170373152941, -0.00785381533206, 0.010113498196, -0.00367947365157, 0.00379768991843, -0.00706926966086, 0.014587579295, -0.0092490548268], [0.0021068258211, -0.00968058779836, 0.00184810371138, -0.00277604395524, -0.000851211894769, -0.00785381533206, 0.0203613322228, -0.0102331629023, 0.00366416224279, -0.00276966649108, -7.76094093453e-005, -0.00798593088984, 0.00616882648319], [-0.00295332167298, 0.0120388427749, -0.0045048086904, 0.00685189757496, -0.00429098820314, 0.010113498196, -0.0102331629023, 0.026335388422, -0.0123151708394, 0.00884707272053, -0.00499523803592, 0.00270780781284, -0.0036856639199], [0.00231988425367, -0.00902898423374, 0.00436944141984, -0.00781695358455, 0.00369805470109, -0.00367947365157, 0.00366416224279, -0.0123151708394, 0.0263536591083, -0.0130408732221, 0.00327515834942, -0.00269483635202, 0.00192017341033], [-0.00290519162081, 0.0110790310428, -0.00642816815525, 0.0132497353479, -0.00981473922729, 0.00379768991843, -0.00276966649108, 0.00884707272053, -0.0130408732221, 0.0294383205473, -0.0146341081709, 0.00770160974935, -0.00372656085528], [0.00273098400794, -0.0104246865958, 0.00647015310824, -0.00912503711879, 0.00669293478131, -0.00706926966086, -7.76094093453e-005, -0.00499523803592, 0.00327515834942, -0.0146341081709, 0.0341539084911, -0.0159562304616, 0.00163694494404], [-0.00346838100813, 0.0151164103299, -0.0050514950417, 0.00759872142226, -0.00836403947324, 0.014587579295, -0.00798593088984, 0.00270780781284, -0.00269483635202, 0.00770160974935, -0.0159562304616, 0.0353886820376, -0.0139107163996], [0.00267768232152, -0.0107964612544, 0.00327278557234, -0.00617265980691, 0.00450737029314, -0.0092490548268, 0.00616882648319, -0.0036856639199, 0.00192017341033, -0.00372656085528, 0.00163694494404, -0.0139107163996, 0.0268589723855]]
    },
    "melbands": {
        "mean": [0.00549506908283, 0.00294253882021, 0.00127283285838, 0.000815638864879, 0.000622734252829, 0.000503633869812, 0.000497354136314, 0.000855495280121, 0.000526374496985, 0.000469413324026, 0.000438528571976, 0.000449729617685, 0.000933388597332, 0.000183352763997, 0.000162150201504, 0.000127687511849, 5.74092009629e-005, 2.47753887379e-005, 2.86841586785e-005, 1.81924260687e-005, 1.61518291861e-005, 9.52555637923e-006, 9.28011104406e-006, 9.44917792367e-006, 4.51573487226e-006, 9.85323094937e-006, 2.63580204773e-006, 2.7009018595e-006, 2.28305361816e-006, 1.04534456113e-006, 1.32523882712e-006, 9.6759151802e-007, 8.45264821692e-007, 8.33863680327e-007, 6.29042460787e-007, 3.61451213848e-007, 2.83931854028e-007, 1.69979486486e-007, 1.44745357034e-007, 8.89969271611e-008],
        "var": [4.33676214016e-005, 1.78602276719e-005, 4.29364581578e-006, 8.68364850248e-007, 3.25343620489e-007, 5.92918240727e-007, 4.11653132915e-007, 7.67416679537e-007, 2.60298719468e-007, 1.95901435518e-007, 2.3556263784e-007, 2.15997218334e-007, 6.24897438684e-007, 4.03492528278e-008, 4.31902300591e-008, 2.95140978324e-008, 7.55778994943e-009, 1.13608933372e-009, 7.00243696361e-010, 1.90380419762e-010, 5.5932958265e-010, 2.4783211594e-010, 1.97323962725e-010, 3.3694649848e-010, 2.46925396796e-011, 4.86030903024e-011, 4.5747685154e-012, 3.96015902362e-012, 5.84288997393e-012, 1.53210148561e-012, 2.1651155261e-012, 1.17099819424e-012, 2.16870380161e-012, 1.96999578109e-012, 1.01551265227e-012, 3.38007318532e-013, 2.19484912016e-013, 9.14191140323e-014, 5.65958616235e-014, 2.61390725281e-014]
    },
    "mfcc": {
        "mean": [-627.752807617, 175.038772583, -12.3918886185, 14.1136226654, -16.4948768616, 9.06433582306, 9.60777664185, 12.0995454788, 1.74168753624, 5.87379217148, -0.672413349152, -0.297595143318, 6.73577928543],
        "cov": [[1629.40319824, -591.583557129, 367.148132324, -136.88861084, 56.8050384521, -35.1492233276, -72.5763092041, 54.2846183777, -42.1895370483, -56.0772094727, -22.3314876556, 17.2364406586, -81.2463607788], [-591.583557129, 969.805236816, -459.354888916, 157.941833496, -55.5192070007, -0.982054173946, 46.5518302917, -25.1771011353, 47.0917434692, 41.7316360474, 55.6517448425, 31.0041618347, 57.5710372925], [367.148132324, -459.354888916, 488.080596924, -41.4780921936, 77.1551971436, 68.3972625732, 10.5747900009, 7.9552488327, -9.32756900787, 10.0070524216, -49.1896324158, -39.4097213745, -5.13134479523], [-136.88861084, 157.941833496, -41.4780921936, 210.53163147, 8.1433095932, -53.4894447327, -4.8433380127, 41.2443580627, 13.0035133362, -18.2880840302, -11.1473379135, 20.8702201843, 19.2396774292], [56.8050384521, -55.5192070007, 77.1551971436, 8.1433095932, 97.427230835, 49.6767463684, 14.0666780472, -7.09505844116, 9.62590122223, 13.6598176956, 1.02941632271, -3.4606719017, 0.322229504585], [-35.1492233276, -0.982054173946, 68.3972625732, -53.4894447327, 49.6767463684, 163.643157959, 54.5881652832, -35.3972396851, -2.4325966835, 56.1829528809, 3.14738154411, -26.4127616882, 2.97113871574], [-72.5763092041, 46.5518302917, 10.5747900009, -4.8433380127, 14.0666780472, 54.5881652832, 88.8908233643, 7.3852148056, 8.35373401642, 14.124048233, 11.6943750381, -5.0745382309, 18.3933200836], [54.2846183777, -25.1771011353, 7.9552488327, 41.2443580627, -7.09505844116, -35.3972396851, 7.3852148056, 78.5605621338, 14.0805196762, -20.1983966827, -11.2354984283, 24.5926170349, 4.22720956802], [-42.1895370483, 47.0917434692, -9.32756900787, 13.0035133362, 9.62590122223, -2.4325966835, 8.35373401642, 14.0805196762, 49.6591110229, 19.4730587006, 2.16743516922, 3.97640299797, 17.7530288696], [-56.0772094727, 41.7316360474, 10.0070524216, -18.2880840302, 13.6598176956, 56.1829528809, 14.124048233, -20.1983966827, 19.4730587006, 76.137046814, 19.0102081299, -5.37209606171, 3.71723008156], [-22.3314876556, 55.6517448425, -49.1896324158, -11.1473379135, 1.02941632271, 3.14738154411, 11.6943750381, -11.2354984283, 2.16743516922, 19.0102081299, 62.4011878967, 25.7721481323, 0.778483629227], [17.2364406586, 31.0041618347, -39.4097213745, 20.8702201843, -3.4606719017, -26.4127616882, -5.0745382309, 24.5926170349, 3.97640299797, -5.37209606171, 25.7721481323, 71.483833313, 23.0789337158], [-81.2463607788, 57.5710372925, -5.13134479523, 19.2396774292, 0.322229504585, 2.97113871574, 18.3933200836, 4.22720956802, 17.7530288696, 3.71723008156, 0.778483629227, 23.0789337158, 69.519317627]],
        "icov": [[0.000983159174211, 3.85544008168e-005, -0.000673814385664, 0.000712399778422, -0.00044922233792, 0.000214298808714, 0.000626289111096, -0.000791161612142, 0.000272393488558, 0.000466402561869, -0.000253346515819, -0.000626150693279, 0.000861718202941], [3.85544008168e-005, 0.00290160998702, 0.00247316295281, -0.00221369089559, 0.000928204681259, -0.00109112809878, -0.000983365694992, 0.00153005204629, -0.00157806626521, -0.000622197519988, -0.000384558079531, 0.00029332365375, -0.0010100005893], [-0.000673814385664, 0.00247316295281, 0.00548143312335, -0.00160108983982, -0.00131635856815, -0.00122722005472, -0.00103016477078, 0.000283818284515, 8.42433364596e-005, -0.00175568286795, 0.00170661800075, 0.00186222698539, -0.00223899260163], [0.000712399778422, -0.00221369089559, -0.00160108983982, 0.00844464823604, -0.00352885690518, 0.00341455871239, 0.000858722080011, -0.00440245168284, 0.00232972763479, -0.00026315296418, 0.00163161859382, -0.000534112565219, -0.000300367129967], [-0.00044922233792, 0.000928204681259, -0.00131635856815, -0.00352885690518, 0.0160125121474, -0.00632283790037, 7.63974239817e-005, 0.00341964536346, -0.00658266944811, 0.0031069512479, -0.0019151646411, -0.00199767015874, 0.00175314792432], [0.000214298808714, -0.00109112809878, -0.00122722005472, 0.00341455871239, -0.00632283790037, 0.016103271395, -0.00757097592577, 0.00203525996767, 0.00639019114897, -0.00973988417536, 0.0043032807298, 0.00051240704488, 9.56042003963e-006], [0.000626289111096, -0.000983365694992, -0.00103016477078, 0.000858722080011, 7.63974239817e-005, -0.00757097592577, 0.0194669719785, -0.00779360812157, -0.000216960950638, 0.00378585187718, -0.007514285855, 0.00533130019903, -0.00495358603075], [-0.000791161612142, 0.00153005204629, 0.000283818284515, -0.00440245168284, 0.00341964536346, 0.00203525996767, -0.00779360812157, 0.0246262289584, -0.00967513490468, 0.00297934864648, 0.00731730042025, -0.0107259582728, 0.00529966177419], [0.000272393488558, -0.00157806626521, 8.42433364596e-005, 0.00232972763479, -0.00658266944811, 0.00639019114897, -0.000216960950638, -0.00967513490468, 0.032899428159, -0.0123171005398, 0.000762992422096, 0.00488754967228, -0.00798421259969], [0.000466402561869, -0.000622197519988, -0.00175568286795, -0.00026315296418, 0.0031069512479, -0.00973988417536, 0.00378585187718, 0.00297934864648, -0.0123171005398, 0.0256749819964, -0.00777360890061, -0.000216499960516, 0.00215409114026], [-0.000253346515819, -0.000384558079531, 0.00170661800075, 0.00163161859382, -0.0019151646411, 0.0043032807298, -0.007514285855, 0.00731730042025, 0.000762992422096, -0.00777360890061, 0.028277637437, -0.0134356273338, 0.00542943878099], [-0.000626150693279, 0.00029332365375, 0.00186222698539, -0.000534112565219, -0.00199767015874, 0.00051240704488, 0.00533130019903, -0.0107259582728, 0.00488754967228, -0.000216499960516, -0.0134356273338, 0.0277039799839, -0.011743622832], [0.000861718202941, -0.0010100005893, -0.00223899260163, -0.000300367129967, 0.00175314792432, 9.56042003963e-006, -0.00495358603075, 0.00529966177419, -0.00798421259969, 0.00215409114026, 0.00542943878099, -0.011743622832, 0.0228872392327]]
    },
    "spectral_contrast_coeffs": {
        "mean": [-0.677109777927, -0.692398130894, -0.658600389957, -0.72770178318, -0.788507640362, -0.726690292358],
        "var": [0.00628046970814, 0.00406719837338, 0.00316792773083, 0.00315127708018, 0.000813216029201, 0.000884138455149]
    },
    "spectral_contrast_valleys": {
        "mean": [-6.60570287704, -6.22068500519, -6.75409221649, -7.6676530838, -7.68407440186, -11.0878791809],
        "var": [0.933337986469, 0.876836597919, 0.794192969799, 0.704396367073, 0.730158150196, 1.2648665905]
    }
},
"metadata": {
    "audio_properties": {
        "analysis_sample_rate": 44100,
        "bit_rate": 111245,
        "equal_loudness": 0,
        "length": 45.0873451233,
        "lossless": 0,
        "replay_gain": -10.4777946472,
        "sample_rate": 44100,
        "codec": "mp3",
        "downmix": "mix",
        "md5_encoded": "716ea693601299d0bf5458252845784b"
    },
    "tags": {
        "file_name": "956.mp3"
    },
    "version": {
        "essentia": "2.1-beta2",
        "essentia_git_sha": "v2.1_beta2",
        "extractor": "music 1.0"
    }
},
"rhythm": {
    "beats_count": 66,
    "beats_loudness": {
        "mean": 0.0839430689812,
        "var": 0.000925554020796
    },
    "bpm": 89.8594589233,
    "bpm_histogram_first_peak_bpm": {
        "mean": 89,
        "var": 0
    },
    "bpm_histogram_first_peak_spread": {
        "mean": 0.53125,
        "var": 0
    },
    "bpm_histogram_first_peak_weight": {
        "mean": 0.461538463831,
        "var": 0
    },
    "bpm_histogram_second_peak_bpm": {
        "mean": 83,
        "var": 0
    },
    "bpm_histogram_second_peak_spread": {
        "mean": 0,
        "var": 0
    },
    "bpm_histogram_second_peak_weight": {
        "mean": 0.0153846153989,
        "var": 0
    },
    "danceability": 1.94317793846,
    "onset_rate": 4.63365697861,
    "beats_loudness_band_ratio": {
        "mean": [0.640692532063, 0.0883602276444, 0.120636947453, 0.147794723511, 0.0142435301095, 0.0075799911283],
        "var": [0.0313429795206, 0.00470604002476, 0.00720976060256, 0.00862487405539, 0.000180950781214, 4.56787092844e-005]
    },
    "beats_position": [0.673378646374, 1.34675729275, 2.02013611794, 2.72834467888, 3.44816327095, 4.15637159348, 4.86458063126, 5.5727891922, 6.28099775314, 6.98920631409, 7.67419481277, 8.34757328033, 9.0093421936, 9.682721138, 10.3444900513, 11.0062580109, 11.6796369553, 12.3530158997, 13.0147848129, 13.6765527725, 14.3499317169, 15.0117006302, 15.6734695435, 16.3468475342, 17.0202255249, 17.6819953918, 18.3437633514, 19.0171432495, 19.6905212402, 20.3522891998, 21.0140590668, 21.6758270264, 22.3375968933, 23.010974884, 23.6843528748, 24.3577327728, 25.0195007324, 25.681268692, 26.3546485901, 27.0280265808, 27.6897945404, 28.3515644073, 29.0017223358, 29.6751022339, 30.3484802246, 31.0218582153, 31.6836280823, 32.357006073, 33.0303840637, 33.6921539307, 34.3539237976, 35.0156898499, 35.6890678406, 36.362449646, 37.0242156982, 37.6975975037, 38.3593635559, 39.0211334229, 39.6829032898, 40.3562812805, 41.0296592712, 41.6914291382, 42.3531951904, 43.0265769958, 43.6999549866, 44.3733329773]
},
"tonal": {
    "chords_changes_rate": 0.042181070894,
    "chords_number_rate": 0.00823045242578,
    "chords_strength": {
        "mean": 0.444548934698,
        "var": 0.00735758105293
    },
    "hpcp_entropy": {
        "mean": 1.83577930927,
        "var": 0.295853018761
    },
    "key_strength": 0.626733958721,
    "tuning_diatonic_strength": 0.519578278065,
    "tuning_equal_tempered_deviation": 0.287266284227,
    "tuning_frequency": 434.193115234,
    "tuning_nontempered_energy_ratio": 0.947535574436,
    "hpcp": {
        "mean": [0.0228128153831, 0.0144769651815, 0.0210819263011, 0.107301913202, 0.16633105278, 0.0957310572267, 0.208594188094, 0.438955128193, 0.283311724663, 0.0522466637194, 0.0510434657335, 0.0656677484512, 0.175144672394, 0.270108491182, 0.170713275671, 0.0845667049289, 0.0930617302656, 0.102823764086, 0.172202095389, 0.201823145151, 0.116438381374, 0.117490716279, 0.160388171673, 0.248051315546, 0.358343750238, 0.225668758154, 0.0999227836728, 0.236559391022, 0.300985425711, 0.143462225795, 0.036726154387, 0.0276699438691, 0.0184645932168, 0.0686411634088, 0.124490521848, 0.0788123682141],
        "var": [0.00171974068508, 0.000583002576604, 0.00119357800577, 0.0314967371523, 0.0693814009428, 0.0250556450337, 0.0318824723363, 0.119840629399, 0.055513754487, 0.00742994714528, 0.0129412794486, 0.0128011573106, 0.0434094294906, 0.105414949358, 0.0405784286559, 0.0251642875373, 0.0313089303672, 0.0419805906713, 0.0513384118676, 0.07712777704, 0.0372723042965, 0.0478095710278, 0.0790436938405, 0.0744070708752, 0.181241780519, 0.059468653053, 0.0384266413748, 0.0739816501737, 0.0968104153872, 0.0295287761837, 0.0114423083141, 0.00902614649385, 0.00516884308308, 0.011889487505, 0.038387618959, 0.0156442243606]
    },
    "chords_histogram": [42.0781898499, 0, 21.3991775513, 0.205761313438, 6.06995868683, 0, 0, 0, 0, 0, 0, 0, 0, 0, 0, 5.04115247726, 0, 1.74897122383, 0, 0, 0, 2.98353910446, 17.6954727173, 2.77777767181],
    "thpcp": [1, 0.64542299509, 0.119025066495, 0.116284020245, 0.1496001333, 0.399003595114, 0.61534422636, 0.388908267021, 0.192654550076, 0.212007388473, 0.234246641397, 0.392300009727, 0.459780812263, 0.26526260376, 0.267659962177, 0.365386247635, 0.565094947815, 0.816356241703, 0.514104366302, 0.227637812495, 0.538914740086, 0.68568611145, 0.326826632023, 0.0836672186852, 0.0630359277129, 0.0420648753643, 0.156373992562, 0.283606499434, 0.179545387626, 0.0519707240164, 0.0329805128276, 0.0480275191367, 0.24444848299, 0.378924965858, 0.21808847785, 0.475206166506],
    "chords_key": "B",
    "chords_scale": "major",
    "key_key": "B",
    "key_scale": "major"
}
}