{
"lowlevel": {
    "average_loudness": 0.943763911724,
    "barkbands_crest": {
        "mean": 13.426861763,
        "var": 17.3310146332
    },
    "barkbands_flatness_db": {
        "mean": 0.251009941101,
        "var": 0.00160592515022
    },
    "barkbands_kurtosis": {
        "mean": 19.2269821167,
        "var": 245.706741333
    },
    "barkbands_skewness": {
        "mean": 3.23867869377,
        "var": 1.51791083813
    },
    "barkbands_spread": {
        "mean": 6.08911657333,
        "var": 17.3896408081
    },
    "dissonance": {
        "mean": 0.442004680634,
        "var": 0.00119394820649
    },
    "dynamic_complexity": 1.69636452198,
    "erbbands_crest": {
        "mean": 11.2535791397,
        "var": 12.0274105072
    },
    "erbbands_flatness_db": {
        "mean": 0.205842226744,
        "var": 0.000785987824202
    },
    "erbbands_kurtosis": {
        "mean": 2.07975149155,
        "var": 13.8459539413
    },
    "erbbands_skewness": {
        "mean": 1.36787176132,
        "var": 0.679812669754
    },
    "erbbands_spread": {
        "mean": 35.1323814392,
        "var": 221.37260437
    },
    "hfc": {
        "mean": 10.7012825012,
        "var": 32.514251709
    },
    "melbands_crest": {
        "mean": 18.3794956207,
        "var": 25.2834205627
    },
    "melbands_flatness_db": {
        "mean": 0.339479923248,
        "var": 0.00233450019732
    },
    "melbands_kurtosis": {
        "mean": 36.8511123657,
        "var": 746.10559082
    },
    "melbands_skewness": {
        "mean": 4.23598814011,
        "var": 2.59981250763
    },
    "melbands_spread": {
        "mean": 5.59531831741,
        "var": 51.4820976257
    },
    "pitch_salience": {
        "mean": 0.520969212055,
        "var": 0.00889771524817
    },
    "silence_rate_20dB": {
        "mean": 1,
        "var": 0
    },
    "silence_rate_30dB": {
        "mean": 0.977342963219,
        "var": 0.0221437569708
    },
    "silence_rate_60dB": {
        "mean": 0.00205973233096,
        "var": 0.00205553858541
    },
    "spectral_centroid": {
        "mean": 497.66293335,
        "var": 178251.375
    },
    "spectral_complexity": {
        "mean": 10.5504636765,
        "var": 9.73662948608
    },
    "spectral_decrease": {
        "mean": -1.04099404652e-008,
        "var": 4.68126787283e-017
    },
    "spectral_energy": {
        "mean": 0.0402601286769,
        "var": 0.000689939304721
    },
    "spectral_energyband_high": {
        "mean": 5.23866328876e-005,
        "var": 2.83842060966e-009
    },
    "spectral_energyband_low": {
        "mean": 0.012623546645,
        "var": 0.000223453898798
    },
    "spectral_energyband_middle_high": {
        "mean": 0.000993310357444,
        "var": 1.15135878787e-006
    },
    "spectral_energyband_middle_low": {
        "mean": 0.0293501745909,
        "var": 0.000415832008002
    },
    "spectral_entropy": {
        "mean": 6.32108831406,
        "var": 0.133559957147
    },
    "spectral_flux": {
        "mean": 0.0751948803663,
        "var": 0.00127028243151
    },
    "spectral_kurtosis": {
        "mean": 11.2184734344,
        "var": 36.5137710571
    },
    "spectral_rms": {
        "mean": 0.00599513249472,
        "var": 3.33651246365e-006
    },
    "spectral_rolloff": {
        "mean": 400.272460938,
        "var": 731854.3125
    },
    "spectral_skewness": {
        "mean": 2.48719882965,
        "var": 0.462456643581
    },
    "spectral_spread": {
        "mean": 3129546.25,
        "var": 1.90268021146e+012
    },
    "spectral_strongpeak": {
        "mean": 0.88165974617,
        "var": 0.245478898287
    },
    "zerocrossingrate": {
        "mean": 0.0222002025694,
        "var": 0.000542349182069
    },
    "barkbands": {
        "mean": [1.44412360896e-005, 0.00607707025483, 0.00377715588547, 0.00714019639418, 0.0163213349879, 0.0022115947213, 0.0026857117191, 0.000801606394816, 0.000182954463526, 2.58776562987e-005, 2.73702153208e-005, 7.10701060598e-005, 6.99475931469e-005, 3.72362956114e-005, 0.000160542243975, 0.000170011859154, 0.000150510662934, 0.000215253676288, 6.13352967775e-005, 1.90714872588e-005, 1.33601752168e-005, 4.90460206493e-006, 9.57072279562e-006, 8.71407337399e-006, 1.04448304228e-006, 2.30051296057e-006, 2.12413446832e-008],
        "var": [1.52257678687e-010, 7.78451940278e-005, 2.68561470875e-005, 0.000182062663953, 0.00018426006136, 6.08183745499e-006, 1.06274901555e-005, 1.37021322644e-006, 9.58902290904e-008, 7.88272780383e-010, 1.80345072209e-009, 8.13714517989e-009, 1.66614153585e-008, 4.70643302108e-009, 1.33669900038e-007, 1.95082805021e-007, 5.95649147783e-008, 1.06884321838e-007, 6.45400488608e-009, 1.49595702492e-009, 7.25097037968e-010, 1.39167288804e-011, 5.18713821895e-011, 4.36800699777e-011, 8.82581225985e-013, 2.5664080236e-012, 3.14958655876e-015]
    },
    "erbbands": {
        "mean": [0.0377400442958, 1.77859199047, 5.75526428223, 13.1708898544, 46.3927497864, 60.0068054199, 12.7487239838, 19.254858017, 43.8970985413, 17.6913719177, 21.7370948792, 6.55720043182, 0.990411221981, 0.863484621048, 1.32376074791, 3.56090760231, 3.70257282257, 2.15048670769, 2.86752533913, 12.5022468567, 9.85776042938, 8.24046039581, 12.7540388107, 5.55962753296, 2.0875852108, 0.981852173805, 0.682829976082, 0.434789091349, 0.15922370553, 0.344275832176, 0.203868836164, 0.250279605389, 0.0781091749668, 0.0122220972553, 0.00844795163721, 0.0120339673012, 0.00377756380476, 0.000191462051589, 2.35491315834e-005, 4.469929263e-005],
        "var": [0.00268005719408, 6.61839151382, 62.9739723206, 536.943115234, 1524.93310547, 2804.94458008, 107.891242981, 388.425811768, 2667.77172852, 280.240783691, 991.684448242, 69.8090820313, 0.922426462173, 0.880622804165, 2.07274436951, 20.5833206177, 41.6047554016, 17.2708950043, 15.3369197845, 890.240112305, 648.449829102, 139.510345459, 378.122070313, 41.0500450134, 8.01802158356, 3.21062684059, 2.75353956223, 0.404198974371, 0.0159844439477, 0.0697269365191, 0.0186752080917, 0.038582213223, 0.00355738331564, 0.00014160759747, 5.50506483705e-005, 7.77374370955e-005, 7.36227866582e-006, 5.09705309071e-008, 1.599474303e-010, 8.20866652429e-010]
    },
    "gfcc": {
        "mean": [-51.9814338684, 140.622512817, -83.8991928101, 45.6181793213, -45.4236755371, -14.7677297592, -59.2957572937, 0.666295647621, -14.2757978439, -11.0817565918, -13.4596557617, -2.67064428329, -25.9973831177],
        "cov": [[3053.81469727, 325.487548828, -442.743499756, 146.537475586, -4.50540208817, -83.7449035645, -89.2900390625, -9.22090625763, -67.1817245483, 26.8271274567, -28.885263443, -70.2847213745, -42.3323440552], [325.487548828, 383.184936523, 31.3645534515, -84.4868087769, 60.634513855, 7.95227479935, 68.2985229492, -28.3614234924, 84.6498031616, -12.708067894, 54.8166122437, -2.20846843719, 5.10661697388], [-442.743499756, 31.3645534515, 365.280883789, -13.543879509, -34.3778686523, 88.8683242798, 20.5839233398, 1.64015889168, 51.2632217407, -21.6118717194, 3.10965824127, 18.5707435608, -10.0106840134], [146.537475586, -84.4868087769, -13.543879509, 220.972366333, 66.9256134033, -58.1639404297, 20.2326965332, 40.5967292786, -15.2450313568, 25.4885196686, -7.03739023209, -16.5441455841, 30.2448692322], [-4.50540208817, 60.634513855, -34.3778686523, 66.9256134033, 148.351989746, -4.18281745911, 31.2206859589, 15.9580154419, 23.8068523407, -3.46066641808, 11.1304578781, 1.05802667141, 26.9023323059], [-83.7449035645, 7.95227479935, 88.8683242798, -58.1639404297, -4.18281745911, 133.996765137, 26.0300312042, 4.27665424347, 9.43601036072, -13.5816612244, 2.63820123672, 12.6038103104, -19.4719905853], [-89.2900390625, 68.2985229492, 20.5839233398, 20.2326965332, 31.2206859589, 26.0300312042, 135.750915527, 22.2443943024, -9.57198429108, 3.97550725937, 28.5654697418, -9.9035358429, 0.0834373533726], [-9.22090625763, -28.3614234924, 1.64015889168, 40.5967292786, 15.9580154419, 4.27665424347, 22.2443943024, 76.9414672852, 10.8241109848, -12.3774623871, -6.85375356674, 10.8518733978, 9.44882678986], [-67.1817245483, 84.6498031616, 51.2632217407, -15.2450313568, 23.8068523407, 9.43601036072, -9.57198429108, 10.8241109848, 114.899887085, 28.0002803802, -18.2530593872, -0.963785886765, 30.1802768707], [26.8271274567, -12.708067894, -21.6118717194, 25.4885196686, -3.46066641808, -13.5816612244, 3.97550725937, -12.3774623871, 28.0002803802, 105.225761414, 14.1013116837, -25.4937438965, 6.87778711319], [-28.885263443, 54.8166122437, 3.10965824127, -7.03739023209, 11.1304578781, 2.63820123672, 28.5654697418, -6.85375356674, -18.2530593872, 14.1013116837, 82.7244796753, 17.8824386597, -25.4595794678], [-70.2847213745, -2.20846843719, 18.5707435608, -16.5441455841, 1.05802667141, 12.6038103104, -9.9035358429, 10.8518733978, -0.963785886765, -25.4937438965, 17.8824386597, 71.4792480469, 0.744383692741], [-42.3323440552, 5.10661697388, -10.0106840134, 30.2448692322, 26.9023323059, -19.4719905853, 0.0834373533726, 9.44882678986, 30.1802768707, 6.87778711319, -25.4595794678, 0.744383692741, 61.4377708435]],
        "icov": [[0.00145908526611, -0.00451139686629, 0.00216876948252, -0.00373390945606, 0.00232447125018, -0.00251260329969, 0.00317234336399, -0.00142305030022, 0.00325830257498, -0.00166360859293, 0.00336213619448, -0.000479074544273, 0.0019569392316], [-0.00451139686629, 0.0205463543534, -0.00643686158583, 0.0138000780717, -0.00881081353873, 0.00949942879379, -0.0133840432391, 0.00779365189373, -0.016932843253, 0.00916695781052, -0.0155773470178, 0.00348560186103, -0.00617595715448], [0.00216876948252, -0.00643686158583, 0.00759378634393, -0.00766015378758, 0.00590460188687, -0.00671991193667, 0.00385059555992, -0.000273207813734, 0.000951625814196, 1.02551966847e-005, 0.00364310573786, -0.00107021757867, 0.00341319898143], [-0.00373390945606, 0.0138000780717, -0.00766015378758, 0.0194045715034, -0.0112070478499, 0.0111881932244, -0.00905488990247, -0.000406205101172, -0.0055199819617, 0.00148588430602, -0.0085214106366, 0.00289690005593, -0.00701353745535], [0.00232447125018, -0.00881081353873, 0.00590460188687, -0.0112070478499, 0.015364466235, -0.00716134859249, 0.0042636138387, -0.00104792870115, 0.00183556671254, 0.000544267124496, 0.00257912324741, -0.000756683235522, 8.63346431288e-005], [-0.00251260329969, 0.00949942879379, -0.00671991193667, 0.0111881932244, -0.00716134859249, 0.0168050099164, -0.00853480398655, 0.00131066911854, -0.00591248134151, 0.00211003096774, -0.00401199469343, -0.000405483238865, 0.000158977520186], [0.00317234336399, -0.0133840432391, 0.00385059555992, -0.00905488990247, 0.0042636138387, -0.00853480398655, 0.0190400891006, -0.00849955435842, 0.0129144890234, -0.00602139346302, 0.00553207052872, 0.00160473491997, 0.00169574911706], [-0.00142305030022, 0.00779365189373, -0.000273207813734, -0.000406205101172, -0.00104792870115, 0.00131066911854, -0.00849955435842, 0.0213536266237, -0.0114308185875, 0.00749672716483, -0.00450305175036, -0.00216065673158, -0.000935046526138], [0.00325830257498, -0.016932843253, 0.000951625814196, -0.0055199819617, 0.00183556671254, -0.00591248134151, 0.0129144890234, -0.0114308185875, 0.0306199491024, -0.0148764103651, 0.0160301029682, -0.00319585949183, -0.00110685976688], [-0.00166360859293, 0.00916695781052, 1.02551966847e-005, 0.00148588430602, 0.000544267124496, 0.00211003096774, -0.00602139346302, 0.00749672716483, -0.0148764103651, 0.0197177212685, -0.0132685946301, 0.00682747829705, -0.00383311347105], [0.00336213619448, -0.0155773470178, 0.00364310573786, -0.0085214106366, 0.00257912324741, -0.00401199469343, 0.00553207052872, -0.00450305175036, 0.0160301029682, -0.0132685946301, 0.0326496623456, -0.0108045246452, 0.0139557421207], [-0.000479074544273, 0.00348560186103, -0.00107021757867, 0.00289690005593, -0.000756683235522, -0.000405483238865, 0.00160473491997, -0.00216065673158, -0.00319585949183, 0.00682747829705, -0.0108045246452, 0.0203617233783, -0.00560581544414], [0.0019569392316, -0.00617595715448, 0.00341319898143, -0.00701353745535, 8.63346431288e-005, 0.000158977520186, 0.00169574911706, -0.000935046526138, -0.00110685976688, -0.00383311347105, 0.0139557421207, -0.00560581544414, 0.0291252024472]]
    },
    "melbands": {
        "mean": [0.000978927477263, 0.00289064692333, 0.00305046746507, 0.00466386834159, 0.000683000311255, 0.000439773139078, 0.000649125198834, 0.000158641312737, 0.000162838885444, 2.75216807495e-005, 3.72034787688e-006, 3.4748049984e-006, 4.33768900621e-006, 8.01881833468e-006, 9.16955104913e-006, 5.44367549082e-006, 3.91023513657e-006, 3.74992691832e-006, 1.08224185169e-005, 1.44169243868e-005, 1.1620537407e-005, 7.95800133346e-006, 1.20135091493e-005, 1.00832103271e-005, 3.95879987991e-006, 2.12325926441e-006, 6.71716861689e-007, 6.57231680634e-007, 5.11412224569e-007, 2.56898914586e-007, 2.58606661419e-007, 7.37466052669e-008, 1.09393845094e-007, 2.42736689415e-007, 1.35853596817e-007, 1.01230526184e-007, 1.68614974427e-007, 7.43235446521e-008, 9.10522590658e-009, 9.00813024174e-009],
        "var": [1.95734901354e-006, 1.69255654328e-005, 2.0209046852e-005, 1.44806781464e-005, 2.43394026711e-007, 2.21771244924e-007, 5.91603509292e-007, 1.89394189221e-008, 5.36862003742e-008, 1.90478233186e-009, 1.81766632995e-011, 1.46910244386e-011, 3.4868569837e-011, 1.06348992113e-010, 1.66886365838e-010, 7.69689451063e-011, 6.84926837469e-011, 2.50820579584e-011, 6.76541211941e-010, 1.13369214017e-009, 8.45895964385e-010, 1.64640509559e-010, 3.23016474679e-010, 2.89164803213e-010, 2.35683954991e-011, 9.41882509486e-012, 1.56290301881e-012, 1.8605564138e-012, 1.6270689223e-012, 5.6842031082e-013, 1.33428722715e-013, 4.46019809695e-015, 8.45099763959e-015, 4.01005522733e-014, 1.05040632022e-014, 6.08266133181e-015, 1.84356449919e-014, 3.61614628215e-015, 8.22810121069e-017, 1.08427946424e-016]
    },
    "mfcc": {
        "mean": [-707.155883789, 168.983032227, 20.4131298065, 53.7613220215, 26.9448471069, -3.94408226013, -25.5019645691, 7.87844896317, -21.3327331543, 0.149937167764, -4.54792881012, 9.54594898224, -5.05737829208],
        "cov": [[1288.75390625, 53.3965950012, -366.730041504, 139.954971313, 6.22040176392, -7.81986045837, 47.7086219788, -96.6069488525, 19.0021457672, 9.99655246735, -10.2359313965, 37.1752548218, -34.0064125061], [53.3965950012, 460.893829346, 40.4295959473, -69.7313613892, 6.73482751846, 52.8216743469, -18.3563346863, 46.2732658386, -12.7844657898, 2.04058814049, 48.3221168518, 58.2066993713, 23.2144126892], [-366.730041504, 40.4295959473, 371.907440186, -77.9032363892, 1.04611051083, 39.3599739075, -16.5413208008, 54.2648849487, -10.8829460144, 12.002120018, 39.1272010803, -22.2687797546, 12.479013443], [139.954971313, -69.7313613892, -77.9032363892, 272.913116455, 33.9491691589, -33.477016449, 32.3684196472, -24.5620269775, 44.8115463257, 27.9191169739, -26.2246398926, 18.5377368927, -1.80057060719], [6.22040176392, 6.73482751846, 1.04611051083, 33.9491691589, 123.971420288, 6.53863620758, -37.6015968323, 19.0935211182, 24.2222099304, 8.30879116058, -10.2954292297, -17.5936164856, 16.2569122314], [-7.81986045837, 52.8216743469, 39.3599739075, -33.477016449, 6.53863620758, 96.0461120605, 17.440246582, -5.28563499451, 4.10213661194, 19.0585689545, 32.3289260864, 8.2197265625, -4.13483667374], [47.7086219788, -18.3563346863, -16.5413208008, 32.3684196472, -37.6015968323, 17.440246582, 152.067871094, 32.6895561218, -27.8431186676, -9.1757440567, 30.5573101044, 12.2377405167, -24.6783294678], [-96.6069488525, 46.2732658386, 54.2648849487, -24.5620269775, 19.0935211182, -5.28563499451, 32.6895561218, 139.637908936, 7.18791913986, -37.3322372437, -1.15139293671, 5.63789701462, -11.8589897156], [19.0021457672, -12.7844657898, -10.8829460144, 44.8115463257, 24.2222099304, 4.10213661194, -27.8431186676, 7.18791913986, 132.471130371, 33.091709137, -35.9877204895, -3.29399991035, 5.86996984482], [9.99655246735, 2.04058814049, 12.002120018, 27.9191169739, 8.30879116058, 19.0585689545, -9.1757440567, -37.3322372437, 33.091709137, 117.101593018, 8.54616260529, -30.9960193634, 15.9146537781], [-10.2359313965, 48.3221168518, 39.1272010803, -26.2246398926, -10.2954292297, 32.3289260864, 30.5573101044, -1.15139293671, -35.9877204895, 8.54616260529, 88.9162445068, 15.7945957184, -4.4879193306], [37.1752548218, 58.2066993713, -22.2687797546, 18.5377368927, -17.5936164856, 8.2197265625, 12.2377405167, 5.63789701462, -3.29399991035, -30.9960193634, 15.7945957184, 86.3354263306, 7.05169677734], [-34.0064125061, 23.2144126892, 12.479013443, -1.80057060719, 16.2569122314, -4.13483667374, -24.6783294678, -11.8589897156, 5.86996984482, 15.9146537781, -4.4879193306, 7.05169677734, 79.6787719727]],
        "icov": [[0.00119530188385, -0.000363183527952, 0.00104561832268, -0.000272660370683, -0.000225720461458, -5.11825201102e-005, -0.000369761954062, 0.000675587740261, -0.00017735316942, 7.98102773842e-005, -0.000139694268, 3.53253744834e-005, 0.000461593765067], [-0.000363183527952, 0.00306163914502, -0.000121980614495, 0.00057899375679, 4.42903474323e-005, -0.00116083805915, 0.00110791402403, -0.00168645207305, 0.000484660675284, -0.000951654103119, -0.000830281234812, -0.00210516224615, -0.000698040705174], [0.00104561832268, -0.000121980614495, 0.00442648073658, -7.14797715773e-005, 0.000654742005281, -0.00150959286839, 0.000970901281107, -0.00151513679884, 8.12557627796e-005, -0.000210136015085, -0.00171751098242, 0.00131244421937, -0.000526701041963], [-0.000272660370683, 0.00057899375679, -7.14797715773e-005, 0.00588785903528, -0.00290509639308, 0.00287380535156, -0.00272019044496, 0.00156959029846, -0.00139332201798, -0.00202077860013, 0.0012399754487, -0.00321329152212, 0.000852645374835], [-0.000225720461458, 4.42903474323e-005, 0.000654742005281, -0.00290509639308, 0.0117519721389, -0.0033879422117, 0.00438450463116, -0.00380025221966, -0.000217194465222, 0.00107011280488, -0.00119818421081, 0.00401802035049, -0.00267946533859], [-5.11825201102e-005, -0.00116083805915, -0.00150959286839, 0.00287380535156, -0.0033879422117, 0.015516705811, -0.00364425079897, 0.00314848171547, -0.00237080478109, -0.0021767092403, -0.00278544635512, -0.00259534781799, 0.00213632243685], [-0.000369761954062, 0.00110791402403, 0.000970901281107, -0.00272019044496, 0.00438450463116, -0.00364425079897, 0.0111441686749, -0.00499488366768, 0.00227301102132, -0.0001567517902, -0.00311343278736, 0.000788929348346, 0.000549038173631], [0.000675587740261, -0.00168645207305, -0.00151513679884, 0.00156959029846, -0.00380025221966, 0.00314848171547, -0.00499488366768, 0.0120501024649, -0.00260280352086, 0.00326508143917, 0.00119847140741, -0.000334230542649, 0.00187433406245], [-0.00017735316942, 0.000484660675284, 8.12557627796e-005, -0.00139332201798, -0.000217194465222, -0.00237080478109, 0.00227301102132, -0.00260280352086, 0.0109225688502, -0.00381874572486, 0.0043956246227, -0.00168653880246, 0.000331701012328], [7.98102773842e-005, -0.000951654103119, -0.000210136015085, -0.00202077860013, 0.00107011280488, -0.0021767092403, -0.0001567517902, 0.00326508143917, -0.00381874572486, 0.0138866910711, -0.0032141127158, 0.00688418745995, -0.00287794112228], [-0.000139694268, -0.000830281234812, -0.00171751098242, 0.0012399754487, -0.00119818421081, -0.00278544635512, -0.00311343278736, 0.00119847140741, 0.0043956246227, -0.0032141127158, 0.0176418665797, -0.00403840281069, 0.00146251521073], [3.53253744834e-005, -0.00210516224615, 0.00131244421937, -0.00321329152212, 0.00401802035049, -0.00259534781799, 0.000788929348346, -0.000334230542649, -0.00168653880246, 0.00688418745995, -0.00403840281069, 0.0184245593846, -0.0035184584558], [0.000461593765067, -0.000698040705174, -0.000526701041963, 0.000852645374835, -0.00267946533859, 0.00213632243685, 0.000549038173631, 0.00187433406245, 0.000331701012328, -0.00287794112228, 0.00146251521073, -0.0035184584558, 0.0151032581925]]
    },
    "spectral_contrast_coeffs": {
        "mean": [-0.523265898228, -0.689301609993, -0.78231883049, -0.738397061825, -0.724774777889, -0.735306441784],
        "var": [0.0043892855756, 0.00475579034537, 0.00178948207758, 0.00226795487106, 0.00209243362769, 0.00110987247899]
    },
    "spectral_contrast_valleys": {
        "mean": [-6.94375514984, -6.65694665909, -8.57487678528, -9.02576160431, -8.89469432831, -12.017496109],
        "var": [0.872019231319, 0.849216878414, 0.676313519478, 0.693483412266, 0.667277634144, 0.532630085945]
    }
},
"metadata": {
    "audio_properties": {
        "analysis_sample_rate": 44100,
        "bit_rate": 104026,
        "equal_loudness": 0,
        "length": 45.0612258911,
        "lossless": 0,
        "replay_gain": -11.6981372833,
        "sample_rate": 44100,
        "codec": "mp3",
        "downmix": "mix",
        "md5_encoded": "9ec3cefbe6253a5f0575d6c758d1b7f3"
    },
    "tags": {
        "file_name": "957.mp3"
    },
    "version": {
        "essentia": "2.1-beta2",
        "essentia_git_sha": "v2.1_beta2",
        "extractor": "music 1.0"
    }
},
"rhythm": {
    "beats_count": 84,
    "beats_loudness": {
        "mean": 0.0580238848925,
        "var": 0.00160170323215
    },
    "bpm": 112.194137573,
    "bpm_histogram_first_peak_bpm": {
        "mean": 112,
        "var": 0
    },
    "bpm_histogram_first_peak_spread": {
        "mean": 0.424999982119,
        "var": 0
    },
    "bpm_histogram_first_peak_weight": {
        "mean": 0.554216861725,
        "var": 0
    },
    "bpm_histogram_second_peak_bpm": {
        "mean": 117,
        "var": 0
    },
    "bpm_histogram_second_peak_spread": {
        "mean": 0,
        "var": 0
    },
    "bpm_histogram_second_peak_weight": {
        "mean": 0.0361445769668,
        "var": 0
    },
    "danceability": 1.21386551857,
    "onset_rate": 2.21820282936,
    "beats_loudness_band_ratio": {
        "mean": [0.571478366852, 0.363723069429, 0.108452901244, 0.00737406825647, 0.0364290066063, 0.00454565510154],
        "var": [0.0502234585583, 0.0429287329316, 0.0085185021162, 8.09186676634e-005, 0.00292690144852, 4.07688639825e-005]
    },
    "beats_position": [0.53405892849, 1.06811785698, 1.60217678547, 2.13623571396, 2.67029476166, 3.22757363319, 3.7732424736, 4.31891155243, 4.85297060013, 5.38702917099, 5.92108821869, 6.45514726639, 6.97759628296, 7.50004529953, 8.03410434723, 8.56816291809, 9.10222244263, 9.63628101349, 10.1587295532, 10.6811790466, 11.2152376175, 11.749297142, 12.294965744, 12.840634346, 13.3746938705, 13.8971424103, 14.4312019348, 14.9768705368, 15.4993190765, 16.0217685699, 16.5558280945, 17.0898857117, 17.6471652985, 18.2044448853, 18.7385025024, 19.272562027, 19.7834014893, 20.3058490753, 20.8282985687, 21.3623580933, 21.8964176178, 22.430475235, 22.9413146973, 23.4753742218, 24.0210418701, 24.5667114258, 25.1123809814, 25.6348285675, 26.1456680298, 26.6797275543, 27.2137870789, 27.747844696, 28.2819042206, 28.804353714, 29.3268013, 29.8608608246, 30.4065303802, 30.9521980286, 31.4862575531, 32.0203170776, 32.5543746948, 33.0884361267, 33.6224937439, 34.1565513611, 34.690612793, 35.2246704102, 35.7471199036, 36.2927894592, 36.8268470764, 37.3841247559, 37.9181861877, 38.4638557434, 38.9863014221, 39.520362854, 40.0660324097, 40.6116981506, 41.1457595825, 41.6798171997, 42.2022666931, 42.7247161865, 43.2587738037, 43.7928352356, 44.3268928528, 44.86095047]
},
"tonal": {
    "chords_changes_rate": 0.0432098768651,
    "chords_number_rate": 0.00617283955216,
    "chords_strength": {
        "mean": 0.457774102688,
        "var": 0.00504648592323
    },
    "hpcp_entropy": {
        "mean": 1.86553227901,
        "var": 0.294255971909
    },
    "key_strength": 0.589804708958,
    "tuning_diatonic_strength": 0.582208096981,
    "tuning_equal_tempered_deviation": 0.100977025926,
    "tuning_frequency": 436.456176758,
    "tuning_nontempered_energy_ratio": 0.671910524368,
    "hpcp": {
        "mean": [0.611854195595, 0.34052631259, 0.0256089624017, 0.00575945200399, 0.00412140833214, 0.0389543436468, 0.131672888994, 0.121559590101, 0.0365673862398, 0.0150168826804, 0.00675525516272, 0.00554817449301, 0.00888311676681, 0.0078810248524, 0.0191058591008, 0.0523122884333, 0.0412790924311, 0.00803477596492, 0.00462165568024, 0.0149646922946, 0.173199594021, 0.362211972475, 0.244636759162, 0.0814339444041, 0.0849273949862, 0.112488023937, 0.162430390716, 0.191621676087, 0.16687259078, 0.176664203405, 0.225041687489, 0.140210047364, 0.0245996415615, 0.008081975393, 0.0299766771495, 0.318885982037],
        "var": [0.159712478518, 0.0657885670662, 0.00732326088473, 0.00145452446304, 0.000332168216119, 0.00421250611544, 0.0364993438125, 0.0304915253073, 0.00323757831939, 0.00141256616917, 0.000350360351149, 0.000102305835753, 0.000366393185686, 0.00034502975177, 0.000645020918455, 0.00664049200714, 0.00400375761092, 0.000356649194146, 0.00118238502182, 0.00214025448076, 0.0466119796038, 0.139563515782, 0.0638759881258, 0.0211886893958, 0.030238583684, 0.0412760451436, 0.0782496631145, 0.0889221578836, 0.0718894004822, 0.0561450123787, 0.112485215068, 0.0622058026493, 0.00602096877992, 0.0014874804765, 0.00733903329819, 0.0618232376873]
    },
    "chords_histogram": [7.40740728378, 0, 0, 0, 0, 0, 0, 0, 0, 0, 0, 0, 0, 0, 0, 13.6831274033, 0, 18.9300403595, 0, 3.80658435822, 16.6666660309, 0.102880656719, 39.4032936096, 0],
    "thpcp": [1, 0.556548118591, 0.0418546795845, 0.00941311195493, 0.00673593208194, 0.0636660531163, 0.215203046799, 0.198674112558, 0.0597648695111, 0.0245432369411, 0.0110406288877, 0.00906780455261, 0.0145183559507, 0.0128805600107, 0.03122616373, 0.0854979678988, 0.0674655735493, 0.0131318476051, 0.00755352433771, 0.0244579389691, 0.283073306084, 0.5919906497, 0.399828523397, 0.133093714714, 0.138803318143, 0.183847755194, 0.265472382307, 0.313181936741, 0.272732615471, 0.28873577714, 0.367802798748, 0.2291559726, 0.0402050726116, 0.013208989054, 0.0489931702614, 0.521179676056],
    "chords_key": "D",
    "chords_scale": "major",
    "key_key": "A",
    "key_scale": "major"
}
}