{
"lowlevel": {
    "average_loudness": 0.976339578629,
    "barkbands_crest": {
        "mean": 8.37723922729,
        "var": 9.46032524109
    },
    "barkbands_flatness_db": {
        "mean": 0.122007004917,
        "var": 0.00106795225292
    },
    "barkbands_kurtosis": {
        "mean": 2.118694067,
        "var": 16.3047981262
    },
    "barkbands_skewness": {
        "mean": 1.33303487301,
        "var": 0.720136582851
    },
    "barkbands_spread": {
        "mean": 21.8543643951,
        "var": 76.1281051636
    },
    "dissonance": {
        "mean": 0.472567230463,
        "var": 0.000280429521808
    },
    "dynamic_complexity": 1.04527366161,
    "erbbands_crest": {
        "mean": 9.00884819031,
        "var": 11.4901914597
    },
    "erbbands_flatness_db": {
        "mean": 0.153256565332,
        "var": 0.000382587546483
    },
    "erbbands_kurtosis": {
        "mean": 0.0109810223803,
        "var": 1.03619170189
    },
    "erbbands_skewness": {
        "mean": -0.11566042155,
        "var": 0.295593380928
    },
    "erbbands_spread": {
        "mean": 34.9504814148,
        "var": 120.620101929
    },
    "hfc": {
        "mean": 21.4677963257,
        "var": 87.4238739014
    },
    "melbands_crest": {
        "mean": 13.5268907547,
        "var": 26.6874504089
    },
    "melbands_flatness_db": {
        "mean": 0.193711861968,
        "var": 0.00184071576223
    },
    "melbands_kurtosis": {
        "mean": 8.39023113251,
        "var": 97.4657897949
    },
    "melbands_skewness": {
        "mean": 2.38388776779,
        "var": 1.26130986214
    },
    "melbands_spread": {
        "mean": 23.4337215424,
        "var": 167.094238281
    },
    "pitch_salience": {
        "mean": 0.557478487492,
        "var": 0.00824266672134
    },
    "silence_rate_20dB": {
        "mean": 1,
        "var": 0
    },
    "silence_rate_30dB": {
        "mean": 0.986618638039,
        "var": 0.0132025070488
    },
    "silence_rate_60dB": {
        "mean": 0.00205867225304,
        "var": 0.00205448735505
    },
    "spectral_centroid": {
        "mean": 1144.85839844,
        "var": 292670.4375
    },
    "spectral_complexity": {
        "mean": 22.6562023163,
        "var": 44.2870025635
    },
    "spectral_decrease": {
        "mean": -9.76467706693e-009,
        "var": 4.06812917733e-017
    },
    "spectral_energy": {
        "mean": 0.0388013422489,
        "var": 0.000601080537308
    },
    "spectral_energyband_high": {
        "mean": 0.000464056618512,
        "var": 1.76402238594e-007
    },
    "spectral_energyband_low": {
        "mean": 0.0181785915047,
        "var": 0.000387980835512
    },
    "spectral_energyband_middle_high": {
        "mean": 0.00668163457885,
        "var": 9.17766101338e-006
    },
    "spectral_energyband_middle_low": {
        "mean": 0.0195577442646,
        "var": 0.000231682643062
    },
    "spectral_entropy": {
        "mean": 7.56832838058,
        "var": 0.0507998280227
    },
    "spectral_flux": {
        "mean": 0.104035466909,
        "var": 0.00194930261932
    },
    "spectral_kurtosis": {
        "mean": 4.43658447266,
        "var": 1.90208232403
    },
    "spectral_rms": {
        "mean": 0.00591628719121,
        "var": 2.8525118978e-006
    },
    "spectral_rolloff": {
        "mean": 1296.93200684,
        "var": 1126530.75
    },
    "spectral_skewness": {
        "mean": 1.59725594521,
        "var": 0.0507867261767
    },
    "spectral_spread": {
        "mean": 4068708.5,
        "var": 1.74503860634e+012
    },
    "spectral_strongpeak": {
        "mean": 0.814754605293,
        "var": 0.849792420864
    },
    "zerocrossingrate": {
        "mean": 0.0485343523324,
        "var": 0.000729712483007
    },
    "barkbands": {
        "mean": [0.00116304249968, 0.00664159469306, 0.00433720136061, 0.00938414223492, 0.00228177988902, 0.00367964338511, 0.00179292948451, 0.00125286157709, 0.0010940922657, 0.000552806537598, 0.000173484600964, 0.000851561024319, 0.000939967285376, 0.0010579302907, 0.00102985301055, 0.000565808848478, 0.000896112469491, 0.000331292802002, 0.00022870763496, 0.000141194221214, 0.000113078785944, 0.000111354223918, 7.82105998951e-005, 6.32618684904e-005, 2.68137901003e-005, 1.20086024253e-005, 6.11705615938e-007],
        "var": [3.10392033498e-006, 7.38875751267e-005, 5.19421846548e-005, 0.000185928787687, 3.71925943909e-006, 1.56814312504e-005, 2.52583072324e-006, 2.06739491659e-006, 2.62034814114e-006, 6.41163239834e-007, 7.01840860984e-008, 9.36851620281e-007, 9.62604303822e-007, 1.87882358205e-006, 1.31323076857e-006, 2.48690980698e-007, 2.08084634323e-006, 3.33895570748e-007, 8.83893775949e-008, 2.16043343215e-008, 7.40141992139e-009, 1.16524319083e-008, 5.15315701222e-009, 1.29143336025e-008, 1.13115283806e-009, 3.5826286382e-010, 1.25236745887e-012]
    },
    "erbbands": {
        "mean": [0.161156594753, 1.57409453392, 4.22545623779, 23.430814743, 12.9347057343, 6.29407119751, 31.8610744476, 22.7734203339, 24.5037059784, 20.0006694794, 30.9864196777, 22.9356632233, 23.0013237, 13.8165416718, 13.4615335464, 38.181640625, 44.795009613, 40.6589851379, 78.0416564941, 33.4577178955, 36.0282478333, 48.0665855408, 24.3004722595, 12.4744377136, 10.2649469376, 6.99402189255, 4.75381994247, 4.3453783989, 4.17646551132, 3.12589740753, 1.99888086319, 1.59486949444, 0.837010920048, 0.363783448935, 0.156936720014, 0.0633589178324, 0.0201933868229, 0.0032413660083, 9.38252705964e-005, 4.74688713439e-005],
        "var": [0.0518614575267, 4.37494325638, 31.5493564606, 1327.68725586, 264.9375, 25.8777694702, 1080.421875, 811.946716309, 587.923828125, 280.778717041, 1120.40161133, 790.068054199, 1088.23791504, 224.006057739, 190.542877197, 1657.85253906, 2010.48254395, 2159.40258789, 7031.73681641, 1728.1114502, 1089.14282227, 6284.15039063, 1516.16467285, 234.147079468, 176.794509888, 54.7364616394, 16.3504161835, 11.0624694824, 17.2778873444, 7.9147734642, 3.9106566906, 6.89945888519, 2.07319331169, 0.213898703456, 0.0434854291379, 0.00893244706094, 0.00110302155372, 3.30544608005e-005, 1.71482135158e-008, 7.82174769398e-010]
    },
    "gfcc": {
        "mean": [30.6891822815, 107.959274292, -121.380508423, 38.7990226746, -50.5068855286, 18.6420230865, -44.9643554688, 1.14407646656, -15.8252544403, 5.80417203903, -15.7471876144, -2.65804123878, -14.7260484695],
        "cov": [[3486.22241211, -103.046340942, -173.375549316, 114.042098999, -42.2969818115, 40.8568840027, -141.180725098, 127.593513489, -109.068275452, 10.0448455811, -135.621261597, 48.0169487, -106.972106934], [-103.046340942, 476.174560547, -11.9622173309, 3.6885099411, -21.0073261261, 0.81335747242, 54.0990219116, -104.893608093, 50.7703704834, -5.71798038483, 77.0141830444, -55.6089401245, 56.4377365112], [-173.375549316, -11.9622173309, 163.594528198, 36.5576553345, 35.3884468079, 1.88677620888, 15.627614975, 0.334813117981, 1.85994434357, 3.64959859848, -5.00392627716, -10.1840934753, -7.35857486725], [114.042098999, 3.6885099411, 36.5576553345, 135.867721558, 32.553440094, -49.883644104, -18.9260368347, 25.5956020355, 1.99563765526, -54.8490447998, 12.198597908, 7.65657758713, -2.92695093155], [-42.2969818115, -21.0073261261, 35.3884468079, 32.553440094, 93.9510879517, 24.7179870605, 0.581496059895, 4.2568731308, 4.57495546341, 2.17124319077, -9.22305583954, -2.38224387169, -12.9348459244], [40.8568840027, 0.81335747242, 1.88677620888, -49.883644104, 24.7179870605, 108.500152588, 34.5314674377, -27.0689849854, 9.03356838226, 47.2061233521, -20.5648498535, -24.7171344757, -10.8063440323], [-141.180725098, 54.0990219116, 15.627614975, -18.9260368347, 0.581496059895, 34.5314674377, 84.5905990601, 18.1169242859, 5.51617956161, -5.79766559601, -1.86637675762, -23.8537693024, 9.33896923065], [127.593513489, -104.893608093, 0.334813117981, 25.5956020355, 4.2568731308, -27.0689849854, 18.1169242859, 118.986091614, 8.30135631561, -28.9089412689, -14.0719833374, 28.6188564301, 1.78462123871], [-109.068275452, 50.7703704834, 1.85994434357, 1.99563765526, 4.57495546341, 9.03356838226, 5.51617956161, 8.30135631561, 67.2225723267, 32.046257019, 18.4623699188, 0.610778689384, 13.5799827576], [10.0448455811, -5.71798038483, 3.64959859848, -54.8490447998, 2.17124319077, 47.2061233521, -5.79766559601, -28.9089412689, 32.046257019, 101.799125671, 17.7989063263, 0.411564409733, -2.38656044006], [-135.621261597, 77.0141830444, -5.00392627716, 12.198597908, -9.22305583954, -20.5648498535, -1.86637675762, -14.0719833374, 18.4623699188, 17.7989063263, 85.3314056396, 31.8108024597, 27.8334083557], [48.0169487, -55.6089401245, -10.1840934753, 7.65657758713, -2.38224387169, -24.7171344757, -23.8537693024, 28.6188564301, 0.610778689384, 0.411564409733, 31.8108024597, 82.8311538696, 29.8082351685], [-106.972106934, 56.4377365112, -7.35857486725, -2.92695093155, -12.9348459244, -10.8063440323, 9.33896923065, 1.78462123871, 13.5799827576, -2.38656044006, 27.8334083557, 29.8082351685, 64.3711090088]],
        "icov": [[0.00110068416689, -0.00257285847329, 0.00106296956073, -0.00309510459192, 0.00193445733748, -0.00282625947148, 0.00323903211392, -0.00427376898006, 0.00473776459694, -0.00375184928998, 0.00343955098651, -0.002429878572, 0.00212786346674], [-0.00257285847329, 0.0120218871161, -0.00172019831371, 0.00730808032677, -0.00477291317657, 0.00807249173522, -0.0112560736015, 0.0157715640962, -0.0159032084048, 0.0120439026505, -0.0123377544805, 0.0101686511189, -0.00866083987057], [0.00106296956073, -0.00172019831371, 0.00877573806792, -0.00591684598476, -0.000357923039701, -0.000549491727725, -0.00083254504716, -0.00225187581964, 0.00485800672323, -0.00640212977305, 0.00454989168793, -0.00218367925845, 0.00180949026253], [-0.00309510459192, 0.00730808032677, -0.00591684598476, 0.0240462254733, -0.0104495557025, 0.0102064497769, -0.0044138468802, 0.0101573653519, -0.0172234326601, 0.0198472291231, -0.0146619481966, 0.00904401298612, -0.00464039901271], [0.00193445733748, -0.00477291317657, -0.000357923039701, -0.0104495557025, 0.0185984466225, -0.0112391160801, 0.00704766716808, -0.008311082609, 0.00794203858823, -0.00678785191849, 0.00702862907201, -0.00613957690075, 0.00581847364083], [-0.00282625947148, 0.00807249173522, -0.000549491727725, 0.0102064497769, -0.0112391160801, 0.0289559271187, -0.0201372075826, 0.0178691018373, -0.0138155641034, 0.00170540029649, -0.00282004126348, 0.00520814303309, -0.00455888034776], [0.00323903211392, -0.0112560736015, -0.00083254504716, -0.0044138468802, 0.00704766716808, -0.0201372075826, 0.035966116935, -0.0250956546515, 0.0171589292586, -0.00536774145439, 0.0046592829749, 0.00150658551138, 0.00193779263645], [-0.00427376898006, 0.0157715640962, -0.00225187581964, 0.0101573653519, -0.008311082609, 0.0178691018373, -0.0250956546515, 0.037337757647, -0.0279177129269, 0.0183233413845, -0.0102784689516, 0.00354792829603, -0.00741972401738], [0.00473776459694, -0.0159032084048, 0.00485800672323, -0.0172234326601, 0.00794203858823, -0.0138155641034, 0.0171589292586, -0.0279177129269, 0.0467805564404, -0.028740523383, 0.0151701699942, -0.00859748292714, 0.0056370459497], [-0.00375184928998, 0.0120439026505, -0.00640212977305, 0.0198472291231, -0.00678785191849, 0.00170540029649, -0.00536774145439, 0.0183233413845, -0.028740523383, 0.0386569015682, -0.021355394274, 0.0102587928995, -0.00545096211135], [0.00343955098651, -0.0123377544805, 0.00454989168793, -0.0146619481966, 0.00702862907201, -0.00282004126348, 0.0046592829749, -0.0102784689516, 0.0151701699942, -0.021355394274, 0.0356504321098, -0.0202983357012, 0.00692694308236], [-0.002429878572, 0.0101686511189, -0.00218367925845, 0.00904401298612, -0.00613957690075, 0.00520814303309, 0.00150658551138, 0.00354792829603, -0.00859748292714, 0.0102587928995, -0.0202983357012, 0.0341939404607, -0.018331354484], [0.00212786346674, -0.00866083987057, 0.00180949026253, -0.00464039901271, 0.00581847364083, -0.00455888034776, 0.00193779263645, -0.00741972401738, 0.0056370459497, -0.00545096211135, 0.00692694308236, -0.018331354484, 0.0310909487307]]
    },
    "melbands": {
        "mean": [0.00175096280873, 0.0022626388818, 0.00364898052067, 0.000514022947755, 0.000933282019105, 0.0005479552201, 0.000365564483218, 0.000217305976548, 0.000238303269725, 0.000146677019075, 0.000117346840852, 6.07490837865e-005, 3.31700248353e-005, 9.00495870155e-005, 0.000109650412924, 8.28919801279e-005, 7.42566771805e-005, 0.000136827322422, 5.13762824994e-005, 4.06987164752e-005, 4.16322436649e-005, 5.16666150361e-005, 3.81209065381e-005, 1.30021626319e-005, 9.50531648414e-006, 8.74011493579e-006, 5.78200342716e-006, 4.23373421654e-006, 3.04067998513e-006, 2.60530077867e-006, 2.49219533544e-006, 2.43440217673e-006, 1.9942885956e-006, 1.69676025052e-006, 1.1708814327e-006, 9.78302750809e-007, 9.86780150924e-007, 6.47902083983e-007, 3.98585058292e-007, 2.71021036724e-007],
        "var": [4.98312238051e-006, 7.3179426181e-006, 2.83557783405e-005, 2.68048893304e-007, 8.64353808083e-007, 4.31875349705e-007, 1.26448810533e-007, 3.63958854166e-008, 6.14425346157e-008, 4.42482388507e-008, 2.94813329305e-008, 5.38034772291e-009, 1.70498593022e-009, 1.27618076107e-008, 1.03992361389e-008, 8.16020939709e-009, 7.75908670647e-009, 2.49883598258e-008, 2.75271316852e-009, 2.03314964864e-009, 1.86536941449e-009, 8.32849167409e-009, 5.7536659881e-009, 2.44218451018e-010, 1.55151891335e-010, 1.39713837721e-010, 4.53416540425e-011, 2.50743106833e-011, 7.93675021538e-012, 4.81407882308e-012, 3.86889131843e-012, 5.79827635558e-012, 4.84739201903e-012, 2.21739358645e-012, 1.3859721747e-012, 1.38579382344e-012, 4.13442153777e-012, 1.70849532438e-012, 2.62360012188e-013, 1.23909305668e-013]
    },
    "mfcc": {
        "mean": [-606.613586426, 130.587432861, -4.08183002472, 23.4215488434, 13.8276147842, 15.9862165451, -9.18392276764, -1.10699880123, -3.31304907799, 3.52766084671, 3.09800124168, 3.09400486946, -1.46822929382],
        "cov": [[1202.78674316, -142.198547363, -18.4973735809, 65.2967681885, 89.8735046387, -62.6631240845, 23.2000579834, 67.8365249634, 32.2084617615, -18.1607151031, -3.09776854515, 7.10844993591, -47.1329727173], [-142.198547363, 374.431640625, 34.0633964539, -16.5819225311, -40.5651512146, 83.6029052734, 6.20197105408, -54.2932891846, -12.3886203766, 19.1619529724, 3.62525677681, -5.91392087936, 44.126373291], [-18.4973735809, 34.0633964539, 113.066680908, 30.8158664703, -1.15882265568, 15.6888942719, 2.93033409119, -10.6849040985, -0.273009032011, 6.19272899628, 2.71527147293, 1.65538156033, 1.46019768715], [65.2967681885, -16.5819225311, 30.8158664703, 160.724594116, 53.4946250916, -68.029838562, -9.07446479797, 53.7409896851, -17.7860527039, -30.4099578857, -14.6758413315, -2.10152840614, -12.6400852203], [89.8735046387, -40.5651512146, -1.15882265568, 53.4946250916, 98.1036758423, 5.90947198868, -14.169667244, 11.6570034027, -4.92535018921, -12.3351945877, 8.66094112396, 5.43725728989, -7.33761358261], [-62.6631240845, 83.6029052734, 15.6888942719, -68.029838562, 5.90947198868, 149.349456787, 13.9890804291, -67.591178894, 6.71934700012, 23.3324756622, 22.269317627, 0.729149699211, 17.0028762817], [23.2000579834, 6.20197105408, 2.93033409119, -9.07446479797, -14.169667244, 13.9890804291, 70.5538482666, 19.2507762909, 9.46183586121, 9.8258895874, -6.70215034485, -5.02934885025, -5.26012134552], [67.8365249634, -54.2932891846, -10.6849040985, 53.7409896851, 11.6570034027, -67.591178894, 19.2507762909, 106.69719696, 20.8324737549, -13.3521718979, -14.7299318314, -7.87491703033, -20.744430542], [32.2084617615, -12.3886203766, -0.273009032011, -17.7860527039, -4.92535018921, 6.71934700012, 9.46183586121, 20.8324737549, 64.1042175293, 34.9651145935, 2.03546071053, -7.77708673477, -7.99995088577], [-18.1607151031, 19.1619529724, 6.19272899628, -30.4099578857, -12.3351945877, 23.3324756622, 9.8258895874, -13.3521718979, 34.9651145935, 70.568977356, 24.4728813171, 0.620679438114, -5.94855308533], [-3.09776854515, 3.62525677681, 2.71527147293, -14.6758413315, 8.66094112396, 22.269317627, -6.70215034485, -14.7299318314, 2.03546071053, 24.4728813171, 50.5459136963, 19.2091522217, 0.913173437119], [7.10844993591, -5.91392087936, 1.65538156033, -2.10152840614, 5.43725728989, 0.729149699211, -5.02934885025, -7.87491703033, -7.77708673477, 0.620679438114, 19.2091522217, 49.7899551392, 23.1245212555], [-47.1329727173, 44.126373291, 1.46019768715, -12.6400852203, -7.33761358261, 17.0028762817, -5.26012134552, -20.744430542, -7.99995088577, -5.94855308533, 0.913173437119, 23.1245212555, 62.1614608765]],
        "icov": [[0.000991284498014, 7.02649558662e-005, 5.44300601177e-005, 5.25379946339e-005, -0.000949709617998, 0.000489248079248, -0.000635098782368, 0.000222796792514, -0.00085819553351, 0.000564697489608, -8.15720413812e-005, -0.000453026150353, 0.000599153223448], [7.02649558662e-005, 0.00392195070162, -0.000223450886551, -0.00174720434006, 0.00228909449652, -0.00260074320249, 0.000348165485775, 3.46286396962e-005, 0.00129788706545, -0.0014912878396, 0.000144117482705, 0.00160726578906, -0.00263392576016], [5.44300601177e-005, -0.000223450886551, 0.0107780396938, -0.00473542045802, 0.00238453364, -0.00222487165593, -0.000443786848336, 0.00189765531104, -0.00115058454685, -0.000656181247905, -0.00014811521396, -0.000967798230704, 0.00062089797575], [5.25379946339e-005, -0.00174720434006, -0.00473542045802, 0.014280310832, -0.00828418601304, 0.00582867395133, 0.000174532775418, -0.00421824632213, 0.00336556253023, 0.000703240395524, 0.00157071615104, 0.000303268403513, 0.000694577698596], [-0.000949709617998, 0.00228909449652, 0.00238453364, -0.00828418601304, 0.0181686077267, -0.00717740040272, 0.00392059842125, -0.00131206552032, 7.51462721382e-005, 0.00108006305527, -0.00279503082857, -0.000807453412563, 0.000370630965335], [0.000489248079248, -0.00260074320249, -0.00222487165593, 0.00582867395133, -0.00717740040272, 0.0161946378648, -0.00604699412361, 0.00793845858425, -0.00430321414024, 0.00289163156413, -0.00455668428913, 0.002579231048, -0.000854414887726], [-0.000635098782368, 0.000348165485775, -0.000443786848336, 0.000174532775418, 0.00392059842125, -0.00604699412361, 0.0191955137998, -0.00787547696382, 0.00367466756143, -0.00509948702529, 0.00499187782407, -0.00113529781811, 0.000764085620176], [0.000222796792514, 3.46286396962e-005, 0.00189765531104, -0.00421824632213, -0.00131206552032, 0.00793845858425, -0.00787547696382, 0.0214585196227, -0.0114743867889, 0.00713790720329, -0.00251755164936, 0.00025884853676, 0.00255748070776], [-0.00085819553351, 0.00129788706545, -0.00115058454685, 0.00336556253023, 7.51462721382e-005, -0.00430321414024, 0.00367466756143, -0.0114743867889, 0.0303653180599, -0.0177080538124, 0.00635146303102, 0.00251422263682, -0.00200828141533], [0.000564697489608, -0.0014912878396, -0.000656181247905, 0.000703240395524, 0.00108006305527, 0.00289163156413, -0.00509948702529, 0.00713790720329, -0.0177080538124, 0.0303004719317, -0.0140508767217, 0.000941096339375, 0.00340925063938], [-8.15720413812e-005, 0.000144117482705, -0.00014811521396, 0.00157071615104, -0.00279503082857, -0.00455668428913, 0.00499187782407, -0.00251755164936, 0.00635146303102, -0.0140508767217, 0.0343088917434, -0.0136814927682, 0.0047158440575], [-0.000453026150353, 0.00160726578906, -0.000967798230704, 0.000303268403513, -0.000807453412563, 0.002579231048, -0.00113529781811, 0.00025884853676, 0.00251422263682, 0.000941096339375, -0.0136814927682, 0.0323517657816, -0.0136310141534], [0.000599153223448, -0.00263392576016, 0.00062089797575, 0.000694577698596, 0.000370630965335, -0.000854414887726, 0.000764085620176, 0.00255748070776, -0.00200828141533, 0.00340925063938, 0.0047158440575, -0.0136310141534, 0.024802768603]]
    },
    "spectral_contrast_coeffs": {
        "mean": [-0.627937614918, -0.704956352711, -0.760422408581, -0.756109058857, -0.783218204975, -0.737987101078],
        "var": [0.00584867177531, 0.00320560019463, 0.00287555251271, 0.0021028497722, 0.00139783986378, 0.000533921062015]
    },
    "spectral_contrast_valleys": {
        "mean": [-6.7702050209, -6.3507938385, -7.15694332123, -7.13664388657, -7.32839870453, -10.151515007],
        "var": [0.884959995747, 0.768961787224, 0.738537669182, 0.741504311562, 0.769982814789, 0.706313192844]
    }
},
"metadata": {
    "audio_properties": {
        "analysis_sample_rate": 44100,
        "bit_rate": 107336,
        "equal_loudness": 0,
        "length": 45.0873451233,
        "lossless": 0,
        "replay_gain": -12.4029903412,
        "sample_rate": 44100,
        "codec": "mp3",
        "downmix": "mix",
        "md5_encoded": "a2ee318838ecdbeb23649b345886f233"
    },
    "tags": {
        "file_name": "958.mp3"
    },
    "version": {
        "essentia": "2.1-beta2",
        "essentia_git_sha": "v2.1_beta2",
        "extractor": "music 1.0"
    }
},
"rhythm": {
    "beats_count": 115,
    "beats_loudness": {
        "mean": 0.0532135106623,
        "var": 0.000712613691576
    },
    "bpm": 154.997406006,
    "bpm_histogram_first_peak_bpm": {
        "mean": 157,
        "var": 0
    },
    "bpm_histogram_first_peak_spread": {
        "mean": 0.0281690023839,
        "var": 0
    },
    "bpm_histogram_first_peak_weight": {
        "mean": 0.60526317358,
        "var": 0
    },
    "bpm_histogram_second_peak_bpm": {
        "mean": 152,
        "var": 0
    },
    "bpm_histogram_second_peak_spread": {
        "mean": 0.0749999657273,
        "var": 0
    },
    "bpm_histogram_second_peak_weight": {
        "mean": 0.324561417103,
        "var": 0
    },
    "danceability": 1.57995390892,
    "onset_rate": 2.41659617424,
    "beats_loudness_band_ratio": {
        "mean": [0.64017444849, 0.107172958553, 0.0964141190052, 0.0647545680404, 0.0804118290544, 0.0214536711574],
        "var": [0.0205114819109, 0.00718435226008, 0.00479632196948, 0.00187065231148, 0.00323114567436, 0.000253185804468]
    },
    "beats_position": [0.406349211931, 0.812698423862, 1.24226760864, 1.67183673382, 2.08979582787, 2.49614500999, 2.87927436829, 3.27401351929, 3.66875267029, 4.06349182129, 4.446621418, 4.82975053787, 5.21287965775, 5.59600877762, 5.99074840546, 6.37387752533, 6.7570066452, 7.1517457962, 7.53487491608, 7.91800451279, 8.3011341095, 8.68426322937, 9.07900238037, 9.46213150024, 9.84526062012, 10.2399997711, 10.623128891, 11.017868042, 11.4009971619, 11.7957363129, 12.1788663864, 12.5619955063, 12.9567346573, 13.3398637772, 13.722992897, 14.1061220169, 14.4892511368, 14.8839902878, 15.2671203613, 15.6502494812, 16.0333786011, 16.4281177521, 16.8112468719, 17.1943759918, 17.5775051117, 17.9722442627, 18.3669834137, 18.7501125336, 19.1332416534, 19.5279808044, 19.9227199554, 20.3174591064, 20.7005901337, 21.0837192535, 21.4668483734, 21.8499774933, 22.2331066132, 22.616235733, 22.9993648529, 23.3941040039, 23.7772331238, 24.1719722748, 24.5667114258, 24.9498405457, 25.3329696655, 25.7160987854, 26.0992279053, 26.4939670563, 26.8770961761, 27.2602272034, 27.6433563232, 28.0264854431, 28.4212245941, 28.8159637451, 29.199092865, 29.5822219849, 29.9769611359, 30.3717002869, 30.7548294067, 31.1379585266, 31.5210876465, 31.9042167664, 32.2873458862, 32.6704750061, 33.0652160645, 33.4599533081, 33.843082428, 34.2262115479, 34.6093406677, 35.0040817261, 35.3872108459, 35.7703399658, 36.1534690857, 36.5482063293, 36.9429473877, 37.3376846313, 37.7092056274, 38.0923347473, 38.4754638672, 38.8702049255, 39.2417221069, 39.6364631653, 40.0312004089, 40.4143295288, 40.7974586487, 41.192199707, 41.5753288269, 41.9584579468, 42.3415870667, 42.7363243103, 43.1194534302, 43.50258255, 43.8857116699, 44.2920608521, 44.6868019104]
},
"tonal": {
    "chords_changes_rate": 0.0524691343307,
    "chords_number_rate": 0.00925925932825,
    "chords_strength": {
        "mean": 0.451958417892,
        "var": 0.00851724855602
    },
    "hpcp_entropy": {
        "mean": 1.92883813381,
        "var": 0.430947065353
    },
    "key_strength": 0.592338442802,
    "tuning_diatonic_strength": 0.548189520836,
    "tuning_equal_tempered_deviation": 0.113930985332,
    "tuning_frequency": 441.527557373,
    "tuning_nontempered_energy_ratio": 0.703840315342,
    "hpcp": {
        "mean": [0.206510022283, 0.100950673223, 0.024925718084, 0.0180624015629, 0.024594841525, 0.0622320845723, 0.0851412788033, 0.0512481704354, 0.0349501520395, 0.0350621119142, 0.0325285419822, 0.0797827914357, 0.134743988514, 0.185236379504, 0.385641753674, 0.514605402946, 0.340136826038, 0.164691865444, 0.124442115426, 0.155599355698, 0.345009386539, 0.445449560881, 0.285356551409, 0.148515745997, 0.0807932540774, 0.0497663989663, 0.0908615663648, 0.098740696907, 0.0479965992272, 0.0213487688452, 0.0189247969538, 0.0229850485921, 0.0777792334557, 0.114917106926, 0.0858746394515, 0.157016441226],
        "var": [0.0453581288457, 0.0141271101311, 0.00365473143756, 0.00356408511288, 0.00640289578587, 0.0126833254471, 0.0208233315498, 0.00618601217866, 0.00605997024104, 0.00740019232035, 0.00785282347351, 0.0213139355183, 0.0480503700674, 0.069319806993, 0.103834554553, 0.147682443261, 0.105259120464, 0.0530179254711, 0.0431670919061, 0.0515138022602, 0.114180967212, 0.156351491809, 0.083877697587, 0.0468817092478, 0.0223723035306, 0.0137648629025, 0.0212392080575, 0.0288472343236, 0.00852815806866, 0.00333777652122, 0.00253529357724, 0.00194982695393, 0.0167047195137, 0.0386782027781, 0.0135190645233, 0.0276505965739]
    },
    "chords_histogram": [32.2016448975, 1.13168728352, 29.1152267456, 19.2386837006, 5.86419773102, 0, 1.64609050751, 0, 0, 0, 1.64609050751, 0, 0, 0, 0, 0, 0, 6.48148155212, 0, 0.720164597034, 0, 0.720164597034, 0, 1.23456788063],
    "thpcp": [1, 0.660966277122, 0.320035248995, 0.241820454597, 0.302366346121, 0.670434832573, 0.865613818169, 0.554515242577, 0.288601219654, 0.157000392675, 0.096707880497, 0.176565513015, 0.191876530647, 0.0932687446475, 0.0414857082069, 0.036775354296, 0.0446653850377, 0.151143446565, 0.223311111331, 0.166874736547, 0.305120080709, 0.401297807693, 0.196171030402, 0.048436563462, 0.035099517554, 0.0477935932577, 0.120931655169, 0.165449634194, 0.0995873138309, 0.0679164081812, 0.0681339725852, 0.0632106512785, 0.155036836863, 0.261839449406, 0.359958082438, 0.749393105507],
    "chords_key": "D",
    "chords_scale": "major",
    "key_key": "D",
    "key_scale": "major"
}
}