{
"lowlevel": {
    "average_loudness": 0.952518582344,
    "barkbands_crest": {
        "mean": 9.29541778564,
        "var": 8.57094287872
    },
    "barkbands_flatness_db": {
        "mean": 0.127509906888,
        "var": 0.000932004069909
    },
    "barkbands_kurtosis": {
        "mean": 0.382526040077,
        "var": 2.47190594673
    },
    "barkbands_skewness": {
        "mean": 1.19662082195,
        "var": 0.299725085497
    },
    "barkbands_spread": {
        "mean": 34.0503387451,
        "var": 63.9291496277
    },
    "dissonance": {
        "mean": 0.486634612083,
        "var": 7.30871979613e-005
    },
    "dynamic_complexity": 0.891778767109,
    "erbbands_crest": {
        "mean": 6.6749124527,
        "var": 5.73387145996
    },
    "erbbands_flatness_db": {
        "mean": 0.15915581584,
        "var": 0.000919429934584
    },
    "erbbands_kurtosis": {
        "mean": -0.0994523838162,
        "var": 0.428356021643
    },
    "erbbands_skewness": {
        "mean": -0.621029794216,
        "var": 0.0843009352684
    },
    "erbbands_spread": {
        "mean": 43.4134902954,
        "var": 77.6374053955
    },
    "hfc": {
        "mean": 34.1283073425,
        "var": 134.173324585
    },
    "melbands_crest": {
        "mean": 17.2423496246,
        "var": 18.8550300598
    },
    "melbands_flatness_db": {
        "mean": 0.180436789989,
        "var": 0.00147306034341
    },
    "melbands_kurtosis": {
        "mean": 8.97604370117,
        "var": 38.2343215942
    },
    "melbands_skewness": {
        "mean": 2.83995103836,
        "var": 0.745585918427
    },
    "melbands_spread": {
        "mean": 30.3971347809,
        "var": 144.870162964
    },
    "pitch_salience": {
        "mean": 0.507297694683,
        "var": 0.00768924411386
    },
    "silence_rate_20dB": {
        "mean": 1,
        "var": 0
    },
    "silence_rate_30dB": {
        "mean": 1,
        "var": 0
    },
    "silence_rate_60dB": {
        "mean": 0.00205867225304,
        "var": 0.00205448735505
    },
    "spectral_centroid": {
        "mean": 2059.21289063,
        "var": 237514.671875
    },
    "spectral_complexity": {
        "mean": 36.7215652466,
        "var": 53.5030059814
    },
    "spectral_decrease": {
        "mean": -1.02047739148e-008,
        "var": 1.47575655268e-017
    },
    "spectral_energy": {
        "mean": 0.0416106879711,
        "var": 0.000223294366151
    },
    "spectral_energyband_high": {
        "mean": 0.00230279332027,
        "var": 1.81474058536e-006
    },
    "spectral_energyband_low": {
        "mean": 0.0218789447099,
        "var": 0.000231270852964
    },
    "spectral_energyband_middle_high": {
        "mean": 0.0084865083918,
        "var": 8.45335944177e-006
    },
    "spectral_energyband_middle_low": {
        "mean": 0.013085661456,
        "var": 3.8665937609e-005
    },
    "spectral_entropy": {
        "mean": 7.73585319519,
        "var": 0.0420130230486
    },
    "spectral_flux": {
        "mean": 0.0777522847056,
        "var": 0.000640127982479
    },
    "spectral_kurtosis": {
        "mean": 2.27727723122,
        "var": 1.70478594303
    },
    "spectral_rms": {
        "mean": 0.00626732548699,
        "var": 1.31634976697e-006
    },
    "spectral_rolloff": {
        "mean": 2010.73083496,
        "var": 1269553
    },
    "spectral_skewness": {
        "mean": 0.757219493389,
        "var": 0.063984118402
    },
    "spectral_spread": {
        "mean": 3727850.25,
        "var": 2.55776260096e+012
    },
    "spectral_strongpeak": {
        "mean": 0.590001404285,
        "var": 0.169584050775
    },
    "zerocrossingrate": {
        "mean": 0.0657023489475,
        "var": 0.00074628344737
    },
    "barkbands": {
        "mean": [6.78890864947e-005, 0.00524640828371, 0.0126568861306, 0.00539019377902, 0.00387588026933, 0.000979048549198, 0.000552706012968, 0.000322642794345, 0.00141735654324, 0.00126691651531, 0.000513702107128, 0.000719860370737, 0.000418887357228, 0.000589847273659, 0.0016320431605, 0.00113146775402, 0.000894448894542, 0.000554426515009, 0.000579220184591, 0.00128228380345, 0.000976619892754, 0.000259026797721, 0.000137947121402, 9.01714083739e-005, 3.83935039281e-005, 1.59224837262e-005, 5.39917948572e-007],
        "var": [2.01075582851e-008, 3.33123134624e-005, 8.29306445667e-005, 4.14585883846e-005, 1.02583871922e-005, 1.23277550301e-006, 5.46145713543e-007, 1.62980413165e-007, 2.7710757422e-006, 1.50163361923e-006, 4.53585187188e-007, 6.60237844841e-007, 1.68968313119e-007, 8.41948974539e-007, 1.63103368322e-006, 1.04067066786e-006, 6.99318206898e-007, 1.96012294396e-007, 1.0574229492e-007, 4.42675826662e-007, 3.08635861757e-007, 1.14135239926e-007, 5.21069587478e-008, 2.48567353367e-008, 4.69977390338e-009, 8.60780169365e-010, 4.27692820396e-012]
    },
    "erbbands": {
        "mean": [0.0838728994131, 1.61471569538, 12.4464740753, 19.0565795898, 13.9887285233, 13.2143735886, 5.00610733032, 8.24945163727, 8.41527843475, 6.89474725723, 12.6737966537, 36.1256637573, 35.3187446594, 31.158996582, 22.8799705505, 30.916727066, 21.0820007324, 25.3325119019, 75.1218719482, 66.6918258667, 75.1124954224, 43.4250984192, 32.53074646, 26.9128875732, 36.1540374756, 61.6326599121, 58.5737113953, 23.1606407166, 10.2375068665, 5.40342330933, 4.17590761185, 2.17276763916, 1.38063144684, 0.527578532696, 0.228290393949, 0.0883970633149, 0.0272966511548, 0.00331533327699, 0.00010124102846, 5.39515895071e-005],
        "var": [0.0208094641566, 2.16254520416, 72.548210144, 409.849761963, 44.6701660156, 153.635025024, 22.0181312561, 94.8134307861, 124.288291931, 79.4129943848, 128.761962891, 1905.89160156, 1298.53564453, 1001.89379883, 438.502319336, 1058.61169434, 359.708251953, 461.95993042, 3731.40161133, 4535.72607422, 4271.83105469, 1187.93701172, 600.414916992, 227.908096313, 334.619812012, 1118.68554688, 987.585449219, 215.64251709, 151.763519287, 62.5127983093, 64.6871871948, 11.5035486221, 7.92892074585, 0.878694951534, 0.193002983928, 0.027351198718, 0.00262264092453, 6.4972518885e-005, 3.58491298869e-008, 3.60209778671e-010]
    },
    "gfcc": {
        "mean": [40.8302726746, 100.081787109, -143.779953003, 63.6286354065, -44.6208496094, 13.2810878754, -21.441204071, 0.703228771687, -26.0344486237, -4.94490385056, -28.7972984314, -14.6682157516, -6.32557964325],
        "cov": [[3686.79174805, -442.851928711, 52.3306236267, 88.5186843872, -256.944396973, 276.759674072, -237.608734131, 258.930297852, -176.786911011, 141.783355713, -156.407684326, 74.3369064331, -102.427230835], [-442.851928711, 902.57232666, -456.408569336, 83.6753997803, 173.925521851, -297.477539063, 229.781326294, -289.917327881, 154.925827026, -68.3580245972, 139.279296875, -112.748069763, 114.281677246], [52.3306236267, -456.408569336, 388.964996338, -65.1968002319, -41.5379104614, 146.812683105, -96.5982284546, 166.840179443, -72.0284500122, 105.876792908, -36.1127204895, 92.0210876465, -71.9184494019], [88.5186843872, 83.6753997803, -65.1968002319, 94.0442810059, 12.2478055954, -3.29738283157, 16.8108329773, -29.6166954041, 21.9991035461, -12.158249855, 33.3962974548, -15.8462896347, 24.6498889923], [-256.944396973, 173.925521851, -41.5379104614, 12.2478055954, 160.288665771, -49.1673126221, 92.5991897583, -48.4659729004, 23.1629199982, 26.2542476654, 35.2731399536, 0.693569779396, 6.5926232338], [276.759674072, -297.477539063, 146.812683105, -3.29738283157, -49.1673126221, 175.856933594, -59.1314086914, 123.059066772, -51.197555542, 18.9533843994, -39.9277229309, 27.3080310822, -30.2706851959], [-237.608734131, 229.781326294, -96.5982284546, 16.8108329773, 92.5991897583, -59.1314086914, 149.166885376, -47.7186317444, 55.0308990479, -8.80339241028, 28.3764781952, -30.8688812256, 9.54696178436], [258.930297852, -289.917327881, 166.840179443, -29.6166954041, -48.4659729004, 123.059066772, -47.7186317444, 184.965042114, -28.0150032043, 37.4118499756, -64.7141952515, 24.2403316498, -35.9972572327], [-176.786911011, 154.925827026, -72.0284500122, 21.9991035461, 23.1629199982, -51.197555542, 55.0308990479, -28.0150032043, 107.207305908, -13.9795093536, 15.2470064163, -43.1072883606, 11.3223752975], [141.783355713, -68.3580245972, 105.876792908, -12.158249855, 26.2542476654, 18.9533843994, -8.80339241028, 37.4118499756, -13.9795093536, 136.323120117, 27.8534488678, 23.9204216003, -31.7353420258], [-156.407684326, 139.279296875, -36.1127204895, 33.3962974548, 35.2731399536, -39.9277229309, 28.3764781952, -64.7141952515, 15.2470064163, 27.8534488678, 90.4177703857, 5.70639801025, 18.1467437744], [74.3369064331, -112.748069763, 92.0210876465, -15.8462896347, 0.693569779396, 27.3080310822, -30.8688812256, 24.2403316498, -43.1072883606, 23.9204216003, 5.70639801025, 76.161529541, -7.47713804245], [-102.427230835, 114.281677246, -71.9184494019, 24.6498889923, 6.5926232338, -30.2706851959, 9.54696178436, -35.9972572327, 11.3223752975, -31.7353420258, 18.1467437744, -7.47713804245, 70.2423706055]],
        "icov": [[0.000830197299365, -0.00168639316689, 0.00106471334584, -0.001790729817, 0.00154674623627, -0.001709042117, 0.00120547995903, -0.000890945317224, 0.00102326541673, -0.002023011446, 0.00293085793965, -0.00239585246891, 0.00207958277315], [-0.00168639316689, 0.0142285162583, 0.003029323183, 0.00469903787598, -0.00584467547014, 0.00973466597497, -0.00776982679963, 0.00392024544999, -0.00472385622561, 0.0033822953701, -0.0123091293499, 0.00839925091714, -0.00998340640217], [0.00106471334584, 0.003029323183, 0.0125616984442, 0.00109100656118, 0.000234926803387, -0.00203451677226, 0.00129012169782, -0.00366612081416, -0.00112214533146, -0.0059720412828, -0.000308554532239, -0.00753877544776, 0.00290954741649], [-0.001790729817, 0.00469903787598, 0.00109100656118, 0.0198659971356, -0.00440644240007, -0.000279907195363, -0.00199888716452, 0.0020678571891, -0.00497813383117, 0.00463455310091, -0.0129901003093, 0.00614744517952, -0.00757990172133], [0.00154674623627, -0.00584467547014, 0.000234926803387, -0.00440644240007, 0.0151805393398, -0.00432973820716, -0.00398068316281, 0.000101778685348, 0.00313095306046, -0.00661110831425, 0.00800207350403, -0.00790814775974, 0.00445326790214], [-0.001709042117, 0.00973466597497, -0.00203451677226, -0.000279907195363, -0.00432973820716, 0.0216056015342, -0.00492371059954, -0.00448228279129, 0.000975936069153, 0.00627647712827, -0.0105849467218, 0.00900210719556, -0.00585430348292], [0.00120547995903, -0.00776982679963, 0.00129012169782, -0.00199888716452, -0.00398068316281, -0.00492371059954, 0.0188831314445, -0.0045937364921, -0.000914944277611, -0.000964971201029, 0.00455746939406, -0.00351579766721, 0.00791237037629], [-0.000890945317224, 0.00392024544999, -0.00366612081416, 0.0020678571891, 0.000101778685348, -0.00448228279129, -0.0045937364921, 0.0183684304357, -0.00435363128781, -0.00197024317458, 0.00498588709161, 0.00269668130204, -0.00524945184588], [0.00102326541673, -0.00472385622561, -0.00112214533146, -0.00497813383117, 0.00313095306046, 0.000975936069153, -0.000914944277611, -0.00435363128781, 0.0175873823464, -0.00112607819028, 0.00318102305755, 0.0034265446011, 0.00399492867291], [-0.002023011446, 0.0033822953701, -0.0059720412828, 0.00463455310091, -0.00661110831425, 0.00627647712827, -0.000964971201029, -0.00197024317458, -0.00112607819028, 0.0183453448117, -0.0143706081435, 0.00781285390258, -0.00073284492828], [0.00293085793965, -0.0123091293499, -0.000308554532239, -0.0129901003093, 0.00800207350403, -0.0105849467218, 0.00455746939406, 0.00498588709161, 0.00318102305755, -0.0143706081435, 0.0375917367637, -0.0152627555653, 0.00682435790077], [-0.00239585246891, 0.00839925091714, -0.00753877544776, 0.00614744517952, -0.00790814775974, 0.00900210719556, -0.00351579766721, 0.00269668130204, 0.0034265446011, 0.00781285390258, -0.0152627555653, 0.0324814096093, -0.0101752532646], [0.00207958277315, -0.00998340640217, 0.00290954741649, -0.00757990172133, 0.00445326790214, -0.00585430348292, 0.00791237037629, -0.00524945184588, 0.00399492867291, -0.00073284492828, 0.00682435790077, -0.0101752532646, 0.0286227799952]]
    },
    "melbands": {
        "mean": [0.00108764879405, 0.00501836976036, 0.00305739720352, 0.00113160687033, 0.000197214641958, 0.000187296856893, 0.000128151543322, 6.99446754879e-005, 0.00014178235142, 0.000211976046558, 0.000173941793037, 0.000129806838231, 7.93050057837e-005, 8.76216290635e-005, 5.59202853765e-005, 3.40675433108e-005, 4.9175836466e-005, 0.000117549810966, 9.10243907128e-005, 8.31587458379e-005, 8.64338071551e-005, 4.45427504019e-005, 3.69948866137e-005, 2.78133575193e-005, 1.95312695723e-005, 2.58224736172e-005, 2.91383239528e-005, 4.33839377365e-005, 4.34448229498e-005, 2.15877898881e-005, 1.04081145764e-005, 5.85903217143e-006, 4.35230595031e-006, 2.46762078859e-006, 2.50534276347e-006, 1.77061554041e-006, 1.12253269435e-006, 1.13943940505e-006, 5.4932780813e-007, 3.95834433675e-007],
        "var": [2.14937585952e-006, 1.14024196591e-005, 7.21916785551e-006, 7.9304635392e-007, 2.34338504157e-008, 4.7737430009e-008, 2.86125807492e-008, 7.72850139441e-009, 1.91554114792e-008, 6.06571859407e-008, 3.15254169436e-008, 2.08919797018e-008, 8.60680948733e-009, 1.01427959365e-008, 2.44767850432e-009, 8.08493993976e-010, 2.80593837054e-009, 1.18610410382e-008, 6.16341200299e-009, 4.67362992751e-009, 6.36800123743e-009, 1.82610970789e-009, 1.17238529995e-009, 7.87928999824e-010, 1.59650112574e-010, 2.65205302163e-010, 2.67771776974e-010, 6.42630837433e-010, 6.96963875502e-010, 1.667262578e-010, 6.38136904429e-011, 4.93609007834e-011, 5.36338543022e-011, 1.19787521916e-011, 2.37224840466e-011, 8.6831765736e-012, 3.36225275052e-012, 6.44466771615e-012, 8.60932310685e-013, 5.43009972924e-013]
    },
    "mfcc": {
        "mean": [-586.424499512, 112.468811035, -25.6267871857, 50.3524436951, -0.0971398726106, 20.3180503845, 8.18695831299, 4.15386343002, 12.429274559, 9.06672000885, -14.7324056625, -3.1218662262, -6.77834129333],
        "cov": [[1240.4407959, -352.235290527, 297.816741943, -139.01789856, 72.6059570313, -45.5430908203, 22.0479736328, 14.402598381, 63.8601951599, -29.8783187866, 63.2187461853, 20.6880245209, -5.71976280212], [-352.235290527, 699.778564453, -409.09085083, 265.27444458, -117.866462708, 93.5114364624, -8.61941623688, -82.940246582, -42.601108551, 48.9060745239, -48.0291786194, 7.55287504196, 36.9656677246], [297.816741943, -409.09085083, 360.055755615, -175.402938843, 80.7061691284, -70.058303833, 8.62133693695, 34.5966339111, 22.7121448517, -24.529586792, 50.5968742371, 12.5889472961, -3.12869739532], [-139.01789856, 265.27444458, -175.402938843, 179.936660767, -40.5942420959, 53.9513816833, -0.577708423138, -38.6706085205, -19.0686912537, 7.60866165161, -8.75014781952, 12.4615039825, 22.1337299347], [72.6059570313, -117.866462708, 80.7061691284, -40.5942420959, 85.5930557251, -6.29429483414, 18.1157150269, 11.6677064896, 10.0151958466, -10.0871934891, 6.03766870499, 11.7970676422, 4.25097513199], [-45.5430908203, 93.5114364624, -70.058303833, 53.9513816833, -6.29429483414, 82.1650314331, 22.5434780121, -13.7980413437, -23.2310962677, 3.89089226723, 0.48634198308, 4.62198400497, 17.316734314], [22.0479736328, -8.61941623688, 8.62133693695, -0.577708423138, 18.1157150269, 22.5434780121, 94.6999664307, 2.66528749466, 6.39459228516, -13.3675489426, 13.5702190399, 25.7032661438, 13.2285842896], [14.402598381, -82.940246582, 34.5966339111, -38.6706085205, 11.6677064896, -13.7980413437, 2.66528749466, 108.539550781, 35.3507766724, 11.7700643539, -15.1997585297, -15.3197259903, -26.3607654572], [63.8601951599, -42.601108551, 22.7121448517, -19.0686912537, 10.0151958466, -23.2310962677, 6.39459228516, 35.3507766724, 92.2119140625, 29.2059555054, 16.9888916016, 7.60907173157, -14.6120166779], [-29.8783187866, 48.9060745239, -24.529586792, 7.60866165161, -10.0871934891, 3.89089226723, -13.3675489426, 11.7700643539, 29.2059555054, 77.7329101563, 15.562458992, -2.87938332558, -13.8415651321], [63.2187461853, -48.0291786194, 50.5968742371, -8.75014781952, 6.03766870499, 0.48634198308, 13.5702190399, -15.1997585297, 16.9888916016, 15.562458992, 81.6109466553, 34.4193496704, 8.38585758209], [20.6880245209, 7.55287504196, 12.5889472961, 12.4615039825, 11.7970676422, 4.62198400497, 25.7032661438, -15.3197259903, 7.60907173157, -2.87938332558, 34.4193496704, 69.0697402954, 29.0974712372], [-5.71976280212, 36.9656677246, -3.12869739532, 22.1337299347, 4.25097513199, 17.316734314, 13.2285842896, -26.3607654572, -14.6120166779, -13.8415651321, 8.38585758209, 29.0974712372, 62.9165458679]],
        "icov": [[0.00106358306948, 1.82389467227e-005, -0.000861267908476, 1.63978929777e-005, 9.39615802054e-006, -0.000438428192865, 3.77724863938e-005, 0.000354345887899, -0.000857266713865, 0.000495174317621, -0.000168295518961, 3.43993960996e-005, 0.000214298939682], [1.82389467227e-005, 0.00674430048093, 0.00432710535824, -0.00411189300939, 0.0027329896111, 0.000365636893548, -0.000803367875051, 0.00188323622569, 0.000838778796606, -0.00374326179735, 0.00232908059843, -0.00110862916335, -0.00205290107988], [-0.000861267908476, 0.00432710535824, 0.0111729148775, 0.00273754820228, -0.00218589347787, 0.00347879016772, -0.000189893180504, -0.000267693802016, 0.00199910998344, -0.000921993982047, -0.00326735433191, 0.000160820432939, -0.00328753725626], [1.63978929777e-005, -0.00411189300939, 0.00273754820228, 0.0150280753151, -0.000955366413109, -0.00356386927888, 0.00175313616637, 0.00027578350273, -0.000995191861875, 0.00300954096019, -0.00244594435208, -0.00124496710487, -0.000608168251347], [9.39615802054e-006, 0.0027329896111, -0.00218589347787, -0.000955366413109, 0.0174342766404, -0.00235115084797, -0.00199669762515, 0.00077755091479, -0.00133179081604, -0.0009257462807, 0.00392272789031, -0.00317487632856, -0.000730218307581], [-0.000438428192865, 0.000365636893548, 0.00347879016772, -0.00356386927888, -0.00235115084797, 0.0203533023596, -0.00525655131787, -0.00162182340864, 0.0058483555913, -0.00320101692341, -0.00287419836968, 0.00319665740244, -0.00428654486313], [3.77724863938e-005, -0.000803367875051, -0.000189893180504, 0.00175313616637, -0.00199669762515, -0.00525655131787, 0.0141110671684, -0.00105285062455, -0.00227715680376, 0.00387451448478, -0.0010855065193, -0.00423279730603, 0.000448664679425], [0.000354345887899, 0.00188323622569, -0.000267693802016, 0.00027578350273, 0.00077755091479, -0.00162182340864, -0.00105285062455, 0.013653065078, -0.00469068484381, -0.00187874224503, 0.00478618592024, -0.000164063312695, 0.00308622815646], [-0.000857266713865, 0.000838778796606, 0.00199910998344, -0.000995191861875, -0.00133179081604, 0.0058483555913, -0.00227715680376, -0.00469068484381, 0.0173568986356, -0.00626594573259, -0.00242962501943, -0.00158426002599, 0.000581632193644], [0.000495174317621, -0.00374326179735, -0.000921993982047, 0.00300954096019, -0.0009257462807, -0.00320101692341, 0.00387451448478, -0.00187874224503, -0.00626594573259, 0.0200848672539, -0.00610947236419, 0.00146261090413, 0.00358279794455], [-0.000168295518961, 0.00232908059843, -0.00326735433191, -0.00244594435208, 0.00392272789031, -0.00287419836968, -0.0010855065193, 0.00478618592024, -0.00242962501943, -0.00610947236419, 0.0219658222049, -0.00987264048308, 0.00180366623681], [3.43993960996e-005, -0.00110862916335, 0.000160820432939, -0.00124496710487, -0.00317487632856, 0.00319665740244, -0.00423279730603, -0.000164063312695, -0.00158426002599, 0.00146261090413, -0.00987264048308, 0.0257618129253, -0.0093881636858], [0.000214298939682, -0.00205290107988, -0.00328753725626, -0.000608168251347, -0.000730218307581, -0.00428654486313, 0.000448664679425, 0.00308622815646, 0.000581632193644, 0.00358279794455, 0.00180366623681, -0.0093881636858, 0.0246227439493]]
    },
    "spectral_contrast_coeffs": {
        "mean": [-0.552446901798, -0.756531178951, -0.754562437534, -0.745221912861, -0.772668302059, -0.649711549282],
        "var": [0.00364462146536, 0.00284947268665, 0.00263208686374, 0.00144322402775, 0.000767692457885, 0.00253748125397]
    },
    "spectral_contrast_valleys": {
        "mean": [-7.09049081802, -6.73589277267, -6.8379535675, -7.08974313736, -6.55120992661, -10.4456357956],
        "var": [0.950477957726, 0.917464852333, 0.837885737419, 0.788542568684, 0.802847146988, 1.55041348934]
    }
},
"metadata": {
    "audio_properties": {
        "analysis_sample_rate": 44100,
        "bit_rate": 113869,
        "equal_loudness": 0,
        "length": 45.0873451233,
        "lossless": 0,
        "replay_gain": -12.8588218689,
        "sample_rate": 44100,
        "codec": "mp3",
        "downmix": "mix",
        "md5_encoded": "3eb427caef3323a56c75ec3d12d99260"
    },
    "tags": {
        "file_name": "959.mp3"
    },
    "version": {
        "essentia": "2.1-beta2",
        "essentia_git_sha": "v2.1_beta2",
        "extractor": "music 1.0"
    }
},
"rhythm": {
    "beats_count": 90,
    "beats_loudness": {
        "mean": 0.0422255583107,
        "var": 0.000194387379452
    },
    "bpm": 120.071876526,
    "bpm_histogram_first_peak_bpm": {
        "mean": 120,
        "var": 0
    },
    "bpm_histogram_first_peak_spread": {
        "mean": 0.255813956261,
        "var": 0
    },
    "bpm_histogram_first_peak_weight": {
        "mean": 0.719101130962,
        "var": 0
    },
    "bpm_histogram_second_peak_bpm": {
        "mean": 129,
        "var": 0
    },
    "bpm_histogram_second_peak_spread": {
        "mean": 0,
        "var": 0
    },
    "bpm_histogram_second_peak_weight": {
        "mean": 0.0337078645825,
        "var": 0
    },
    "danceability": 0.959071695805,
    "onset_rate": 2.2835726738,
    "beats_loudness_band_ratio": {
        "mean": [0.536879897118, 0.146242633462, 0.0789162516594, 0.0659181624651, 0.111520469189, 0.112353593111],
        "var": [0.0270017720759, 0.0140193160623, 0.00255890935659, 0.000942979590036, 0.00245351600461, 0.00293107354082]
    },
    "beats_position": [0.441179126501, 0.905578196049, 1.369977355, 1.83437633514, 2.32199549675, 2.82122445107, 3.32045340538, 3.8196823597, 4.31891155243, 4.81814050674, 5.31736946106, 5.81659841537, 6.31582736969, 6.82666635513, 7.32589578629, 7.8251247406, 8.33596324921, 8.82358264923, 9.31120204926, 9.81043052673, 10.3096599579, 10.8204984665, 11.3197278976, 11.8189563751, 12.3181858063, 12.8174142838, 13.3166437149, 13.8158731461, 14.3151016235, 14.8143310547, 15.3251695633, 15.8360090256, 16.3468475342, 16.8344669342, 17.3336963654, 17.8329238892, 18.3321533203, 18.8313827515, 19.3306121826, 19.8298416138, 20.3174591064, 20.8282985687, 21.339138031, 21.8383674622, 22.3375968933, 22.8368244171, 23.3360538483, 23.8236732483, 24.3229026794, 24.8221302032, 25.3213596344, 25.8205890656, 26.3198184967, 26.8190479279, 27.3182754517, 27.8175048828, 28.316734314, 28.8159637451, 29.3151912689, 29.8144207001, 30.3136501312, 30.8128795624, 31.3121089935, 31.8113365173, 32.322177887, 32.8097953796, 33.3090248108, 33.8082542419, 34.3074836731, 34.8067131042, 35.3059387207, 35.8167800903, 36.3160095215, 36.8152389526, 37.3260765076, 37.8253059387, 38.3245353699, 38.823764801, 39.3229942322, 39.8222198486, 40.3330612183, 40.8206787109, 41.3199081421, 41.8191375732, 42.3183670044, 42.8175964355, 43.3168258667, 43.8160552979, 44.3268928528, 44.8145103455]
},
"tonal": {
    "chords_changes_rate": 0.0401234552264,
    "chords_number_rate": 0.00720164598897,
    "chords_strength": {
        "mean": 0.476661652327,
        "var": 0.00553306099027
    },
    "hpcp_entropy": {
        "mean": 2.06221079826,
        "var": 0.43579235673
    },
    "key_strength": 0.704911351204,
    "tuning_diatonic_strength": 0.605572342873,
    "tuning_equal_tempered_deviation": 0.0999000072479,
    "tuning_frequency": 434.444000244,
    "tuning_nontempered_energy_ratio": 0.763188958168,
    "hpcp": {
        "mean": [0.58911126852, 0.385347306728, 0.082697018981, 0.0447553768754, 0.0378774516284, 0.0432919934392, 0.0836516693234, 0.0830360502005, 0.0854873508215, 0.12285964936, 0.0915755182505, 0.0702755749226, 0.0924905240536, 0.0719295740128, 0.115830354393, 0.205857828259, 0.14275573194, 0.0426804460585, 0.0229763109237, 0.0200459286571, 0.0938077569008, 0.238162770867, 0.190794020891, 0.0481426529586, 0.0202044565231, 0.0132682435215, 0.0182941947132, 0.0329120233655, 0.0393584035337, 0.0974424257874, 0.184390023351, 0.143908455968, 0.0728767290711, 0.0739698931575, 0.0946012958884, 0.320894151926],
        "var": [0.182869166136, 0.0935864970088, 0.0249913558364, 0.0164424087852, 0.0126302829012, 0.00742393312976, 0.0124279400334, 0.0147666912526, 0.0235870070755, 0.0764916315675, 0.0354959517717, 0.013397349976, 0.0167096909136, 0.0111828502268, 0.0410748869181, 0.108225814998, 0.0444771796465, 0.00769019359723, 0.00255069951527, 0.0019518219633, 0.0137427523732, 0.0632511973381, 0.0412162840366, 0.00449685333297, 0.00122702226508, 0.000779677357059, 0.00172298680991, 0.00327981449664, 0.0089327916503, 0.0327607616782, 0.0854047387838, 0.0549116097391, 0.0343619585037, 0.0323235504329, 0.0411362685263, 0.0849705636501]
    },
    "chords_histogram": [1.54320991039, 0, 18.2098770142, 1.85185182095, 0, 13.3744859695, 0, 14.1975307465, 0.514403283596, 49.0740737915, 0, 0, 0, 0, 0, 0, 0, 0, 0, 0, 0, 0, 1.23456788063, 0],
    "thpcp": [1, 0.654116332531, 0.140375897288, 0.0759710073471, 0.0642959177494, 0.0734869539738, 0.141996383667, 0.140951380134, 0.145112395287, 0.208550840616, 0.155446901917, 0.119290836155, 0.157000094652, 0.122098453343, 0.196618810296, 0.349437952042, 0.242323890328, 0.0724488720298, 0.039001647383, 0.0340274050832, 0.159236058593, 0.40427467227, 0.323867559433, 0.0817208141088, 0.0342965014279, 0.0225224737078, 0.0310538876802, 0.0558672435582, 0.0668097957969, 0.165405809879, 0.312996923923, 0.244280606508, 0.123706221581, 0.125561833382, 0.16058306396, 0.544708907604],
    "chords_key": "A",
    "chords_scale": "major",
    "key_key": "D",
    "key_scale": "minor"
}
}