{
"lowlevel": {
    "average_loudness": 0.590355396271,
    "barkbands_crest": {
        "mean": 11.0675516129,
        "var": 18.3085861206
    },
    "barkbands_flatness_db": {
        "mean": 0.156031906605,
        "var": 0.00444931536913
    },
    "barkbands_kurtosis": {
        "mean": 8.68249320984,
        "var": 108.722122192
    },
    "barkbands_skewness": {
        "mean": 2.28282380104,
        "var": 1.54439795017
    },
    "barkbands_spread": {
        "mean": 19.5478992462,
        "var": 264.476013184
    },
    "dissonance": {
        "mean": 0.437851369381,
        "var": 0.00213695736602
    },
    "dynamic_complexity": 2.9811360836,
    "erbbands_crest": {
        "mean": 10.5262880325,
        "var": 23.6145858765
    },
    "erbbands_flatness_db": {
        "mean": 0.155703246593,
        "var": 0.00255560385995
    },
    "erbbands_kurtosis": {
        "mean": 1.47482335567,
        "var": 15.9835424423
    },
    "erbbands_skewness": {
        "mean": 1.00736629963,
        "var": 0.773580729961
    },
    "erbbands_spread": {
        "mean": 46.7580833435,
        "var": 595.459716797
    },
    "hfc": {
        "mean": 18.6307563782,
        "var": 705.695495605
    },
    "melbands_crest": {
        "mean": 15.3273038864,
        "var": 27.0072288513
    },
    "melbands_flatness_db": {
        "mean": 0.21638213098,
        "var": 0.00634896382689
    },
    "melbands_kurtosis": {
        "mean": 22.1454296112,
        "var": 341.342895508
    },
    "melbands_skewness": {
        "mean": 3.41767573357,
        "var": 2.33310365677
    },
    "melbands_spread": {
        "mean": 16.3707065582,
        "var": 236.902114868
    },
    "pitch_salience": {
        "mean": 0.563099980354,
        "var": 0.0153335016221
    },
    "silence_rate_20dB": {
        "mean": 0.999485313892,
        "var": 0.000514401355758
    },
    "silence_rate_30dB": {
        "mean": 0.992794632912,
        "var": 0.00715342676267
    },
    "silence_rate_60dB": {
        "mean": 0.072568193078,
        "var": 0.0673008188605
    },
    "spectral_centroid": {
        "mean": 949.92401123,
        "var": 415928.25
    },
    "spectral_complexity": {
        "mean": 12.6664953232,
        "var": 61.4891700745
    },
    "spectral_decrease": {
        "mean": -5.48040723913e-009,
        "var": 3.63021182011e-017
    },
    "spectral_energy": {
        "mean": 0.022374195978,
        "var": 0.000604845583439
    },
    "spectral_energyband_high": {
        "mean": 0.00119417603128,
        "var": 5.64934725844e-006
    },
    "spectral_energyband_low": {
        "mean": 0.00404288992286,
        "var": 3.00365209114e-005
    },
    "spectral_energyband_middle_high": {
        "mean": 0.00286244601011,
        "var": 0.000148721795995
    },
    "spectral_energyband_middle_low": {
        "mean": 0.0148389227688,
        "var": 0.000318573031109
    },
    "spectral_entropy": {
        "mean": 7.39277553558,
        "var": 0.401129513979
    },
    "spectral_flux": {
        "mean": 0.082009807229,
        "var": 0.00314578530379
    },
    "spectral_kurtosis": {
        "mean": 4.33911323547,
        "var": 26.4801883698
    },
    "spectral_rms": {
        "mean": 0.00417843367904,
        "var": 4.36919299318e-006
    },
    "spectral_rolloff": {
        "mean": 1345.62634277,
        "var": 3664905.25
    },
    "spectral_skewness": {
        "mean": 1.6338326931,
        "var": 0.503943741322
    },
    "spectral_spread": {
        "mean": 5607990.5,
        "var": 4.25676242944e+012
    },
    "spectral_strongpeak": {
        "mean": 0.903272509575,
        "var": 1.15886807442
    },
    "zerocrossingrate": {
        "mean": 0.0565692558885,
        "var": 0.00129455467686
    },
    "barkbands": {
        "mean": [4.25738362537e-005, 0.00191031396389, 0.00161010504235, 0.000978927011602, 0.0037692419719, 0.0045015765354, 0.00239576445892, 0.00212571560405, 0.000885382818524, 0.000861823151354, 0.00028961096541, 0.000526280491613, 0.000279150815913, 0.000222913207836, 0.000233702987316, 0.000214581508772, 8.81532469066e-005, 9.96611852315e-005, 8.71482625371e-005, 0.000147090860992, 0.00017642849707, 0.000286001828499, 0.000259472406469, 0.00019556589541, 0.00012680227519, 5.86641363043e-005, 1.54855047185e-006],
        "var": [6.1762857051e-009, 1.36910375659e-005, 1.20909598991e-005, 1.85589897228e-006, 4.6211273002e-005, 3.44384970958e-005, 1.62147298397e-005, 0.000104198203189, 1.49212592078e-005, 0.000112545028969, 2.55317286246e-006, 3.87396312362e-006, 3.74141762904e-007, 6.18746810233e-007, 5.39422842394e-007, 1.27065152355e-006, 5.46979919136e-008, 2.92048696338e-008, 3.02553218035e-008, 8.13047975612e-008, 1.55449541239e-007, 4.32103092862e-007, 3.31704484324e-007, 1.89116249771e-007, 9.07829615926e-008, 2.08463113438e-008, 6.83374884458e-011]
    },
    "erbbands": {
        "mean": [0.0412450805306, 0.492449849844, 1.62773251534, 2.81737160683, 3.81867742538, 11.6831445694, 39.9227027893, 35.7475357056, 41.4506530762, 22.7685470581, 51.8281555176, 21.5455799103, 22.8945770264, 24.3494167328, 17.6929035187, 19.6263160706, 12.627617836, 12.8231124878, 13.4122428894, 11.4437379837, 9.37639904022, 5.15168190002, 4.82225799561, 5.60777568817, 4.63230800629, 6.86790943146, 8.10687637329, 7.0252623558, 9.80253982544, 9.09342575073, 7.00649213791, 4.5657658577, 3.07034444809, 1.57398784161, 0.834556698799, 0.362647891045, 0.0902964472771, 0.0087699405849, 0.000245427101618, 3.73887742171e-005],
        "var": [0.00657532177866, 0.865679264069, 8.85078907013, 18.0539054871, 25.0859737396, 576.094116211, 5756.06445313, 2166.83862305, 4391.70556641, 2900.02099609, 64377.8867188, 5922.40185547, 48236.8632813, 72875.75, 7705.37158203, 4086.43725586, 615.348693848, 2041.14489746, 1315.32653809, 2788.34130859, 1536.53552246, 179.968185425, 53.9462242126, 102.917602539, 94.0733795166, 185.316894531, 300.511291504, 259.073883057, 527.823364258, 415.860717773, 242.913604736, 96.0146865845, 51.048500061, 14.6936922073, 3.85304999352, 0.788598001003, 0.053042717278, 0.000775069114752, 6.83462417328e-007, 2.0203001494e-009]
    },
    "gfcc": {
        "mean": [-28.4864673615, 89.9614944458, -101.005996704, 30.2833843231, -79.2177352905, 14.2897911072, -49.9590873718, -0.058477088809, -23.4533252716, 8.80119800568, -10.5796804428, 2.10025405884, -10.9834957123],
        "cov": [[9338.92089844, -2195.66918945, -624.937805176, 20.2214984894, -881.743774414, -7.48129606247, -468.014923096, 97.3953781128, -240.367950439, 365.039733887, -268.813751221, 327.347198486, -160.384017944], [-2195.66918945, 1836.49963379, -70.9373779297, -21.4854202271, 426.072967529, 12.7235651016, 274.358978271, -57.5621032715, 187.343887329, -256.175933838, 189.582626343, -262.109588623, 137.081085205], [-624.937805176, -70.9373779297, 534.677856445, 139.818664551, 115.038909912, 61.5563049316, 28.2405815125, 8.2820110321, -37.5728111267, 37.8148422241, -28.1523971558, 38.3690795898, -28.6034927368], [20.2214984894, -21.4854202271, 139.818664551, 348.092895508, 106.045700073, 46.6449203491, -6.85859823227, -41.3902053833, -19.9998378754, -3.98333215714, -16.6402225494, -2.17903232574, 3.31175708771], [-881.743774414, 426.072967529, 115.038909912, 106.045700073, 327.265594482, 88.5492858887, 110.247467041, -5.95302963257, 38.588306427, -51.1613960266, 33.7112541199, -56.9527397156, 30.2890033722], [-7.48129606247, 12.7235651016, 61.5563049316, 46.6449203491, 88.5492858887, 186.179931641, 99.5587158203, 42.3082237244, -5.64115953445, 10.2556943893, -0.969674706459, -2.81972503662, 5.60638284683], [-468.014923096, 274.358978271, 28.2405815125, -6.85859823227, 110.247467041, 99.5587158203, 210.756317139, 60.9911804199, 50.2203712463, -25.7601222992, 21.1745357513, -33.855922699, 31.7154464722], [97.3953781128, -57.5621032715, 8.2820110321, -41.3902053833, -5.95302963257, 42.3082237244, 60.9911804199, 138.119125366, 59.8260879517, 33.5100288391, -4.22776222229, 21.3250274658, 17.3456859589], [-240.367950439, 187.343887329, -37.5728111267, -19.9998378754, 38.588306427, -5.64115953445, 50.2203712463, 59.8260879517, 162.651626587, 21.4236278534, 51.5367088318, -15.2684059143, 34.0086250305], [365.039733887, -256.175933838, 37.8148422241, -3.98333215714, -51.1613960266, 10.2556943893, -25.7601222992, 33.5100288391, 21.4236278534, 138.697265625, 12.8378314972, 54.4631614685, -29.6655483246], [-268.813751221, 189.582626343, -28.1523971558, -16.6402225494, 33.7112541199, -0.969674706459, 21.1745357513, -4.22776222229, 51.5367088318, 12.8378314972, 121.408554077, 6.4880604744, 10.1714086533], [327.347198486, -262.109588623, 38.3690795898, -2.17903232574, -56.9527397156, -2.81972503662, -33.855922699, 21.3250274658, -15.2684059143, 54.4631614685, 6.4880604744, 119.683692932, -1.89025771618], [-160.384017944, 137.081085205, -28.6034927368, 3.31175708771, 30.2890033722, 5.60638284683, 31.7154464722, 17.3456859589, 34.0086250305, -29.6655483246, 10.1714086533, -1.89025771618, 111.478752136]],
        "icov": [[0.000218648041482, -1.56577552843e-005, 0.000337980280165, -0.000219565758016, 0.000373195565771, -0.000309321127133, 0.000277830113191, -0.000195939137484, 0.000158749753609, -0.00036400850513, 0.000373177579604, -0.000293480901746, 0.000108346859633], [-1.56577552843e-005, 0.00237587792799, -0.000215396183194, 0.000514518353157, -0.00155683641788, 0.00102306215558, -0.0015678688651, 0.00100422394462, -0.00116526137572, 0.00240267673507, -0.00280014867894, 0.00287841609679, -0.00105410313699], [0.000337980280165, -0.000215396183194, 0.00306581589393, -0.00108019076288, -0.000377358432161, -0.000429625099059, 0.000224483563215, -0.000692335772328, 0.000984266283922, -0.00149910792243, 0.0014412868768, -0.00165799271781, 0.000879022176377], [-0.000219565758016, 0.000514518353157, -0.00108019076288, 0.00412788428366, -0.00174118811265, -0.000461552874185, 0.000233830956859, 0.00181811058428, -0.000822533271275, 0.000668830354698, -0.000165156932781, 0.000639421748929, -0.000746656092815], [0.000373195565771, -0.00155683641788, -0.000377358432161, -0.00174118811265, 0.00714957667515, -0.00275905872695, 7.72592175053e-005, 5.99855848122e-005, -0.000193195111933, -0.000657150347251, 0.00107646116521, -0.00077111821156, 0.000343858147971], [-0.000309321127133, 0.00102306215558, -0.000429625099059, -0.000461552874185, -0.00275905872695, 0.00989029370248, -0.00479937996715, -0.00155540253036, 0.00209652259946, -0.000340144702932, -0.00171401910484, 0.00156293436885, -0.000487093726406], [0.000277830113191, -0.0015678688651, 0.000224483563215, 0.000233830956859, 7.72592175053e-005, -0.00479937996715, 0.0104153733701, -0.00360433384776, -0.000236231833696, -0.000281157612335, 0.00130907050334, -0.000721257121768, 6.19361744612e-005], [-0.000195939137484, 0.00100422394462, -0.000692335772328, 0.00181811058428, 5.99855848122e-005, -0.00155540253036, -0.00360433384776, 0.0133232390508, -0.00558316102251, -0.00027277864865, 0.00171562866308, -0.00111269229092, -0.00127884920221], [0.000158749753609, -0.00116526137572, 0.000984266283922, -0.000822533271275, -0.000193195111933, 0.00209652259946, -0.000236231833696, -0.00558316102251, 0.0118221240118, -0.00417674845085, -0.00229057320394, 0.00107542658225, -0.00166956556495], [-0.00036400850513, 0.00240267673507, -0.00149910792243, 0.000668830354698, -0.000657150347251, -0.000340144702932, -0.000281157612335, -0.00027277864865, -0.00417674845085, 0.0144902467728, -0.00449432246387, -0.000453415559605, 0.00196795957163], [0.000373177579604, -0.00280014867894, 0.0014412868768, -0.000165156932781, 0.00107646116521, -0.00171401910484, 0.00130907050334, 0.00171562866308, -0.00229057320394, -0.00449432246387, 0.0149103626609, -0.00611251732334, 0.00154790957458], [-0.000293480901746, 0.00287841609679, -0.00165799271781, 0.000639421748929, -0.00077111821156, 0.00156293436885, -0.000721257121768, -0.00111269229092, 0.00107542658225, -0.000453415559605, -0.00611251732334, 0.016288548708, -0.00351170776412], [0.000108346859633, -0.00105410313699, 0.000879022176377, -0.000746656092815, 0.000343858147971, -0.000487093726406, 6.19361744612e-005, -0.00127884920221, -0.00166956556495, 0.00196795957163, 0.00154790957458, -0.00351170776412, 0.011614789255]]
    },
    "melbands": {
        "mean": [0.00047166045988, 0.000808153126854, 0.000526848656591, 0.000433819775935, 0.00125947245397, 0.000774889776949, 0.000613709620666, 0.000271763332421, 0.000388492655475, 0.00012497647549, 0.00011683190678, 0.000104812512291, 4.78025322082e-005, 6.502213364e-005, 3.30522198055e-005, 2.79564355878e-005, 2.26501997531e-005, 2.08619494515e-005, 1.63282220456e-005, 1.65079309227e-005, 9.31112208491e-006, 5.35449862582e-006, 3.8297039282e-006, 5.10757490702e-006, 4.5315036914e-006, 3.04590821543e-006, 3.82963980883e-006, 4.69084534416e-006, 5.28894270246e-006, 4.22406810685e-006, 4.11688006352e-006, 5.55211090614e-006, 5.61607794225e-006, 4.9628247325e-006, 4.01744364353e-006, 3.47382547261e-006, 2.57774581769e-006, 2.26688371185e-006, 1.66256643297e-006, 1.21008486076e-006],
        "var": [8.5987875309e-007, 1.53032988237e-006, 4.98911276736e-007, 6.24890162726e-007, 5.44115391676e-006, 9.64542209658e-007, 9.48489571329e-007, 8.14185966647e-007, 3.33526486429e-006, 2.90244628331e-007, 1.43369709349e-006, 1.63139361575e-006, 6.32393835076e-008, 6.39316439788e-008, 6.16683282217e-009, 4.60280791259e-009, 7.44211181569e-009, 3.46493655989e-009, 2.97442093178e-009, 9.66067403851e-009, 1.29667621085e-009, 2.1891374824e-010, 5.89756229963e-011, 7.80923936627e-011, 7.46449638211e-011, 4.60718858897e-011, 6.86752946177e-011, 8.92093135474e-011, 1.25843779841e-010, 9.15732351059e-011, 9.88899864773e-011, 1.76746436931e-010, 1.84583778817e-010, 1.48128925792e-010, 8.77818651102e-011, 5.75680579595e-011, 3.62327355619e-011, 2.90694517069e-011, 1.66451210454e-011, 9.76805095143e-012]
    },
    "mfcc": {
        "mean": [-672.525634766, 116.65146637, 25.6603317261, 14.1147089005, -3.22228169441, 6.58824396133, -11.4395895004, -7.90350627899, -11.8771781921, -0.649144589901, -0.658318281174, -0.439875334501, 0.423200875521],
        "cov": [[8047.06787109, -2035.22595215, -287.388916016, -272.775024414, -468.830200195, -175.290649414, -382.791717529, -257.462188721, -132.862930298, -35.5302352905, -77.2788543701, -4.98479223251, -16.5568885803], [-2035.22595215, 1526.59667969, -135.234146118, 44.4399032593, 148.189819336, 54.1722869873, 167.189346313, 146.126373291, 72.3386917114, 65.1322021484, 52.574546814, -10.0801849365, 55.5321311951], [-287.388916016, -135.234146118, 373.285308838, 82.8854064941, 53.8004646301, 46.57289505, 41.1843528748, 4.21103429794, 12.7857999802, -16.3361129761, 8.01094818115, 14.2132892609, -7.22654676437], [-272.775024414, 44.4399032593, 82.8854064941, 272.398468018, 113.391601563, 82.3418579102, 16.1109428406, 5.66139650345, 3.05294775963, -11.4344234467, -21.5827922821, 12.1746730804, -19.2485733032], [-468.830200195, 148.189819336, 53.8004646301, 113.391601563, 219.417633057, 83.2396697998, 47.842212677, 21.9718132019, 18.2466125488, 3.21905660629, 7.09832143784, 14.0420942307, -10.6517505646], [-175.290649414, 54.1722869873, 46.57289505, 82.3418579102, 83.2396697998, 181.316146851, 99.1832122803, 29.2871627808, 17.4247398376, 11.5441055298, 9.43661785126, -5.92517566681, -9.16059112549], [-382.791717529, 167.189346313, 41.1843528748, 16.1109428406, 47.842212677, 99.1832122803, 194.887008667, 70.9727706909, 39.5806541443, 20.5638389587, 11.5478105545, -13.3960914612, 6.07201480865], [-257.462188721, 146.126373291, 4.21103429794, 5.66139650345, 21.9718132019, 29.2871627808, 70.9727706909, 138.970230103, 65.6831130981, 16.7931404114, 5.6378993988, -2.90777516365, 22.5744400024], [-132.862930298, 72.3386917114, 12.7857999802, 3.05294775963, 18.2466125488, 17.4247398376, 39.5806541443, 65.6831130981, 165.253158569, 48.6680870056, -5.35724449158, 9.14787864685, 24.0528812408], [-35.5302352905, 65.1322021484, -16.3361129761, -11.4344234467, 3.21905660629, 11.5441055298, 20.5638389587, 16.7931404114, 48.6680870056, 96.5428390503, 31.3775119781, 17.3286628723, 19.5724964142], [-77.2788543701, 52.574546814, 8.01094818115, -21.5827922821, 7.09832143784, 9.43661785126, 11.5478105545, 5.6378993988, -5.35724449158, 31.3775119781, 105.017776489, 28.8818206787, 20.2941265106], [-4.98479223251, -10.0801849365, 14.2132892609, 12.1746730804, 14.0420942307, -5.92517566681, -13.3960914612, -2.90777516365, 9.14787864685, 17.3286628723, 28.8818206787, 102.28691864, 33.788192749], [-16.5568885803, 55.5321311951, -7.22654676437, -19.2485733032, -10.6517505646, -9.16059112549, 6.07201480865, 22.5744400024, 24.0528812408, 19.5724964142, 20.2941265106, 33.788192749, 81.467590332]],
        "icov": [[0.000225246825721, 0.000289801391773, 0.000228488643188, 3.86256542697e-005, 0.00021281845693, -0.000138474380947, 0.000155569054186, 4.4471828005e-005, 2.18793538806e-005, -0.000102511745354, 3.81140962418e-005, 3.89898305002e-005, -0.000141530283145], [0.000289801391773, 0.001283368445, 0.000755263143219, -0.000153326240252, -0.000362393679097, 0.000286412541755, -0.000482152448967, -0.000457540241769, 9.85303631751e-005, -0.000376755138859, -0.000307091715513, 0.000406569248298, -0.000668295135256], [0.000228488643188, 0.000755263143219, 0.00350811006501, -0.000854135549162, -0.000234885214013, 4.8514095397e-005, -0.00086273800116, 0.000205863747397, -0.000468996062409, 0.000756052148063, -0.000721550488379, -0.000203132643946, -0.000156188500114], [3.86256542697e-005, -0.000153326240252, -0.000854135549162, 0.00560006685555, -0.00192154129036, -0.00215853331611, 0.00132943992503, -0.000223548879148, 0.00024403037969, 9.08277943381e-005, 0.00162670738064, -0.000996487447992, 0.000742839416489], [0.00021281845693, -0.000362393679097, -0.000234885214013, -0.00192154129036, 0.00724126491696, -0.00212881132029, 0.00019122903177, 6.2586273998e-005, -0.000483214505948, 0.000367635075236, -0.000400870369049, -0.00112823094241, 0.00111337658018], [-0.000138474380947, 0.000286412541755, 4.8514095397e-005, -0.00215853331611, -0.00212881132029, 0.00999067816883, -0.00486300606281, 0.00026378405164, 5.51991906832e-005, -0.000538673135452, -0.00105770875234, 0.000741508207284, 0.000474410073366], [0.000155569054186, -0.000482152448967, -0.00086273800116, 0.00132943992503, 0.00019122903177, -0.00486300606281, 0.00958071090281, -0.00300533231348, -4.85596501676e-005, -0.000743868236896, 0.000214282234083, 0.000860334490426, -2.24159430218e-005], [4.4471828005e-005, -0.000457540241769, 0.000205863747397, -0.000223548879148, 6.2586273998e-005, 0.00026378405164, -0.00300533231348, 0.011174140498, -0.0036798666697, 0.00127176241949, -0.000501953996718, 0.000792191480286, -0.00197071558796], [2.18793538806e-005, 9.85303631751e-005, -0.000468996062409, 0.00024403037969, -0.000483214505948, 5.51991906832e-005, -4.85596501676e-005, -0.0036798666697, 0.00919523835182, -0.00458021461964, 0.00244026514702, -0.000347253633663, -0.0011586532928], [-0.000102511745354, -0.000376755138859, 0.000756052148063, 9.08277943381e-005, 0.000367635075236, -0.000538673135452, -0.000743868236896, 0.00127176241949, -0.00458021461964, 0.0146658821031, -0.00409402931109, -0.000978623284027, -0.000730405503418], [3.81140962418e-005, -0.000307091715513, -0.000721550488379, 0.00162670738064, -0.000400870369049, -0.00105770875234, 0.000214282234083, -0.000501953996718, 0.00244026514702, -0.00409402931109, 0.0125686237589, -0.002783349948, -0.00122425274458], [3.89898305002e-005, 0.000406569248298, -0.000203132643946, -0.000996487447992, -0.00112823094241, 0.000741508207284, 0.000860334490426, 0.000792191480286, -0.000347253633663, -0.000978623284027, -0.002783349948, 0.0130104245618, -0.00523545360193], [-0.000141530283145, -0.000668295135256, -0.000156188500114, 0.000742839416489, 0.00111337658018, 0.000474410073366, -2.24159430218e-005, -0.00197071558796, -0.0011586532928, -0.000730405503418, -0.00122425274458, -0.00523545360193, 0.0166038312018]]
    },
    "spectral_contrast_coeffs": {
        "mean": [-0.6089848876, -0.662414133549, -0.767876088619, -0.776883363724, -0.792303979397, -0.754375457764],
        "var": [0.00898992549628, 0.00831168610603, 0.0059479768388, 0.00392636982724, 0.00215539825149, 0.00226612575352]
    },
    "spectral_contrast_valleys": {
        "mean": [-7.77038288116, -6.93016242981, -7.84269571304, -8.25481700897, -8.29654979706, -10.3967790604],
        "var": [1.05213499069, 1.23869931698, 1.19179618359, 1.28973305225, 1.47627580166, 1.94667577744]
    }
},
"metadata": {
    "audio_properties": {
        "analysis_sample_rate": 44100,
        "bit_rate": 115987,
        "equal_loudness": 0,
        "length": 45.0873451233,
        "lossless": 0,
        "replay_gain": -3.95861816406,
        "sample_rate": 44100,
        "codec": "mp3",
        "downmix": "mix",
        "md5_encoded": "bcdf600e3b6500b9447be8da649b7471"
    },
    "tags": {
        "file_name": "96.mp3"
    },
    "version": {
        "essentia": "2.1-beta2",
        "essentia_git_sha": "v2.1_beta2",
        "extractor": "music 1.0"
    }
},
"rhythm": {
    "beats_count": 114,
    "beats_loudness": {
        "mean": 0.0376951508224,
        "var": 0.00057109358022
    },
    "bpm": 151.886245728,
    "bpm_histogram_first_peak_bpm": {
        "mean": 152,
        "var": 0
    },
    "bpm_histogram_first_peak_spread": {
        "mean": 0.234042569995,
        "var": 0
    },
    "bpm_histogram_first_peak_weight": {
        "mean": 0.637168169022,
        "var": 0
    },
    "bpm_histogram_second_peak_bpm": {
        "mean": 157,
        "var": 0
    },
    "bpm_histogram_second_peak_spread": {
        "mean": 0.052631597966,
        "var": 0
    },
    "bpm_histogram_second_peak_weight": {
        "mean": 0.159292042255,
        "var": 0
    },
    "danceability": 1.29076492786,
    "onset_rate": 5.69784641266,
    "beats_loudness_band_ratio": {
        "mean": [0.111940719187, 0.390308529139, 0.370194286108, 0.0777357071638, 0.0331934429705, 0.0477968007326],
        "var": [0.0141397155821, 0.0290880743414, 0.0301775913686, 0.00168091664091, 0.000436566915596, 0.00239585200325]
    },
    "beats_position": [0.394739210606, 0.801088392735, 1.19582760334, 1.60217678547, 1.99691605568, 2.39165520668, 2.7863945961, 3.19274377823, 3.59909296036, 3.99383211136, 4.38857126236, 4.78331041336, 5.17804956436, 5.5727891922, 5.95591831207, 6.33904743195, 6.73378658295, 7.12852573395, 7.52326536179, 7.91800451279, 8.31274318695, 8.70748329163, 9.10222244263, 9.49696159363, 9.89170074463, 10.2864398956, 10.6811790466, 11.0759181976, 11.4706573486, 11.8653964996, 12.2601356506, 12.6432647705, 13.0263938904, 13.4095239639, 13.7926530838, 14.1757822037, 14.5589113235, 14.9420404434, 15.3251695633, 15.7199087143, 16.114648819, 16.50938797, 16.904127121, 17.298866272, 17.6819953918, 18.088344574, 18.483083725, 18.877822876, 19.272562027, 19.667301178, 20.062040329, 20.45677948, 20.8631286621, 21.2694778442, 21.6642169952, 22.0589561462, 22.4536952972, 22.8484344482, 23.2431735992, 23.6379127502, 24.0326519012, 24.4273910522, 24.8221302032, 25.2168693542, 25.5883903503, 25.9831295013, 26.3778686523, 26.7726078033, 27.1673469543, 27.5620861053, 27.9568252563, 28.3515644073, 28.7463035583, 29.1410427094, 29.5357818604, 29.9305210114, 30.3136501312, 30.6967792511, 31.0915184021, 31.4862575531, 31.8809967041, 32.2757377625, 32.6704750061, 33.0652160645, 33.4483451843, 33.8314743042, 34.2262115479, 34.6209526062, 35.0156898499, 35.3988189697, 35.7935600281, 36.1882972717, 36.5714263916, 36.96616745, 37.3492965698, 37.7440338135, 38.1387748718, 38.545124054, 38.9514732361, 39.3578224182, 39.7641716003, 40.1705207825, 40.5768699646, 40.9832191467, 41.3895683289, 41.795917511, 42.1906585693, 42.5970077515, 43.0033569336, 43.4097061157, 43.8160552979, 44.2107925415, 44.6171417236, 45.0234909058]
},
"tonal": {
    "chords_changes_rate": 0.0534979440272,
    "chords_number_rate": 0.00925925932825,
    "chords_strength": {
        "mean": 0.579276204109,
        "var": 0.00769318034872
    },
    "hpcp_entropy": {
        "mean": 1.92960762978,
        "var": 0.787666499615
    },
    "key_strength": 0.7276725173,
    "tuning_diatonic_strength": 0.519770920277,
    "tuning_equal_tempered_deviation": 0.0879960805178,
    "tuning_frequency": 442.03793335,
    "tuning_nontempered_energy_ratio": 0.770722746849,
    "hpcp": {
        "mean": [0.333876609802, 0.175970494747, 0.0615920834243, 0.0538877211511, 0.0605495758355, 0.0658941045403, 0.0622199885547, 0.076328471303, 0.120217300951, 0.135121330619, 0.105352066457, 0.102041102946, 0.117069929838, 0.159733250737, 0.328159302473, 0.365558922291, 0.176725149155, 0.0666647031903, 0.0513073056936, 0.0526034794748, 0.070476680994, 0.0910811498761, 0.116126477718, 0.176739960909, 0.211183324456, 0.179884105921, 0.174891158938, 0.146726831794, 0.0809357017279, 0.0722746551037, 0.0790107995272, 0.0573259219527, 0.0423733592033, 0.050440441817, 0.0896321162581, 0.25342169404],
        "var": [0.118963614106, 0.045378677547, 0.0191504657269, 0.0175062622875, 0.0249852500856, 0.0309436488897, 0.0235512517393, 0.029953898862, 0.0609136484563, 0.0702190026641, 0.0409918241203, 0.0316554009914, 0.0439451262355, 0.0559656992555, 0.130999445915, 0.155359938741, 0.0530132651329, 0.0181885287166, 0.0189497638494, 0.0161021910608, 0.0222568418831, 0.0314052328467, 0.040195081383, 0.0796997174621, 0.0970066860318, 0.0734994336963, 0.0641647875309, 0.0486294813454, 0.0205236785114, 0.0289751254022, 0.0393328145146, 0.0210135299712, 0.0101975696161, 0.0164518989623, 0.0258950032294, 0.0766061246395]
    },
    "chords_histogram": [39.8148155212, 4.93827152252, 6.68724298477, 1.02880656719, 0, 3.08641982079, 0, 29.1152267456, 0.308641970158, 1.85185182095, 3.70370364189, 0, 0.205761313438, 0, 0, 0, 0, 9.25925922394, 0, 0, 0, 0, 0, 0],
    "thpcp": [1, 0.483438193798, 0.182363763452, 0.140353038907, 0.143898770213, 0.192791581154, 0.24915586412, 0.317668288946, 0.483478724957, 0.577699840069, 0.492079645395, 0.478421270847, 0.401376694441, 0.221402615309, 0.197710007429, 0.216136977077, 0.156817182899, 0.115913897753, 0.137981697917, 0.245191976428, 0.693244457245, 0.913331866264, 0.481373816729, 0.168487429619, 0.147411867976, 0.165635615587, 0.180255770683, 0.17020508647, 0.208799362183, 0.328858882189, 0.369629412889, 0.288194477558, 0.279137223959, 0.320249140263, 0.436956226826, 0.897691965103],
    "chords_key": "D",
    "chords_scale": "minor",
    "key_key": "D",
    "key_scale": "minor"
}
}