{
"lowlevel": {
    "average_loudness": 0.718391001225,
    "barkbands_crest": {
        "mean": 13.3573131561,
        "var": 46.407409668
    },
    "barkbands_flatness_db": {
        "mean": 0.232327833772,
        "var": 0.00433783140033
    },
    "barkbands_kurtosis": {
        "mean": 23.0777664185,
        "var": 4434.28222656
    },
    "barkbands_skewness": {
        "mean": 2.92673373222,
        "var": 11.9391775131
    },
    "barkbands_spread": {
        "mean": 15.4016904831,
        "var": 164.722335815
    },
    "dissonance": {
        "mean": 0.465082466602,
        "var": 0.000641243008431
    },
    "dynamic_complexity": 2.74988913536,
    "erbbands_crest": {
        "mean": 8.1006937027,
        "var": 12.516295433
    },
    "erbbands_flatness_db": {
        "mean": 0.21829521656,
        "var": 0.00585756683722
    },
    "erbbands_kurtosis": {
        "mean": -0.0460085496306,
        "var": 3.88272500038
    },
    "erbbands_skewness": {
        "mean": -0.00850525405258,
        "var": 0.652599573135
    },
    "erbbands_spread": {
        "mean": 41.1309394836,
        "var": 725.243530273
    },
    "hfc": {
        "mean": 16.4434871674,
        "var": 339.089599609
    },
    "melbands_crest": {
        "mean": 15.7066526413,
        "var": 36.5587997437
    },
    "melbands_flatness_db": {
        "mean": 0.284268766642,
        "var": 0.00711341481656
    },
    "melbands_kurtosis": {
        "mean": 61.3828887939,
        "var": 17558.1582031
    },
    "melbands_skewness": {
        "mean": 4.51443099976,
        "var": 19.4645900726
    },
    "melbands_spread": {
        "mean": 16.0724163055,
        "var": 214.64125061
    },
    "pitch_salience": {
        "mean": 0.459187835455,
        "var": 0.0415840484202
    },
    "silence_rate_20dB": {
        "mean": 1,
        "var": 0
    },
    "silence_rate_30dB": {
        "mean": 0.899125039577,
        "var": 0.0907006561756
    },
    "silence_rate_60dB": {
        "mean": 0.0365414321423,
        "var": 0.0352060459554
    },
    "spectral_centroid": {
        "mean": 1211.30065918,
        "var": 505784.875
    },
    "spectral_complexity": {
        "mean": 17.1739578247,
        "var": 87.4272613525
    },
    "spectral_decrease": {
        "mean": -1.08913935648e-008,
        "var": 1.46306862779e-016
    },
    "spectral_energy": {
        "mean": 0.0425981171429,
        "var": 0.00216000317596
    },
    "spectral_energyband_high": {
        "mean": 0.000343506544596,
        "var": 8.71548252235e-007
    },
    "spectral_energyband_low": {
        "mean": 0.0303022172302,
        "var": 0.00190352625214
    },
    "spectral_energyband_middle_high": {
        "mean": 0.00468820333481,
        "var": 3.39614452969e-005
    },
    "spectral_energyband_middle_low": {
        "mean": 0.00790275912732,
        "var": 9.29090383579e-005
    },
    "spectral_entropy": {
        "mean": 7.28915834427,
        "var": 0.177186995745
    },
    "spectral_flux": {
        "mean": 0.0613133274019,
        "var": 0.00334213511087
    },
    "spectral_kurtosis": {
        "mean": 6.38645172119,
        "var": 36.6844558716
    },
    "spectral_rms": {
        "mean": 0.00565817672759,
        "var": 9.54420193011e-006
    },
    "spectral_rolloff": {
        "mean": 1136.76147461,
        "var": 1927147.5
    },
    "spectral_skewness": {
        "mean": 1.4627840519,
        "var": 0.324004858732
    },
    "spectral_spread": {
        "mean": 3531385.25,
        "var": 6.3619596288e+012
    },
    "spectral_strongpeak": {
        "mean": 0.802383899689,
        "var": 1.36551952362
    },
    "zerocrossingrate": {
        "mean": 0.0414378121495,
        "var": 0.00124077743385
    },
    "barkbands": {
        "mean": [0.000242522321059, 0.0246665459126, 0.00479251239449, 0.00125929759815, 0.00193098711316, 0.00154393562116, 0.00140894833021, 0.00102864415385, 0.000656259595416, 0.00040613123565, 0.000339454214554, 0.000631148985121, 0.00032209555502, 0.000318667531246, 0.000674685055856, 0.000558552157599, 0.000700076518115, 0.000309229450068, 0.000355936033884, 0.000179190348717, 8.19926062832e-005, 6.27741173957e-005, 3.92638612539e-005, 3.5694163671e-005, 3.73729453713e-005, 1.575944043e-005, 5.13160728133e-007],
        "var": [3.35336324042e-007, 0.00132704887073, 0.000115936003567, 1.87720306712e-005, 8.75760997587e-006, 4.60022147308e-006, 6.37198354525e-006, 3.78718868888e-006, 8.62404874624e-007, 3.62493807415e-007, 3.9406646124e-007, 2.3041775421e-006, 1.2916318326e-007, 4.72040852628e-007, 1.08071753857e-006, 1.6196188426e-006, 1.93251912606e-006, 9.63904653872e-007, 1.16187311505e-006, 1.25544389107e-007, 4.46209043048e-008, 4.76200341382e-008, 2.16867217517e-008, 1.09420872363e-008, 1.605208233e-008, 5.54625723126e-009, 3.01726282848e-011]
    },
    "erbbands": {
        "mean": [0.492774009705, 6.17837667465, 8.09371376038, 4.20153665543, 5.19808387756, 6.44090986252, 10.0580196381, 13.2170810699, 19.2173805237, 17.8742427826, 24.4455795288, 18.0276527405, 10.2728471756, 14.8757171631, 16.7040805817, 29.7859516144, 15.897816658, 16.6200618744, 34.2798805237, 30.0648784637, 32.5419578552, 34.2575263977, 22.0395717621, 17.4023303986, 15.3163766861, 8.77174282074, 4.42801523209, 2.77115774155, 2.258456707, 1.56183052063, 1.07664096355, 0.749556958675, 0.626153707504, 0.476474255323, 0.208849683404, 0.0888300165534, 0.0250250175595, 0.00283572496846, 0.00010085105896, 5.10006721015e-005],
        "var": [0.533115923405, 87.8785095215, 225.952575684, 90.678062439, 223.985931396, 70.4304885864, 202.807739258, 359.747192383, 978.974121094, 940.517089844, 2703.09082031, 624.126403809, 161.269317627, 510.320831299, 656.541748047, 5821.80419922, 332.980102539, 451.660858154, 2448.60498047, 4116.0625, 3288.88793945, 5781.66015625, 5049.24462891, 3467.92236328, 1206.72790527, 293.650695801, 103.614341736, 61.2549552917, 60.5290908813, 35.8437805176, 16.369972229, 5.27090072632, 3.70047163963, 2.93835496902, 0.53627705574, 0.140998855233, 0.0175030548126, 0.000283703149762, 4.22789838694e-007, 3.26812465978e-009]
    },
    "gfcc": {
        "mean": [-61.7205085754, 137.171127319, -155.365158081, 31.8663063049, -43.1139030457, -6.38426017761, -31.0754909515, -0.693178534508, -11.7734994888, -3.33751726151, -3.46683382988, -9.81364345551, 2.68859362602],
        "cov": [[7639.37646484, -1415.07458496, 1344.94750977, 1557.72619629, 540.756591797, 1485.47546387, -119.746360779, 860.039855957, -228.383117676, 387.987518311, -166.703704834, 273.03225708, -142.851760864], [-1415.07458496, 2484.796875, -1932.46789551, -1258.93188477, -4.7741560936, -1540.71032715, 207.81892395, -845.842834473, 32.0717315674, -402.143035889, 118.221054077, -294.85736084, 178.804595947], [1344.94750977, -1932.46789551, 3566.01757813, 1834.6373291, 598.232299805, 2255.12768555, 81.83618927, 1146.39294434, 242.091430664, 462.458374023, -32.6843490601, 308.252471924, -202.60899353], [1557.72619629, -1258.93188477, 1834.6373291, 1420.27197266, 466.442932129, 1384.20825195, 70.4098052979, 730.018798828, 144.169708252, 276.679168701, 31.7684402466, 168.714523315, -42.457244873], [540.756591797, -4.7741560936, 598.232299805, 466.442932129, 552.280639648, 481.603973389, 173.082229614, 275.712371826, 136.843032837, 88.320098877, 46.3688240051, 60.1718864441, 17.5123081207], [1485.47546387, -1540.71032715, 2255.12768555, 1384.20825195, 481.603973389, 1811.89587402, 55.2270126343, 903.451965332, 184.020004272, 344.57144165, 12.5585603714, 220.432800293, -111.077583313], [-119.746360779, 207.81892395, 81.83618927, 70.4098052979, 173.082229614, 55.2270126343, 209.950286865, 65.7561264038, 107.363296509, 22.766412735, 49.6167602539, 7.45267534256, 20.7947902679], [860.039855957, -845.842834473, 1146.39294434, 730.018798828, 275.712371826, 903.451965332, 65.7561264038, 562.70098877, 129.643096924, 224.109176636, 17.9095535278, 146.205123901, -52.2935829163], [-228.383117676, 32.0717315674, 242.091430664, 144.169708252, 136.843032837, 184.020004272, 107.363296509, 129.643096924, 182.319641113, 55.5108833313, 66.1913528442, 18.842754364, 24.9133281708], [387.987518311, -402.143035889, 462.458374023, 276.679168701, 88.320098877, 344.57144165, 22.766412735, 224.109176636, 55.5108833313, 168.931671143, 20.1337604523, 81.6895065308, -38.4551963806], [-166.703704834, 118.221054077, -32.6843490601, 31.7684402466, 46.3688240051, 12.5585603714, 49.6167602539, 17.9095535278, 66.1913528442, 20.1337604523, 103.836532593, 14.7400302887, 44.0195198059], [273.03225708, -294.85736084, 308.252471924, 168.714523315, 60.1718864441, 220.432800293, 7.45267534256, 146.205123901, 18.842754364, 81.6895065308, 14.7400302887, 128.742233276, -0.863088488579], [-142.851760864, 178.804595947, -202.60899353, -42.457244873, 17.5123081207, -111.077583313, 20.7947902679, -52.2935829163, 24.9133281708, -38.4551963806, 44.0195198059, -0.863088488579, 93.6521606445]],
        "icov": [[0.00039071572246, -0.000779878988396, 0.000597121834289, -0.000980132375844, 0.000338237092365, -0.0005066083977, 0.000463530072011, -0.00070885225432, 0.00093008892145, -0.000927515036892, 0.0013216866646, -0.000968030886725, 0.000511151447427], [-0.000779878988396, 0.00478734541684, -0.00190437224228, 0.00375151564367, -0.00319458707236, 0.00240581529215, -0.00251273321919, 0.00317455432378, -0.00238438881934, 0.00387578038499, -0.0057056536898, 0.00470538297668, -0.00201666285284], [0.000597121834289, -0.00190437224228, 0.00277628330514, -0.00275918701664, 0.00120466796216, -0.00249591865577, 0.000956976960879, -0.00097640423337, 0.00049656239571, -0.00174869666807, 0.00362907187082, -0.00325549929403, 0.00277290632948], [-0.000980132375844, 0.00375151564367, -0.00275918701664, 0.00723398569971, -0.00302701070905, 0.000827020674478, -0.00193642475642, 0.00118834909517, -0.000890270515811, 0.00267698056996, -0.00574540020898, 0.00561695965007, -0.00461855670437], [0.000338237092365, -0.00319458707236, 0.00120466796216, -0.00302701070905, 0.00584730645642, -0.00199881824665, -0.000798841239884, -0.00206245854497, 0.00073487724876, -0.00188617710955, 0.00398151855916, -0.00323646375909, 0.000539420056157], [-0.0005066083977, 0.00240581529215, -0.00249591865577, 0.000827020674478, -0.00199881824665, 0.00670213392004, 6.9272267865e-005, -0.00300748739392, -0.00130582042038, 0.00317172752693, -0.0041816891171, 0.00300348363817, -0.000119649026601], [0.000463530072011, -0.00251273321919, 0.000956976960879, -0.00193642475642, -0.000798841239884, 6.9272267865e-005, 0.0101560568437, -0.00294617982581, -0.00228035193868, -0.00145050801802, 0.00162106181961, -0.00239531346597, 0.00225528026931], [-0.00070885225432, 0.00317455432378, -0.00097640423337, 0.00118834909517, -0.00206245854497, -0.00300748739392, -0.00294617982581, 0.0165038015693, -0.00502063566819, -0.00267541664653, -0.00131245946977, -0.000329176720697, -0.00117681291886], [0.00093008892145, -0.00238438881934, 0.00049656239571, -0.000890270515811, 0.00073487724876, -0.00130582042038, -0.00228035193868, -0.00502063566819, 0.014748509042, -0.00408836454153, -0.00132602336816, 0.000842176843435, -0.00231266207993], [-0.000927515036892, 0.00387578038499, -0.00174869666807, 0.00267698056996, -0.00188617710955, 0.00317172752693, -0.00145050801802, -0.00267541664653, -0.00408836454153, 0.0199131648988, -0.00890715606511, -0.000887835223693, 0.00500135775656], [0.0013216866646, -0.0057056536898, 0.00362907187082, -0.00574540020898, 0.00398151855916, -0.0041816891171, 0.00162106181961, -0.00131245946977, -0.00132602336816, -0.00890715606511, 0.02441746369, -0.00730810128152, -0.00349006988108], [-0.000968030886725, 0.00470538297668, -0.00325549929403, 0.00561695965007, -0.00323646375909, 0.00300348363817, -0.00239531346597, -0.000329176720697, 0.000842176843435, -0.000887835223693, -0.00730810128152, 0.0191406253725, -0.00741843134165], [0.000511151447427, -0.00201666285284, 0.00277290632948, -0.00461855670437, 0.000539420056157, -0.000119649026601, 0.00225528026931, -0.00117681291886, -0.00231266207993, 0.00500135775656, -0.00349006988108, -0.00741843134165, 0.0220532026142]]
    },
    "melbands": {
        "mean": [0.00596947269514, 0.00594739476219, 0.000787134631537, 0.000420405849582, 0.000338122626999, 0.000292657176033, 0.000299503124552, 0.000191439350601, 0.00018175970763, 0.000109233413241, 4.88265504828e-005, 6.08605114394e-005, 4.99896304973e-005, 7.0983558544e-005, 5.28558703081e-005, 3.30338189087e-005, 2.92600143439e-005, 5.24712886545e-005, 4.15868053096e-005, 4.3286527216e-005, 3.73379662051e-005, 4.05664504797e-005, 2.52561840171e-005, 1.4924477e-005, 1.40800084409e-005, 1.20809963846e-005, 8.78596165421e-006, 5.05559501107e-006, 2.98188092529e-006, 1.75102604771e-006, 1.60806735039e-006, 1.3833983985e-006, 9.90714738691e-007, 8.20121101697e-007, 6.86804185079e-007, 4.3642177161e-007, 4.58420032601e-007, 4.0633327103e-007, 4.94984817578e-007, 3.7232459249e-007],
        "var": [7.56921144784e-005, 8.61101725604e-005, 3.65682080883e-006, 5.30317436187e-007, 1.94706260004e-007, 1.74646288542e-007, 2.56636894846e-007, 8.92335165759e-008, 1.56136124474e-007, 2.6295765565e-008, 3.91274834755e-009, 9.39668964861e-009, 7.79901565551e-009, 2.45328060089e-008, 1.23677343922e-008, 1.46695877667e-009, 1.97677696434e-009, 6.59234666855e-009, 5.94732840753e-009, 1.20942251769e-008, 3.7881560111e-009, 9.41987821079e-009, 4.29933066926e-009, 2.23010876432e-009, 2.85713430692e-009, 9.35550859005e-010, 3.38971739566e-010, 1.05485113699e-010, 5.12872730396e-011, 2.06524363583e-011, 2.28069525071e-011, 2.19600101992e-011, 1.58512074994e-011, 9.97199805369e-012, 6.52167642806e-012, 2.97789115415e-012, 1.72169787108e-012, 1.5978118351e-012, 3.26706088398e-012, 1.81954885187e-012]
    },
    "mfcc": {
        "mean": [-687.975830078, 153.91708374, -37.3953933716, 30.5841407776, 6.50764417648, -2.82748675346, -2.16881966591, -6.13438510895, 2.02987599373, -0.398235231638, -1.58232593536, 2.42518281937, 2.52662229538],
        "cov": [[4724.296875, -907.065551758, 243.580276489, 624.73651123, 564.932861328, 513.724304199, 410.062652588, 357.571014404, 181.336380005, 110.56703949, 31.9431705475, -12.7580566406, 187.458831787], [-907.065551758, 2477.42749023, -1895.42016602, -309.713256836, -847.495422363, -757.516296387, -405.83581543, -657.057128906, -326.232208252, -337.088165283, -346.036224365, -175.37928772, -210.357055664], [243.580276489, -1895.42016602, 2959.44335938, 400.456359863, 1268.34802246, 1052.0168457, 621.069824219, 903.449523926, 522.490478516, 456.895385742, 537.543457031, 313.550476074, 321.078460693], [624.73651123, -309.713256836, 400.456359863, 439.689727783, 315.516723633, 272.22064209, 206.746627808, 201.833618164, 162.506713867, 104.162605286, 115.678627014, 73.5702438354, 91.3281860352], [564.932861328, -847.495422363, 1268.34802246, 315.516723633, 944.320495605, 617.793518066, 428.309356689, 534.623840332, 357.875671387, 263.326477051, 298.062957764, 176.391738892, 213.639648438], [513.724304199, -757.516296387, 1052.0168457, 272.22064209, 617.793518066, 579.634277344, 338.145965576, 435.613830566, 261.503662109, 221.745239258, 242.674240112, 140.63293457, 157.390380859], [410.062652588, -405.83581543, 621.069824219, 206.746627808, 428.309356689, 338.145965576, 304.228912354, 293.635131836, 199.031570435, 134.920211792, 168.815872192, 97.2363967896, 132.95539856], [357.571014404, -657.057128906, 903.449523926, 201.833618164, 534.623840332, 435.613830566, 293.635131836, 449.055541992, 255.578536987, 195.808288574, 218.156600952, 133.676025391, 148.837799072], [181.336380005, -326.232208252, 522.490478516, 162.506713867, 357.875671387, 261.503662109, 199.031570435, 255.578536987, 249.420715332, 130.586257935, 174.102554321, 92.6194763184, 122.833396912], [110.56703949, -337.088165283, 456.895385742, 104.162605286, 263.326477051, 221.745239258, 134.920211792, 195.808288574, 130.586257935, 172.204986572, 132.238723755, 74.3528594971, 70.9320831299], [31.9431705475, -346.036224365, 537.543457031, 115.678627014, 298.062957764, 242.674240112, 168.815872192, 218.156600952, 174.102554321, 132.238723755, 232.906723022, 111.688621521, 113.07964325], [-12.7580566406, -175.37928772, 313.550476074, 73.5702438354, 176.391738892, 140.63293457, 97.2363967896, 133.676025391, 92.6194763184, 74.3528594971, 111.688621521, 125.62348175, 89.7745742798], [187.458831787, -210.357055664, 321.078460693, 91.3281860352, 213.639648438, 157.390380859, 132.95539856, 148.837799072, 122.833396912, 70.9320831299, 113.07964325, 89.7745742798, 144.944213867]],
        "icov": [[0.000365274376236, 0.000153770437464, 0.000258112093434, -0.000373309187125, -9.67207743088e-005, -0.000331741408445, -0.000219909721636, -0.000152067295858, 0.00028922004276, 8.40045613586e-005, 0.000289843301289, 0.000564132002182, -0.00058687775163], [0.000153770437464, 0.000946336775087, 0.000519979570527, -2.28913922911e-005, -8.80791776581e-005, 0.000175515422598, -0.000563721347135, 0.000573264143895, -0.000402489997214, 0.000323286134517, 0.000234997860389, -0.000411411427194, 0.000159145638463], [0.000258112093434, 0.000519979570527, 0.00158013426699, 7.40059258533e-005, -0.000630056019872, -0.00125460978597, 9.29574671318e-005, -0.000711999542546, 0.000391795270843, 8.64562898641e-005, -0.000463068921817, -7.8981538536e-005, -0.000153383763973], [-0.000373309187125, -2.28913922911e-005, 7.40059258533e-005, 0.00411415612325, 7.69358230173e-005, -0.00114445551299, -0.00148401036859, 0.00115309853572, -0.00172279076651, -0.000129227060825, 0.000371190952137, -0.00129070156254, 0.0010329320794], [-9.67207743088e-005, -8.80791776581e-005, -0.000630056019872, 7.69358230173e-005, 0.00499621964991, -0.00163074652664, -0.00196401379071, -0.000842612993438, -0.00185401691124, -0.000460572773591, 0.000631200673524, -0.000181590366992, -0.000165463221492], [-0.000331741408445, 0.000175515422598, -0.00125460978597, -0.00114445551299, -0.00163074652664, 0.01130364649, -0.00299424189143, -0.00308841001242, 0.00121646071784, -0.00215392792597, -0.000952560279984, -0.000422526762122, 0.00125941983424], [-0.000219909721636, -0.000563721347135, 9.29574671318e-005, -0.00148401036859, -0.00196401379071, -0.00299424189143, 0.0146345151588, -0.00319783017039, -0.000593087694142, 0.0010597629007, -0.00144908984657, 0.00184668612201, -0.00382795720361], [-0.000152067295858, 0.000573264143895, -0.000711999542546, 0.00115309853572, -0.000842612993438, -0.00308841001242, -0.00319783017039, 0.0134897287935, -0.00463981227949, -0.00184870080557, 0.00118037220091, -0.00270737218671, 0.00114882760681], [0.00028922004276, -0.000402489997214, 0.000391795270843, -0.00172279076651, -0.00185401691124, 0.00121646071784, -0.000593087694142, -0.00463981227949, 0.0153166409582, -0.00141292379703, -0.00475839525461, 0.00316866836511, -0.0045592491515], [8.40045613586e-005, 0.000323286134517, 8.64562898641e-005, -0.000129227060825, -0.000460572773591, -0.00215392792597, 0.0010597629007, -0.00184870080557, -0.00141292379703, 0.0143492696807, -0.0031148600392, -0.00130742276087, 0.00160952750593], [0.000289843301289, 0.000234997860389, -0.000463068921817, 0.000371190952137, 0.000631200673524, -0.000952560279984, -0.00144908984657, 0.00118037220091, -0.00475839525461, -0.0031148600392, 0.0138294044882, -0.00459749670699, -0.00140548404306], [0.000564132002182, -0.000411411427194, -7.8981538536e-005, -0.00129070156254, -0.000181590366992, -0.000422526762122, 0.00184668612201, -0.00270737218671, 0.00316866836511, -0.00130742276087, -0.00459749670699, 0.0196383874863, -0.00914802867919], [-0.00058687775163, 0.000159145638463, -0.000153383763973, 0.0010329320794, -0.000165463221492, 0.00125941983424, -0.00382795720361, 0.00114882760681, -0.0045592491515, 0.00160952750593, -0.00140548404306, -0.00914802867919, 0.0186247229576]]
    },
    "spectral_contrast_coeffs": {
        "mean": [-0.568420052528, -0.730760157108, -0.754503428936, -0.757373332977, -0.776615142822, -0.716874063015],
        "var": [0.0108891911805, 0.00574781093746, 0.00444543035701, 0.00441141566262, 0.00228632707149, 0.00283237034455]
    },
    "spectral_contrast_valleys": {
        "mean": [-8.19875049591, -6.86372470856, -7.66609048843, -7.88026762009, -7.80946397781, -11.8566398621],
        "var": [2.78343558311, 1.45095169544, 1.44269931316, 1.35619461536, 1.37613666058, 2.60621142387]
    }
},
"metadata": {
    "audio_properties": {
        "analysis_sample_rate": 44100,
        "bit_rate": 105460,
        "equal_loudness": 0,
        "length": 45.0873451233,
        "lossless": 0,
        "replay_gain": -8.43746566772,
        "sample_rate": 44100,
        "codec": "mp3",
        "downmix": "mix",
        "md5_encoded": "d327e594cdb26d96e5109392f8e51048"
    },
    "tags": {
        "file_name": "961.mp3"
    },
    "version": {
        "essentia": "2.1-beta2",
        "essentia_git_sha": "v2.1_beta2",
        "extractor": "music 1.0"
    }
},
"rhythm": {
    "beats_count": 66,
    "beats_loudness": {
        "mean": 0.0540590584278,
        "var": 0.00232699676417
    },
    "bpm": 88.8249053955,
    "bpm_histogram_first_peak_bpm": {
        "mean": 89,
        "var": 0
    },
    "bpm_histogram_first_peak_spread": {
        "mean": 0.276923060417,
        "var": 0
    },
    "bpm_histogram_first_peak_weight": {
        "mean": 0.723076939583,
        "var": 0
    },
    "bpm_histogram_second_peak_bpm": {
        "mean": 0,
        "var": 0
    },
    "bpm_histogram_second_peak_spread": {
        "mean": 0,
        "var": 0
    },
    "bpm_histogram_second_peak_weight": {
        "mean": 0,
        "var": 0
    },
    "danceability": 0.975565731525,
    "onset_rate": 2.52744936943,
    "beats_loudness_band_ratio": {
        "mean": [0.418744206429, 0.187410101295, 0.205580368638, 0.0889528095722, 0.0948891490698, 0.0345324426889],
        "var": [0.143947169185, 0.0253778863698, 0.0453809946775, 0.00580208143219, 0.0102354781702, 0.00195233209524]
    },
    "beats_position": [0.684988677502, 1.39319729805, 2.08979582787, 2.7863945961, 3.48299312592, 4.19120168686, 4.8994102478, 5.59600877762, 6.28099775314, 6.96598625183, 7.63936471939, 8.31274318695, 8.98612213135, 9.65950107574, 10.3328800201, 10.9946479797, 11.656416893, 12.3297958374, 13.0031747818, 13.6765527725, 14.361541748, 15.0465307236, 15.7199087143, 16.3932876587, 17.0666656494, 17.7400455475, 18.4018135071, 19.0751914978, 19.7369613647, 20.3987293243, 21.0721092224, 21.7454872131, 22.430475235, 23.1154651642, 23.800453186, 24.4738311768, 25.1472110748, 25.8205890656, 26.4939670563, 27.1673469543, 27.8639450073, 28.537322998, 29.1874828339, 29.8608608246, 30.5342407227, 31.2076187134, 31.8809967041, 32.5543746948, 33.2277526855, 33.9243545532, 34.5977325439, 35.2711105347, 35.9444885254, 36.6178665161, 37.2912483215, 37.9646263123, 38.6263923645, 39.2881622314, 39.9615402222, 40.6349182129, 41.3083000183, 41.981678009, 42.6550559998, 43.3284339905, 44.0250320435, 44.6984100342]
},
"tonal": {
    "chords_changes_rate": 0.0504115223885,
    "chords_number_rate": 0.0113168722019,
    "chords_strength": {
        "mean": 0.544898450375,
        "var": 0.00961421150714
    },
    "hpcp_entropy": {
        "mean": 2.05878782272,
        "var": 0.502480566502
    },
    "key_strength": 0.742527365685,
    "tuning_diatonic_strength": 0.54545879364,
    "tuning_equal_tempered_deviation": 0.149270877242,
    "tuning_frequency": 444.598632813,
    "tuning_nontempered_energy_ratio": 0.817441999912,
    "hpcp": {
        "mean": [0.370496243238, 0.174284398556, 0.0758718326688, 0.0458985939622, 0.0464845970273, 0.114227503538, 0.116114586592, 0.0691962987185, 0.134790226817, 0.137346670032, 0.0603285431862, 0.0578865781426, 0.0654408633709, 0.0752877444029, 0.289755135775, 0.419369310141, 0.220094457269, 0.0809902101755, 0.0503936111927, 0.0275239814073, 0.0660775601864, 0.0859503000975, 0.0981081873178, 0.212665140629, 0.198922157288, 0.0844444036484, 0.0855404734612, 0.0670256614685, 0.0446296706796, 0.116883419454, 0.138455107808, 0.0694191232324, 0.058902464807, 0.0668238922954, 0.0988028421998, 0.313985526562],
        "var": [0.164375782013, 0.0567186139524, 0.028594199568, 0.0156289115548, 0.0104831047356, 0.065811008215, 0.0669173300266, 0.0140193086118, 0.0630093887448, 0.0738005116582, 0.0133235966787, 0.0112955020741, 0.0143982758746, 0.0170659590513, 0.0820919051766, 0.170630633831, 0.0485426597297, 0.0288427732885, 0.0201862137765, 0.00546008674428, 0.0152680445462, 0.0267937835306, 0.0215053651482, 0.0939870029688, 0.0894394293427, 0.0188954696059, 0.0264295302331, 0.0192033071071, 0.0101054757833, 0.0510793365538, 0.0648682937026, 0.0150090279058, 0.0257722903043, 0.0401097536087, 0.0233368482441, 0.13068446517]
    },
    "chords_histogram": [49.0740737915, 8.33333301544, 2.67489719391, 0, 0, 11.728395462, 1.74897122383, 2.05761313438, 0, 1.13168728352, 14.6090536118, 2.26337456703, 0.411522626877, 0, 0, 2.77777767181, 0, 0, 0, 2.67489719391, 0, 0, 0.514403283596, 0],
    "thpcp": [1, 0.524822533131, 0.193123832345, 0.120165236294, 0.0656318441033, 0.157564133406, 0.204951331019, 0.233942225575, 0.507107079029, 0.474336475134, 0.201360478997, 0.203974083066, 0.15982490778, 0.10642092675, 0.278712391853, 0.330150783062, 0.165532201529, 0.140454873443, 0.159343779087, 0.235598653555, 0.74870890379, 0.883460581303, 0.415586918592, 0.180918902159, 0.109446719289, 0.110844060779, 0.272379249334, 0.276879072189, 0.165000870824, 0.321411758661, 0.327507674694, 0.143855407834, 0.138032466173, 0.156045898795, 0.179526120424, 0.690930724144],
    "chords_key": "D",
    "chords_scale": "minor",
    "key_key": "D",
    "key_scale": "minor"
}
}