{
"lowlevel": {
    "average_loudness": 0.943782448769,
    "barkbands_crest": {
        "mean": 7.30096340179,
        "var": 10.4280910492
    },
    "barkbands_flatness_db": {
        "mean": 0.112762965262,
        "var": 0.0012087316718
    },
    "barkbands_kurtosis": {
        "mean": 0.016855802387,
        "var": 9.08240795135
    },
    "barkbands_skewness": {
        "mean": 0.498369067907,
        "var": 0.873124480247
    },
    "barkbands_spread": {
        "mean": 30.5397758484,
        "var": 77.7228546143
    },
    "dissonance": {
        "mean": 0.483466416597,
        "var": 0.000195868531591
    },
    "dynamic_complexity": 1.740457654,
    "erbbands_crest": {
        "mean": 8.50077915192,
        "var": 14.0449113846
    },
    "erbbands_flatness_db": {
        "mean": 0.172866567969,
        "var": 0.00138367700856
    },
    "erbbands_kurtosis": {
        "mean": 1.25697886944,
        "var": 5.05282211304
    },
    "erbbands_skewness": {
        "mean": -0.652338147163,
        "var": 0.538677215576
    },
    "erbbands_spread": {
        "mean": 29.094045639,
        "var": 155.038742065
    },
    "hfc": {
        "mean": 26.3496170044,
        "var": 129.849243164
    },
    "melbands_crest": {
        "mean": 12.1143703461,
        "var": 21.8450012207
    },
    "melbands_flatness_db": {
        "mean": 0.147184804082,
        "var": 0.00136526871938
    },
    "melbands_kurtosis": {
        "mean": 3.48619246483,
        "var": 62.9555053711
    },
    "melbands_skewness": {
        "mean": 1.57760477066,
        "var": 1.16445887089
    },
    "melbands_spread": {
        "mean": 44.1137695313,
        "var": 370.988922119
    },
    "pitch_salience": {
        "mean": 0.582143723965,
        "var": 0.00794934667647
    },
    "silence_rate_20dB": {
        "mean": 1,
        "var": 0
    },
    "silence_rate_30dB": {
        "mean": 0.998456001282,
        "var": 0.00154162035324
    },
    "silence_rate_60dB": {
        "mean": 0.0303654149175,
        "var": 0.0294438637793
    },
    "spectral_centroid": {
        "mean": 1881.15576172,
        "var": 358024.59375
    },
    "spectral_complexity": {
        "mean": 30.3185787201,
        "var": 76.0317382813
    },
    "spectral_decrease": {
        "mean": -5.80430370434e-009,
        "var": 1.27205158087e-017
    },
    "spectral_energy": {
        "mean": 0.024296771735,
        "var": 0.000202134993742
    },
    "spectral_energyband_high": {
        "mean": 0.000563439796679,
        "var": 1.690549567e-007
    },
    "spectral_energyband_low": {
        "mean": 0.00521121826023,
        "var": 2.19845423999e-005
    },
    "spectral_energyband_middle_high": {
        "mean": 0.00905779562891,
        "var": 1.57164213306e-005
    },
    "spectral_energyband_middle_low": {
        "mean": 0.0109834894538,
        "var": 0.000147738130181
    },
    "spectral_entropy": {
        "mean": 7.72612047195,
        "var": 0.0364524684846
    },
    "spectral_flux": {
        "mean": 0.0835019350052,
        "var": 0.000788585632108
    },
    "spectral_kurtosis": {
        "mean": 4.7478761673,
        "var": 3.46470379829
    },
    "spectral_rms": {
        "mean": 0.00467858975753,
        "var": 1.81497648555e-006
    },
    "spectral_rolloff": {
        "mean": 2248.8605957,
        "var": 1053467.375
    },
    "spectral_skewness": {
        "mean": 1.34865689278,
        "var": 0.0686849504709
    },
    "spectral_spread": {
        "mean": 3479456.5,
        "var": 2.88692817101e+012
    },
    "spectral_strongpeak": {
        "mean": 1.43183839321,
        "var": 3.65966510773
    },
    "zerocrossingrate": {
        "mean": 0.07636462152,
        "var": 0.000740682240576
    },
    "barkbands": {
        "mean": [4.31762828157e-006, 0.00101745838765, 0.00275092269294, 0.00241140672006, 0.00318870856427, 0.00119033292867, 0.000911113980692, 0.0022260020487, 0.000882608059328, 0.000519562454429, 0.000485784898046, 0.000590762123466, 0.000820180342998, 0.000674919981975, 0.00116556801368, 0.00167985260487, 0.00133675930556, 0.0011315504089, 0.000590732321143, 0.000246126903221, 0.00017153628869, 0.000144218487549, 5.18173255841e-005, 4.67411482532e-005, 3.91501234844e-005, 1.78427562787e-005, 8.03633042779e-007],
        "var": [2.82060295259e-011, 1.19187939163e-006, 1.09402399175e-005, 9.44073690334e-006, 1.92955740204e-005, 9.41178223002e-006, 6.63209038976e-006, 5.14265811944e-005, 5.26058965988e-006, 7.63344246479e-007, 4.66675288635e-007, 4.81313179534e-007, 7.44697842947e-007, 3.0452054034e-007, 1.26815700696e-006, 3.68056953448e-006, 9.98112000161e-007, 8.65918650561e-007, 1.42804267966e-007, 3.19388213654e-008, 1.15828298064e-008, 1.44852458916e-008, 2.55557930373e-009, 3.81018061546e-009, 2.00803307315e-009, 5.98805394159e-010, 2.3450065674e-012]
    },
    "erbbands": {
        "mean": [0.0159456524998, 0.313707828522, 2.41398191452, 6.78548383713, 8.06595134735, 12.1908798218, 11.1410150528, 9.07561683655, 9.17803096771, 32.1259384155, 43.3157844543, 20.2028923035, 17.0507583618, 16.427324295, 23.3080101013, 25.8217124939, 36.2656669617, 33.9664039612, 71.7478256226, 72.5167541504, 75.1043701172, 74.4582290649, 67.1726531982, 37.1957702637, 26.7047290802, 11.5433931351, 6.6254734993, 7.18909263611, 5.34519577026, 2.66961097717, 1.49939405918, 1.08399355412, 0.690362215042, 0.434689939022, 0.279027342796, 0.0981530621648, 0.0304835364223, 0.00431338138878, 0.000115247297799, 3.384898082e-005],
        "var": [0.000207232966204, 0.108404912055, 8.72925186157, 51.1117477417, 70.4531097412, 572.051574707, 463.303161621, 755.361572266, 367.505249023, 14445.8085938, 21134.1171875, 2011.8729248, 751.530578613, 651.023376465, 820.33416748, 788.887023926, 1385.72167969, 713.432006836, 6432.22607422, 3836.66113281, 6626.61669922, 2575.7890625, 2838.03710938, 584.710510254, 273.987854004, 67.1393127441, 17.8362579346, 20.267824173, 16.6844024658, 9.77054595947, 2.0509018898, 1.72566747665, 0.903355419636, 0.241395413876, 0.117311492562, 0.0162217691541, 0.00203270744532, 4.71934727102e-005, 2.79912182322e-008, 3.33731042801e-010]
    },
    "gfcc": {
        "mean": [18.7946338654, 92.8180007935, -151.455169678, 45.1085853577, -45.9168968201, 9.30606365204, -44.8516540527, 5.30193567276, -25.5593948364, -5.79433584213, -22.5913448334, -6.81152963638, -14.4683237076],
        "cov": [[4795.24853516, -515.112060547, 123.655967712, -164.158126831, 14.7908382416, 87.9119338989, -274.843078613, 170.339309692, -278.186859131, 216.545974731, -274.351074219, 168.884231567, -253.500640869], [-515.112060547, 937.646972656, -447.189849854, 176.949035645, -12.9532823563, -120.36946106, 195.691345215, -78.9496002197, 218.9871521, -197.556930542, 189.810699463, -140.092636108, 186.614364624], [123.655967712, -447.189849854, 575.883422852, -137.26713562, -99.6051483154, 48.8775978088, -136.300811768, 40.5964355469, -155.586929321, 121.081481934, -117.102729797, 80.8126449585, -125.492141724], [-164.158126831, 176.949035645, -137.26713562, 202.200042725, 85.8042221069, 30.2618865967, 43.5916061401, -32.3991317749, 53.8493728638, -63.5848655701, 54.3884353638, -36.790813446, 68.5171813965], [14.7908382416, -12.9532823563, -99.6051483154, 85.8042221069, 247.091186523, 47.1093139648, 36.3839073181, -0.574281871319, 16.5950698853, 2.00924396515, 3.36559414864, 8.04268836975, 8.83074760437], [87.9119338989, -120.36946106, 48.8775978088, 30.2618865967, 47.1093139648, 104.072731018, 8.57733440399, 17.8767757416, -27.0168018341, 22.2312412262, -19.6441402435, 3.33941221237, -19.5101108551], [-274.843078613, 195.691345215, -136.300811768, 43.5916061401, 36.3839073181, 8.57733440399, 127.100708008, 14.3785705566, 68.1028747559, -47.2191467285, 50.737247467, -37.6180839539, 41.0399780273], [170.339309692, -78.9496002197, 40.5964355469, -32.3991317749, -0.574281871319, 17.8767757416, 14.3785705566, 76.0524749756, 9.42982769012, 23.4632892609, -18.8732280731, 14.7103490829, -21.472234726], [-278.186859131, 218.9871521, -155.586929321, 53.8493728638, 16.5950698853, -27.0168018341, 68.1028747559, 9.42982769012, 126.191230774, -30.2892379761, 67.5848693848, -40.1728057861, 60.1793746948], [216.545974731, -197.556930542, 121.081481934, -63.5848655701, 2.00924396515, 22.2312412262, -47.2191467285, 23.4632892609, -30.2892379761, 102.187217712, -25.2310009003, 37.0293273926, -52.7929763794], [-274.351074219, 189.810699463, -117.102729797, 54.3884353638, 3.36559414864, -19.6441402435, 50.737247467, -18.8732280731, 67.5848693848, -25.2310009003, 97.2367935181, -12.1109695435, 57.3325424194], [168.884231567, -140.092636108, 80.8126449585, -36.790813446, 8.04268836975, 3.33941221237, -37.6180839539, 14.7103490829, -40.1728057861, 37.0293273926, -12.1109695435, 77.0121994019, -6.9669585228], [-253.500640869, 186.614364624, -125.492141724, 68.5171813965, 8.83074760437, -19.5101108551, 41.0399780273, -21.472234726, 60.1793746948, -52.7929763794, 57.3325424194, -6.9669585228, 102.374076843]],
        "icov": [[0.000687769090291, -0.00156906805933, 0.00130129803438, -0.000692993693519, 0.000412879046053, -0.00100854993798, 0.00196352903731, -0.00250179111026, 0.00193068757653, -0.00212958478369, 0.0022055269219, -0.00211053085513, 0.00147061515599], [-0.00156906805933, 0.00882810913026, -0.00307496171445, 0.00122133095283, -0.000747421814594, 0.00595243647695, -0.00752194877714, 0.00768394349143, -0.00621481845155, 0.00830611027777, -0.00866788998246, 0.00890618003905, -0.00534161552787], [0.00130129803438, -0.00307496171445, 0.0064925448969, -0.00175755028613, 0.00248219375499, -0.00292577943765, 0.00464745471254, -0.00562945147976, 0.00566315930337, -0.00623290147632, 0.00562079902738, -0.00568371126428, 0.00406915182248], [-0.000692993693519, 0.00122133095283, -0.00175755028613, 0.0125187821686, -0.00409039389342, -0.00470350123942, 0.00212523969822, 0.00375083298422, -0.00359153817408, 0.00770106818527, -0.00654584821314, 0.00546423299238, -0.00496385619044], [0.000412879046053, -0.000747421814594, 0.00248219375499, -0.00409039389342, 0.00707749370486, -0.00192744215019, -0.00169763260055, 0.000405534752645, -0.000253650359809, -0.00357637251727, 0.00493458006531, -0.00574202649295, 0.00310349930078], [-0.00100854993798, 0.00595243647695, -0.00292577943765, -0.00470350123942, -0.00192744215019, 0.0206319596618, -0.00978661328554, 0.000688217929564, 0.00304439105093, -0.00096084253164, -0.0041950722225, 0.00920202210546, -0.00493004079908], [0.00196352903731, -0.00752194877714, 0.00464745471254, 0.00212523969822, -0.00169763260055, -0.00978661328554, 0.0258981846273, -0.0147624639794, 0.00404939008877, -0.000707762315869, 0.000300868618069, -0.00286779156886, 0.0045420541428], [-0.00250179111026, 0.00768394349143, -0.00562945147976, 0.00375083298422, 0.000405534752645, 0.000688217929564, -0.0147624639794, 0.033727042377, -0.0197111461312, 0.00881030596793, -0.000662036822177, -0.00119420106057, -0.000104841936263], [0.00193068757653, -0.00621481845155, 0.00566315930337, -0.00359153817408, -0.000253650359809, 0.00304439105093, 0.00404939008877, -0.0197111461312, 0.0337282493711, -0.0151228364557, -0.0021042667795, 0.00645814184099, -0.00570761598647], [-0.00212958478369, 0.00830611027777, -0.00623290147632, 0.00770106818527, -0.00357637251727, -0.00096084253164, -0.000707762315869, 0.00881030596793, -0.0151228364557, 0.0332234911621, -0.0145937008783, 0.00253643747419, 0.00341637339443], [0.0022055269219, -0.00866788998246, 0.00562079902738, -0.00654584821314, 0.00493458006531, -0.0041950722225, 0.000300868618069, -0.000662036822177, -0.0021042667795, -0.0145937008783, 0.0360232666135, -0.0178000703454, 0.0033739968203], [-0.00211053085513, 0.00890618003905, -0.00568371126428, 0.00546423299238, -0.00574202649295, 0.00920202210546, -0.00286779156886, -0.00119420106057, 0.00645814184099, 0.00253643747419, -0.0178000703454, 0.0390664078295, -0.0187982153147], [0.00147061515599, -0.00534161552787, 0.00406915182248, -0.00496385619044, 0.00310349930078, -0.00493004079908, 0.0045420541428, -0.000104841936263, -0.00570761598647, 0.00341637339443, 0.0033739968203, -0.0187982153147, 0.0303550120443]]
    },
    "melbands": {
        "mean": [0.000217764041736, 0.000991494278423, 0.00119347532745, 0.000734439701773, 0.000429338688264, 0.000204792246222, 0.00014843318786, 0.000389850581996, 0.000330027483869, 0.000117999108625, 8.40513675939e-005, 6.42749510007e-005, 7.05798302079e-005, 7.18187075108e-005, 5.76768397877e-005, 8.91858289833e-005, 5.1620449085e-005, 0.00012579849863, 6.33005111013e-005, 0.000131851367769, 7.67227757024e-005, 7.87123572081e-005, 7.10987733328e-005, 5.1519855333e-005, 2.69647625828e-005, 2.37190652115e-005, 1.27159819385e-005, 6.2427056946e-006, 3.83050883102e-006, 4.21732966061e-006, 4.16553621108e-006, 3.29498266183e-006, 2.2512126634e-006, 1.14316026156e-006, 8.69577092999e-007, 7.18340459116e-007, 6.44199076305e-007, 5.31666159986e-007, 3.74541798465e-007, 3.55986117029e-007],
        "var": [4.51009221081e-008, 1.2707633914e-006, 1.46176091675e-006, 1.03719412436e-006, 5.16518184668e-007, 3.31753739147e-007, 1.06760751351e-007, 2.00736531042e-006, 1.47605521761e-006, 5.76980383471e-008, 1.96144807063e-008, 1.19514078634e-008, 8.82903261612e-009, 7.15335701784e-009, 3.02168623456e-009, 9.34263155727e-009, 2.35903496737e-009, 2.32225705332e-008, 2.17189533025e-009, 2.44542057715e-008, 6.96317936644e-009, 4.09995060124e-009, 4.05457001307e-009, 1.73871217424e-009, 3.8351152809e-010, 2.94094165687e-010, 7.66474383962e-011, 3.01098521116e-011, 7.25161944382e-012, 7.58486676244e-012, 7.85297955136e-012, 5.93814190528e-012, 6.97338541078e-012, 1.99242467143e-012, 7.43789578539e-013, 5.20492340634e-013, 7.94727402376e-013, 6.20856068379e-013, 2.12049697463e-013, 1.67234851184e-013]
    },
    "mfcc": {
        "mean": [-608.990905762, 112.796478271, -34.5113639832, 32.351726532, 12.0215950012, 5.72940778732, -5.1044511795, 4.25656747818, -0.418265610933, -4.76152324677, 0.118669256568, -4.29668664932, -6.7467508316],
        "cov": [[2136.88818359, -108.522758484, 5.44698619843, -42.3607292175, 146.182403564, -7.37762832642, 37.4122390747, 11.9757041931, 15.7207651138, 25.3066158295, 32.5941886902, -10.2011289597, -26.6498184204], [-108.522758484, 494.619110107, -157.901123047, 101.901191711, -83.845123291, -29.5683937073, -17.9705142975, 48.7989654541, 24.6951751709, -5.58411550522, 27.4716777802, 16.088224411, 23.4624786377], [5.44698619843, -157.901123047, 434.591217041, -110.198066711, -41.7772026062, -49.4022254944, -24.5602760315, -73.2252960205, -48.8751220703, -10.3525190353, -35.6614608765, -14.1824502945, -30.1899414063], [-42.3607292175, 101.901191711, -110.198066711, 139.250427246, 49.7068443298, 38.7545547485, 11.4947748184, 36.5261230469, 17.1153373718, -5.53077840805, 3.74799013138, 3.24438619614, 15.3561315536], [146.182403564, -83.845123291, -41.7772026062, 49.7068443298, 144.99597168, 60.324672699, 25.4304580688, 7.95206785202, 9.49833869934, 8.30727291107, -4.05708503723, -1.48736286163, 4.07905387878], [-7.37762832642, -29.5683937073, -49.4022254944, 38.7545547485, 60.324672699, 95.2021560669, 44.2940444946, 10.4077587128, 6.15191221237, 6.73118543625, 3.33763766289, 1.54714417458, 1.89287602901], [37.4122390747, -17.9705142975, -24.5602760315, 11.4947748184, 25.4304580688, 44.2940444946, 73.783744812, 30.4394016266, 10.0139722824, 9.38686943054, 9.61970806122, 5.0844836235, -3.88798093796], [11.9757041931, 48.7989654541, -73.2252960205, 36.5261230469, 7.95206785202, 10.4077587128, 30.4394016266, 81.3459625244, 35.8707771301, 8.12533569336, 7.45539474487, 6.79725170135, 10.0651197433], [15.7207651138, 24.6951751709, -48.8751220703, 17.1153373718, 9.49833869934, 6.15191221237, 10.0139722824, 35.8707771301, 59.6594696045, 26.8848800659, 9.64638614655, 3.18944740295, 5.93184280396], [25.3066158295, -5.58411550522, -10.3525190353, -5.53077840805, 8.30727291107, 6.73118543625, 9.38686943054, 8.12533569336, 26.8848800659, 57.8546257019, 28.3666992188, 6.53465652466, 2.69592380524], [32.5941886902, 27.4716777802, -35.6614608765, 3.74799013138, -4.05708503723, 3.33763766289, 9.61970806122, 7.45539474487, 9.64638614655, 28.3666992188, 56.8560066223, 26.8288993835, 7.44136667252], [-10.2011289597, 16.088224411, -14.1824502945, 3.24438619614, -1.48736286163, 1.54714417458, 5.0844836235, 6.79725170135, 3.18944740295, 6.53465652466, 26.8288993835, 48.2484779358, 19.7670059204], [-26.6498184204, 23.4624786377, -30.1899414063, 15.3561315536, 4.07905387878, 1.89287602901, -3.88798093796, 10.0651197433, 5.93184280396, 2.69592380524, 7.44136667252, 19.7670059204, 47.0432395935]],
        "icov": [[0.000562415225431, -9.41103717196e-005, -1.46677839439e-005, 0.000478449539514, -0.00101276172791, 0.000611405819654, -0.000312354211928, -9.49351378949e-005, -9.4055372756e-005, 0.000246756913839, -0.000669157132506, 0.000369832006982, 0.000205830394407], [-9.41103717196e-005, 0.00360912713222, 0.00070554681588, -0.00325842597522, 0.00315043609589, 0.00068744510645, 0.000439106894191, -0.000373555376427, -0.000311976415105, 0.000236544656218, -0.000833294412587, -0.000138148083352, -0.000305894616758], [-1.46677839439e-005, 0.00070554681588, 0.00365319242701, 0.000977799179964, 0.000613119627815, 0.00138330005575, -0.000702511519194, 0.00166693364736, 0.00147728447337, -0.00146226154175, 0.00269177299924, -0.00128545949701, 0.0011533946963], [0.000478449539514, -0.00325842597522, 0.000977799179964, 0.0146547779441, -0.0060241674073, -0.00345691200346, 0.00234520086087, -0.00378409842961, -9.88768006209e-005, 0.00298629258759, -0.00117864075582, 0.00143827265128, -0.00117172382306], [-0.00101276172791, 0.00315043609589, 0.000613119627815, -0.0060241674073, 0.0144737316296, -0.00569471064955, 0.000458332127891, 0.00103189586662, -0.000473330554087, -0.00240758131258, 0.00294944364578, -0.00121949776076, -0.000750301522203], [0.000611405819654, 0.00068744510645, 0.00138330005575, -0.00345691200346, -0.00569471064955, 0.0216923244298, -0.0121557088569, 0.00475225970149, -0.00010640090477, -0.000924562045839, 0.000566878006794, 0.000316524703521, -0.000537064159289], [-0.000312354211928, 0.000439106894191, -0.000702511519194, 0.00234520086087, 0.000458332127891, -0.0121557088569, 0.025365749374, -0.0111821675673, 0.00284796534106, -0.00106114067603, -0.00241925544105, -0.00165119802114, 0.00410412345082], [-9.49351378949e-005, -0.000373555376427, 0.00166693364736, -0.00378409842961, 0.00103189586662, 0.00475225970149, -0.0111821675673, 0.0244941134006, -0.0120361978188, 0.00272077927366, 0.00143748999108, -0.000892513373401, -0.00249858037569], [-9.4055372756e-005, -0.000311976415105, 0.00147728447337, -9.88768006209e-005, -0.000473330554087, -0.00010640090477, 0.00284796534106, -0.0120361978188, 0.031042220071, -0.0151798231527, 0.00494242832065, -0.00106426910497, 0.000559623294976], [0.000246756913839, 0.000236544656218, -0.00146226154175, 0.00298629258759, -0.00240758131258, -0.000924562045839, -0.00106114067603, 0.00272077927366, -0.0151798231527, 0.0328668616712, -0.0183530580252, 0.00668071350083, -0.00218873983249], [-0.000669157132506, -0.000833294412587, 0.00269177299924, -0.00117864075582, 0.00294944364578, 0.000566878006794, -0.00241925544105, 0.00143748999108, 0.00494242832065, -0.0183530580252, 0.0373465456069, -0.0190726742148, 0.00389778940007], [0.000369832006982, -0.000138148083352, -0.00128545949701, 0.00143827265128, -0.00121949776076, 0.000316524703521, -0.00165119802114, -0.000892513373401, -0.00106426910497, 0.00668071350083, -0.0190726742148, 0.0357798561454, -0.0131345074624], [0.000205830394407, -0.000305894616758, 0.0011533946963, -0.00117172382306, -0.000750301522203, -0.000537064159289, 0.00410412345082, -0.00249858037569, 0.000559623294976, -0.00218873983249, 0.00389778940007, -0.0131345074624, 0.028566589579]]
    },
    "spectral_contrast_coeffs": {
        "mean": [-0.601087987423, -0.759226918221, -0.795835375786, -0.767012417316, -0.761081159115, -0.708813846111],
        "var": [0.00620887521654, 0.00673243124038, 0.0023868563585, 0.00210080575198, 0.00115733058192, 0.00106577959377]
    },
    "spectral_contrast_valleys": {
        "mean": [-7.3786649704, -6.68315172195, -6.96913814545, -6.91201496124, -6.87915420532, -10.3151674271],
        "var": [1.16228079796, 0.958138048649, 0.888193011284, 0.905719518661, 0.875341892242, 0.892318248749]
    }
},
"metadata": {
    "audio_properties": {
        "analysis_sample_rate": 44100,
        "bit_rate": 106635,
        "equal_loudness": 0,
        "length": 45.0873451233,
        "lossless": 0,
        "replay_gain": -7.0657787323,
        "sample_rate": 44100,
        "codec": "mp3",
        "downmix": "mix",
        "md5_encoded": "cbc0368e54de88edfa95b1b39111d53d"
    },
    "tags": {
        "file_name": "962.mp3"
    },
    "version": {
        "essentia": "2.1-beta2",
        "essentia_git_sha": "v2.1_beta2",
        "extractor": "music 1.0"
    }
},
"rhythm": {
    "beats_count": 68,
    "beats_loudness": {
        "mean": 0.0306871328503,
        "var": 0.000423871038947
    },
    "bpm": 91.8664093018,
    "bpm_histogram_first_peak_bpm": {
        "mean": 92,
        "var": 0
    },
    "bpm_histogram_first_peak_spread": {
        "mean": 0.303030282259,
        "var": 0
    },
    "bpm_histogram_first_peak_weight": {
        "mean": 0.686567187309,
        "var": 0
    },
    "bpm_histogram_second_peak_bpm": {
        "mean": 98,
        "var": 0
    },
    "bpm_histogram_second_peak_spread": {
        "mean": 0,
        "var": 0
    },
    "bpm_histogram_second_peak_weight": {
        "mean": 0.0149253727868,
        "var": 0
    },
    "danceability": 1.16992628574,
    "onset_rate": 2.5496199131,
    "beats_loudness_band_ratio": {
        "mean": [0.337666541338, 0.149292036891, 0.152597278357, 0.0870659202337, 0.259784013033, 0.0562691949308],
        "var": [0.0369711667299, 0.00929937511683, 0.0340828225017, 0.00197702110745, 0.0250267721713, 0.00139505718835]
    },
    "beats_position": [0.66176867485, 1.34675729275, 2.02013611794, 2.69351458549, 3.34367346764, 3.99383211136, 4.6439909935, 5.2941493988, 5.94430828094, 6.59446716309, 7.24462556839, 7.8831744194, 8.53333282471, 9.17188167572, 9.81043052673, 10.4489793777, 11.0875282288, 11.7260770798, 12.3646259308, 13.0031747818, 13.6533327103, 14.2918815613, 14.9420404434, 15.6038093567, 16.2539672852, 16.904127121, 17.5658950806, 18.2276649475, 18.8894329071, 19.5512008667, 20.2013607025, 20.8747386932, 21.5365066528, 22.1866664886, 22.825214386, 23.4753742218, 24.1255321503, 24.764081955, 25.3910198212, 26.0179595947, 26.6332874298, 27.2834453583, 27.9452152252, 28.6185932159, 29.291973114, 29.9537410736, 30.6155090332, 31.2772789001, 31.9274368286, 32.5775947571, 33.239364624, 33.901134491, 34.5629005432, 35.2246704102, 35.8748283386, 36.5249862671, 37.1751480103, 37.8253059387, 38.4754638672, 39.1256217957, 39.7757797241, 40.4259414673, 41.0877075195, 41.7378692627, 42.3996353149, 43.0614051819, 43.7231750488, 44.3965530396]
},
"tonal": {
    "chords_changes_rate": 0.0802469104528,
    "chords_number_rate": 0.0144032919779,
    "chords_strength": {
        "mean": 0.518998622894,
        "var": 0.00754377432168
    },
    "hpcp_entropy": {
        "mean": 2.32392048836,
        "var": 0.662508368492
    },
    "key_strength": 0.450529664755,
    "tuning_diatonic_strength": 0.350696474314,
    "tuning_equal_tempered_deviation": 0.111800223589,
    "tuning_frequency": 456.570251465,
    "tuning_nontempered_energy_ratio": 0.8049274683,
    "hpcp": {
        "mean": [0.132555603981, 0.186558514833, 0.233335345984, 0.196501806378, 0.140965983272, 0.183172956109, 0.254022806883, 0.244007572532, 0.22635962069, 0.222362726927, 0.240673616529, 0.288399666548, 0.291652709246, 0.22889059782, 0.199579656124, 0.191435471177, 0.143944129348, 0.126199826598, 0.128644406796, 0.123624272645, 0.157682165504, 0.229324057698, 0.218639627099, 0.186417222023, 0.172147914767, 0.12350577116, 0.112046077847, 0.140989214182, 0.143146246672, 0.127034023404, 0.130871355534, 0.150173768401, 0.233681619167, 0.280112683773, 0.183647245169, 0.114885829389],
        "var": [0.0415307357907, 0.063767850399, 0.0846346542239, 0.0570547133684, 0.0354089178145, 0.0509181730449, 0.0919505208731, 0.0737907364964, 0.0775659456849, 0.0818762630224, 0.0833417251706, 0.101164959371, 0.0760448947549, 0.0564149282873, 0.0638886094093, 0.064765445888, 0.0426107756793, 0.0339660048485, 0.0297789238393, 0.022092256695, 0.0275354273617, 0.0547983683646, 0.052820507437, 0.0560882091522, 0.0455930754542, 0.0236987024546, 0.0192441791296, 0.0347229391336, 0.0408623144031, 0.0341102406383, 0.0326689518988, 0.0387737005949, 0.062190938741, 0.0761417672038, 0.0385578721762, 0.0312191266567]
    },
    "chords_histogram": [2.88065838814, 8.12757205963, 0, 5.45267486572, 0.720164597034, 9.25925922394, 4.01234579086, 26.3374481201, 6.99588489532, 0.308641970158, 0, 0, 2.98353910446, 1.44032919407, 6.17283964157, 1.23456788063, 3.18930029869, 6.89300394058, 0, 0, 0, 0, 0, 13.9917697906],
    "thpcp": [1, 0.784805297852, 0.684305846691, 0.656381607056, 0.493546336889, 0.432705819607, 0.441087633371, 0.423874944448, 0.540650427341, 0.786291539669, 0.749657452106, 0.639175355434, 0.590249657631, 0.423468619585, 0.384176373482, 0.48341473937, 0.490810632706, 0.435566067696, 0.448723256588, 0.514906108379, 0.801232457161, 0.960432291031, 0.629677832127, 0.393913120031, 0.454498112202, 0.639659821987, 0.800045192242, 0.673752725124, 0.483335077763, 0.628051638603, 0.870977044106, 0.836637437344, 0.776127278805, 0.762422978878, 0.825206160545, 0.988846182823],
    "chords_key": "C#",
    "chords_scale": "minor",
    "key_key": "C",
    "key_scale": "major"
}
}