{
"lowlevel": {
    "average_loudness": 0.941726505756,
    "barkbands_crest": {
        "mean": 6.21420049667,
        "var": 7.175303936
    },
    "barkbands_flatness_db": {
        "mean": 0.124259389937,
        "var": 0.00068590848241
    },
    "barkbands_kurtosis": {
        "mean": -0.501028418541,
        "var": 1.08609867096
    },
    "barkbands_skewness": {
        "mean": 0.399363577366,
        "var": 0.27880269289
    },
    "barkbands_spread": {
        "mean": 23.8314151764,
        "var": 39.5729751587
    },
    "dissonance": {
        "mean": 0.479885697365,
        "var": 0.000241698027821
    },
    "dynamic_complexity": 2.12217521667,
    "erbbands_crest": {
        "mean": 7.29615116119,
        "var": 10.9280233383
    },
    "erbbands_flatness_db": {
        "mean": 0.20471470058,
        "var": 0.00113786500879
    },
    "erbbands_kurtosis": {
        "mean": -0.282151550055,
        "var": 0.766315221786
    },
    "erbbands_skewness": {
        "mean": -0.218678474426,
        "var": 0.213659241796
    },
    "erbbands_spread": {
        "mean": 28.4914188385,
        "var": 65.5287017822
    },
    "hfc": {
        "mean": 21.3761882782,
        "var": 245.171203613
    },
    "melbands_crest": {
        "mean": 9.03225326538,
        "var": 15.0553121567
    },
    "melbands_flatness_db": {
        "mean": 0.149738609791,
        "var": 0.00084775488358
    },
    "melbands_kurtosis": {
        "mean": 1.36475670338,
        "var": 5.99954271317
    },
    "melbands_skewness": {
        "mean": 1.13729572296,
        "var": 0.414075404406
    },
    "melbands_spread": {
        "mean": 37.2168159485,
        "var": 128.241348267
    },
    "pitch_salience": {
        "mean": 0.655544281006,
        "var": 0.00590949552134
    },
    "silence_rate_20dB": {
        "mean": 1,
        "var": 0
    },
    "silence_rate_30dB": {
        "mean": 0.999485313892,
        "var": 0.000514386571012
    },
    "silence_rate_60dB": {
        "mean": 0.00257334019989,
        "var": 0.0025667718146
    },
    "spectral_centroid": {
        "mean": 1934.88049316,
        "var": 237379.25
    },
    "spectral_complexity": {
        "mean": 29.189912796,
        "var": 42.5583152771
    },
    "spectral_decrease": {
        "mean": -4.26890744976e-009,
        "var": 1.18905616596e-017
    },
    "spectral_energy": {
        "mean": 0.018050711602,
        "var": 0.0002035429643
    },
    "spectral_energyband_high": {
        "mean": 0.000452324078651,
        "var": 7.13537673391e-008
    },
    "spectral_energyband_low": {
        "mean": 0.00135438144207,
        "var": 5.55779934075e-006
    },
    "spectral_energyband_middle_high": {
        "mean": 0.00874574109912,
        "var": 5.76798338443e-005
    },
    "spectral_energyband_middle_low": {
        "mean": 0.00830328278244,
        "var": 8.82556123543e-005
    },
    "spectral_entropy": {
        "mean": 7.63513946533,
        "var": 0.0306435581297
    },
    "spectral_flux": {
        "mean": 0.0814180523157,
        "var": 0.00141166197136
    },
    "spectral_kurtosis": {
        "mean": 4.38800954819,
        "var": 5.10852098465
    },
    "spectral_rms": {
        "mean": 0.00396266998723,
        "var": 1.90770697372e-006
    },
    "spectral_rolloff": {
        "mean": 2331.11694336,
        "var": 823315.25
    },
    "spectral_skewness": {
        "mean": 1.06919741631,
        "var": 0.110406495631
    },
    "spectral_spread": {
        "mean": 2819465.5,
        "var": 2.56333001523e+012
    },
    "spectral_strongpeak": {
        "mean": 1.18780183792,
        "var": 2.02911567688
    },
    "zerocrossingrate": {
        "mean": 0.0731157809496,
        "var": 0.000534201739356
    },
    "barkbands": {
        "mean": [3.39556413564e-006, 0.00016918547044, 0.000542416586541, 0.00137454399373, 0.0018209728878, 0.000876025587786, 0.000982771045528, 0.000996317947283, 0.0019349984359, 0.00125733739696, 0.000802368507721, 0.000949144887272, 0.000805528310593, 0.00101515511051, 0.000609950860962, 0.00143727881368, 0.000837802188471, 0.000568924704567, 0.000411098590121, 0.000335240009008, 0.000243966685957, 3.71752685169e-005, 1.4500224097e-005, 1.41477130455e-005, 7.93953222455e-006, 2.49332492785e-006, 5.95503664158e-008],
        "var": [7.78837133675e-011, 7.05179914462e-008, 1.03054139799e-006, 5.52543951926e-006, 1.59830888151e-005, 1.06003801648e-006, 1.09980351226e-006, 4.92637309435e-006, 2.82255405182e-005, 3.16100522468e-006, 3.80987148674e-006, 3.63076219401e-006, 1.96941778086e-006, 5.3149260566e-006, 1.21602988656e-006, 2.5432059374e-006, 1.70586986314e-006, 2.76377761566e-007, 6.91546944154e-008, 3.30213829614e-008, 2.00745855494e-008, 2.14651385555e-009, 7.45003503333e-010, 9.67528390738e-010, 8.23820234253e-010, 1.0823344998e-010, 3.39339863988e-014]
    },
    "erbbands": {
        "mean": [0.00197550328448, 0.0548592470586, 0.494992047548, 2.84231376648, 5.31695699692, 6.63892316818, 5.93595218658, 7.76502609253, 10.9283323288, 17.8470115662, 30.8434772491, 44.7789878845, 34.548248291, 35.6109275818, 39.1949005127, 36.1306686401, 40.3402099609, 48.6095161438, 40.8003540039, 43.2147064209, 83.4422073364, 45.717540741, 31.4843654633, 28.1663169861, 17.0427379608, 15.0224027634, 14.1288604736, 5.52004480362, 1.55141103268, 0.512976586819, 0.392765313387, 0.35780107975, 0.193073123693, 0.105783887208, 0.0489427223802, 0.0170400943607, 0.00324146146886, 0.00039925382589, 2.06796612474e-005, 2.30617733905e-005],
        "var": [4.90584488944e-006, 0.00664391927421, 0.589234173298, 27.6921730042, 65.162322998, 361.609619141, 94.6414871216, 109.212471008, 134.657608032, 451.732177734, 6752.98828125, 13934.8369141, 5324.05371094, 1182.83239746, 7310.41162109, 3132.42211914, 5002.54638672, 12637.453125, 4810.2734375, 3149.6940918, 9124.14746094, 4688.10302734, 1006.32415771, 361.956298828, 81.9992599487, 66.6949081421, 57.4476470947, 19.0927715302, 3.09048199654, 0.784567475319, 0.595742881298, 0.634594559669, 0.181185305119, 0.112380437553, 0.0401375815272, 0.00526698399335, 0.000199663598323, 1.51971835294e-006, 1.10480169457e-009, 3.07597974869e-010]
    },
    "gfcc": {
        "mean": [-14.1720304489, 112.410140991, -179.921844482, 26.7377815247, -57.142868042, -12.2442464828, -33.0062942505, 0.745411932468, -31.4840908051, -5.05355787277, -21.3081550598, -12.0957889557, -5.93617105484],
        "cov": [[3660.04101563, -63.0578384399, -216.601501465, 5.62132740021, -163.084823608, 189.560089111, -282.216369629, 56.1953697205, -71.4281234741, -42.571018219, -139.162872314, -27.4746456146, -89.0357894897], [-63.0578384399, 555.860778809, -193.760787964, 72.3671035767, 121.78918457, -158.821380615, 186.326568604, -100.059020996, 44.1792678833, -41.4208259583, 30.2721252441, -58.771194458, 42.0214920044], [-216.601501465, -193.760787964, 452.328857422, 72.0107879639, -25.8879089355, 119.425712585, -109.371444702, 87.6537780762, -70.9173202515, 8.07866954803, -21.7833538055, 18.9844322205, -50.3502120972], [5.62132740021, 72.3671035767, 72.0107879639, 144.609588623, 42.5459251404, 3.13370251656, 8.05563163757, -0.441694706678, -10.7655296326, -5.68267583847, -0.845596790314, -12.7628326416, 6.72669696808], [-163.084823608, 121.78918457, -25.8879089355, 42.5459251404, 136.571182251, -7.86224508286, 63.7817649841, -30.6455860138, 21.1405925751, -11.5834274292, -13.2071580887, -18.0632133484, 0.891229212284], [189.560089111, -158.821380615, 119.425712585, 3.13370251656, -7.86224508286, 162.29234314, -55.0409736633, 45.8348007202, -27.2201290131, -9.95065021515, -10.5722618103, 5.06144618988, -28.928647995], [-282.216369629, 186.326568604, -109.371444702, 8.05563163757, 63.7817649841, -55.0409736633, 153.765426636, -25.9214267731, 23.2077579498, -9.92471885681, 19.6015949249, -15.1904344559, 16.6514606476], [56.1953697205, -100.059020996, 87.6537780762, -0.441694706678, -30.6455860138, 45.8348007202, -25.9214267731, 80.2072677612, -3.56009078026, 13.4768505096, -8.62132930756, 3.72488880157, -12.416062355], [-71.4281234741, 44.1792678833, -70.9173202515, -10.7655296326, 21.1405925751, -27.2201290131, 23.2077579498, -3.56009078026, 80.0165557861, 10.2131881714, 4.56108236313, -11.3092832565, 8.56243038177], [-42.571018219, -41.4208259583, 8.07866954803, -5.68267583847, -11.5834274292, -9.95065021515, -9.92471885681, 13.4768505096, 10.2131881714, 53.1550865173, 16.22315979, 14.5673027039, -1.81049513817], [-139.162872314, 30.2721252441, -21.7833538055, -0.845596790314, -13.2071580887, -10.5722618103, 19.6015949249, -8.62132930756, 4.56108236313, 16.22315979, 56.582233429, 17.2876911163, 11.8167667389], [-27.4746456146, -58.771194458, 18.9844322205, -12.7628326416, -18.0632133484, 5.06144618988, -15.1904344559, 3.72488880157, -11.3092832565, 14.5673027039, 17.2876911163, 54.7763633728, 13.4749450684], [-89.0357894897, 42.0214920044, -50.3502120972, 6.72669696808, 0.891229212284, -28.928647995, 16.6514606476, -12.416062355, 8.56243038177, -1.81049513817, 11.8167667389, 13.4749450684, 52.2363853455]],
        "icov": [[0.00108739559073, -0.00235639908351, 0.00246904464439, -0.00103356747422, 0.00174852542114, -0.002621532185, 0.00340207014233, -0.00197296962142, 0.0011447010329, -0.000975628441665, 0.00368380011059, -0.00254564755596, 0.00282883923501], [-0.00235639908351, 0.0112971477211, -0.00546125788242, 0.000451662228443, -0.00573209859431, 0.00943513121456, -0.0109917512164, 0.00665656337515, -0.00275860284455, 0.00563822267577, -0.0116298263893, 0.0100812092423, -0.00733966892585], [0.00246904464439, -0.00546125788242, 0.0103947315365, -0.00463211070746, 0.00302751339041, -0.00665187975392, 0.00998882297426, -0.00847816839814, 0.00516065675765, -0.00197911611758, 0.00814605969936, -0.0076598841697, 0.00950147490948], [-0.00103356747422, 0.000451662228443, -0.00463211070746, 0.0111581739038, -0.00457346811891, 0.00218807882629, -0.00177127693314, 0.00119671574794, 0.000366828317055, -6.28781490377e-005, -0.00448232889175, 0.0049222712405, -0.00620597880334], [0.00174852542114, -0.00573209859431, 0.00302751339041, -0.00457346811891, 0.0170240476727, -0.00827998574823, 0.000121972771012, 0.0027883304283, -0.00208101677708, -0.00438324967399, 0.0133752068505, -0.0060184490867, 0.00556260114536], [-0.002621532185, 0.00943513121456, -0.00665187975392, 0.00218807882629, -0.00827998574823, 0.0187575109303, -0.00704974867404, 0.000662370875943, -0.00127431750298, 0.00888524949551, -0.0139057505876, 0.00795771647245, -0.00420817686245], [0.00340207014233, -0.0109917512164, 0.00998882297426, -0.00177127693314, 0.000121972771012, -0.00704974867404, 0.0250687487423, -0.0117164272815, 0.00506467185915, -0.00161320506595, 0.00699486304075, -0.00860763341188, 0.00956694409251], [-0.00197296962142, 0.00665656337515, -0.00847816839814, 0.00119671574794, 0.0027883304283, 0.000662370875943, -0.0117164272815, 0.027043286711, -0.00635772151873, -0.00370297813788, -0.00183313898742, 0.00713032949716, -0.0070727262646], [0.0011447010329, -0.00275860284455, 0.00516065675765, 0.000366828317055, -0.00208101677708, -0.00127431750298, 0.00506467185915, -0.00635772151873, 0.0185399930924, -0.00458614900708, 0.00199132459238, 0.00127273227554, 0.00132473395206], [-0.000975628441665, 0.00563822267577, -0.00197911611758, -6.28781490377e-005, -0.00438324967399, 0.00888524949551, -0.00161320506595, -0.00370297813788, -0.00458614900708, 0.0294731874019, -0.0136348577216, -0.00112560181879, 0.00167946587317], [0.00368380011059, -0.0116298263893, 0.00814605969936, -0.00448232889175, 0.0133752068505, -0.0139057505876, 0.00699486304075, -0.00183313898742, 0.00199132459238, -0.0136348577216, 0.0413545630872, -0.0176904518157, 0.00787830166519], [-0.00254564755596, 0.0100812092423, -0.0076598841697, 0.0049222712405, -0.0060184490867, 0.00795771647245, -0.00860763341188, 0.00713032949716, 0.00127273227554, -0.00112560181879, -0.0176904518157, 0.0363683626056, -0.0171449817717], [0.00282883923501, -0.00733966892585, 0.00950147490948, -0.00620597880334, 0.00556260114536, -0.00420817686245, 0.00956694409251, -0.0070727262646, 0.00132473395206, 0.00167946587317, 0.00787830166519, -0.0171449817717, 0.0351527892053]]
    },
    "melbands": {
        "mean": [3.1859781302e-005, 0.000190767721506, 0.000576078076847, 0.000433860928752, 0.000233432263485, 0.000171816616785, 0.000177183625055, 0.000192899358808, 0.000291460339213, 0.000263562891632, 0.000171114836121, 0.000148275124957, 0.000129005624331, 0.000110897839477, 8.53538731462e-005, 8.06669559097e-005, 9.50694957282e-005, 6.97613140801e-005, 4.53793327324e-005, 7.54273423809e-005, 0.000101958452433, 4.6735869546e-005, 3.45718217432e-005, 2.67059385806e-005, 2.26486645261e-005, 1.39687972478e-005, 1.24115558719e-005, 8.70597432368e-006, 9.58125383477e-006, 5.39606389793e-006, 2.72662327916e-006, 9.78532170848e-007, 3.18946263178e-007, 2.53370302516e-007, 2.17149803916e-007, 2.58982055357e-007, 1.96614351466e-007, 1.36911140203e-007, 1.161547587e-007, 7.86847920153e-008],
        "var": [1.99971061932e-009, 8.61612008407e-008, 8.71896304488e-007, 7.57134557716e-007, 2.40506011551e-007, 4.77085784212e-008, 3.60159262414e-008, 5.46077529862e-008, 7.29455734927e-007, 4.83132168938e-007, 1.32730505698e-007, 2.04178309815e-008, 9.56070991265e-008, 5.50407968092e-008, 2.00854568533e-008, 2.28117009726e-008, 6.16572464196e-008, 1.67871121448e-008, 6.39461195107e-009, 7.87815768177e-009, 1.41207685544e-008, 5.23735366187e-009, 3.27577276416e-009, 5.18051324061e-010, 2.70723554685e-010, 8.58698875894e-011, 5.69806424267e-011, 2.53721557653e-011, 2.77272545202e-011, 1.27126694588e-011, 8.46111115199e-012, 1.54559633321e-012, 3.97196950894e-013, 2.12373616414e-013, 1.98328360028e-013, 2.98304431287e-013, 2.16977030418e-013, 8.67071442857e-014, 9.30488054229e-014, 8.00757639992e-014]
    },
    "mfcc": {
        "mean": [-635.288757324, 136.42364502, -60.5544891357, 30.8564224243, -14.9985637665, -8.74035072327, -0.424312263727, -8.18367481232, 1.1789598465, -4.33998441696, -13.3690481186, 1.88938939571, -9.51285362244],
        "cov": [[1485.30725098, -110.499984741, 77.3358078003, -185.989227295, 139.442962646, 40.8897171021, -97.7643127441, 43.8705596924, 2.03480792046, 9.79263210297, 13.2629470825, -48.1532325745, -63.3573417664], [-110.499984741, 469.93347168, -226.288833618, 182.783355713, -90.5978469849, 30.8239192963, 39.5896148682, -14.1933736801, 37.7032699585, -20.9901981354, 15.754986763, 22.298992157, -17.4784812927], [77.3358078003, -226.288833618, 428.097320557, -64.0109786987, 122.45275116, -29.5446338654, 26.5561637878, 32.6723098755, -45.7142028809, 27.5183544159, -34.2641677856, -13.1515932083, 35.0811729431], [-185.989227295, 182.783355713, -64.0109786987, 216.334213257, -19.4130954742, 15.8833284378, 30.9130363464, -18.0105705261, 26.9722061157, -6.41273260117, -13.7749767303, 15.7321004868, 15.6538696289], [139.442962646, -90.5978469849, 122.45275116, -19.4130954742, 136.392807007, 29.5100803375, -1.34019052982, 16.864648819, 3.62590026855, 15.0387096405, -5.89493322372, -13.2958621979, -3.12252902985], [40.8897171021, 30.8239192963, -29.5446338654, 15.8833284378, 29.5100803375, 82.8679885864, 22.1870098114, 17.5845451355, 3.7938747406, -7.23349714279, 11.3012285233, -2.73838925362, -8.2932806015], [-97.7643127441, 39.5896148682, 26.5561637878, 30.9130363464, -1.34019052982, 22.1870098114, 98.2085494995, 22.2439022064, -0.193767055869, -1.37709951401, -5.71794605255, 6.76946640015, 11.7124357224], [43.8705596924, -14.1933736801, 32.6723098755, -18.0105705261, 16.864648819, 17.5845451355, 22.2439022064, 61.6378173828, 10.1350688934, 8.83355045319, -0.429930716753, -0.809603691101, -3.57815170288], [2.03480792046, 37.7032699585, -45.7142028809, 26.9722061157, 3.62590026855, 3.7938747406, -0.193767055869, 10.1350688934, 61.493850708, 15.2142343521, 5.53755760193, -2.54231548309, -9.55586528778], [9.79263210297, -20.9901981354, 27.5183544159, -6.41273260117, 15.0387096405, -7.23349714279, -1.37709951401, 8.83355045319, 15.2142343521, 55.5578842163, 11.0289812088, 0.869123876095, -3.59304189682], [13.2629470825, 15.754986763, -34.2641677856, -13.7749767303, -5.89493322372, 11.3012285233, -5.71794605255, -0.429930716753, 5.53755760193, 11.0289812088, 53.0102920532, 12.253162384, -6.699903965], [-48.1532325745, 22.298992157, -13.1515932083, 15.7321004868, -13.2958621979, -2.73838925362, 6.76946640015, -0.809603691101, -2.54231548309, 0.869123876095, 12.253162384, 51.1573028564, 18.1489677429], [-63.3573417664, -17.4784812927, 35.0811729431, 15.6538696289, -3.12252902985, -8.2932806015, 11.7124357224, -3.57815170288, -9.55586528778, -3.59304189682, -6.699903965, 18.1489677429, 57.5206680298]],
        "icov": [[0.000944390136283, -0.000374094670406, -5.92424912611e-005, 0.000848231313284, -0.000882688676938, -0.000304490007693, 0.000954229559284, -0.000483160518343, -4.04151141993e-005, 0.00013181916438, 8.65261608851e-005, 0.000247435847996, 0.000349186855601], [-0.000374094670406, 0.00476063136011, 0.00132973538712, -0.0036768137943, 0.00173871032894, -0.000181510666152, -0.00158295885194, -0.000253816629993, -0.000193107800442, 0.000681823410559, -0.00111368042417, -0.000660357123706, 0.00168806058355], [-5.92424912611e-005, 0.00132973538712, 0.00569450156763, -0.000483533978695, -0.00458244979382, 0.00368595705368, -0.00211751880124, -0.00236135045998, 0.00413037603721, -0.00181706156582, 0.00111165759154, 0.000913536408916, -0.00202173669823], [0.000848231313284, -0.0036768137943, -0.000483533978695, 0.00949446577579, -0.00138214463368, -0.00180241593625, -0.000272314995527, 0.00305299740285, -0.00321873999201, -0.000539634667803, 0.00370262330398, -0.00123255781364, -0.00230970373377], [-0.000882688676938, 0.00173871032894, -0.00458244979382, -0.00138214463368, 0.0150927882642, -0.00753143103793, 0.00149047269952, 0.00147309352178, -0.0039998604916, -0.00128471606877, 0.000695175200235, 0.000110477914859, 0.00154995603953], [-0.000304490007693, -0.000181510666152, 0.00368595705368, -0.00180241593625, -0.00753143103793, 0.0198947098106, -0.00448236195371, -0.00534414313734, 0.00351467216387, 0.00335520878434, -0.00505238352343, 0.00208224891685, 0.000439761613961], [0.000954229559284, -0.00158295885194, -0.00211751880124, -0.000272314995527, 0.00149047269952, -0.00448236195371, 0.0148030649871, -0.00457058940083, 8.8258238975e-005, -3.72631548089e-005, 0.00139115483034, -0.000520377419889, -0.00158971874043], [-0.000483160518343, -0.000253816629993, -0.00236135045998, 0.00305299740285, 0.00147309352178, -0.00534414313734, -0.00457058940083, 0.0227678827941, -0.00601588422433, -0.00197307416238, 0.00217445450835, -0.00213232799433, 0.00145983125549], [-4.04151141993e-005, -0.000193107800442, 0.00413037603721, -0.00321873999201, -0.0039998604916, 0.00351467216387, 8.8258238975e-005, -0.00601588422433, 0.0237428732216, -0.006280799862, -0.000941295002121, 0.00234922138043, 0.000852293218486], [0.00013181916438, 0.000681823410559, -0.00181706156582, -0.000539634667803, -0.00128471606877, 0.00335520878434, -3.72631548089e-005, -0.00197307416238, -0.006280799862, 0.0232553109527, -0.0062826834619, -0.000471982697491, 0.00173264730256], [8.65261608851e-005, -0.00111368042417, 0.00111165759154, 0.00370262330398, 0.000695175200235, -0.00505238352343, 0.00139115483034, 0.00217445450835, -0.000941295002121, -0.0062826834619, 0.0255074575543, -0.00726582854986, 0.00194730970543], [0.000247435847996, -0.000660357123706, 0.000913536408916, -0.00123255781364, 0.000110477914859, 0.00208224891685, -0.000520377419889, -0.00213232799433, 0.00234922138043, -0.000471982697491, -0.00726582854986, 0.0257287845016, -0.00847379397601], [0.000349186855601, 0.00168806058355, -0.00202173669823, -0.00230970373377, 0.00154995603953, 0.000439761613961, -0.00158971874043, 0.00145983125549, 0.000852293218486, 0.00173264730256, 0.00194730970543, -0.00847379397601, 0.0238565746695]]
    },
    "spectral_contrast_coeffs": {
        "mean": [-0.589003026485, -0.770868301392, -0.76350581646, -0.770215690136, -0.780747830868, -0.669744491577],
        "var": [0.00471761915833, 0.00341331493109, 0.00364338280633, 0.00206793076359, 0.00122207158711, 0.00221641594544]
    },
    "spectral_contrast_valleys": {
        "mean": [-8.14356708527, -6.40196609497, -6.81364631653, -7.07444572449, -6.85855770111, -11.3238716125],
        "var": [1.0208003521, 0.924548745155, 0.881405651569, 0.843727111816, 0.802958905697, 0.998664200306]
    }
},
"metadata": {
    "audio_properties": {
        "analysis_sample_rate": 44100,
        "bit_rate": 117537,
        "equal_loudness": 0,
        "length": 45.0873451233,
        "lossless": 0,
        "replay_gain": -14.0330867767,
        "sample_rate": 44100,
        "codec": "mp3",
        "downmix": "mix",
        "md5_encoded": "fe99f0fae9663c49e268cf70951cde00"
    },
    "tags": {
        "file_name": "964.mp3"
    },
    "version": {
        "essentia": "2.1-beta2",
        "essentia_git_sha": "v2.1_beta2",
        "extractor": "music 1.0"
    }
},
"rhythm": {
    "beats_count": 76,
    "beats_loudness": {
        "mean": 0.0217997822911,
        "var": 0.000148172606714
    },
    "bpm": 102.658866882,
    "bpm_histogram_first_peak_bpm": {
        "mean": 101,
        "var": 0
    },
    "bpm_histogram_first_peak_spread": {
        "mean": 0.578125,
        "var": 0
    },
    "bpm_histogram_first_peak_weight": {
        "mean": 0.360000014305,
        "var": 0
    },
    "bpm_histogram_second_peak_bpm": {
        "mean": 108,
        "var": 0
    },
    "bpm_histogram_second_peak_spread": {
        "mean": 0,
        "var": 0
    },
    "bpm_histogram_second_peak_weight": {
        "mean": 0.0799999982119,
        "var": 0
    },
    "danceability": 1.32088112831,
    "onset_rate": 3.59163856506,
    "beats_loudness_band_ratio": {
        "mean": [0.20159034431, 0.155355527997, 0.212413355708, 0.207202464342, 0.218220353127, 0.0644841715693],
        "var": [0.0179599523544, 0.00711202761158, 0.0125094121322, 0.0105763301253, 0.0114657310769, 0.000713180052117]
    },
    "beats_position": [0.603718817234, 1.23065757751, 1.8575963974, 2.48453521729, 3.12308382988, 3.73841261864, 4.3653512001, 4.96907043457, 5.5727891922, 6.1648979187, 6.7570066452, 7.3491153717, 7.94122457504, 8.54494285583, 9.14866161346, 9.74077033997, 10.3328800201, 10.9249887466, 11.5170974731, 12.1092061996, 12.7013149261, 13.2934236526, 13.8855323792, 14.4776411057, 15.0697498322, 15.6618595123, 16.2539672852, 16.8460769653, 17.4381847382, 18.0302944183, 18.6224040985, 19.2145118713, 19.8066215515, 20.3987293243, 20.9792289734, 21.5713367462, 22.1518363953, 22.7323360443, 23.3012237549, 23.8701133728, 24.4506111145, 25.0311107635, 25.6116104126, 26.1804981232, 26.7493877411, 27.3298854828, 27.8987751007, 28.4676647186, 29.0365524292, 29.6170520782, 30.1975498199, 30.7896595001, 31.3701572418, 31.9390468597, 32.5079345703, 33.0768241882, 33.6457138062, 34.2029914856, 34.7718811035, 35.3407707214, 35.8980484009, 36.455329895, 37.0126075745, 37.5698852539, 38.1271629333, 38.6960525513, 39.2649421692, 39.8454399109, 40.4259414673, 41.006439209, 41.5985488892, 42.1906585693, 42.771156311, 43.3516540527, 43.9321517944, 44.5126533508]
},
"tonal": {
    "chords_changes_rate": 0.0390946492553,
    "chords_number_rate": 0.00617283955216,
    "chords_strength": {
        "mean": 0.583366990089,
        "var": 0.0121778938919
    },
    "hpcp_entropy": {
        "mean": 2.50968265533,
        "var": 0.550589799881
    },
    "key_strength": 0.782058656216,
    "tuning_diatonic_strength": 0.655354201794,
    "tuning_equal_tempered_deviation": 0.0672295764089,
    "tuning_frequency": 444.598632813,
    "tuning_nontempered_energy_ratio": 0.753663122654,
    "hpcp": {
        "mean": [0.337271392345, 0.225210383534, 0.14601354301, 0.152169719338, 0.175682589412, 0.292403429747, 0.36846318841, 0.265572726727, 0.178751245141, 0.163950935006, 0.190100938082, 0.324252277613, 0.374800533056, 0.280948519707, 0.263933867216, 0.251093536615, 0.191412031651, 0.191170915961, 0.221988767385, 0.249119356275, 0.388114541769, 0.452134490013, 0.294743090868, 0.187843367457, 0.156070634723, 0.13934481144, 0.168412044644, 0.198801577091, 0.201316267252, 0.227839007974, 0.228122130036, 0.169580817223, 0.221732750535, 0.288166463375, 0.227847203612, 0.275174915791],
        "var": [0.0934371873736, 0.048301897943, 0.0289958547801, 0.0350492373109, 0.0366515181959, 0.0635744854808, 0.0870575979352, 0.0506902895868, 0.0362640433013, 0.0288255959749, 0.0318890810013, 0.0674709379673, 0.0975463613868, 0.0395467169583, 0.0599432475865, 0.0625039711595, 0.0463852919638, 0.0429733321071, 0.0561231970787, 0.0635606795549, 0.0973548442125, 0.114117711782, 0.0554350465536, 0.0413923673332, 0.0319651663303, 0.0267034061253, 0.0342379622161, 0.0465128794312, 0.0462506376207, 0.051036529243, 0.0594581887126, 0.0346703790128, 0.0406264811754, 0.073534026742, 0.036936532706, 0.0636633560061]
    },
    "chords_histogram": [48.3539085388, 2.88065838814, 22.0164604187, 0, 18.0041160583, 0.925925910473, 0.102880656719, 0, 0, 0, 0, 0, 0, 0, 0, 0, 0, 0, 0, 6.58436203003, 1.02880656719, 0.102880656719, 0, 0],
    "thpcp": [1, 0.651892542839, 0.415459066629, 0.345186293125, 0.308193266392, 0.372482180595, 0.4396956563, 0.445257484913, 0.503918647766, 0.504544854164, 0.375067204237, 0.490413248539, 0.637346804142, 0.503936767578, 0.608612954617, 0.745953679085, 0.498104840517, 0.322942733765, 0.336558520794, 0.388562679291, 0.646717786789, 0.814941585064, 0.58737552166, 0.39534971118, 0.362615406513, 0.420452207327, 0.717158913612, 0.82895809412, 0.621382653713, 0.583750784397, 0.555351436138, 0.423351973295, 0.422818690538, 0.490979492664, 0.550985097885, 0.858405053616],
    "chords_key": "A",
    "chords_scale": "major",
    "key_key": "A",
    "key_scale": "major"
}
}