{
"lowlevel": {
    "average_loudness": 0.952147960663,
    "barkbands_crest": {
        "mean": 13.5696964264,
        "var": 20.4163990021
    },
    "barkbands_flatness_db": {
        "mean": 0.327343344688,
        "var": 0.00511058419943
    },
    "barkbands_kurtosis": {
        "mean": 16.5490608215,
        "var": 479.220397949
    },
    "barkbands_skewness": {
        "mean": 2.72022128105,
        "var": 3.08842277527
    },
    "barkbands_spread": {
        "mean": 4.52839040756,
        "var": 38.3425750732
    },
    "dissonance": {
        "mean": 0.40382450819,
        "var": 0.00251289457083
    },
    "dynamic_complexity": 3.28156852722,
    "erbbands_crest": {
        "mean": 12.4745321274,
        "var": 19.1317691803
    },
    "erbbands_flatness_db": {
        "mean": 0.335446953773,
        "var": 0.00285469810478
    },
    "erbbands_kurtosis": {
        "mean": 5.24585199356,
        "var": 21.5833072662
    },
    "erbbands_skewness": {
        "mean": 1.62774932384,
        "var": 0.886736035347
    },
    "erbbands_spread": {
        "mean": 13.7922544479,
        "var": 92.9580383301
    },
    "hfc": {
        "mean": 8.54553127289,
        "var": 52.7058486938
    },
    "melbands_crest": {
        "mean": 15.8635396957,
        "var": 28.2561283112
    },
    "melbands_flatness_db": {
        "mean": 0.392784327269,
        "var": 0.00586627237499
    },
    "melbands_kurtosis": {
        "mean": 17.1816444397,
        "var": 569.114746094
    },
    "melbands_skewness": {
        "mean": 2.48158764839,
        "var": 2.72582149506
    },
    "melbands_spread": {
        "mean": 6.68149471283,
        "var": 123.39805603
    },
    "pitch_salience": {
        "mean": 0.540554463863,
        "var": 0.0137047506869
    },
    "silence_rate_20dB": {
        "mean": 1,
        "var": 0
    },
    "silence_rate_30dB": {
        "mean": 0.996397316456,
        "var": 0.00358962733299
    },
    "silence_rate_60dB": {
        "mean": 0.0988162606955,
        "var": 0.0890521928668
    },
    "spectral_centroid": {
        "mean": 553.366455078,
        "var": 313394.0625
    },
    "spectral_complexity": {
        "mean": 7.16932582855,
        "var": 10.0500946045
    },
    "spectral_decrease": {
        "mean": -5.57434276516e-009,
        "var": 2.31842943093e-017
    },
    "spectral_energy": {
        "mean": 0.0218139011413,
        "var": 0.000352683302481
    },
    "spectral_energyband_high": {
        "mean": 9.58380269367e-007,
        "var": 6.09590232025e-013
    },
    "spectral_energyband_low": {
        "mean": 4.40081203124e-005,
        "var": 4.55110393816e-009
    },
    "spectral_energyband_middle_high": {
        "mean": 0.000716548587661,
        "var": 4.25210919275e-006
    },
    "spectral_energyband_middle_low": {
        "mean": 0.0211377628148,
        "var": 0.000340333674103
    },
    "spectral_entropy": {
        "mean": 6.1408457756,
        "var": 0.278129577637
    },
    "spectral_flux": {
        "mean": 0.0498657859862,
        "var": 0.000994422705844
    },
    "spectral_kurtosis": {
        "mean": 27.1122245789,
        "var": 282.625183105
    },
    "spectral_rms": {
        "mean": 0.0041994783096,
        "var": 3.64625270777e-006
    },
    "spectral_rolloff": {
        "mean": 660.048522949,
        "var": 905485.3125
    },
    "spectral_skewness": {
        "mean": 3.28512835503,
        "var": 1.47685468197
    },
    "spectral_spread": {
        "mean": 1735971.75,
        "var": 2.53920883507e+012
    },
    "spectral_strongpeak": {
        "mean": 1.1236281395,
        "var": 0.66114783287
    },
    "zerocrossingrate": {
        "mean": 0.0246349573135,
        "var": 0.000645714520942
    },
    "barkbands": {
        "mean": [6.32915089227e-007, 1.19666060527e-006, 1.7830523575e-005, 0.000278160907328, 0.00819748081267, 0.00551348086447, 0.00286894058809, 0.00228998926468, 0.00190517934971, 0.000321386381984, 5.49670767214e-005, 5.01155918755e-005, 7.07709186827e-005, 4.99119814776e-005, 6.79350850987e-005, 3.56863893103e-005, 4.3163268856e-005, 2.92993372568e-005, 1.61325533554e-005, 1.09690313366e-006, 2.80902042959e-007, 1.14915899019e-007, 5.66694779991e-008, 1.04454016991e-007, 3.72689328287e-008, 1.28099326702e-008, 2.53591281307e-009],
        "var": [9.24891456824e-013, 2.53724190095e-012, 1.7028191357e-010, 2.5411688398e-007, 0.000171288149431, 2.85824771709e-005, 3.27379821101e-005, 3.36888151651e-005, 7.29920384401e-006, 2.58412819676e-006, 3.3680979783e-008, 2.20704361453e-008, 3.34539365099e-008, 2.36978525692e-008, 1.13731495333e-007, 8.77979466907e-009, 7.53584394886e-009, 1.49917689374e-009, 7.24302562372e-011, 3.15183507548e-013, 3.367039991e-014, 1.42636096212e-014, 7.97042587367e-015, 8.3253411489e-015, 6.82449405757e-015, 6.52810071218e-015, 3.16640037452e-015]
    },
    "erbbands": {
        "mean": [8.22368238005e-005, 0.000934186566155, 0.0236606989056, 0.616700053215, 13.9981164932, 31.4129486084, 40.2073020935, 39.1951675415, 48.9881401062, 37.302646637, 45.3073310852, 43.0855522156, 13.530456543, 7.05658435822, 2.61734247208, 1.94055342674, 3.41451215744, 2.87302327156, 3.05593061447, 2.98654842377, 1.90387272835, 2.41522073746, 1.78404200077, 1.21268808842, 0.443872243166, 0.0624096691608, 0.0175872873515, 0.00858390517533, 0.0045083523728, 0.00252046319656, 0.00173104461282, 0.00343427504413, 0.000798377674073, 0.000464341428597, 0.000257759500528, 0.000110128552478, 1.83946049219e-005, 3.93495793105e-006, 1.06727038656e-005, 2.43413305725e-005],
        "var": [5.06315478432e-009, 4.39550433384e-007, 0.000232538703131, 0.722400844097, 541.526550293, 4113.23730469, 2101.02392578, 1310.4864502, 9493.66210938, 4708.12939453, 9196.48828125, 3991.78564453, 1862.59619141, 1108.40698242, 59.9053573608, 38.057762146, 60.5549850464, 69.981628418, 117.705093384, 204.360214233, 13.3726234436, 21.5885696411, 6.69647598267, 0.68239659071, 0.0392158180475, 0.000710680440534, 9.25339991227e-005, 3.9675476728e-005, 1.98797515623e-005, 1.05551516754e-005, 6.25952316113e-006, 5.24105098521e-006, 1.89332070022e-006, 8.66349182616e-007, 3.42051237112e-007, 1.04560598402e-007, 2.18587778988e-008, 2.80594303348e-009, 2.21215157303e-010, 4.35165292689e-010]
    },
    "gfcc": {
        "mean": [-163.047637939, 181.726425171, -144.657974243, -20.0894680023, -64.2660827637, -59.3741111755, -62.161655426, -9.18089675903, -21.8605232239, -26.6735153198, -2.51538586617, -20.1097927094, -7.31637716293],
        "cov": [[2668.28491211, 886.291564941, -309.042480469, -579.18157959, -115.729225159, -361.721588135, -162.981933594, -148.374801636, 21.825012207, -177.25819397, -7.73295974731, -122.05594635, 14.6933431625], [886.291564941, 583.844299316, 23.7765426636, -436.104431152, -55.3297805786, -281.445159912, -55.3895759583, -144.075744629, 40.9435348511, -141.325881958, 17.3502998352, -97.6162109375, 23.6319847107], [-309.042480469, 23.7765426636, 353.048370361, 137.774490356, -16.3067378998, -118.429237366, -28.6420783997, -52.8931274414, -34.5010185242, -37.8593063354, -10.4345207214, -18.2854747772, -17.1242961884], [-579.18157959, -436.104431152, 137.774490356, 656.88494873, 105.76146698, 191.516845703, -38.7263183594, 83.3255233765, -82.5237350464, 57.1473922729, -46.8205947876, 43.5223960876, -58.3783149719], [-115.729225159, -55.3297805786, -16.3067378998, 105.76146698, 189.688873291, 71.3070907593, -30.0523223877, -13.3550987244, -12.5941295624, -24.9913883209, -37.5013694763, -4.64577388763, -31.8799476624], [-361.721588135, -281.445159912, -118.429237366, 191.516845703, 71.3070907593, 254.133850098, 63.9728469849, 73.877822876, -42.3106307983, 69.2496795654, -12.6812868118, 37.7842941284, -30.228427887], [-162.981933594, -55.3895759583, -28.6420783997, -38.7263183594, -30.0523223877, 63.9728469849, 87.3888092041, 36.5337257385, -9.92792320251, 12.496547699, 9.6459312439, 13.8088665009, -7.32875871658], [-148.374801636, -144.075744629, -52.8931274414, 83.3255233765, -13.3550987244, 73.877822876, 36.5337257385, 97.7555160522, 10.2759170532, 34.0797424316, -19.5626144409, 23.3935413361, -8.26271915436], [21.825012207, 40.9435348511, -34.5010185242, -82.5237350464, -12.5941295624, -42.3106307983, -9.92792320251, 10.2759170532, 68.3683319092, 12.5504493713, -3.51592350006, -16.2061271667, 12.9207582474], [-177.25819397, -141.325881958, -37.8593063354, 57.1473922729, -24.9913883209, 69.2496795654, 12.496547699, 34.0797424316, 12.5504493713, 93.3791351318, 21.7466220856, 22.9835987091, -6.62917613983], [-7.73295974731, 17.3502998352, -10.4345207214, -46.8205947876, -37.5013694763, -12.6812868118, 9.6459312439, -19.5626144409, -3.51592350006, 21.7466220856, 63.4128379822, 22.1406669617, 9.3551197052], [-122.05594635, -97.6162109375, -18.2854747772, 43.5223960876, -4.64577388763, 37.7842941284, 13.8088665009, 23.3935413361, -16.2061271667, 22.9835987091, 22.1406669617, 65.0894699097, 19.1125984192], [14.6933431625, 23.6319847107, -17.1242961884, -58.3783149719, -31.8799476624, -30.228427887, -7.32875871658, -8.26271915436, 12.9207582474, -6.62917613983, 9.3551197052, 19.1125984192, 60.9812088013]],
        "icov": [[0.00251451460645, -0.00584706803784, 0.00424188701436, -0.00162796059158, 0.00156613311265, 0.00214087055065, 0.00223907828331, -0.00110617303289, 0.00472350325435, -0.00318514346145, 0.00405044108629, -0.00269573018886, 0.00216837134212], [-0.00584706803784, 0.0290189106017, -0.00793403852731, 0.00974738504738, -0.00120508333202, 0.000416804978158, 0.000148858467583, 0.00784955080599, -0.00950205884874, 0.0207132957876, -0.0140892928466, 0.0159297529608, -0.000641598773655], [0.00424188701436, -0.00793403852731, 0.0155069390312, -0.00673954514787, 0.00222592474893, 0.0139480214566, -0.0044311741367, 0.00484571699053, 0.0109280860052, -0.00713590020314, 0.0100882127881, -0.00335377198644, 0.00456932885572], [-0.00162796059158, 0.00974738504738, -0.00673954514787, 0.0097737563774, 9.304154446e-006, -0.00638299016282, 0.0105645563453, -0.0040863705799, 0.000286427122774, 0.00799136050045, -0.00551819195971, 0.00465962616727, 0.00182984361891], [0.00156613311265, -0.00120508333202, 0.00222592474893, 9.304154446e-006, 0.0145532889292, -0.00751909706742, 0.00994119234383, 0.00672463746741, -0.00519648194313, 0.00948684941977, 0.00597595004365, -0.00702400971204, 0.0101275322959], [0.00214087055065, 0.000416804978158, 0.0139480214566, -0.00638299016282, -0.00751909706742, 0.0312279928476, -0.0181120987982, 0.00278376787901, 0.0176127385348, -0.0148210292682, 0.007867988199, 0.00423976778984, -0.00100059935357], [0.00223907828331, 0.000148858467583, -0.0044311741367, 0.0105645563453, 0.00994119234383, -0.0181120987982, 0.0414243414998, -0.0135127557442, 0.00335516268387, 0.0137623744085, -0.00643280055374, -0.00131540861912, 0.00982280727476], [-0.00110617303289, 0.00784955080599, 0.00484571699053, -0.0040863705799, 0.00672463746741, 0.00278376787901, -0.0135127557442, 0.0352777801454, -0.0148300938308, 0.00468345778063, 0.0125840241089, -0.00890879984945, 0.00723787629977], [0.00472350325435, -0.00950205884874, 0.0109280860052, 0.000286427122774, -0.00519648194313, 0.0176127385348, 0.00335516268387, -0.0148300938308, 0.0448189564049, -0.0211476236582, 0.00794116593897, 0.00906664505601, -0.00556014617905], [-0.00318514346145, 0.0207132957876, -0.00713590020314, 0.00799136050045, 0.00948684941977, -0.0148210292682, 0.0137623744085, 0.00468345778063, -0.0211476236582, 0.0448390766978, -0.0190022196621, 0.00516095990315, 0.00894095562398], [0.00405044108629, -0.0140892928466, 0.0100882127881, -0.00551819195971, 0.00597595004365, 0.007867988199, -0.00643280055374, 0.0125840241089, 0.00794116593897, -0.0190022196621, 0.0411822572351, -0.0215964578092, 0.00669325049967], [-0.00269573018886, 0.0159297529608, -0.00335377198644, 0.00465962616727, -0.00702400971204, 0.00423976778984, -0.00131540861912, -0.00890879984945, 0.00906664505601, 0.00516095990315, -0.0215964578092, 0.0433028265834, -0.0165591035038], [0.00216837134212, -0.000641598773655, 0.00456932885572, 0.00182984361891, 0.0101275322959, -0.00100059935357, 0.00982280727476, 0.00723787629977, -0.00556014617905, 0.00894095562398, 0.00669325049967, -0.0165591035038, 0.0324324071407]]
    },
    "melbands": {
        "mean": [3.78052448013e-007, 5.08360517415e-006, 0.000334488839144, 0.00185752450489, 0.00135224557016, 0.000945292180404, 0.00069210503716, 0.000456337118521, 0.000384916667826, 0.000251477176789, 6.25155807938e-005, 3.09227507387e-005, 8.08230015537e-006, 5.68129735257e-006, 5.33155707672e-006, 7.38056996852e-006, 5.26770918441e-006, 4.58535077996e-006, 5.43004125575e-006, 2.81598931906e-006, 2.00645808945e-006, 2.44404532168e-006, 2.22300377573e-006, 1.28015437895e-006, 9.71946406025e-007, 5.01059730595e-007, 9.00954688632e-008, 2.58562398159e-008, 1.11512852286e-008, 6.66253496817e-009, 4.21005408313e-009, 2.64432320485e-009, 1.8200748686e-009, 1.20373433443e-009, 9.06352992658e-010, 1.48319601045e-009, 2.022637835e-009, 4.63752064528e-010, 4.27500063127e-010, 3.61231405899e-010],
        "var": [2.18697862554e-013, 1.17246039266e-011, 2.95732263567e-007, 1.05163089756e-005, 2.93867356049e-006, 8.20071591079e-007, 1.81021869139e-006, 9.5011682788e-007, 4.75797975241e-007, 1.33441616867e-007, 5.15501561438e-008, 2.41685320646e-008, 7.093840515e-010, 1.91406418493e-010, 2.02287353535e-010, 4.7665532632e-010, 2.80875045444e-010, 2.47164483325e-010, 1.15710330206e-009, 6.82425227438e-011, 1.56395764395e-011, 2.6432141198e-011, 1.71559710882e-011, 2.56105510063e-012, 4.10765659768e-013, 5.98963424431e-014, 1.96114215904e-015, 2.1073956058e-016, 4.51051066288e-017, 1.98807036876e-017, 1.25679911484e-017, 7.0515914721e-018, 4.36339055252e-018, 2.96751851254e-018, 2.20796756649e-018, 1.66936762559e-018, 1.89012155496e-018, 9.57682106061e-019, 7.68757000985e-019, 5.65270208405e-019]
    },
    "mfcc": {
        "mean": [-801.124572754, 215.789901733, -33.216835022, 12.0405387878, -2.31514072418, -55.0975646973, -31.0773983002, -19.9539031982, -29.5771846771, -13.6942625046, -7.13510227203, -14.0293140411, -17.668302536],
        "cov": [[797.514648438, 703.383117676, -190.253112793, -314.413604736, -79.8946380615, -189.908828735, -156.84588623, -77.4886932373, -45.8495903015, -44.8984107971, -20.2150039673, -65.2224197388, -79.7539520264], [703.383117676, 834.19744873, -41.2995033264, -339.447845459, -140.324768066, -272.713592529, -198.320755005, -132.42300415, -97.5526809692, -78.5039215088, -29.0193901062, -90.3010406494, -102.06098175], [-190.253112793, -41.2995033264, 277.299194336, 179.61000061, -36.4473609924, -39.1589851379, -12.9755010605, -43.8552513123, -48.8561096191, -27.3685684204, -16.9226989746, -4.63290596008, -6.0240445137], [-314.413604736, -339.447845459, 179.61000061, 368.023071289, 142.833511353, 78.5603027344, 35.0724945068, 22.0965976715, -0.0569362305105, -13.4202480316, -25.9193267822, 14.3941955566, 18.2037086487], [-79.8946380615, -140.324768066, -36.4473609924, 142.833511353, 185.216781616, 80.5396728516, -2.00153636932, 18.0862827301, 6.36825704575, -16.411813736, -26.2611789703, -14.4975910187, -6.42762613297], [-189.908828735, -272.713592529, -39.1589851379, 78.5603027344, 80.5396728516, 167.309860229, 106.315895081, 44.1155014038, 26.0132312775, 25.6209945679, 9.58615779877, 25.0398445129, 30.7104072571], [-156.84588623, -198.320755005, -12.9755010605, 35.0724945068, -2.00153636932, 106.315895081, 132.51713562, 67.3203811646, 12.5835285187, 12.5355806351, 13.0614318848, 31.4098587036, 28.5826702118], [-77.4886932373, -132.42300415, -43.8552513123, 22.0965976715, 18.0862827301, 44.1155014038, 67.3203811646, 90.1753005981, 44.9778137207, 4.50406599045, -0.368231296539, 16.6617908478, 17.3557262421], [-45.8495903015, -97.5526809692, -48.8561096191, -0.0569362305105, 6.36825704575, 26.0132312775, 12.5835285187, 44.9778137207, 78.9729003906, 46.6690940857, 4.56942510605, 7.46553373337, 14.0690374374], [-44.8984107971, -78.5039215088, -27.3685684204, -13.4202480316, -16.411813736, 25.6209945679, 12.5355806351, 4.50406599045, 46.6690940857, 76.8093795776, 35.0798530579, 10.2646961212, 9.3737487793], [-20.2150039673, -29.0193901062, -16.9226989746, -25.9193267822, -26.2611789703, 9.58615779877, 13.0614318848, -0.368231296539, 4.56942510605, 35.0798530579, 55.9220123291, 31.5013847351, 5.72387170792], [-65.2224197388, -90.3010406494, -4.63290596008, 14.3941955566, -14.4975910187, 25.0398445129, 31.4098587036, 16.6617908478, 7.46553373337, 10.2646961212, 31.5013847351, 64.937210083, 41.9456596375], [-79.7539520264, -102.06098175, -6.0240445137, 18.2037086487, -6.42762613297, 30.7104072571, 28.5826702118, 17.3557262421, 14.0690374374, 9.3737487793, 5.72387170792, 41.9456596375, 67.7394104004]],
        "icov": [[0.0474899113178, -0.0664176866412, 0.0632711052895, -0.0640193298459, 0.0656239390373, -0.067653156817, 0.0625852197409, -0.0550648234785, 0.0446738824248, -0.0394987426698, 0.0327406339347, -0.0233345646411, 0.0111427577212], [-0.0664176866412, 0.100682236254, -0.0900416076183, 0.0969878584146, -0.0964115485549, 0.104822337627, -0.0910731181502, 0.0838898345828, -0.063492834568, 0.0597805045545, -0.0457694008946, 0.0342305600643, -0.0127240326256], [0.0632711052895, -0.0900416076183, 0.100874982774, -0.100706197321, 0.103654235601, -0.0945849940181, 0.0884554386139, -0.0725914686918, 0.0658948495984, -0.0521785244346, 0.0455519147217, -0.0286179315299, 0.0162617750466], [-0.0640193298459, 0.0969878584146, -0.100706197321, 0.109905838966, -0.110904604197, 0.105763614178, -0.0955790355802, 0.0812846645713, -0.0666988044977, 0.0550167188048, -0.0429205298424, 0.0276755336672, -0.0139762116596], [0.0656239390373, -0.0964115485549, 0.103654235601, -0.110904604197, 0.130417615175, -0.126623421907, 0.122720293701, -0.0999833419919, 0.0834791734815, -0.0603397451341, 0.0539203099906, -0.0314409434795, 0.0205650180578], [-0.067653156817, 0.104822337627, -0.0945849940181, 0.105763614178, -0.126623421907, 0.153908997774, -0.144668623805, 0.121484488249, -0.0936223566532, 0.0711347386241, -0.0582638941705, 0.0399106889963, -0.020616505295], [0.0625852197409, -0.0910731181502, 0.0884554386139, -0.0955790355802, 0.122720293701, -0.144668623805, 0.162356138229, -0.13641448319, 0.111451201141, -0.0796315595508, 0.0637881234288, -0.0422252863646, 0.0223249681294], [-0.0550648234785, 0.0838898345828, -0.0725914686918, 0.0812846645713, -0.0999833419919, 0.121484488249, -0.13641448319, 0.142340764403, -0.113411083817, 0.087959446013, -0.0616890192032, 0.0389693379402, -0.0177442580462], [0.0446738824248, -0.063492834568, 0.0658948495984, -0.0666988044977, 0.0834791734815, -0.0936223566532, 0.111451201141, -0.113411083817, 0.122911795974, -0.0925879254937, 0.0687558725476, -0.0389350131154, 0.0186990052462], [-0.0394987426698, 0.0597805045545, -0.0521785244346, 0.0550167188048, -0.0603397451341, 0.0711347386241, -0.0796315595508, 0.087959446013, -0.0925879254937, 0.0992611497641, -0.0732863768935, 0.0455558225513, -0.0192931536585], [0.0327406339347, -0.0457694008946, 0.0455519147217, -0.0429205298424, 0.0539203099906, -0.0582638941705, 0.0637881234288, -0.0616890192032, 0.0687558725476, -0.0732863768935, 0.0893878489733, -0.0571035370231, 0.0292620658875], [-0.0233345646411, 0.0342305600643, -0.0286179315299, 0.0276755336672, -0.0314409434795, 0.0399106889963, -0.0422252863646, 0.0389693379402, -0.0389350131154, 0.0455558225513, -0.0571035370231, 0.0659092068672, -0.0333307981491], [0.0111427577212, -0.0127240326256, 0.0162617750466, -0.0139762116596, 0.0205650180578, -0.020616505295, 0.0223249681294, -0.0177442580462, 0.0186990052462, -0.0192931536585, 0.0292620658875, -0.0333307981491, 0.0372896268964]]
    },
    "spectral_contrast_coeffs": {
        "mean": [-0.394679009914, -0.654001235962, -0.736933350563, -0.819767594337, -0.753091692924, -0.809592485428],
        "var": [0.0103708524257, 0.00612117303535, 0.0075849709101, 0.00247970060445, 0.00162995792925, 0.000428271159763]
    },
    "spectral_contrast_valleys": {
        "mean": [-10.0523147583, -6.64858293533, -8.36416339874, -8.63354873657, -9.29170513153, -13.2174310684],
        "var": [0.614055812359, 1.3153835535, 0.788997590542, 0.709457993507, 0.593330442905, 0.367752820253]
    }
},
"metadata": {
    "audio_properties": {
        "analysis_sample_rate": 44100,
        "bit_rate": 98809,
        "equal_loudness": 0,
        "length": 45.0873451233,
        "lossless": 0,
        "replay_gain": -0.00883293151855,
        "sample_rate": 44100,
        "codec": "mp3",
        "downmix": "mix",
        "md5_encoded": "8a091b05eeb2bdbce0b92b7e773fafaf"
    },
    "tags": {
        "file_name": "967.mp3"
    },
    "version": {
        "essentia": "2.1-beta2",
        "essentia_git_sha": "v2.1_beta2",
        "extractor": "music 1.0"
    }
},
"rhythm": {
    "beats_count": 98,
    "beats_loudness": {
        "mean": 0.0254980381578,
        "var": 0.000488442019559
    },
    "bpm": 128.692733765,
    "bpm_histogram_first_peak_bpm": {
        "mean": 129,
        "var": 0
    },
    "bpm_histogram_first_peak_spread": {
        "mean": 0.56097561121,
        "var": 0
    },
    "bpm_histogram_first_peak_weight": {
        "mean": 0.185567006469,
        "var": 0
    },
    "bpm_histogram_second_peak_bpm": {
        "mean": 136,
        "var": 0
    },
    "bpm_histogram_second_peak_spread": {
        "mean": 0.300000011921,
        "var": 0
    },
    "bpm_histogram_second_peak_weight": {
        "mean": 0.0721649453044,
        "var": 0
    },
    "danceability": 1.11725211143,
    "onset_rate": 2.35008454323,
    "beats_loudness_band_ratio": {
        "mean": [0.083556458354, 0.588259518147, 0.364717751741, 0.0245535857975, 0.0186407323927, 0.00289147533476],
        "var": [0.0115667264909, 0.0367831848562, 0.0312718153, 0.00119383481797, 0.00206250627525, 0.000125202859635]
    },
    "beats_position": [0.441179126501, 0.905578196049, 1.38158726692, 1.8575963974, 2.32199549675, 2.79800438881, 3.23918366432, 3.66875267029, 4.08671188354, 4.52789115906, 4.99229001999, 5.45668935776, 5.93269824982, 6.39709758759, 6.86149644852, 7.31428575516, 7.76707458496, 8.2198638916, 8.66104316711, 9.10222244263, 9.56662082672, 10.0426301956, 10.5070295334, 10.9830379486, 11.4474372864, 11.9466667175, 12.445895195, 12.9567346573, 13.3979139328, 13.8274831772, 14.2454423904, 14.6750106812, 15.0929698944, 15.4993190765, 15.9172782898, 16.3352375031, 16.6951465607, 17.031835556, 17.3569164276, 17.6703853607, 17.9838542938, 18.3089332581, 18.6224040985, 18.970703125, 19.2957820892, 19.6208610535, 19.9575500488, 20.3058490753, 20.642539978, 21.0024490356, 21.3507480621, 21.7106571198, 22.0705661774, 22.5349655151, 22.9877548218, 23.4405441284, 23.9165534973, 24.3925609589, 24.8801803589, 25.3561897278, 25.8205890656, 26.2849884033, 26.7493877411, 27.22539711, 27.6897945404, 28.1658039093, 28.6534233093, 29.1410427094, 29.6170520782, 30.1046714783, 30.6038990021, 31.1031284332, 31.5907478333, 32.0667572021, 32.542766571, 33.0187759399, 33.4831733704, 33.9475746155, 34.4119720459, 34.8763694763, 35.329158783, 35.7819480896, 36.2231292725, 36.6643066406, 37.1170959473, 37.6279373169, 38.1271629333, 38.7076644897, 39.2881622314, 39.8686599731, 40.4491615295, 41.0528793335, 41.6565971375, 42.2603149414, 42.8640365601, 43.4561424255, 44.0482521057, 44.6403617859]
},
"tonal": {
    "chords_changes_rate": 0.0308641977608,
    "chords_number_rate": 0.0113168722019,
    "chords_strength": {
        "mean": 0.489687412977,
        "var": 0.00555786909536
    },
    "hpcp_entropy": {
        "mean": 1.51207172871,
        "var": 0.598628044128
    },
    "key_strength": 0.405279487371,
    "tuning_diatonic_strength": 0.256943881512,
    "tuning_equal_tempered_deviation": 0.0950414389372,
    "tuning_frequency": 450.024475098,
    "tuning_nontempered_energy_ratio": 0.637098550797,
    "hpcp": {
        "mean": [0.184403210878, 0.123627670109, 0.0688228756189, 0.0680272504687, 0.0738417133689, 0.0754230320454, 0.0674780905247, 0.0538283735514, 0.114364214242, 0.224182397127, 0.160000219941, 0.0610367804766, 0.0591163374484, 0.0421357527375, 0.12144394964, 0.220847964287, 0.136762082577, 0.150158748031, 0.267626196146, 0.154807165265, 0.0769911259413, 0.117658942938, 0.0722341164947, 0.104607842863, 0.169970452785, 0.104492127895, 0.04797546193, 0.054548215121, 0.0897625163198, 0.123555839062, 0.12217374146, 0.104732193053, 0.102977797389, 0.133412882686, 0.140255138278, 0.159115552902],
        "var": [0.0838193148375, 0.0518696941435, 0.0284454729408, 0.0303986426443, 0.0413856953382, 0.0417362749577, 0.0322348661721, 0.0243442989886, 0.0279654283077, 0.0928877815604, 0.0481903254986, 0.0241921283305, 0.0310952980071, 0.0160120707005, 0.0362251400948, 0.118539370596, 0.0475520417094, 0.0476466864347, 0.160547822714, 0.054397623986, 0.0263347290456, 0.073197118938, 0.0228345431387, 0.0255415961146, 0.067351333797, 0.0292271748185, 0.0246125776321, 0.022355992347, 0.0495966337621, 0.0687088891864, 0.0475387908518, 0.0507529266179, 0.0461202636361, 0.0636401027441, 0.07497035712, 0.0677976533771]
    },
    "chords_histogram": [23.148147583, 0, 0, 7.81893014908, 2.77777767181, 25.2057609558, 2.46913576126, 3.60082316399, 1.44032919407, 0.720164597034, 0, 5.04115247726, 0, 5.65843629837, 0, 0, 0, 0, 0, 0, 0, 0, 6.48148155212, 15.6378602982],
    "thpcp": [1, 0.578445494175, 0.28768157959, 0.439639121294, 0.269906759262, 0.390872955322, 0.635103940964, 0.390440583229, 0.179262951016, 0.203822404146, 0.335402578115, 0.46167320013, 0.456508904696, 0.391337603331, 0.384782195091, 0.498504579067, 0.524071037769, 0.594543993473, 0.68903273344, 0.461941599846, 0.257160454988, 0.254187554121, 0.275913625956, 0.281822293997, 0.25213560462, 0.201132684946, 0.427328169346, 0.837669849396, 0.597849607468, 0.228067293763, 0.220891445875, 0.157442554832, 0.453781992197, 0.825210571289, 0.511019051075, 0.561076402664],
    "chords_key": "F",
    "chords_scale": "major",
    "key_key": "C",
    "key_scale": "minor"
}
}