{
"lowlevel": {
    "average_loudness": 0.900269329548,
    "barkbands_crest": {
        "mean": 10.9939403534,
        "var": 44.5459442139
    },
    "barkbands_flatness_db": {
        "mean": 0.141067445278,
        "var": 0.00708204321563
    },
    "barkbands_kurtosis": {
        "mean": 23.6299743652,
        "var": 8384.88867188
    },
    "barkbands_skewness": {
        "mean": 2.28984594345,
        "var": 13.344288826
    },
    "barkbands_spread": {
        "mean": 23.4225902557,
        "var": 348.293212891
    },
    "dissonance": {
        "mean": 0.458955079317,
        "var": 0.00197499524802
    },
    "dynamic_complexity": 4.17136907578,
    "erbbands_crest": {
        "mean": 9.20349407196,
        "var": 16.2459392548
    },
    "erbbands_flatness_db": {
        "mean": 0.143907189369,
        "var": 0.00218629022129
    },
    "erbbands_kurtosis": {
        "mean": 3.24139928818,
        "var": 28.774307251
    },
    "erbbands_skewness": {
        "mean": 0.820001244545,
        "var": 1.25697982311
    },
    "erbbands_spread": {
        "mean": 34.4549026489,
        "var": 745.733398438
    },
    "hfc": {
        "mean": 20.0482406616,
        "var": 829.950012207
    },
    "melbands_crest": {
        "mean": 16.3871536255,
        "var": 80.549079895
    },
    "melbands_flatness_db": {
        "mean": 0.213068261743,
        "var": 0.0133610097691
    },
    "melbands_kurtosis": {
        "mean": 51.241558075,
        "var": 26716.8320313
    },
    "melbands_skewness": {
        "mean": 3.15897679329,
        "var": 19.1207141876
    },
    "melbands_spread": {
        "mean": 26.997713089,
        "var": 585.100036621
    },
    "pitch_salience": {
        "mean": 0.513322472572,
        "var": 0.0363026186824
    },
    "silence_rate_20dB": {
        "mean": 1,
        "var": 0
    },
    "silence_rate_30dB": {
        "mean": 0.907826960087,
        "var": 0.0836787074804
    },
    "silence_rate_60dB": {
        "mean": 0.126158595085,
        "var": 0.11024171859
    },
    "spectral_centroid": {
        "mean": 1405.50366211,
        "var": 725647.5625
    },
    "spectral_complexity": {
        "mean": 16.1678676605,
        "var": 173.039932251
    },
    "spectral_decrease": {
        "mean": -8.34660252025e-009,
        "var": 1.65272367219e-016
    },
    "spectral_energy": {
        "mean": 0.033320453018,
        "var": 0.0024224082008
    },
    "spectral_energyband_high": {
        "mean": 0.000940273166634,
        "var": 5.75227477384e-006
    },
    "spectral_energyband_low": {
        "mean": 0.0208396799862,
        "var": 0.00194491667207
    },
    "spectral_energyband_middle_high": {
        "mean": 0.00597550719976,
        "var": 9.13116236916e-005
    },
    "spectral_energyband_middle_low": {
        "mean": 0.00639617070556,
        "var": 0.00024048089108
    },
    "spectral_entropy": {
        "mean": 7.64491844177,
        "var": 0.266087144613
    },
    "spectral_flux": {
        "mean": 0.0697591975331,
        "var": 0.00614748988301
    },
    "spectral_kurtosis": {
        "mean": 4.7178196907,
        "var": 7.87542057037
    },
    "spectral_rms": {
        "mean": 0.00467461114749,
        "var": 1.06556753963e-005
    },
    "spectral_rolloff": {
        "mean": 2058.6574707,
        "var": 7706583
    },
    "spectral_skewness": {
        "mean": 1.80549144745,
        "var": 0.265852034092
    },
    "spectral_spread": {
        "mean": 6260616,
        "var": 7.82834702746e+012
    },
    "spectral_strongpeak": {
        "mean": 0.841138958931,
        "var": 1.44443297386
    },
    "zerocrossingrate": {
        "mean": 0.082803145051,
        "var": 0.00408254051581
    },
    "barkbands": {
        "mean": [0.00100721942727, 0.0166372545063, 0.00248902291059, 0.00143304711673, 0.00179852824658, 0.000476817716844, 0.00075476244092, 0.000743500364479, 0.00099154713098, 0.00137516774703, 0.000453547458164, 0.000785946438555, 0.00106385862455, 0.000640922633465, 0.000499665329698, 0.000337144912919, 0.000273931160336, 0.000237717060372, 0.000281309272395, 0.000222211674554, 0.000206182259717, 0.000126914106659, 0.000104334525531, 0.000139655283419, 9.80220647762e-005, 0.000118688694783, 2.35214629356e-005],
        "var": [6.45254840492e-006, 0.00138490844984, 8.2652331912e-005, 7.38284870749e-005, 3.61555685231e-005, 8.4714491777e-007, 2.04520142688e-006, 8.56819860928e-006, 5.95233359491e-006, 1.94735948753e-005, 8.89060231657e-007, 3.68746736967e-006, 4.23507253799e-006, 1.42732380937e-006, 1.16727369459e-006, 5.08347966388e-007, 6.43017642687e-007, 3.59814634976e-007, 5.65315019685e-007, 6.29745272818e-007, 5.24875076735e-007, 2.2578097969e-007, 1.27739355094e-007, 3.8040187178e-007, 3.47770878761e-008, 6.00454725941e-008, 2.67273403409e-009]
    },
    "erbbands": {
        "mean": [0.78186160326, 2.53048181534, 2.94156169891, 3.98229002953, 6.0681476593, 6.0792183876, 2.7709376812, 4.55693912506, 10.8038473129, 10.6348342896, 19.3377056122, 18.263715744, 36.1829986572, 36.1252937317, 20.7639636993, 28.9466667175, 45.3778686523, 38.1791229248, 25.5741424561, 32.4193458557, 14.5433206558, 14.8476448059, 12.3360710144, 16.2885112762, 12.2657709122, 10.1723251343, 9.56306648254, 6.97348499298, 4.84113264084, 3.52691483498, 2.94207310677, 2.64109539986, 2.42508125305, 1.11995983124, 0.685239195824, 0.491026937962, 0.213889524341, 0.0615292005241, 0.00254142773338, 8.56309197843e-005],
        "var": [3.2645611763, 33.8943939209, 86.8623123169, 484.176971436, 697.235412598, 357.894256592, 45.7734069824, 97.069770813, 418.324188232, 645.173522949, 4065.50195313, 1747.30078125, 9076.16210938, 8227.61035156, 1976.7947998, 3815.34765625, 7394.11279297, 4669.97216797, 2366.87792969, 5121.68164063, 872.963867188, 2026.87548828, 998.717712402, 1731.64221191, 1258.78161621, 1167.47937012, 1294.54724121, 583.100219727, 312.412567139, 153.428283691, 104.319610596, 105.739044189, 126.443130493, 7.1671667099, 1.49624288082, 0.91213786602, 0.213367715478, 0.0160077027977, 3.77413525712e-005, 1.46538514656e-008]
    },
    "gfcc": {
        "mean": [-17.432762146, 49.7556533813, -94.7862854004, 7.3082075119, -46.7257843018, 28.4564476013, -26.0967006683, 16.5619544983, -26.5561237335, 14.6125993729, -17.731294632, 4.48972654343, -14.6194210052],
        "cov": [[5444.88378906, 387.385620117, -1260.86376953, 278.638916016, 15.3842077255, -13.3228321075, -124.385108948, -37.8011245728, -57.8493118286, -97.3088150024, -62.3192481995, -115.396324158, -49.3935966492], [387.385620117, 1413.00756836, 702.867675781, 188.347076416, 25.4309024811, -162.882492065, -88.8218917847, -74.1254196167, -26.1029834747, -68.9940567017, -3.74257850647, -50.8208236694, -29.524061203], [-1260.86376953, 702.867675781, 2830.03100586, 441.899932861, -61.9902839661, -49.7588996887, 30.2419376373, 2.29532599449, 28.9719657898, 86.9336700439, 4.91127681732, 71.5320739746, 1.47975957394], [278.638916016, 188.347076416, 441.899932861, 685.541809082, 146.702224731, 54.1800193787, 46.4925231934, 9.04799365997, 32.8142280579, -4.3553571701, 63.7924613953, -29.1375827789, 13.3739538193], [15.3842077255, 25.4309024811, -61.9902839661, 146.702224731, 433.707519531, 163.741348267, 68.5971221924, 2.90471196175, -6.75788164139, 24.4809169769, -6.89516162872, 36.2040901184, 25.8143959045], [-13.3228321075, -162.882492065, -49.7588996887, 54.1800193787, 163.741348267, 373.707519531, 211.818710327, 81.0215072632, 87.5326080322, 20.5980892181, 37.9476699829, 33.448890686, 50.742351532], [-124.385108948, -88.8218917847, 30.2419376373, 46.4925231934, 68.5971221924, 211.818710327, 314.930541992, 213.787002563, 138.158569336, 62.2282371521, 68.4302139282, 27.6939506531, 50.5023994446], [-37.8011245728, -74.1254196167, 2.29532599449, 9.04799365997, 2.90471196175, 81.0215072632, 213.787002563, 263.232940674, 159.076400757, 92.8999099731, 77.1341705322, 8.73462295532, 36.0246047974], [-57.8493118286, -26.1029834747, 28.9719657898, 32.8142280579, -6.75788164139, 87.5326080322, 138.158569336, 159.076400757, 181.642059326, 102.166725159, 78.9608306885, 8.04492950439, 27.5835475922], [-97.3088150024, -68.9940567017, 86.9336700439, -4.3553571701, 24.4809169769, 20.5980892181, 62.2282371521, 92.8999099731, 102.166725159, 138.962188721, 68.9045791626, 28.6414985657, 31.7072601318], [-62.3192481995, -3.74257850647, 4.91127681732, 63.7924613953, -6.89516162872, 37.9476699829, 68.4302139282, 77.1341705322, 78.9608306885, 68.9045791626, 111.339454651, 40.8771476746, 46.6525421143], [-115.396324158, -50.8208236694, 71.5320739746, -29.1375827789, 36.2040901184, 33.448890686, 27.6939506531, 8.73462295532, 8.04492950439, 28.6414985657, 40.8771476746, 100.619255066, 59.965713501], [-49.3935966492, -29.524061203, 1.47975957394, 13.3739538193, 25.8143959045, 50.742351532, 50.5023994446, 36.0246047974, 27.5835475922, 31.7072601318, 46.6525421143, 59.965713501, 101.403709412]],
        "icov": [[0.000282654102193, -0.000244611786911, 0.000273595069302, -0.000410635111621, 0.000355455500539, -0.000379634555429, 0.000347218825482, -0.000464822747745, 0.000401187717216, -0.000604475790169, 0.000816423620563, -0.000477633351693, 0.000195033906493], [-0.000244611786911, 0.00133768015075, -0.000646807369776, 0.000693630427122, -0.00112670066301, 0.00133087276481, -0.000543333182577, 0.00112885155249, -0.00154106982518, 0.00242542033084, -0.00220845104195, 0.00183522305451, -0.000729728199076], [0.000273595069302, -0.000646807369776, 0.000917688419577, -0.00108953809831, 0.00106706027873, -0.000727176258806, 0.000237677057157, -0.000670838460792, 0.000970523338765, -0.00214024283923, 0.00240161572583, -0.00205162516795, 0.00080099562183], [-0.000410635111621, 0.000693630427122, -0.00108953809831, 0.00336713460274, -0.00229035550728, 0.00135897786822, -0.000899381702766, 0.00176710588858, -0.00180583354086, 0.00368758500554, -0.00531750312075, 0.00417860411108, -0.00138954899739], [0.000355455500539, -0.00112670066301, 0.00106706027873, -0.00229035550728, 0.0050802398473, -0.0031842479948, 0.000794250168838, -0.00178428937215, 0.00353905721568, -0.0053286566399, 0.00530772050843, -0.00417265063152, 0.00139914907049], [-0.000379634555429, 0.00133087276481, -0.000727176258806, 0.00135897786822, -0.0031842479948, 0.00797242857516, -0.00609166687354, 0.00541270850226, -0.00525446934626, 0.00473619764671, -0.00304004736245, 0.00241809128784, -0.00211684941314], [0.000347218825482, -0.000543333182577, 0.000237677057157, -0.000899381702766, 0.000794250168838, -0.00609166687354, 0.0135019952431, -0.0103964433074, 0.00128603482153, 0.00024797100923, 0.00138141354546, -0.00223321723752, 0.000198875306523], [-0.000464822747745, 0.00112885155249, -0.000670838460792, 0.00176710588858, -0.00178428937215, 0.00541270850226, -0.0103964433074, 0.0168071687222, -0.00876142643392, 0.00160422490444, -0.00392782269046, 0.00432435655966, -0.00203696265817], [0.000401187717216, -0.00154106982518, 0.000970523338765, -0.00180583354086, 0.00353905721568, -0.00525446934626, 0.00128603482153, -0.00876142643392, 0.0213072113693, -0.0117095261812, -0.00028123400989, -0.000306229310809, 0.00234714383259], [-0.000604475790169, 0.00242542033084, -0.00214024283923, 0.00368758500554, -0.0053286566399, 0.00473619764671, 0.00024797100923, 0.00160422490444, -0.0117095261812, 0.022582968697, -0.011500203982, 0.0040712938644, -0.00274311495014], [0.000816423620563, -0.00220845104195, 0.00240161572583, -0.00531750312075, 0.00530772050843, -0.00304004736245, 0.00138141354546, -0.00392782269046, -0.00028123400989, -0.011500203982, 0.0274864323437, -0.0118308430538, -0.000678541371599], [-0.000477633351693, 0.00183522305451, -0.00205162516795, 0.00417860411108, -0.00417265063152, 0.00241809128784, -0.00223321723752, 0.00432435655966, -0.000306229310809, 0.0040712938644, -0.0118308430538, 0.0239845719188, -0.0107214879245], [0.000195033906493, -0.000729728199076, 0.00080099562183, -0.00138954899739, 0.00139914907049, -0.00211684941314, 0.000198875306523, -0.00203696265817, 0.00234714383259, -0.00274311495014, -0.000678541371599, -0.0107214879245, 0.0181150343269]]
    },
    "melbands": {
        "mean": [0.00553379766643, 0.0020575618837, 0.000766126497183, 0.000467337056762, 0.00012713263277, 9.93331705104e-005, 0.000165880701388, 0.000132287692395, 0.000162119758897, 0.000118844604003, 0.000191021637875, 0.000161626347108, 6.38922065264e-005, 7.82644783612e-005, 8.51718214108e-005, 0.000112755333248, 6.48239001748e-005, 4.16186994698e-005, 4.51867053926e-005, 3.19296195812e-005, 1.42488952406e-005, 1.44975965668e-005, 1.38123914439e-005, 1.14243239295e-005, 1.35458958539e-005, 1.03444172055e-005, 7.11656275598e-006, 6.75169212627e-006, 6.06349476584e-006, 5.53075187781e-006, 3.42530393027e-006, 2.841577043e-006, 2.17946990233e-006, 1.89772595149e-006, 1.7465270048e-006, 1.55630527843e-006, 1.6335577584e-006, 1.99117357624e-006, 1.16173328024e-006, 8.2847077465e-007],
        "var": [0.000158831215231, 2.65621056315e-005, 1.5643567167e-005, 2.71266162599e-006, 9.95178268681e-008, 3.98883983621e-008, 9.89670496665e-008, 1.70330508809e-007, 2.81693161241e-007, 6.45215507689e-008, 2.82170248056e-007, 1.95406641978e-007, 1.96147702525e-008, 4.44909034059e-008, 4.7355854349e-008, 5.06931314703e-008, 1.32610198378e-008, 7.4108403858e-009, 1.02279233971e-008, 5.09542230631e-009, 9.39948341383e-010, 1.77422865288e-009, 1.76809589192e-009, 8.84533613021e-010, 1.25059118616e-009, 7.72653163672e-010, 5.79954362312e-010, 5.42127176484e-010, 5.41394262754e-010, 4.449110802e-010, 1.63320731938e-010, 1.04371143672e-010, 7.86729847935e-011, 4.15475431836e-011, 3.89265251977e-011, 2.95927865546e-011, 5.45614491088e-011, 1.13357996601e-010, 1.17845126019e-011, 3.07955787607e-012]
    },
    "mfcc": {
        "mean": [-674.37902832, 104.091270447, 5.83121967316, -0.0487128309906, 3.9354197979, 11.5999984741, 14.5445146561, 3.70197224617, 5.69070768356, 6.35348176956, 5.81464862823, 2.53671765327, -1.91909658909],
        "cov": [[5273.25439453, -258.72833252, -1697.71459961, -0.497913956642, -77.2671356201, -8.04801464081, -89.290687561, 17.8228359222, -103.780929565, 61.1435470581, -137.698287964, -50.367931366, -61.9162025452], [-258.72833252, 1303.99047852, 659.303588867, 197.935043335, 122.665222168, -64.5502090454, -72.048324585, -86.0933685303, -42.8271560669, -81.6380767822, -13.9158916473, -44.6347999573, 10.6850099564], [-1697.71459961, 659.303588867, 2348.77563477, 574.034362793, 157.997787476, 43.9362182617, 6.68785667419, -18.0894165039, 43.1757621765, -22.7204799652, 94.033164978, 89.4305953979, 44.5697937012], [-0.497913956642, 197.935043335, 574.034362793, 612.473510742, 209.99407959, 30.1422634125, 30.7495155334, -27.6124897003, -16.1827812195, -11.9453105927, 12.6237831116, 42.5185317993, 15.5837497711], [-77.2671356201, 122.665222168, 157.997787476, 209.99407959, 303.753753662, 170.158081055, 55.9817047119, -2.97718977928, 7.06604337692, -35.3202095032, -11.6143846512, -9.86283016205, 17.943441391], [-8.04801464081, -64.5502090454, 43.9362182617, 30.1422634125, 170.158081055, 294.79473877, 115.755905151, 85.6938705444, 38.2007408142, 0.309251517057, -8.6665391922, -12.5002861023, 21.8015193939], [-89.290687561, -72.048324585, 6.68785667419, 30.7495155334, 55.9817047119, 115.755905151, 191.85093689, 133.611663818, 92.628112793, 70.9651031494, 37.7222938538, 34.0724906921, 16.9252662659], [17.8228359222, -86.0933685303, -18.0894165039, -27.6124897003, -2.97718977928, 85.6938705444, 133.611663818, 203.976974487, 100.028144836, 91.5374603271, 50.4449729919, 31.7639484406, 21.4613723755], [-103.780929565, -42.8271560669, 43.1757621765, -16.1827812195, 7.06604337692, 38.2007408142, 92.628112793, 100.028144836, 154.677093506, 110.029060364, 68.6011581421, 67.802230835, 31.0193901062], [61.1435470581, -81.6380767822, -22.7204799652, -11.9453105927, -35.3202095032, 0.309251517057, 70.9651031494, 91.5374603271, 110.029060364, 181.905212402, 106.5572052, 93.1725234985, 38.5275840759], [-137.698287964, -13.9158916473, 94.033164978, 12.6237831116, -11.6143846512, -8.6665391922, 37.7222938538, 50.4449729919, 68.6011581421, 106.5572052, 116.134254456, 79.5190887451, 37.2409896851], [-50.367931366, -44.6347999573, 89.4305953979, 42.5185317993, -9.86283016205, -12.5002861023, 34.0724906921, 31.7639484406, 67.802230835, 93.1725234985, 79.5190887451, 127.702087402, 57.2405967712], [-61.9162025452, 10.6850099564, 44.5697937012, 15.5837497711, 17.943441391, 21.8015193939, 16.9252662659, 21.4613723755, 31.0193901062, 38.5275840759, 37.2409896851, 57.2405967712, 71.7890090942]],
        "icov": [[0.000321315019391, -9.71891058725e-005, 0.000307146488922, -0.000351787690306, 0.000209321427974, -0.000294326600851, 0.00046539408504, -0.000265584967565, 0.000203305477044, -0.000517803477123, 0.000592495896854, -0.000318934675306, 0.000320991908666], [-9.71891058725e-005, 0.00107611203566, -0.000393230002373, 0.000192057297681, -0.00071537430631, 0.000797500950284, -9.09784721443e-005, 0.000148791630636, -0.000147608749103, 0.000187121288036, -0.000264229573077, 0.00105513329618, -0.000868843519129], [0.000307146488922, -0.000393230002373, 0.00101921858732, -0.00104794732761, 0.000729707826395, -0.000787079043221, 0.000724249053746, -0.0002516284585, -0.000364649895346, 0.000463031581603, -0.000452064967249, -0.000630943919532, 0.000525909359567], [-0.000351787690306, 0.000192057297681, -0.00104794732761, 0.00368863041513, -0.00307782436721, 0.00186457263771, -0.00143153069075, 0.000114120193757, 0.00151846488006, -0.000485693803057, 0.000588164431974, -0.00121767725796, 0.000294672150631], [0.000209321427974, -0.00071537430631, 0.000729707826395, -0.00307782436721, 0.00861627329141, -0.00516520952806, -0.000159518007422, 0.0021304951515, -0.00191892054863, 0.00187384907622, -0.00146303384099, 0.000974387978204, -0.000876669131685], [-0.000294326600851, 0.000797500950284, -0.000787079043221, 0.00186457263771, -0.00516520952806, 0.0084372041747, -0.003275772091, -0.00162054365501, 0.000807620177511, -8.42185613692e-007, 0.00119670771528, 0.00185822392814, -0.00275409384631], [0.00046539408504, -9.09784721443e-005, 0.000724249053746, -0.00143153069075, -0.000159518007422, -0.003275772091, 0.0135129047558, -0.00611845077947, -0.00294422381558, -0.000843365909532, 0.00117446132936, -0.00206582644023, 0.00271668890491], [-0.000265584967565, 0.000148791630636, -0.0002516284585, 0.000114120193757, 0.0021304951515, -0.00162054365501, -0.00611845077947, 0.0120379440486, -0.00310023804195, -0.00163662107661, -0.00168901181314, 0.00353698385879, -0.00204245443456], [0.000203305477044, -0.000147608749103, -0.000364649895346, 0.00151846488006, -0.00191892054863, 0.000807620177511, -0.00294422381558, -0.00310023804195, 0.0159219894558, -0.00640346342698, 0.00123292510398, -0.00362149323337, 0.000754246138968], [-0.000517803477123, 0.000187121288036, 0.000463031581603, -0.000485693803057, 0.00187384907622, -8.42185613692e-007, -0.000843365909532, -0.00163662107661, -0.00640346342698, 0.0198109801859, -0.0120305679739, -0.00336751900613, 0.000624282634817], [0.000592495896854, -0.000264229573077, -0.000452064967249, 0.000588164431974, -0.00146303384099, 0.00119670771528, 0.00117446132936, -0.00168901181314, 0.00123292510398, -0.0120305679739, 0.0250714998692, -0.00678465515375, -0.000738864822779], [-0.000318934675306, 0.00105513329618, -0.000630943919532, -0.00121767725796, 0.000974387978204, 0.00185822392814, -0.00206582644023, 0.00353698385879, -0.00362149323337, -0.00336751900613, -0.00678465515375, 0.0231595821679, -0.0127287767828], [0.000320991908666, -0.000868843519129, 0.000525909359567, 0.000294672150631, -0.000876669131685, -0.00275409384631, 0.00271668890491, -0.00204245443456, 0.000754246138968, 0.000624282634817, -0.000738864822779, -0.0127287767828, 0.0248425770551]]
    },
    "spectral_contrast_coeffs": {
        "mean": [-0.6586150527, -0.725416123867, -0.775264084339, -0.787081956863, -0.800132036209, -0.766880393028],
        "var": [0.00693223252892, 0.00776239717379, 0.00686177657917, 0.0025292087812, 0.00177605333738, 0.00189542106818]
    },
    "spectral_contrast_valleys": {
        "mean": [-8.11788845062, -7.5365395546, -7.37601518631, -7.8036031723, -8.11478614807, -10.2766113281],
        "var": [1.75322270393, 1.08335387707, 1.24033260345, 1.6544252634, 1.45565497875, 0.827049553394]
    }
},
"metadata": {
    "audio_properties": {
        "analysis_sample_rate": 44100,
        "bit_rate": 110011,
        "equal_loudness": 0,
        "length": 45.0612258911,
        "lossless": 0,
        "replay_gain": -8.96001052856,
        "sample_rate": 44100,
        "codec": "mp3",
        "downmix": "mix",
        "md5_encoded": "215e023a713d6758ba05be1ca3c51c53"
    },
    "tags": {
        "file_name": "968.mp3"
    },
    "version": {
        "essentia": "2.1-beta2",
        "essentia_git_sha": "v2.1_beta2",
        "extractor": "music 1.0"
    }
},
"rhythm": {
    "beats_count": 83,
    "beats_loudness": {
        "mean": 0.0799634978175,
        "var": 0.0072581381537
    },
    "bpm": 111.980751038,
    "bpm_histogram_first_peak_bpm": {
        "mean": 112,
        "var": 0
    },
    "bpm_histogram_first_peak_spread": {
        "mean": 0.592105269432,
        "var": 0
    },
    "bpm_histogram_first_peak_weight": {
        "mean": 0.37804877758,
        "var": 0
    },
    "bpm_histogram_second_peak_bpm": {
        "mean": 117,
        "var": 0
    },
    "bpm_histogram_second_peak_spread": {
        "mean": 0,
        "var": 0
    },
    "bpm_histogram_second_peak_weight": {
        "mean": 0.0487804859877,
        "var": 0
    },
    "danceability": 1.23871254921,
    "onset_rate": 2.41784095764,
    "beats_loudness_band_ratio": {
        "mean": [0.450096130371, 0.0765510573983, 0.116956472397, 0.146657273173, 0.0968183502555, 0.140317454934],
        "var": [0.140249371529, 0.011631546542, 0.0251377206296, 0.0255212355405, 0.0156094999984, 0.0247152131051]
    },
    "beats_position": [0.49922901392, 1.02167797089, 1.55573689938, 2.08979582787, 2.62385487556, 3.16952371597, 3.7151927948, 4.23764181137, 4.76009082794, 5.2941493988, 5.8282084465, 6.37387752533, 6.91954612732, 7.46521520615, 8.01088428497, 8.53333282471, 9.05578231812, 9.58984088898, 10.1239004135, 10.6579589844, 11.1920175552, 11.7376871109, 12.3065757751, 12.8290243149, 13.3514738083, 13.8855323792, 14.4195919037, 14.9536504745, 15.4993190765, 16.0565986633, 16.602268219, 17.1131057739, 17.6239452362, 18.1580047607, 18.6920623779, 19.2261219025, 19.7717914581, 20.3290691376, 20.8979587555, 21.4204082489, 21.942855835, 22.4653053284, 22.9877548218, 23.5218143463, 24.0558719635, 24.6131515503, 25.1704311371, 25.681268692, 26.2037181854, 26.7261676788, 27.2602272034, 27.7942848206, 28.3399543762, 28.8856239319, 29.4429016113, 29.9653511047, 30.4878005981, 31.0218582153, 31.5559177399, 32.0899772644, 32.6240348816, 33.1813163757, 33.7385940552, 34.2610435486, 34.783493042, 35.3175506592, 35.8516082764, 36.3856697083, 36.9197273254, 37.4770050049, 38.034286499, 38.545124054, 39.0675735474, 39.5900230408, 40.124080658, 40.6581382751, 41.2038078308, 41.7494773865, 42.3067550659, 42.8292045593, 43.3516540527, 43.8857116699, 44.4197731018]
},
"tonal": {
    "chords_changes_rate": 0.074074074626,
    "chords_number_rate": 0.0154320988804,
    "chords_strength": {
        "mean": 0.391781151295,
        "var": 0.00705240946263
    },
    "hpcp_entropy": {
        "mean": 2.39172053337,
        "var": 0.758045732975
    },
    "key_strength": 0.357368499041,
    "tuning_diatonic_strength": 0.277357876301,
    "tuning_equal_tempered_deviation": 0.19756539166,
    "tuning_frequency": 436.456176758,
    "tuning_nontempered_energy_ratio": 0.81243878603,
    "hpcp": {
        "mean": [0.316700041294, 0.306546509266, 0.13204985857, 0.116714395583, 0.121113076806, 0.0917648226023, 0.120183207095, 0.142090842128, 0.0982491970062, 0.0865282937884, 0.0878457203507, 0.0770074054599, 0.125394910574, 0.121393792331, 0.077128380537, 0.0855562239885, 0.0750399902463, 0.0749444440007, 0.141666442156, 0.132983669639, 0.110028833151, 0.186067819595, 0.156346648932, 0.111059166491, 0.128954857588, 0.146459430456, 0.197869390249, 0.300205141306, 0.314122796059, 0.225600898266, 0.180491134524, 0.144410014153, 0.271162778139, 0.470305889845, 0.311562180519, 0.146271169186],
        "var": [0.119045056403, 0.10798432678, 0.0283448565751, 0.0299768522382, 0.0317992791533, 0.0196911841631, 0.0291028358042, 0.0392380654812, 0.0200452860445, 0.0273226238787, 0.0231256224215, 0.0114085478708, 0.045468069613, 0.0397400744259, 0.0157258491963, 0.0270731374621, 0.0164135321975, 0.0134551329538, 0.0583119317889, 0.050815474242, 0.0224810838699, 0.0610303916037, 0.0391873791814, 0.0264220554382, 0.047056555748, 0.0486242100596, 0.0664858222008, 0.113469794393, 0.119166724384, 0.0808442384005, 0.0584070682526, 0.0412506200373, 0.0471444912255, 0.167834311724, 0.0678502768278, 0.0315383598208]
    },
    "chords_histogram": [8.23045253754, 4.93827152252, 7.61316871643, 4.11522626877, 6.17283964157, 3.90946507454, 0, 14.6090536118, 4.01234579086, 1.74897122383, 0, 0.102880656719, 0, 0, 0.617283940315, 3.08641982079, 7.09876537323, 5.96707820892, 3.60082316399, 0, 0.514403283596, 6.79012346268, 16.563785553, 0.308641970158],
    "thpcp": [1, 0.662467122078, 0.311012834311, 0.673391640186, 0.651802420616, 0.280774414539, 0.24816699326, 0.25751978159, 0.19511730969, 0.255542635918, 0.302124321461, 0.208904877305, 0.183983013034, 0.186784222722, 0.163738980889, 0.26662415266, 0.258116662502, 0.163996204734, 0.181916117668, 0.159555703402, 0.159352555871, 0.301221907139, 0.282759934664, 0.233951643109, 0.395631492138, 0.332436084747, 0.236142411828, 0.274193584919, 0.311413139105, 0.420724868774, 0.638318896294, 0.66791164875, 0.479689717293, 0.38377392292, 0.30705550313, 0.576566815376],
    "chords_key": "F#",
    "chords_scale": "minor",
    "key_key": "C#",
    "key_scale": "minor"
}
}