{
"lowlevel": {
    "average_loudness": 0.975219547749,
    "barkbands_crest": {
        "mean": 11.8210525513,
        "var": 14.3053827286
    },
    "barkbands_flatness_db": {
        "mean": 0.160104632378,
        "var": 0.00191495707259
    },
    "barkbands_kurtosis": {
        "mean": 9.44836044312,
        "var": 67.0030059814
    },
    "barkbands_skewness": {
        "mean": 2.518866539,
        "var": 1.13275504112
    },
    "barkbands_spread": {
        "mean": 13.8155937195,
        "var": 92.0595550537
    },
    "dissonance": {
        "mean": 0.461169272661,
        "var": 0.000857622770127
    },
    "dynamic_complexity": 1.49750447273,
    "erbbands_crest": {
        "mean": 10.2887020111,
        "var": 23.8711509705
    },
    "erbbands_flatness_db": {
        "mean": 0.152455046773,
        "var": 0.0018322650576
    },
    "erbbands_kurtosis": {
        "mean": 1.1714502573,
        "var": 8.2559595108
    },
    "erbbands_skewness": {
        "mean": 1.02445065975,
        "var": 0.431695997715
    },
    "erbbands_spread": {
        "mean": 43.7347145081,
        "var": 446.050964355
    },
    "hfc": {
        "mean": 19.0018196106,
        "var": 93.572052002
    },
    "melbands_crest": {
        "mean": 14.5192461014,
        "var": 19.3958911896
    },
    "melbands_flatness_db": {
        "mean": 0.225072145462,
        "var": 0.00256862025708
    },
    "melbands_kurtosis": {
        "mean": 23.4195098877,
        "var": 391.792419434
    },
    "melbands_skewness": {
        "mean": 3.5272295475,
        "var": 2.54487681389
    },
    "melbands_spread": {
        "mean": 11.6127099991,
        "var": 79.766494751
    },
    "pitch_salience": {
        "mean": 0.586383581161,
        "var": 0.010293809697
    },
    "silence_rate_20dB": {
        "mean": 1,
        "var": 0
    },
    "silence_rate_30dB": {
        "mean": 1,
        "var": 0
    },
    "silence_rate_60dB": {
        "mean": 0.00772002059966,
        "var": 0.00766029348597
    },
    "spectral_centroid": {
        "mean": 782.22845459,
        "var": 281307.3125
    },
    "spectral_complexity": {
        "mean": 17.9644870758,
        "var": 50.8629760742
    },
    "spectral_decrease": {
        "mean": -9.50276923817e-009,
        "var": 1.65564153526e-017
    },
    "spectral_energy": {
        "mean": 0.0375891849399,
        "var": 0.00025203594123
    },
    "spectral_energyband_high": {
        "mean": 0.000685803010128,
        "var": 5.81587187298e-007
    },
    "spectral_energyband_low": {
        "mean": 0.00772466184571,
        "var": 7.01070166542e-005
    },
    "spectral_energyband_middle_high": {
        "mean": 0.00295726838522,
        "var": 1.19258593259e-005
    },
    "spectral_energyband_middle_low": {
        "mean": 0.0276367291808,
        "var": 0.000201949107577
    },
    "spectral_entropy": {
        "mean": 7.4222650528,
        "var": 0.15607444942
    },
    "spectral_flux": {
        "mean": 0.0921806395054,
        "var": 0.00141607644036
    },
    "spectral_kurtosis": {
        "mean": 4.32522583008,
        "var": 7.68072414398
    },
    "spectral_rms": {
        "mean": 0.00589009188116,
        "var": 1.97925919565e-006
    },
    "spectral_rolloff": {
        "mean": 744.817626953,
        "var": 1283674.375
    },
    "spectral_skewness": {
        "mean": 1.63827550411,
        "var": 0.182830870152
    },
    "spectral_spread": {
        "mean": 5007069,
        "var": 4.48283803648e+012
    },
    "spectral_strongpeak": {
        "mean": 1.07584416866,
        "var": 0.836243927479
    },
    "zerocrossingrate": {
        "mean": 0.0469654686749,
        "var": 0.00110546138603
    },
    "barkbands": {
        "mean": [3.38720747095e-005, 0.00256904098205, 0.00379848130979, 0.00280078849755, 0.0136404642835, 0.00459832744673, 0.00234193145297, 0.00148147088476, 0.00256828474812, 0.000704662874341, 0.000521139998455, 0.000336784956744, 0.00028061735793, 0.000232292994042, 0.000201675880817, 0.000250949669862, 0.000181226758286, 0.000125733116874, 0.000160545707331, 0.000164008350112, 0.000170781262568, 0.000117133364256, 9.67103260336e-005, 8.54415120557e-005, 8.33646045066e-005, 4.24236568506e-005, 1.0865967397e-006],
        "var": [4.19199253088e-009, 2.58894342551e-005, 2.38270549744e-005, 9.3247190307e-006, 0.000111902183562, 1.62384585565e-005, 1.91104809346e-005, 1.37442639243e-005, 2.69186621153e-005, 7.35640651328e-006, 8.38288940486e-007, 3.33374060801e-007, 5.23982919276e-007, 1.6505912015e-007, 1.1738909933e-007, 8.14270748606e-008, 3.2643882264e-008, 4.90449920676e-008, 4.22102068853e-008, 5.23769152494e-008, 5.41704316959e-008, 1.8548011127e-008, 1.70409357736e-008, 1.2282260542e-008, 1.59462754112e-008, 5.43855094293e-009, 1.0934611723e-011]
    },
    "erbbands": {
        "mean": [0.0657455325127, 0.663321971893, 3.5280148983, 7.68661403656, 19.9616603851, 55.0507888794, 61.608253479, 29.3192024231, 29.3571529388, 30.0923366547, 45.4648361206, 62.8320617676, 24.2219238281, 23.4724769592, 18.5326843262, 13.7798757553, 13.6000804901, 11.9427757263, 12.3317365646, 10.3943309784, 14.1441087723, 10.6816558838, 6.83031368256, 8.61905097961, 7.38706588745, 8.37328624725, 6.93936872482, 5.98656749725, 4.38839387894, 3.48194003105, 2.73259425163, 1.84568977356, 1.43846809864, 1.05302643776, 0.51762342453, 0.21423125267, 0.0758489593863, 0.00905477628112, 0.000209944992093, 5.08323901158e-005],
        "var": [0.0179595369846, 1.49623703957, 20.0651531219, 44.6133232117, 537.305725098, 1889.20544434, 3530.37329102, 834.797424316, 2349.09423828, 3923.79370117, 9839.84179688, 14836.3623047, 3360.33251953, 6755.43017578, 1262.03027344, 482.32699585, 1092.42749023, 389.732421875, 562.70880127, 256.492370605, 188.455169678, 101.955368042, 145.383728027, 116.055686951, 103.141433716, 138.927902222, 81.2197418213, 67.9632797241, 26.9776935577, 17.5795269012, 14.8016862869, 6.75166416168, 3.55166602135, 2.40995669365, 0.691608786583, 0.139000222087, 0.0180251598358, 0.000332205323502, 1.65424950183e-007, 5.17461629101e-010]
    },
    "gfcc": {
        "mean": [17.1485767365, 101.397422791, -101.780891418, 31.2502746582, -71.8971862793, 2.00475907326, -48.2046279907, 0.326985478401, -32.6667480469, -3.68477988243, -23.9210243225, -2.59490728378, -8.50715446472],
        "cov": [[4211.57763672, -532.418334961, -149.76171875, 64.3223342896, -311.100402832, 153.072921753, -222.037811279, 78.1871948242, -226.571594238, 118.512405396, -140.015106201, 59.9028625488, -127.625465393], [-532.418334961, 1279.56103516, -357.850799561, 2.00878715515, 245.229675293, -152.603179932, 204.256515503, -88.7076644897, 202.595748901, -153.51651001, 160.876678467, -90.2815170288, 141.195892334], [-149.76171875, -357.850799561, 505.597747803, 4.35156869888, 16.5265464783, 113.495117188, -8.04194831848, 117.640533447, -36.1876754761, 108.963417053, -50.3730506897, 72.4462890625, -47.9442596436], [64.3223342896, 2.00878715515, 4.35156869888, 201.101303101, 46.3975296021, 37.148601532, 12.5420923233, -5.07752847672, 34.8781509399, 0.884009897709, 29.4870357513, -4.86607551575, 23.6615829468], [-311.100402832, 245.229675293, 16.5265464783, 46.3975296021, 269.092132568, -4.63680839539, 46.8873252869, 20.1873397827, 54.0320205688, 15.357375145, 38.9080467224, 30.5609226227, 38.4999885559], [153.072921753, -152.603179932, 113.495117188, 37.148601532, -4.63680839539, 140.127227783, 44.4786834717, 55.979724884, -16.3642921448, 39.5534858704, -8.61148738861, 18.7799224854, -15.989616394], [-222.037811279, 204.256515503, -8.04194831848, 12.5420923233, 46.8873252869, 44.4786834717, 156.143920898, 32.6498985291, 51.1125526428, -15.6179542542, 36.6695137024, -8.76914787292, 22.6396694183], [78.1871948242, -88.7076644897, 117.640533447, -5.07752847672, 20.1873397827, 55.979724884, 32.6498985291, 113.405426025, 26.6596031189, 55.2418670654, -15.1807613373, 26.0859298706, -15.1451244354], [-226.571594238, 202.595748901, -36.1876754761, 34.8781509399, 54.0320205688, -16.3642921448, 51.1125526428, 26.6596031189, 120.523735046, 21.6420574188, 44.0662727356, -23.2362880707, 21.9213066101], [118.512405396, -153.51651001, 108.963417053, 0.884009897709, 15.357375145, 39.5534858704, -15.6179542542, 55.2418670654, 21.6420574188, 114.53099823, 5.45409965515, 29.5792160034, -29.8730869293], [-140.015106201, 160.876678467, -50.3730506897, 29.4870357513, 38.9080467224, -8.61148738861, 36.6695137024, -15.1807613373, 44.0662727356, 5.45409965515, 79.4002914429, 8.8153886795, 26.7102432251], [59.9028625488, -90.2815170288, 72.4462890625, -4.86607551575, 30.5609226227, 18.7799224854, -8.76914787292, 26.0859298706, -23.2362880707, 29.5792160034, 8.8153886795, 76.1297836304, 14.4509878159], [-127.625465393, 141.195892334, -47.9442596436, 23.6615829468, 38.4999885559, -15.989616394, 22.6396694183, -15.1451244354, 21.9213066101, -29.8730869293, 26.7102432251, 14.4509878159, 70.8613586426]],
        "icov": [[0.00060216372367, -0.000953146081883, 0.000904451182578, -0.00106605608016, 0.00111048377585, -0.000916419143323, 0.00105616881046, -0.00111389940139, 0.00174995779525, -0.00167194753885, 0.00157959980424, -0.0014418491628, 0.00101844430901], [-0.000953146081883, 0.00504190055653, -0.00123337062541, 0.00332765514031, -0.00409134011716, 0.00307741318829, -0.00378609774634, 0.00218381686136, -0.00520237768069, 0.00565088912845, -0.00620745308697, 0.00549062434584, -0.00390323484316], [0.000904451182578, -0.00123337062541, 0.0049469769001, -0.00189917499665, 0.00131940084975, -0.00237680971622, 0.00133873568848, -0.00321652228013, 0.00303733581677, -0.00396986724809, 0.00403660954908, -0.00414572423324, 0.00241015129723], [-0.00106605608016, 0.00332765514031, -0.00189917499665, 0.00932034850121, -0.00394825497642, -0.00139798026066, -0.000743377371691, 0.00358380633406, -0.00668110279366, 0.00555746397004, -0.00624205032364, 0.00516480812803, -0.00440532155335], [0.00111048377585, -0.00409134011716, 0.00131940084975, -0.00394825497642, 0.00844674091786, -0.00171057728585, 0.00209560710937, -0.00220283772796, 0.00328968581744, -0.00547155039385, 0.00539099564776, -0.00714634545147, 0.00234880764037], [-0.000916419143323, 0.00307741318829, -0.00237680971622, -0.00139798026066, -0.00171057728585, 0.0167156998068, -0.00842624157667, -0.00269154435955, 0.00312767527066, -0.0005203577457, -0.00415266957134, 0.00522571941838, -0.00279305246659], [0.00105616881046, -0.00378609774634, 0.00133873568848, -0.000743377371691, 0.00209560710937, -0.00842624157667, 0.0155215179548, -0.00578951695934, 0.000729401188437, 0.00116946233902, -0.000568056479096, -0.00223623821512, 0.00230148388073], [-0.00111389940139, 0.00218381686136, -0.00321652228013, 0.00358380633406, -0.00220283772796, -0.00269154435955, -0.00578951695934, 0.023259902373, -0.0130045432597, -3.65727501048e-005, 0.00574283534661, -0.00505768554285, 0.000554310216103], [0.00174995779525, -0.00520237768069, 0.00303733581677, -0.00668110279366, 0.00328968581744, 0.00312767527066, 0.000729401188437, -0.0130045432597, 0.0297401696444, -0.0148492949083, -0.0014419183135, 0.00710186176002, -0.00265535549261], [-0.00167194753885, 0.00565088912845, -0.00396986724809, 0.00555746397004, -0.00547155039385, -0.0005203577457, 0.00116946233902, -3.65727501048e-005, -0.0148492949083, 0.0273480396718, -0.0119891557842, 3.68354412785e-005, 0.00429564574733], [0.00157959980424, -0.00620745308697, 0.00403660954908, -0.00624205032364, 0.00539099564776, -0.00415266957134, -0.000568056479096, 0.00574283534661, -0.0014419183135, -0.0119891557842, 0.0332815684378, -0.0163662135601, 0.00375637109391], [-0.0014418491628, 0.00549062434584, -0.00414572423324, 0.00516480812803, -0.00714634545147, 0.00522571941838, -0.00223623821512, -0.00505768554285, 0.00710186176002, 3.68354412785e-005, -0.0163662135601, 0.0353081189096, -0.0165844261646], [0.00101844430901, -0.00390323484316, 0.00241015129723, -0.00440532155335, 0.00234880764037, -0.00279305246659, 0.00230148388073, 0.000554310216103, -0.00265535549261, 0.00429564574733, 0.00375637109391, -0.0165844261646, 0.0289008300751]]
    },
    "melbands": {
        "mean": [0.000664315884933, 0.00152392871678, 0.00156793755013, 0.00273611047305, 0.00226551271044, 0.000678904063534, 0.000460762588773, 0.000320591003401, 0.000414735055529, 0.000365652958862, 0.000109186927148, 9.47767621255e-005, 6.59273428028e-005, 3.90060304198e-005, 3.41564518749e-005, 2.71225417237e-005, 2.12197264773e-005, 2.08015098906e-005, 1.29390482471e-005, 1.60234085342e-005, 1.58856400958e-005, 1.15303864732e-005, 7.20773095964e-006, 5.68536552237e-006, 7.24382334738e-006, 5.48609295947e-006, 5.45553439224e-006, 5.42614088772e-006, 4.16877628595e-006, 4.14948954131e-006, 3.20480648952e-006, 2.45773230745e-006, 2.20054744204e-006, 1.79264122835e-006, 1.58297518738e-006, 1.29094530621e-006, 1.12616214665e-006, 1.06838876945e-006, 8.79724723291e-007, 9.01608757431e-007],
        "var": [1.81788016107e-006, 3.71893884221e-006, 1.74855210844e-006, 5.49057767785e-006, 3.97181656808e-006, 3.92143959971e-007, 6.27654287655e-007, 4.2071363282e-007, 8.35424316392e-007, 4.78610274968e-007, 9.17505218467e-008, 1.36173298415e-007, 1.55454245032e-008, 4.71516203859e-009, 4.91489426935e-009, 5.65265301233e-009, 1.40060496534e-009, 2.12237494246e-009, 4.54777465686e-010, 5.36707789323e-010, 2.40279934838e-010, 1.4192644282e-010, 5.92683402356e-011, 1.89745219537e-010, 8.60218007936e-011, 5.0236564908e-011, 7.71537000954e-011, 7.31898222583e-011, 2.92300281202e-011, 5.20299844875e-011, 1.96580425549e-011, 8.96126055305e-012, 7.21262416112e-012, 5.10595298681e-012, 5.21136345882e-012, 3.893612429e-012, 2.48233248193e-012, 2.15083940242e-012, 1.47602156192e-012, 2.00502830484e-012]
    },
    "mfcc": {
        "mean": [-627.251037598, 129.090927124, 17.668094635, 25.356628418, -2.25425720215, -1.8010623455, -8.15268039703, -5.5144739151, -4.32718896866, -7.31074237823, -10.5142297745, -7.5655040741, -5.96023845673],
        "cov": [[2001.13903809, -503.494934082, 32.262840271, -98.2251052856, -53.9387245178, 1.76331150532, 10.1567001343, -57.6295547485, -60.3085632324, -8.93473243713, -26.5296649933, -15.8141460419, -27.7802429199], [-503.494934082, 1054.99389648, -316.281829834, 130.713439941, 37.5713424683, 7.78471183777, 7.62342119217, 72.5530319214, 41.6225242615, -8.76081848145, 48.870765686, 18.5798664093, 25.1242523193], [32.262840271, -316.281829834, 409.065856934, -54.0049819946, -4.90051031113, 11.0037002563, 41.8635826111, 6.89432668686, 29.2143135071, 31.623884201, 10.3479146957, 31.8904857635, 9.79057693481], [-98.2251052856, 130.713439941, -54.0049819946, 156.750183105, 67.2898483276, 33.3926429749, 1.11101126671, 21.8535442352, 15.3344306946, 12.1819200516, 1.68970811367, 6.41588687897, 20.357585907], [-53.9387245178, 37.5713424683, -4.90051031113, 67.2898483276, 159.134674072, 26.2957038879, 11.5203704834, 3.48465228081, 23.9044761658, 8.9900560379, 9.56786823273, 2.3108727932, 33.95936203], [1.76331150532, 7.78471183777, 11.0037002563, 33.3926429749, 26.2957038879, 83.5597457886, 42.7237701416, 20.9370822906, 7.4561009407, 17.0781936646, 10.1902141571, 8.06922054291, 2.48588466644], [10.1567001343, 7.62342119217, 41.8635826111, 1.11101126671, 11.5203704834, 42.7237701416, 93.5677490234, 47.7226295471, 18.680727005, 8.43611431122, 8.26783561707, 8.44725418091, 11.0422086716], [-57.6295547485, 72.5530319214, 6.89432668686, 21.8535442352, 3.48465228081, 20.9370822906, 47.7226295471, 83.8042221069, 34.772808075, 11.7494668961, 1.76691710949, 6.90934562683, 9.20877456665], [-60.3085632324, 41.6225242615, 29.2143135071, 15.3344306946, 23.9044761658, 7.4561009407, 18.680727005, 34.772808075, 75.9405975342, 34.408657074, 23.4956054688, 13.900220871, 11.7601127625], [-8.93473243713, -8.76081848145, 31.623884201, 12.1819200516, 8.9900560379, 17.0781936646, 8.43611431122, 11.7494668961, 34.408657074, 71.8087844849, 43.6975135803, 24.7866325378, 0.300621896982], [-26.5296649933, 48.870765686, 10.3479146957, 1.68970811367, 9.56786823273, 10.1902141571, 8.26783561707, 1.76691710949, 23.4956054688, 43.6975135803, 77.7225265503, 39.0517959595, 6.42303371429], [-15.8141460419, 18.5798664093, 31.8904857635, 6.41588687897, 2.3108727932, 8.06922054291, 8.44725418091, 6.90934562683, 13.900220871, 24.7866325378, 39.0517959595, 61.5696372986, 27.7639560699], [-27.7802429199, 25.1242523193, 9.79057693481, 20.357585907, 33.95936203, 2.48588466644, 11.0422086716, 9.20877456665, 11.7601127625, 0.300621896982, 6.42303371429, 27.7639560699, 67.6590499878]],
        "icov": [[0.000598090817221, 0.000321329949657, 0.000251855264651, 0.000126598402858, 6.83737525833e-005, -1.97608060262e-005, -0.000343238643836, 0.000216493339394, 0.000182348187082, -8.92909010872e-005, 4.43468306912e-005, -0.000124733298435, 6.03498228884e-005], [0.000321329949657, 0.00176055822521, 0.00126815517433, -0.000846046954393, 0.000200925249374, 0.000308725459035, -0.000210963000427, -0.00099907303229, -0.000661544443574, 0.00128858990502, -0.00153123226482, -0.000319495855365, -6.82110930939e-006], [0.000251855264651, 0.00126815517433, 0.00396254844964, 0.000653096707538, -0.000128241430502, 0.000314020813676, -0.00176685943734, 0.000351250782842, -0.00148917245679, -0.000549501855858, 0.000833064841572, -0.00238584773615, 0.000317203113809], [0.000126598402858, -0.000846046954393, 0.000653096707538, 0.0102722709998, -0.00352857657708, -0.00375259877183, 0.00305778044276, -0.00236133253202, 0.000612598028965, -0.00227692979388, 0.00265661184676, -0.00111674959771, -0.000978145399131], [6.83737525833e-005, 0.000200925249374, -0.000128241430502, -0.00352857657708, 0.00950470007956, -0.00177330418956, -0.000695083523169, 0.00254442938603, -0.00282870372757, 0.000931880727876, -0.00214452552609, 0.00386436213739, -0.00479922257364], [-1.97608060262e-005, 0.000308725459035, 0.000314020813676, -0.00375259877183, -0.00177330418956, 0.0191427078098, -0.00931648537517, 0.000536803447176, 0.00260217487812, -0.00374101777561, 0.000498712761328, -0.00177220650949, 0.00283926399425], [-0.000343238643836, -0.000210963000427, -0.00176685943734, 0.00305778044276, -0.000695083523169, -0.00931648537517, 0.0214971508831, -0.0110035492107, 0.000573533761781, 0.00262311194092, -0.00299513014033, 0.00204138900153, -0.00271124904975], [0.000216493339394, -0.00099907303229, 0.000351250782842, -0.00236133253202, 0.00254442938603, 0.000536803447176, -0.0110035492107, 0.0232578143477, -0.00844442937523, -0.0012579561444, 0.00507648009807, -0.00171961926389, 0.000150102685438], [0.000182348187082, -0.000661544443574, -0.00148917245679, 0.000612598028965, -0.00282870372757, 0.00260217487812, 0.000573533761781, -0.00844442937523, 0.0231121629477, -0.00903316494077, -0.0020407892298, 0.00217850273475, -0.00194570422173], [-8.92909010872e-005, 0.00128858990502, -0.000549501855858, -0.00227692979388, 0.000931880727876, -0.00374101777561, 0.00262311194092, -0.0012579561444, -0.00903316494077, 0.0283356364816, -0.0128981862217, -0.00232089497149, 0.0032833116129], [4.43468306912e-005, -0.00153123226482, 0.000833064841572, 0.00265661184676, -0.00214452552609, 0.000498712761328, -0.00299513014033, 0.00507648009807, -0.0020407892298, -0.0128981862217, 0.0292566306889, -0.0152780469507, 0.00442684907466], [-0.000124733298435, -0.000319495855365, -0.00238584773615, -0.00111674959771, 0.00386436213739, -0.00177220650949, 0.00204138900153, -0.00171961926389, 0.00217850273475, -0.00232089497149, -0.0152780469507, 0.0341806150973, -0.0141689237207], [6.03498228884e-005, -6.82110930939e-006, 0.000317203113809, -0.000978145399131, -0.00479922257364, 0.00283926399425, -0.00271124904975, 0.000150102685438, -0.00194570422173, 0.0032833116129, 0.00442684907466, -0.0141689237207, 0.0234998501837]]
    },
    "spectral_contrast_coeffs": {
        "mean": [-0.520252346992, -0.704635798931, -0.773489952087, -0.806458473206, -0.811895191669, -0.743224203587],
        "var": [0.00874748267233, 0.00480542285368, 0.00421851407737, 0.00146091450006, 0.000701280485373, 0.00104362156708]
    },
    "spectral_contrast_valleys": {
        "mean": [-7.21834993362, -6.27419519424, -7.07889795303, -7.58726453781, -7.45374679565, -10.1768922806],
        "var": [1.23367488384, 0.932839989662, 0.89048999548, 0.854518830776, 0.879833459854, 1.12245154381]
    }
},
"metadata": {
    "audio_properties": {
        "analysis_sample_rate": 44100,
        "bit_rate": 106405,
        "equal_loudness": 0,
        "length": 45.0873451233,
        "lossless": 0,
        "replay_gain": -14.8553714752,
        "sample_rate": 44100,
        "codec": "mp3",
        "downmix": "mix",
        "md5_encoded": "703af0264784cb2b30f8fc89717196c7"
    },
    "tags": {
        "file_name": "973.mp3"
    },
    "version": {
        "essentia": "2.1-beta2",
        "essentia_git_sha": "v2.1_beta2",
        "extractor": "music 1.0"
    }
},
"rhythm": {
    "beats_count": 109,
    "beats_loudness": {
        "mean": 0.0441327616572,
        "var": 0.000222247181227
    },
    "bpm": 145.124710083,
    "bpm_histogram_first_peak_bpm": {
        "mean": 144,
        "var": 0
    },
    "bpm_histogram_first_peak_spread": {
        "mean": 0.46739128232,
        "var": 0
    },
    "bpm_histogram_first_peak_weight": {
        "mean": 0.453703701496,
        "var": 0
    },
    "bpm_histogram_second_peak_bpm": {
        "mean": 152,
        "var": 0
    },
    "bpm_histogram_second_peak_spread": {
        "mean": 0,
        "var": 0
    },
    "bpm_histogram_second_peak_weight": {
        "mean": 0.101851850748,
        "var": 0
    },
    "danceability": 1.29781901836,
    "onset_rate": 3.0152027607,
    "beats_loudness_band_ratio": {
        "mean": [0.331474035978, 0.471440285444, 0.16441860795, 0.0426007509232, 0.024796847254, 0.0410384088755],
        "var": [0.0323476269841, 0.0361465029418, 0.0205211769789, 0.00154736731201, 0.000502961629536, 0.00118737702724]
    },
    "beats_position": [0.429569154978, 0.859138309956, 1.26548755169, 1.67183673382, 2.06657600403, 2.46131515503, 2.87927436829, 3.29723358154, 3.7151927948, 4.13315200806, 4.55111122131, 4.96907043457, 5.3754196167, 5.78176879883, 6.19972801208, 6.6176867485, 7.03564596176, 7.44199514389, 7.84834432602, 8.25469398499, 8.66104316711, 9.06739234924, 9.47374153137, 9.89170074463, 10.3096599579, 10.7276191711, 11.1455783844, 11.5519275665, 11.9582767487, 12.3646259308, 12.7709751129, 13.1889343262, 13.6068935394, 14.0248527527, 14.4428119659, 14.8375511169, 15.2555103302, 15.6618595123, 16.0798187256, 16.50938797, 16.9273471832, 17.3453063965, 17.7632656097, 18.181224823, 18.5991840363, 19.0171432495, 19.4351024628, 19.853061676, 20.2826309204, 20.6889801025, 21.1069393158, 21.5132884979, 21.9196376801, 22.3259868622, 22.7439460754, 23.1502952576, 23.5682544708, 23.9978218079, 24.4157810211, 24.8337402344, 25.2400894165, 25.6580486298, 26.076007843, 26.4939670563, 26.9119262695, 27.3182754517, 27.7246246338, 28.1309738159, 28.537322998, 28.9436721802, 29.3616313934, 29.7679805756, 30.2091598511, 30.6271190643, 31.0450782776, 31.4514274597, 31.869386673, 32.2757377625, 32.6936950684, 33.111656189, 33.5180053711, 33.9243545532, 34.3423118591, 34.7486610413, 35.1666221619, 35.5845794678, 36.0025405884, 36.4088897705, 36.8268470764, 37.2331962585, 37.6395454407, 38.0575065613, 38.4754638672, 38.8818130493, 39.2881622314, 39.6945114136, 40.1008605957, 40.4956016541, 40.8903388977, 41.2850799561, 41.6798171997, 42.0629463196, 42.4460754395, 42.8408164978, 43.2355537415, 43.6186828613, 44.0018119812, 44.3965530396, 44.7912902832]
},
"tonal": {
    "chords_changes_rate": 0.084362141788,
    "chords_number_rate": 0.0102880662307,
    "chords_strength": {
        "mean": 0.493730992079,
        "var": 0.0107562793419
    },
    "hpcp_entropy": {
        "mean": 2.13792467117,
        "var": 0.540981769562
    },
    "key_strength": 0.620152652264,
    "tuning_diatonic_strength": 0.44945833087,
    "tuning_equal_tempered_deviation": 0.0888381227851,
    "tuning_frequency": 443.316436768,
    "tuning_nontempered_energy_ratio": 0.773614287376,
    "hpcp": {
        "mean": [0.10411824286, 0.129322573543, 0.298130124807, 0.460590094328, 0.306679010391, 0.12719270587, 0.101147338748, 0.0832075551152, 0.0972120761871, 0.121867716312, 0.115126401186, 0.134406387806, 0.164543017745, 0.153519421816, 0.199127584696, 0.189690902829, 0.111672259867, 0.145729839802, 0.162578552961, 0.106023587286, 0.085815384984, 0.0841114968061, 0.103446401656, 0.17634344101, 0.161429509521, 0.066841326654, 0.0363438166678, 0.0395056046546, 0.056936070323, 0.0762884318829, 0.0698691979051, 0.0661009773612, 0.100561983883, 0.132885277271, 0.121976971626, 0.103085920215],
        "var": [0.0441726595163, 0.0531642362475, 0.0771893933415, 0.16877669096, 0.0863963440061, 0.04765933007, 0.0431405343115, 0.0320515297353, 0.0374719910324, 0.060661252588, 0.0484113842249, 0.0552927814424, 0.0889666602015, 0.0522361062467, 0.0742291435599, 0.0709950327873, 0.0302285980433, 0.0656800717115, 0.0883475765586, 0.0355970002711, 0.0325590372086, 0.0284553952515, 0.0308468975127, 0.0525330789387, 0.0438858941197, 0.0154628613964, 0.0100370813161, 0.0111649464816, 0.0191285386682, 0.034091655165, 0.0291435662657, 0.0172217600048, 0.0313223972917, 0.0633654296398, 0.0518427155912, 0.0415484420955]
    },
    "chords_histogram": [7.09876537323, 0.411522626877, 33.3333320618, 0, 0, 8.64197540283, 0, 0, 0, 0, 0, 1.23456788063, 18.9300403595, 2.16049385071, 0, 0, 0, 0, 0, 23.148147583, 0, 1.33744859695, 2.36625504494, 1.33744859695],
    "thpcp": [1, 0.665839374065, 0.276151627302, 0.219603806734, 0.180654242635, 0.211059853435, 0.264590412378, 0.249954134226, 0.291813462973, 0.357243925333, 0.333310306072, 0.432331442833, 0.411843210459, 0.242454752326, 0.316398113966, 0.352978825569, 0.230190768838, 0.186316177249, 0.182616814971, 0.224595367908, 0.382864177227, 0.350484102964, 0.145121067762, 0.0789070725441, 0.0857717171311, 0.12361548841, 0.165631935, 0.151694968343, 0.143513679504, 0.218332931399, 0.288510918617, 0.264827609062, 0.223812714219, 0.226054027677, 0.280775845051, 0.647278606892],
    "chords_key": "A#",
    "chords_scale": "major",
    "key_key": "D#",
    "key_scale": "major"
}
}