{
"lowlevel": {
    "average_loudness": 0.949063420296,
    "barkbands_crest": {
        "mean": 8.61585330963,
        "var": 10.7791786194
    },
    "barkbands_flatness_db": {
        "mean": 0.198348760605,
        "var": 0.00150134263095
    },
    "barkbands_kurtosis": {
        "mean": 2.78552389145,
        "var": 28.4258022308
    },
    "barkbands_skewness": {
        "mean": 1.04220461845,
        "var": 0.758140444756
    },
    "barkbands_spread": {
        "mean": 10.9939575195,
        "var": 27.2710781097
    },
    "dissonance": {
        "mean": 0.450132131577,
        "var": 0.00107286917046
    },
    "dynamic_complexity": 2.55479693413,
    "erbbands_crest": {
        "mean": 11.0248565674,
        "var": 24.9269981384
    },
    "erbbands_flatness_db": {
        "mean": 0.229435533285,
        "var": 0.00140718661714
    },
    "erbbands_kurtosis": {
        "mean": 1.39432895184,
        "var": 6.2771282196
    },
    "erbbands_skewness": {
        "mean": 0.405312955379,
        "var": 0.597644865513
    },
    "erbbands_spread": {
        "mean": 18.9065494537,
        "var": 72.8206558228
    },
    "hfc": {
        "mean": 15.1556949615,
        "var": 199.859558105
    },
    "melbands_crest": {
        "mean": 10.8420038223,
        "var": 12.9961605072
    },
    "melbands_flatness_db": {
        "mean": 0.262876063585,
        "var": 0.00269133783877
    },
    "melbands_kurtosis": {
        "mean": 4.74322509766,
        "var": 49.3184394836
    },
    "melbands_skewness": {
        "mean": 1.4605962038,
        "var": 0.838501095772
    },
    "melbands_spread": {
        "mean": 15.0891294479,
        "var": 62.9752731323
    },
    "pitch_salience": {
        "mean": 0.609735906124,
        "var": 0.00678470963612
    },
    "silence_rate_20dB": {
        "mean": 1,
        "var": 0
    },
    "silence_rate_30dB": {
        "mean": 1,
        "var": 0
    },
    "silence_rate_60dB": {
        "mean": 0.0169840455055,
        "var": 0.0166957620531
    },
    "spectral_centroid": {
        "mean": 776.860351563,
        "var": 159759.421875
    },
    "spectral_complexity": {
        "mean": 16.1379318237,
        "var": 35.8738861084
    },
    "spectral_decrease": {
        "mean": -6.30556451497e-009,
        "var": 1.665776483e-017
    },
    "spectral_energy": {
        "mean": 0.0251733362675,
        "var": 0.000273242942058
    },
    "spectral_energyband_high": {
        "mean": 0.000105299564893,
        "var": 5.51913679203e-008
    },
    "spectral_energyband_low": {
        "mean": 0.00544672412798,
        "var": 2.36385585595e-005
    },
    "spectral_energyband_middle_high": {
        "mean": 0.00719191785902,
        "var": 6.06883768342e-005
    },
    "spectral_energyband_middle_low": {
        "mean": 0.0143587170169,
        "var": 0.000109667867946
    },
    "spectral_entropy": {
        "mean": 6.92965459824,
        "var": 0.0783178880811
    },
    "spectral_flux": {
        "mean": 0.0657012611628,
        "var": 0.00107024447061
    },
    "spectral_kurtosis": {
        "mean": 11.7725782394,
        "var": 38.4069061279
    },
    "spectral_rms": {
        "mean": 0.004692976363,
        "var": 2.53537041317e-006
    },
    "spectral_rolloff": {
        "mean": 945.945373535,
        "var": 497709.21875
    },
    "spectral_skewness": {
        "mean": 2.44237661362,
        "var": 0.377725809813
    },
    "spectral_spread": {
        "mean": 2544311.5,
        "var": 1.19865750323e+012
    },
    "spectral_strongpeak": {
        "mean": 1.24173676968,
        "var": 1.70629918575
    },
    "zerocrossingrate": {
        "mean": 0.0349182672799,
        "var": 0.000372053589672
    },
    "barkbands": {
        "mean": [1.468253231e-005, 0.00277866353281, 0.00104324019048, 0.00295401550829, 0.00215586740524, 0.00303353415802, 0.00335437804461, 0.00143587286584, 0.000995149603114, 0.00172414781991, 0.00189028528985, 0.00147637934424, 0.000527872063685, 0.000667102984153, 0.000295570818707, 0.000266949442448, 0.000184692180483, 0.000130333559355, 0.00012866385805, 5.51242592337e-005, 2.80168605968e-005, 1.9189214072e-005, 6.4881724029e-006, 3.65825121662e-006, 1.74260503627e-006, 1.69953250406e-006, 3.95905352946e-008],
        "var": [7.5775137276e-009, 6.7576092988e-006, 1.2195881709e-006, 1.32815530378e-005, 4.52924450656e-006, 7.29397424948e-006, 3.93984519178e-005, 3.76273510483e-006, 3.33096204486e-006, 8.38927826408e-006, 7.90127251094e-006, 5.21450238011e-006, 2.01366219699e-006, 1.60468357535e-006, 5.92905450958e-007, 3.28407310235e-007, 2.20794603933e-007, 6.52571543469e-008, 1.07493107748e-007, 1.57881352436e-008, 5.87377657624e-009, 3.85881904208e-009, 7.16857295746e-010, 8.92563592481e-011, 1.66176222088e-011, 9.00064675569e-011, 7.06166353691e-014]
    },
    "erbbands": {
        "mean": [0.0473685078323, 0.719616949558, 1.34573888779, 6.28942203522, 7.05467319489, 8.15964984894, 15.3024492264, 26.3018817902, 37.3489685059, 51.1608924866, 27.6885700226, 24.2548770905, 34.2504959106, 74.9109115601, 85.1408157349, 51.3404541016, 23.0458259583, 31.5835571289, 21.9585399628, 16.6777305603, 14.4054832458, 9.3132610321, 7.90507268906, 8.64046096802, 3.51172709465, 2.6345102787, 2.09317040443, 0.868399679661, 0.652492165565, 0.344273656607, 0.183670550585, 0.100884109735, 0.0456966347992, 0.0209169983864, 0.0114722410217, 0.0093662282452, 0.00244907708839, 0.000243626578595, 1.85468143172e-005, 2.91457618005e-005],
        "var": [0.0041627897881, 0.4553565979, 1.55081772804, 52.3257217407, 64.8024215698, 72.4806442261, 194.063735962, 647.27734375, 2794.58300781, 9446.16992188, 1048.98217773, 1762.54174805, 2925.13671875, 14436.9775391, 19936.7519531, 6698.20068359, 2692.86450195, 3085.40991211, 1448.13391113, 1581.70178223, 884.846984863, 456.545959473, 195.19619751, 512.257873535, 54.5278053284, 25.0270385742, 29.1242599487, 6.49882507324, 3.6118516922, 1.83029234409, 0.567224621773, 0.0791487470269, 0.00975565984845, 0.00217367103323, 0.000981977558695, 0.00266032805666, 0.000193387255422, 1.58839736741e-006, 1.09141284899e-009, 3.8278075154e-010]
    },
    "gfcc": {
        "mean": [-49.6514778137, 159.110458374, -135.789199829, 8.72090244293, -57.3999481201, 0.966338515282, -28.654800415, -3.36170959473, -20.2797412872, -4.23044252396, -5.56734323502, -1.60193896294, -1.30570840836],
        "cov": [[3846.91137695, 59.8876838684, -830.150939941, 187.67779541, 101.96585083, 112.549064636, 35.6608161926, 43.8480834961, 11.3430213928, 7.38099908829, 14.3491077423, -77.3866882324, -93.9891357422], [59.8876838684, 626.443725586, 160.618087769, 126.976234436, 232.170669556, 62.2308387756, 152.626174927, -46.3369255066, 81.2640914917, -94.8948745728, 44.4345550537, -125.461090088, 8.66238975525], [-830.150939941, 160.618087769, 1129.67004395, 326.808044434, 150.607711792, 184.465698242, 45.2348747253, 92.1893920898, -46.5839347839, 5.80498790741, -141.375991821, 5.44975709915, -52.2319221497], [187.67779541, 126.976234436, 326.808044434, 458.229919434, 95.0992279053, 86.1994934082, 66.468132019, 33.8871498108, 58.2343482971, -43.71534729, -20.8864765167, -91.233291626, -11.7953491211], [101.96585083, 232.170669556, 150.607711792, 95.0992279053, 272.354400635, 66.0625305176, 93.2991333008, 26.8325042725, -1.00820827484, -1.54300844669, -25.5572319031, -27.8546600342, -52.2196960449], [112.549064636, 62.2308387756, 184.465698242, 86.1994934082, 66.0625305176, 181.491210938, 59.7989234924, 16.2883911133, -12.0861186981, -17.8934783936, -13.3411388397, 0.869390964508, 14.5429077148], [35.6608161926, 152.626174927, 45.2348747253, 66.468132019, 93.2991333008, 59.7989234924, 132.646408081, -1.13620007038, 11.5045223236, -23.7568073273, 7.19125652313, -16.9675273895, -0.54286980629], [43.8480834961, -46.3369255066, 92.1893920898, 33.8871498108, 26.8325042725, 16.2883911133, -1.13620007038, 88.102935791, -5.77556180954, 32.2966499329, -21.0230178833, 18.2994689941, -18.7894287109], [11.3430213928, 81.2640914917, -46.5839347839, 58.2343482971, -1.00820827484, -12.0861186981, 11.5045223236, -5.77556180954, 114.602958679, -8.26071929932, 38.6195526123, -37.3753128052, -0.0769166648388], [7.38099908829, -94.8948745728, 5.80498790741, -43.71534729, -1.54300844669, -17.8934783936, -23.7568073273, 32.2966499329, -8.26071929932, 95.2667999268, -11.4925518036, 28.0837860107, -23.7019462585], [14.3491077423, 44.4345550537, -141.375991821, -20.8864765167, -25.5572319031, -13.3411388397, 7.19125652313, -21.0230178833, 38.6195526123, -11.4925518036, 83.787322998, -15.3703403473, 21.0869235992], [-77.3866882324, -125.461090088, 5.44975709915, -91.233291626, -27.8546600342, 0.869390964508, -16.9675273895, 18.2994689941, -37.3753128052, 28.0837860107, -15.3703403473, 97.8123550415, -0.448717325926], [-93.9891357422, 8.66238975525, -52.2319221497, -11.7953491211, -52.2196960449, 14.5429077148, -0.54286980629, -18.7894287109, -0.0769166648388, -23.7019462585, 21.0869235992, -0.448717325926, 82.7220535278]],
        "icov": [[0.000728928018361, -0.00123536481988, 0.00157609814778, -0.0013041786151, 0.000880770501681, -0.00165524787735, 0.00106132903602, -0.000862065760884, 0.000985295395367, -0.000746914243791, 0.00137609057128, -0.000885500048753, 0.00185626023449], [-0.00123536481988, 0.00860097724944, -0.00448487279937, 0.00441263988614, -0.00635419413447, 0.00423737661913, -0.00525559904054, 0.00321437977254, -0.00450668437406, 0.00466452213004, -0.00532783847302, 0.0071349660866, -0.00583828007802], [0.00157609814778, -0.00448487279937, 0.00558263063431, -0.0044380906038, 0.00307032209821, -0.0050949845463, 0.00363086303696, -0.00276589021087, 0.00311010796577, -0.00259801675566, 0.0057124667801, -0.00403361907229, 0.00516247050837], [-0.0013041786151, 0.00441263988614, -0.0044380906038, 0.00730471126735, -0.00320358155295, 0.00289558828808, -0.00387672544457, 0.000526611402165, -0.00433640368283, 0.00365981762297, -0.00301086623222, 0.00677910633385, -0.0042929071933], [0.000880770501681, -0.00635419413447, 0.00307032209821, -0.00320358155295, 0.0110614523292, -0.00408071046695, 9.48604792939e-006, -0.00327635649592, 0.00383029435761, -0.00363806053065, 0.00460677128285, -0.00354356085882, 0.00787160079926], [-0.00165524787735, 0.00423737661913, -0.0050949845463, 0.00289558828808, -0.00408071046695, 0.0125148296356, -0.00569396559149, 0.00175132683944, -0.00199704151601, 0.00304058310576, -0.00454433541745, 0.00213692337275, -0.00750499451533], [0.00106132903602, -0.00525559904054, 0.00363086303696, -0.00387672544457, 9.48604792939e-006, -0.00569396559149, 0.0153654040769, -0.00145147414878, 0.00237887864932, -0.00126197061036, 0.00213055266067, -0.00510799977928, 0.00334400869906], [-0.000862065760884, 0.00321437977254, -0.00276589021087, 0.000526611402165, -0.00327635649592, 0.00175132683944, -0.00145147414878, 0.0171115323901, -0.00239359727129, -0.00288587273099, -0.00130042887758, -0.000614995660726, -0.00198732735589], [0.000985295395367, -0.00450668437406, 0.00311010796577, -0.00433640368283, 0.00383029435761, -0.00199704151601, 0.00237887864932, -0.00239359727129, 0.0149992154911, -0.00313512282446, -0.00231358711608, -0.000959703000262, 0.00487803295255], [-0.000746914243791, 0.00466452213004, -0.00259801675566, 0.00365981762297, -0.00363806053065, 0.00304058310576, -0.00126197061036, -0.00288587273099, -0.00313512282446, 0.0170199405402, -0.00288957194425, 0.00166813959368, -0.000331221672241], [0.00137609057128, -0.00532783847302, 0.0057124667801, -0.00301086623222, 0.00460677128285, -0.00454433541745, 0.00213055266067, -0.00130042887758, -0.00231358711608, -0.00288957194425, 0.0231504496187, -0.00331404129975, 0.00197525741532], [-0.000885500048753, 0.0071349660866, -0.00403361907229, 0.00677910633385, -0.00354356085882, 0.00213692337275, -0.00510799977928, -0.000614995660726, -0.000959703000262, 0.00166813959368, -0.00331404129975, 0.0220357105136, -0.004677942954], [0.00185626023449, -0.00583828007802, 0.00516247050837, -0.0042929071933, 0.00787160079926, -0.00750499451533, 0.00334400869906, -0.00198732735589, 0.00487803295255, -0.000331221672241, 0.00197525741532, -0.004677942954, 0.0226964410394]]
    },
    "melbands": {
        "mean": [0.000627672823612, 0.000828832038678, 0.00112440926023, 0.000501823378727, 0.000505489995703, 0.000610419723671, 0.000620955659542, 0.000514050421771, 0.000205959571758, 0.000151598345838, 0.00016573924222, 0.000292563810945, 0.000279973028228, 0.000182297866559, 8.05975651019e-005, 5.15574683959e-005, 6.23566593276e-005, 4.14063761127e-005, 2.52413046837e-005, 1.95611737581e-005, 1.66266509041e-005, 1.12063053166e-005, 5.47919125893e-006, 6.95796506989e-006, 7.66319226386e-006, 2.86469844468e-006, 1.41181863e-006, 1.92017523659e-006, 1.79694347935e-006, 4.91108949063e-007, 5.0777970273e-007, 3.94069928689e-007, 2.86771381752e-007, 1.51202030452e-007, 1.20891186839e-007, 5.79375729615e-008, 6.47536637643e-008, 3.52345495003e-008, 2.21417515434e-008, 1.55769672716e-008],
        "var": [3.73515717911e-007, 5.72977683078e-007, 1.5662720898e-006, 2.52805591572e-007, 1.95594481056e-007, 3.37134537176e-007, 8.89432897111e-007, 7.75416083343e-007, 7.32525151648e-008, 8.48029628742e-008, 7.47492734376e-008, 2.45066246407e-007, 1.95664256353e-007, 7.92329331034e-008, 4.06022309107e-008, 1.80725088228e-008, 1.37477389472e-008, 6.16544504339e-009, 5.3850111037e-009, 1.6952756976e-009, 1.1007735834e-009, 7.72481523192e-010, 1.01287103704e-010, 1.91743551592e-010, 4.82126671919e-010, 4.59208955583e-011, 7.65110717837e-012, 1.65332920965e-011, 2.62207790203e-011, 1.34096282255e-012, 3.07984670753e-012, 1.35428365571e-012, 8.3636092843e-013, 5.15683849789e-013, 3.94922348946e-013, 1.65122940549e-014, 4.14137650497e-014, 6.21405520017e-015, 3.34532316738e-015, 1.2433184763e-015]
    },
    "mfcc": {
        "mean": [-687.929870605, 188.955047607, -18.8335647583, 13.1266393661, -10.2837677002, 2.35311293602, -2.45147395134, -0.612658023834, -5.30386590958, -3.65625762939, -7.50785589218, -0.512882471085, 1.30605328083],
        "cov": [[3339.09619141, -221.554824829, -849.707214355, -7.30319166183, -39.9821395874, 71.434387207, -7.47504663467, 54.2806892395, -38.2809448242, 87.2877960205, 107.299842834, 43.0987625122, -29.4246101379], [-221.554824829, 585.804077148, 16.1429538727, 43.8549919128, 116.643379211, 91.7954330444, 116.996871948, 51.3704071045, 44.1726341248, 21.9815711975, 14.633556366, 16.6324272156, 19.7387180328], [-849.707214355, 16.1429538727, 865.355285645, 246.369628906, 187.739807129, 126.389183044, 86.5834274292, 91.9370269775, 104.77796936, 37.5128097534, -7.69153308868, -25.9520759583, -19.999917984], [-7.30319166183, 43.8549919128, 246.369628906, 340.534545898, 130.101455688, 76.5896835327, 55.0759544373, 59.3186187744, 65.183555603, 57.8861503601, 39.7806930542, 30.3648757935, -16.8436374664], [-39.9821395874, 116.643379211, 187.739807129, 130.101455688, 187.202926636, 77.0614013672, 66.6925430298, 53.3281440735, 53.1015472412, 33.0809059143, 30.0247192383, 5.05351209641, 4.31316423416], [71.434387207, 91.7954330444, 126.389183044, 76.5896835327, 77.0614013672, 164.521194458, 88.893661499, 63.7704963684, 43.8927764893, 31.6744499207, 4.55830717087, -9.70919513702, -4.79539489746], [-7.47504663467, 116.996871948, 86.5834274292, 55.0759544373, 66.6925430298, 88.893661499, 151.985717773, 57.5756378174, 38.4934921265, 8.25900554657, -3.48218798637, -8.50062274933, 13.2035894394], [54.2806892395, 51.3704071045, 91.9370269775, 59.3186187744, 53.3281440735, 63.7704963684, 57.5756378174, 106.247787476, 33.5974617004, 9.34408664703, -1.28161466122, 9.57289028168, 3.55430722237], [-38.2809448242, 44.1726341248, 104.77796936, 65.183555603, 53.1015472412, 43.8927764893, 38.4934921265, 33.5974617004, 77.4276733398, 19.8240756989, 8.62450790405, -6.59875822067, 0.421576082706], [87.2877960205, 21.9815711975, 37.5128097534, 57.8861503601, 33.0809059143, 31.6744499207, 8.25900554657, 9.34408664703, 19.8240756989, 70.6019668579, 25.0206661224, 7.47684907913, -3.25988984108], [107.299842834, 14.633556366, -7.69153308868, 39.7806930542, 30.0247192383, 4.55830717087, -3.48218798637, -1.28161466122, 8.62450790405, 25.0206661224, 82.1920394897, 21.7320652008, -2.841381073], [43.0987625122, 16.6324272156, -25.9520759583, 30.3648757935, 5.05351209641, -9.70919513702, -8.50062274933, 9.57289028168, -6.59875822067, 7.47684907913, 21.7320652008, 76.9082946777, 16.8573246002], [-29.4246101379, 19.7387180328, -19.999917984, -16.8436374664, 4.31316423416, -4.79539489746, 13.2035894394, 3.55430722237, 0.421576082706, -3.25988984108, -2.841381073, 16.8573246002, 68.3290786743]],
        "icov": [[0.000604265544098, 0.000459419563413, 0.000889570161235, -0.000154597291839, -0.000360553676728, -0.000548993062694, -5.8791050833e-005, -0.000649489287753, 2.92532695312e-005, -0.000588743947446, -0.000389266875573, 5.11110010848e-005, 0.00032207777258], [0.000459419563413, 0.00263645243831, 0.0010174602503, 0.000264580739895, -0.00160783238243, -0.000792870356236, -0.00132281950209, -0.000295150879538, -0.00043442696915, -0.000596485158894, -0.000110949200462, -0.0006970797549, 0.000257660954958], [0.000889570161235, 0.0010174602503, 0.00316922808997, -0.00100739498157, -0.00178046966903, -0.00119418138638, 3.54362746293e-005, -0.00124387920368, -0.000990858767182, -0.000601289502811, 0.00028920872137, 0.000613418640569, 0.000693011970725], [-0.000154597291839, 0.000264580739895, -0.00100739498157, 0.00542824994773, -0.00186793575995, 0.000138775620144, -0.000591236224864, -0.000212713319343, -0.00151781586464, -0.00197075097822, -0.000432827568147, -0.00253604794852, 0.0016762042651], [-0.000360553676728, -0.00160783238243, -0.00178046966903, -0.00186793575995, 0.0109290620312, -0.000699005322531, -0.000730888277758, -0.00077060732292, -0.00128739583306, -6.59172583255e-005, -0.00263190711848, 0.000874709920026, -0.00155046535656], [-0.000548993062694, -0.000792870356236, -0.00119418138638, 0.000138775620144, -0.000699005322531, 0.0120827294886, -0.00421952782199, -0.002667036606, -0.000660168530885, -0.0029508350417, 0.000721621850971, 0.00124114286155, 0.00111059646588], [-5.8791050833e-005, -0.00132281950209, 3.54362746293e-005, -0.000591236224864, -0.000730888277758, -0.00421952782199, 0.0120810642838, -0.00253703445196, -0.00122357904911, 0.00194912473671, 0.000532827922143, 0.00184786645696, -0.00256425561383], [-0.000649489287753, -0.000295150879538, -0.00124387920368, -0.000212713319343, -0.00077060732292, -0.002667036606, -0.00253703445196, 0.0154614858329, -0.00270852120593, 0.00193289946765, 0.00204057409428, -0.00338845932856, -3.37596975442e-005], [2.92532695312e-005, -0.00043442696915, -0.000990858767182, -0.00151781586464, -0.00128739583306, -0.000660168530885, -0.00122357904911, -0.00270852120593, 0.0198078528047, -0.00226155575365, -0.00113846489694, 0.00303665595129, -0.00114043615758], [-0.000588743947446, -0.000596485158894, -0.000601289502811, -0.00197075097822, -6.59172583255e-005, -0.0029508350417, 0.00194912473671, 0.00193289946765, -0.00226155575365, 0.0198246985674, -0.00365592935123, -0.000330511771608, -0.0005338624469], [-0.000389266875573, -0.000110949200462, 0.00028920872137, -0.000432827568147, -0.00263190711848, 0.000721621850971, 0.000532827922143, 0.00204057409428, -0.00113846489694, -0.00365592935123, 0.0162583906204, -0.00405475031585, 0.00135907751974], [5.11110010848e-005, -0.0006970797549, 0.000613418640569, -0.00253604794852, 0.000874709920026, 0.00124114286155, 0.00184786645696, -0.00338845932856, 0.00303665595129, -0.000330511771608, -0.00405475031585, 0.0175726544112, -0.00490957964212], [0.00032207777258, 0.000257660954958, 0.000693011970725, 0.0016762042651, -0.00155046535656, 0.00111059646588, -0.00256425561383, -3.37596975442e-005, -0.00114043615758, -0.0005338624469, 0.00135907751974, -0.00490957964212, 0.0172377508134]]
    },
    "spectral_contrast_coeffs": {
        "mean": [-0.635041594505, -0.729556024075, -0.749626636505, -0.770922660828, -0.788365483284, -0.756199359894],
        "var": [0.00439728563651, 0.00347242597491, 0.00361436558887, 0.00370528409258, 0.00382370781153, 0.00258928025141]
    },
    "spectral_contrast_valleys": {
        "mean": [-7.34315729141, -6.16405344009, -6.85140037537, -7.84418487549, -8.39678955078, -11.7028055191],
        "var": [1.23900544643, 0.580665886402, 0.692735850811, 0.664265453815, 0.539017260075, 0.579877138138]
    }
},
"metadata": {
    "audio_properties": {
        "analysis_sample_rate": 44100,
        "bit_rate": 125172,
        "equal_loudness": 0,
        "length": 45.0873451233,
        "lossless": 0,
        "replay_gain": -12.0682525635,
        "sample_rate": 44100,
        "codec": "mp3",
        "downmix": "mix",
        "md5_encoded": "e469b41bf1f242d4d75f19e36405bc35"
    },
    "tags": {
        "file_name": "974.mp3"
    },
    "version": {
        "essentia": "2.1-beta2",
        "essentia_git_sha": "v2.1_beta2",
        "extractor": "music 1.0"
    }
},
"rhythm": {
    "beats_count": 77,
    "beats_loudness": {
        "mean": 0.0390389226377,
        "var": 0.000307753914967
    },
    "bpm": 104.337860107,
    "bpm_histogram_first_peak_bpm": {
        "mean": 105,
        "var": 0
    },
    "bpm_histogram_first_peak_spread": {
        "mean": 0.527777791023,
        "var": 0
    },
    "bpm_histogram_first_peak_weight": {
        "mean": 0.44736841321,
        "var": 0
    },
    "bpm_histogram_second_peak_bpm": {
        "mean": 96,
        "var": 0
    },
    "bpm_histogram_second_peak_spread": {
        "mean": 0.5,
        "var": 0
    },
    "bpm_histogram_second_peak_weight": {
        "mean": 0.0263157896698,
        "var": 0
    },
    "danceability": 1.06403362751,
    "onset_rate": 2.97086143494,
    "beats_loudness_band_ratio": {
        "mean": [0.440557599068, 0.17275968194, 0.187855631113, 0.184991806746, 0.0503475889564, 0.01176404953],
        "var": [0.0467615127563, 0.0075677735731, 0.0205205995589, 0.0164411626756, 0.00273956451565, 0.000571412558202]
    },
    "beats_position": [0.568888902664, 1.14938771725, 1.74149656296, 2.31038546562, 2.89088439941, 3.45977306366, 4.02866220474, 4.59755086899, 5.17804956436, 5.74693870544, 6.31582736969, 6.8963265419, 7.46521520615, 8.03410434723, 8.60299301147, 9.17188167572, 9.75238037109, 10.3328800201, 10.9017686844, 11.4706573486, 12.051156044, 12.6316547394, 13.2005443573, 13.7810430527, 14.361541748, 14.9420404434, 15.5225391388, 16.1030387878, 16.6719264984, 17.2524261475, 17.8097057343, 18.3669834137, 18.9474830627, 19.5163707733, 20.0852603912, 20.6657600403, 21.246257782, 21.8151473999, 22.3840351105, 22.9645347595, 23.5450344086, 24.1255321503, 24.7060317993, 25.2981395721, 25.8786392212, 26.470746994, 27.0280265808, 27.5969161987, 28.1658039093, 28.7346935272, 29.3035831451, 29.8840808868, 30.4645805359, 31.0334682465, 31.6023578644, 32.171245575, 32.7401351929, 33.3206329346, 33.8895225525, 34.4584121704, 35.0389099121, 35.6658477783, 36.2927894592, 36.8965072632, 37.5002250671, 38.0923347473, 38.6844444275, 39.2649421692, 39.8570518494, 40.4491615295, 41.0180473328, 41.5869369507, 42.1558265686, 42.7247161865, 43.2936058044, 43.8624954224, 44.4429931641]
},
"tonal": {
    "chords_changes_rate": 0.0493827164173,
    "chords_number_rate": 0.0113168722019,
    "chords_strength": {
        "mean": 0.416869193316,
        "var": 0.00400580931455
    },
    "hpcp_entropy": {
        "mean": 1.95414566994,
        "var": 0.440044075251
    },
    "key_strength": 0.768215119839,
    "tuning_diatonic_strength": 0.502613544464,
    "tuning_equal_tempered_deviation": 0.0420856848359,
    "tuning_frequency": 449.504882813,
    "tuning_nontempered_energy_ratio": 0.638413071632,
    "hpcp": {
        "mean": [0.134630963206, 0.0966707840562, 0.21609133482, 0.380060642958, 0.224276795983, 0.0761142522097, 0.0802520662546, 0.0746278464794, 0.16692648828, 0.241919860244, 0.13841059804, 0.100278653204, 0.163457795978, 0.126509338617, 0.100715495646, 0.122228570282, 0.088209785521, 0.199421882629, 0.421765267849, 0.308459311724, 0.0769155249, 0.0472267158329, 0.0524023659527, 0.166104957461, 0.271992951632, 0.149856999516, 0.0305174682289, 0.0239285565913, 0.039165109396, 0.160556823015, 0.21914061904, 0.109162151814, 0.0689928159118, 0.093372091651, 0.0630780160427, 0.0804416909814],
        "var": [0.0651016160846, 0.02626394853, 0.0495803579688, 0.125647440553, 0.0528884455562, 0.0190194714814, 0.0316131599247, 0.0224923864007, 0.0572802349925, 0.10970030725, 0.0395222753286, 0.0252774115652, 0.0815227329731, 0.051480460912, 0.0274150166661, 0.036067660898, 0.022801976651, 0.0442471727729, 0.152113050222, 0.0889448300004, 0.0230537839234, 0.0157133042812, 0.0182700362056, 0.0486571863294, 0.0989560335875, 0.028675397858, 0.0036066218745, 0.00317672337405, 0.00502643734217, 0.0610393695533, 0.0816015526652, 0.0191020816565, 0.0164098981768, 0.0361562892795, 0.012492201291, 0.0191306918859]
    },
    "chords_histogram": [32.3045272827, 5.76131677628, 2.57201647758, 7.71604919434, 14.7119340897, 0, 0, 0, 0.925925910473, 0, 0.102880656719, 2.98353910446, 0, 0, 0, 0, 0, 5.86419773102, 0, 4.52674913406, 0, 1.54320991039, 3.80658435822, 17.1810703278],
    "thpcp": [1, 0.73135304451, 0.182365715504, 0.111973933876, 0.124245330691, 0.393832713366, 0.644891798496, 0.355309009552, 0.0723565220833, 0.0567342974246, 0.0928599685431, 0.380678147078, 0.519579589367, 0.258822053671, 0.163581073284, 0.22138401866, 0.149557158351, 0.190726205707, 0.319208264351, 0.229205176234, 0.512349784374, 0.90111887455, 0.531757414341, 0.180465906858, 0.190276607871, 0.176941663027, 0.395780533552, 0.573588848114, 0.328169733286, 0.237759396434, 0.387556314468, 0.29995200038, 0.238795131445, 0.289802372456, 0.20914426446, 0.472826719284],
    "chords_key": "D#",
    "chords_scale": "major",
    "key_key": "D#",
    "key_scale": "major"
}
}