{
"lowlevel": {
    "average_loudness": 0.986685931683,
    "barkbands_crest": {
        "mean": 6.69689226151,
        "var": 6.09874486923
    },
    "barkbands_flatness_db": {
        "mean": 0.135260090232,
        "var": 0.000362067308743
    },
    "barkbands_kurtosis": {
        "mean": -0.883314669132,
        "var": 0.324897795916
    },
    "barkbands_skewness": {
        "mean": 0.497444391251,
        "var": 0.180010765791
    },
    "barkbands_spread": {
        "mean": 35.0284309387,
        "var": 26.2502479553
    },
    "dissonance": {
        "mean": 0.4895401299,
        "var": 6.44935280434e-005
    },
    "dynamic_complexity": 0.353844970465,
    "erbbands_crest": {
        "mean": 6.82979249954,
        "var": 6.46829414368
    },
    "erbbands_flatness_db": {
        "mean": 0.202186450362,
        "var": 0.000245059462031
    },
    "erbbands_kurtosis": {
        "mean": 0.315399616957,
        "var": 0.40507209301
    },
    "erbbands_skewness": {
        "mean": -0.436062335968,
        "var": 0.100085407495
    },
    "erbbands_spread": {
        "mean": 29.0524120331,
        "var": 27.8885574341
    },
    "hfc": {
        "mean": 41.9107322693,
        "var": 63.8177146912
    },
    "melbands_crest": {
        "mean": 13.2740745544,
        "var": 14.6282520294
    },
    "melbands_flatness_db": {
        "mean": 0.154862940311,
        "var": 0.000897119345609
    },
    "melbands_kurtosis": {
        "mean": 2.31947040558,
        "var": 6.58853340149
    },
    "melbands_skewness": {
        "mean": 1.63095605373,
        "var": 0.402063429356
    },
    "melbands_spread": {
        "mean": 42.9208374023,
        "var": 123.436859131
    },
    "pitch_salience": {
        "mean": 0.574928581715,
        "var": 0.00635487213731
    },
    "silence_rate_20dB": {
        "mean": 1,
        "var": 0
    },
    "silence_rate_30dB": {
        "mean": 1,
        "var": 0
    },
    "silence_rate_60dB": {
        "mean": 0.00205867225304,
        "var": 0.00205448735505
    },
    "spectral_centroid": {
        "mean": 2171.05883789,
        "var": 205089.875
    },
    "spectral_complexity": {
        "mean": 46.0648498535,
        "var": 31.4007091522
    },
    "spectral_decrease": {
        "mean": -9.70447899817e-009,
        "var": 5.97601968854e-018
    },
    "spectral_energy": {
        "mean": 0.0404283516109,
        "var": 8.81357045728e-005
    },
    "spectral_energyband_high": {
        "mean": 0.00169049506076,
        "var": 5.89351145663e-007
    },
    "spectral_energyband_low": {
        "mean": 0.0155425909907,
        "var": 9.19347658055e-005
    },
    "spectral_energyband_middle_high": {
        "mean": 0.0160356648266,
        "var": 1.34432730192e-005
    },
    "spectral_energyband_middle_low": {
        "mean": 0.0104778446257,
        "var": 1.91260623978e-005
    },
    "spectral_entropy": {
        "mean": 7.82982349396,
        "var": 0.0145786600187
    },
    "spectral_flux": {
        "mean": 0.112912550569,
        "var": 0.000353856186848
    },
    "spectral_kurtosis": {
        "mean": 2.26588916779,
        "var": 2.30668401718
    },
    "spectral_rms": {
        "mean": 0.00623421231285,
        "var": 5.76916420414e-007
    },
    "spectral_rolloff": {
        "mean": 2339.04956055,
        "var": 811396.875
    },
    "spectral_skewness": {
        "mean": 0.683290541172,
        "var": 0.0402287915349
    },
    "spectral_spread": {
        "mean": 2941640.5,
        "var": 2.33903017165e+012
    },
    "spectral_strongpeak": {
        "mean": 0.684346556664,
        "var": 0.901471495628
    },
    "zerocrossingrate": {
        "mean": 0.0717677921057,
        "var": 0.00051631993847
    },
    "barkbands": {
        "mean": [7.44740245864e-005, 0.0043326029554, 0.00842354167253, 0.00429837079719, 0.00228524394333, 0.000745458411984, 0.000327496643877, 0.000511003483552, 0.00111617310904, 0.00198087305762, 0.00272655952722, 0.00163101707585, 0.00110038660932, 0.00184108235408, 0.00181967730168, 0.00128385424614, 0.00122024083976, 0.00112900102977, 0.00144664477557, 0.00089317583479, 0.00085501675494, 0.000305348774418, 5.77997889195e-005, 1.96290438907e-005, 3.64349261872e-006, 5.77182461825e-008, 1.79831360914e-009],
        "var": [1.46846801385e-008, 2.05440537684e-005, 4.24731661042e-005, 1.01265995909e-005, 3.34055403073e-006, 3.33776824846e-007, 7.3528568123e-008, 1.82899199785e-007, 7.49810340039e-007, 3.12513907375e-006, 4.46196554549e-006, 1.28774104269e-006, 6.39028201022e-007, 2.79893788502e-006, 1.80379436188e-006, 4.8844168532e-007, 5.42231134659e-007, 3.16495572861e-007, 4.29913455946e-007, 1.73401417669e-007, 1.87916214145e-007, 4.031612022e-008, 1.66388491873e-009, 2.96538404942e-010, 2.57801505837e-011, 8.62212709405e-015, 1.46301648232e-017]
    },
    "erbbands": {
        "mean": [0.084527656436, 1.18488514423, 7.44933843613, 14.9105815887, 11.8816223145, 5.16719675064, 4.70903205872, 6.4252114296, 5.67222309113, 7.6290268898, 11.2448101044, 25.839132309, 70.0006408691, 44.4741706848, 137.466369629, 60.0444259644, 52.6277084351, 84.5958099365, 107.248550415, 75.0600128174, 68.7308502197, 66.1695632935, 62.8899612427, 72.9642715454, 60.5930938721, 43.1837005615, 39.0506668091, 26.8927001953, 12.88230896, 4.32330703735, 1.48152399063, 0.608829021454, 0.23939037323, 0.0782800391316, 0.00680131604895, 0.000765161472373, 0.000100247401861, 1.98628804355e-005, 2.59352545982e-005, 5.04879208165e-005],
        "var": [0.0135276708752, 1.29224824905, 32.0818443298, 105.364730835, 107.551422119, 13.9088249207, 14.3825521469, 30.4472808838, 20.374710083, 46.8532409668, 91.9862213135, 397.092468262, 4065.66577148, 839.864196777, 11330.5322266, 1260.47485352, 1197.33117676, 6274.24755859, 5840.09326172, 1276.23852539, 897.333984375, 1326.1484375, 897.986816406, 1298.76745605, 660.630065918, 395.703155518, 347.198669434, 229.428482056, 70.7272796631, 7.89936494827, 1.29865193367, 0.254915565252, 0.0471592433751, 0.0109106656164, 5.7737899624e-005, 6.70122062729e-007, 2.19872937635e-008, 4.14991430109e-010, 2.4960809461e-011, 1.09458039854e-010]
    },
    "gfcc": {
        "mean": [29.6222953796, 131.211715698, -186.288391113, 70.6777954102, -48.8442268372, 17.2280540466, -8.86462306976, -10.9055767059, -14.1399078369, -21.6902503967, -8.72331142426, -20.8574848175, 1.2984508276],
        "cov": [[3001.94116211, 216.522079468, -400.825042725, 189.376205444, -184.414871216, 86.0675354004, -46.4401817322, -2.61969017982, -50.3044700623, -35.1559486389, -36.5823822021, -40.4995613098, 5.13017225266], [216.522079468, 197.982849121, -61.6015586853, 1.80880665779, 56.3584976196, -41.3012733459, 34.6826095581, -20.9907875061, 29.3214187622, -14.1362628937, 24.3581447601, -6.69844913483, 11.9941616058], [-400.825042725, -61.6015586853, 155.631546021, 7.52243757248, 30.0231800079, 30.7042140961, -5.7579240799, 24.770866394, 2.70051240921, 20.7568798065, 0.783307552338, 13.4006605148, -1.59867656231], [189.376205444, 1.80880665779, 7.52243757248, 68.276260376, 11.7906360626, 19.83020401, 8.46810817719, 3.4447517395, 6.28165149689, 5.22088527679, 3.62174320221, -1.39321506023, -1.48208761215], [-184.414871216, 56.3584976196, 30.0231800079, 11.7906360626, 102.547805786, 2.57464289665, 31.8997573853, 2.47682380676, 19.0177154541, 9.44282627106, 12.6856641769, 2.1165933609, -2.79461455345], [86.0675354004, -41.3012733459, 30.7042140961, 19.83020401, 2.57464289665, 70.1361541748, 4.09652662277, 20.0078144073, -3.26122450829, 5.78243637085, -1.48545908928, 0.702780842781, 1.06194913387], [-46.4401817322, 34.6826095581, -5.7579240799, 8.46810817719, 31.8997573853, 4.09652662277, 80.2978897095, 18.8732833862, 18.1867771149, 0.319588601589, 1.69202852249, 5.42435932159, -0.32597514987], [-2.61969017982, -20.9907875061, 24.770866394, 3.4447517395, 2.47682380676, 20.0078144073, 18.8732833862, 51.914390564, 17.2130966187, 17.7470417023, 2.76392769814, 9.21692180634, 4.75241708755], [-50.3044700623, 29.3214187622, 2.70051240921, 6.28165149689, 19.0177154541, -3.26122450829, 18.1867771149, 17.2130966187, 48.9461021423, 23.8076267242, 17.7589435577, 4.82918691635, 5.64739990234], [-35.1559486389, -14.1362628937, 20.7568798065, 5.22088527679, 9.44282627106, 5.78243637085, 0.319588601589, 17.7470417023, 23.8076267242, 52.7335853577, 23.0937976837, 12.5800905228, 2.32674980164], [-36.5823822021, 24.3581447601, 0.783307552338, 3.62174320221, 12.6856641769, -1.48545908928, 1.69202852249, 2.76392769814, 17.7589435577, 23.0937976837, 46.2275772095, 19.4126377106, 9.45466899872], [-40.4995613098, -6.69844913483, 13.4006605148, -1.39321506023, 2.1165933609, 0.702780842781, 5.42435932159, 9.21692180634, 4.82918691635, 12.5800905228, 19.4126377106, 37.9989280701, 16.3279151917], [5.13017225266, 11.9941616058, -1.59867656231, -1.48208761215, -2.79461455345, 1.06194913387, -0.32597514987, 4.75241708755, 5.64739990234, 2.32674980164, 9.45466899872, 16.3279151917, 32.0986595154]],
        "icov": [[0.00581079116091, -0.0161377880722, 0.0138381356373, -0.0168282464147, 0.0125325387344, -0.0143733285367, 0.00895340181887, -0.00981834158301, 0.0116890519857, -0.0111267725006, 0.0141622675583, -0.0098232999444, 0.00770027050748], [-0.0161377880722, 0.0567111112177, -0.0350859463215, 0.0462746471167, -0.0407736711204, 0.0445388145745, -0.0272865220904, 0.029360583052, -0.0371685400605, 0.0367148518562, -0.0461455285549, 0.0328889377415, -0.0271298401058], [0.0138381356373, -0.0350859463215, 0.0428553074598, -0.0400891192257, 0.0245538018644, -0.0356886461377, 0.0236345995218, -0.0260338895023, 0.0274839363992, -0.0271977689117, 0.0348225496709, -0.0261277202517, 0.0187647063285], [-0.0168282464147, 0.0462746471167, -0.0400891192257, 0.0654522925615, -0.0370509661734, 0.0361173413694, -0.0269966963679, 0.0304086618125, -0.0356707088649, 0.0313445478678, -0.041481655091, 0.0291723608971, -0.0213903896511], [0.0125325387344, -0.0407736711204, 0.0245538018644, -0.0370509661734, 0.0436609387398, -0.033007081598, 0.0147086707875, -0.0183613989502, 0.0242697484791, -0.0266390386969, 0.0304090771824, -0.0218488276005, 0.020324062556], [-0.0143733285367, 0.0445388145745, -0.0356886461377, 0.0361173413694, -0.033007081598, 0.0568008907139, -0.0235131103545, 0.01744556427, -0.025168010965, 0.029131019488, -0.0390201844275, 0.0299146119505, -0.0234369840473], [0.00895340181887, -0.0272865220904, 0.0236345995218, -0.0269966963679, 0.0147086707875, -0.0235131103545, 0.032488103956, -0.0224172528833, 0.0138252601027, -0.0138185508549, 0.0258526969701, -0.0215869881213, 0.0163383036852], [-0.00981834158301, 0.029360583052, -0.0260338895023, 0.0304086618125, -0.0183613989502, 0.01744556427, -0.0224172528833, 0.0488783456385, -0.0295480731875, 0.0128844249994, -0.0190201029181, 0.0129946395755, -0.015677601099], [0.0116890519857, -0.0371685400605, 0.0274839363992, -0.0356707088649, 0.0242697484791, -0.025168010965, 0.0138252601027, -0.0295480731875, 0.0613194033504, -0.0362021364272, 0.0226513594389, -0.0128521816805, 0.0109044741839], [-0.0111267725006, 0.0367148518562, -0.0271977689117, 0.0313445478678, -0.0266390386969, 0.029131019488, -0.0138185508549, 0.0128844249994, -0.0362021364272, 0.0573924854398, -0.0417209863663, 0.016908487305, -0.0112819997594], [0.0141622675583, -0.0461455285549, 0.0348225496709, -0.041481655091, 0.0304090771824, -0.0390201844275, 0.0258526969701, -0.0190201029181, 0.0226513594389, -0.0417209863663, 0.0768363103271, -0.0440823733807, 0.0206461846828], [-0.0098232999444, 0.0328889377415, -0.0261277202517, 0.0291723608971, -0.0218488276005, 0.0299146119505, -0.0215869881213, 0.0129946395755, -0.0128521816805, 0.016908487305, -0.0440823733807, 0.0662934929132, -0.035410951823], [0.00770027050748, -0.0271298401058, 0.0187647063285, -0.0213903896511, 0.020324062556, -0.0234369840473, 0.0163383036852, -0.015677601099, 0.0109044741839, -0.0112819997594, 0.0206461846828, -0.035410951823, 0.055870372802]]
    },
    "melbands": {
        "mean": [0.000956544128712, 0.00324662076309, 0.00254226126708, 0.000588324095588, 0.000170218903804, 0.000145709316712, 8.04404335213e-005, 8.97246718523e-005, 9.32756520342e-005, 0.000178952832357, 0.000348472065525, 0.000156442678417, 0.000411763176089, 0.000254595535807, 0.000113702255476, 0.000105512524897, 0.000170372848515, 0.000174727945705, 0.000123419464217, 0.000101637837361, 7.41548792575e-005, 6.99996380717e-005, 6.44627361908e-005, 5.01356771565e-005, 6.09813432675e-005, 5.07945624122e-005, 3.42619641742e-005, 2.69522115559e-005, 2.47510761255e-005, 2.18555123865e-005, 1.31804390548e-005, 7.85743395681e-006, 4.28386920248e-006, 1.63194260949e-006, 8.83544316821e-007, 5.15235967669e-007, 3.19495825352e-007, 1.81835318358e-007, 1.12629663818e-007, 4.62456029027e-008],
        "var": [1.16356545732e-006, 5.50194636162e-006, 2.4469429718e-006, 2.29101701166e-007, 1.66415468073e-008, 1.37414764012e-008, 3.91503629515e-009, 6.57729071207e-009, 6.61438903649e-009, 2.02300682872e-008, 1.02124374735e-007, 1.43505802797e-008, 1.00815412907e-007, 3.22364748229e-008, 7.07579372872e-009, 6.16125461761e-009, 3.38322898585e-008, 1.64921409862e-008, 7.83690889961e-009, 3.35169825227e-009, 1.13369713617e-009, 1.60911672875e-009, 1.84264681291e-009, 5.98311566957e-010, 1.18337706301e-009, 5.53353252108e-010, 2.93609025981e-010, 1.90728863259e-010, 1.59367435915e-010, 1.54637552763e-010, 6.51723050527e-011, 2.86636322316e-011, 9.72107377234e-012, 1.26054548744e-012, 5.08529958594e-013, 2.06987950543e-013, 8.30606403427e-014, 2.76987651159e-014, 2.00191239589e-014, 5.05279674641e-015]
    },
    "mfcc": {
        "mean": [-574.500976563, 122.082420349, -50.9085464478, 45.9269790649, -8.38569831848, 26.6672401428, 9.91976070404, 12.9332666397, 5.59204864502, 2.10300707817, -6.19393348694, -4.92092323303, -8.01573467255],
        "cov": [[854.329223633, 15.2102584839, 19.651884079, 11.2240753174, -33.746963501, 23.1169071198, 5.55457830429, 6.78541231155, 13.2996559143, -5.34703111649, -4.63407278061, -14.5727443695, -10.932723999], [15.2102584839, 223.664474487, -86.3877029419, 49.5200462341, 6.35951709747, 7.38475561142, 1.63493847847, 9.80514812469, -2.61750626564, 13.3276119232, -4.90063714981, 7.50701713562, 7.26827859879], [19.651884079, -86.3877029419, 114.067420959, -22.3462638855, 20.8018798828, 0.82953953743, 3.68884110451, -1.70120716095, 6.64670038223, -6.91721487045, 8.42232131958, 0.865461349487, 1.81945443153], [11.2240753174, 49.5200462341, -22.3462638855, 78.0144042969, 6.18124055862, 13.9086551666, 5.52778625488, 8.56851482391, 4.81574726105, 12.0847606659, 7.23699760437, 5.89178228378, 2.21514892578], [-33.746963501, 6.35951709747, 20.8018798828, 6.18124055862, 74.0643844604, 15.4990148544, 5.14434719086, -4.71727609634, -0.213995397091, -2.41791701317, 11.8031377792, 9.82890224457, 0.811475992203], [23.1169071198, 7.38475561142, 0.82953953743, 13.9086551666, 15.4990148544, 47.0528030396, 17.6191291809, 8.51809883118, 3.93585729599, 5.48446846008, 4.17114114761, 2.63600945473, 1.57853770256], [5.55457830429, 1.63493847847, 3.68884110451, 5.52778625488, 5.14434719086, 17.6191291809, 46.1031303406, 20.8894920349, 10.590256691, 1.37957787514, 4.30106735229, 4.21237611771, 5.49570989609], [6.78541231155, 9.80514812469, -1.70120716095, 8.56851482391, -4.71727609634, 8.51809883118, 20.8894920349, 45.499370575, 19.986032486, 3.76061296463, -0.579036593437, 1.88839507103, 4.0205116272], [13.2996559143, -2.61750626564, 6.64670038223, 4.81574726105, -0.213995397091, 3.93585729599, 10.590256691, 19.986032486, 41.0686645508, 16.9382381439, 4.96073770523, -1.34017086029, 2.57306790352], [-5.34703111649, 13.3276119232, -6.91721487045, 12.0847606659, -2.41791701317, 5.48446846008, 1.37957787514, 3.76061296463, 16.9382381439, 41.7689247131, 17.4843597412, 3.75089097023, -0.121074289083], [-4.63407278061, -4.90063714981, 8.42232131958, 7.23699760437, 11.8031377792, 4.17114114761, 4.30106735229, -0.579036593437, 4.96073770523, 17.4843597412, 38.9586105347, 16.8230381012, 4.79324150085], [-14.5727443695, 7.50701713562, 0.865461349487, 5.89178228378, 9.82890224457, 2.63600945473, 4.21237611771, 1.88839507103, -1.34017086029, 3.75089097023, 16.8230381012, 35.7409553528, 17.968082428], [-10.932723999, 7.26827859879, 1.81945443153, 2.21514892578, 0.811475992203, 1.57853770256, 5.49570989609, 4.0205116272, 2.57306790352, -0.121074289083, 4.79324150085, 17.968082428, 38.2312240601]],
        "icov": [[0.00128500722349, -0.000402239034884, -0.000627999077551, -0.000138535920996, 0.00108489987906, -0.00101907190401, 0.000153067041538, 0.000331313814968, -0.000737217254937, 0.000840914668515, -0.000411904271459, 0.000249086937401, 0.000430909130955], [-0.000402239034884, 0.0076082572341, 0.00535443006083, -0.00285407574847, -0.00276428018697, 0.000952386122663, 0.00012668389536, -0.00164805038366, 0.00155909126624, -0.0024782649707, 0.00237421691418, -0.000667121901643, -0.00157337042037], [-0.000627999077551, 0.00535443006083, 0.0144042540342, 0.00117813434917, -0.00483885174617, 0.000812332786154, -0.000262413726887, -0.000440610660007, -0.00194088963326, 0.00141676934436, -0.00194207625464, 0.00105741014704, -0.00191644742154], [-0.000138535920996, -0.00285407574847, 0.00117813434917, 0.0164067018777, -0.000593232223764, -0.0035964155104, 0.000653724186122, -0.00191326544154, -7.32987537049e-005, -0.00215538102202, -0.0019425440114, -0.000789635523688, 0.000377384014428], [0.00108489987906, -0.00276428018697, -0.00483885174617, -0.000593232223764, 0.0186906792223, -0.00658136745915, -0.000141310272738, 0.00427124742419, -0.00299206445925, 0.00554592162371, -0.00489149754867, -0.00354930944741, 0.00304691283964], [-0.00101907190401, 0.000952386122663, 0.000812332786154, -0.0035964155104, -0.00658136745915, 0.028963342309, -0.00980776082724, -0.00192797835916, 0.00332526420243, -0.00523491203785, 0.00203862017952, 0.000949970795773, -0.000688771542627], [0.000153067041538, 0.00012668389536, -0.000262413726887, 0.000653724186122, -0.000141310272738, -0.00980776082724, 0.0319105796516, -0.0121189784259, -0.00234346347861, 0.00353132723831, -0.00363499484956, -2.93260000035e-005, -0.00227197539061], [0.000331313814968, -0.00164805038366, -0.000440610660007, -0.00191326544154, 0.00427124742419, -0.00192797835916, -0.0121189784259, 0.0359314717352, -0.0164635926485, 0.00468758959323, 0.00241548591293, -0.0033988088835, 0.00090969906887], [-0.000737217254937, 0.00155909126624, -0.00194088963326, -7.32987537049e-005, -0.00299206445925, 0.00332526420243, -0.00234346347861, -0.0164635926485, 0.0408710129559, -0.0178611651063, 0.00195344863459, 0.005735559389, -0.00416399817914], [0.000840914668515, -0.0024782649707, 0.00141676934436, -0.00215538102202, 0.00554592162371, -0.00523491203785, 0.00353132723831, 0.00468758959323, -0.0178611651063, 0.0411682762206, -0.0189376641065, 0.00197517313063, 0.00264541758224], [-0.000411904271459, 0.00237421691418, -0.00194207625464, -0.0019425440114, -0.00489149754867, 0.00203862017952, -0.00363499484956, 0.00241548591293, 0.00195344863459, -0.0189376641065, 0.0446173101664, -0.0193753950298, 0.00324476789683], [0.000249086937401, -0.000667121901643, 0.00105741014704, -0.000789635523688, -0.00354930944741, 0.000949970795773, -2.93260000035e-005, -0.0033988088835, 0.005735559389, 0.00197517313063, -0.0193753950298, 0.0487276688218, -0.0202605761588], [0.000430909130955, -0.00157337042037, -0.00191644742154, 0.000377384014428, 0.00304691283964, -0.000688771542627, -0.00227197539061, 0.00090969906887, -0.00416399817914, 0.00264541758224, 0.00324476789683, -0.0202605761588, 0.0362469777465]]
    },
    "spectral_contrast_coeffs": {
        "mean": [-0.611384093761, -0.793891906738, -0.772803425789, -0.780638992786, -0.789403796196, -0.613730490208],
        "var": [0.00440089544281, 0.00184837670531, 0.0017698580632, 0.000988529762253, 0.000489850877784, 0.000893612857908]
    },
    "spectral_contrast_valleys": {
        "mean": [-6.86083507538, -6.54993152618, -6.20365858078, -6.43714046478, -6.22656059265, -10.6514635086],
        "var": [0.918782651424, 0.862027466297, 0.869282364845, 0.818758428097, 0.805240750313, 0.651293575764]
    }
},
"metadata": {
    "audio_properties": {
        "analysis_sample_rate": 44100,
        "bit_rate": 114745,
        "equal_loudness": 0,
        "length": 45.0873451233,
        "lossless": 0,
        "replay_gain": -14.0340957642,
        "sample_rate": 44100,
        "codec": "mp3",
        "downmix": "mix",
        "md5_encoded": "f61975657648a7b35a85731f035a41aa"
    },
    "tags": {
        "file_name": "977.mp3"
    },
    "version": {
        "essentia": "2.1-beta2",
        "essentia_git_sha": "v2.1_beta2",
        "extractor": "music 1.0"
    }
},
"rhythm": {
    "beats_count": 67,
    "beats_loudness": {
        "mean": 0.041411049664,
        "var": 7.42072297726e-005
    },
    "bpm": 89.9296798706,
    "bpm_histogram_first_peak_bpm": {
        "mean": 91,
        "var": 0
    },
    "bpm_histogram_first_peak_spread": {
        "mean": 0.444444477558,
        "var": 0
    },
    "bpm_histogram_first_peak_weight": {
        "mean": 0.530303001404,
        "var": 0
    },
    "bpm_histogram_second_peak_bpm": {
        "mean": 86,
        "var": 0
    },
    "bpm_histogram_second_peak_spread": {
        "mean": 0,
        "var": 0
    },
    "bpm_histogram_second_peak_weight": {
        "mean": 0.0454545468092,
        "var": 0
    },
    "danceability": 1.51817846298,
    "onset_rate": 1.01984798908,
    "beats_loudness_band_ratio": {
        "mean": [0.429359227419, 0.0680861845613, 0.0808282271028, 0.181945115328, 0.1720020473, 0.118035934865],
        "var": [0.0133465128019, 0.00162811938208, 0.00123096292373, 0.00355504313484, 0.00261174677871, 0.00140674097929]
    },
    "beats_position": [0.708208620548, 1.4164172411, 2.11301589012, 2.7863945961, 3.45977306366, 4.13315200806, 4.80653047562, 5.47990942001, 6.15328788757, 6.82666635513, 7.50004529953, 8.16181373596, 8.82358264923, 9.49696159363, 10.1471195221, 10.8088884354, 11.4706573486, 12.144036293, 12.8058052063, 13.4675731659, 14.1409521103, 14.7911109924, 15.4877090454, 16.1610889435, 16.8228569031, 17.4846248627, 18.1580047607, 18.8313827515, 19.4931507111, 20.1665306091, 20.8282985687, 21.4900684357, 22.1518363953, 22.8136043549, 23.4753742218, 24.1487522125, 24.8221302032, 25.4955101013, 26.1456680298, 26.8074378967, 27.4692058563, 28.1309738159, 28.7927436829, 29.4661216736, 30.1394996643, 30.8128795624, 31.474647522, 32.1364173889, 32.7981834412, 33.4715652466, 34.1333312988, 34.8067131042, 35.4684791565, 36.1302490234, 36.7920188904, 37.4653968811, 38.1387748718, 38.8005447388, 39.4855308533, 40.1473007202, 40.8090705872, 41.4708366394, 42.1442184448, 42.8175964355, 43.467754364, 44.129524231, 44.7912902832]
},
"tonal": {
    "chords_changes_rate": 0.0442386828363,
    "chords_number_rate": 0.00617283955216,
    "chords_strength": {
        "mean": 0.588092148304,
        "var": 0.00445919809863
    },
    "hpcp_entropy": {
        "mean": 2.21370697021,
        "var": 0.527646720409
    },
    "key_strength": 0.700082182884,
    "tuning_diatonic_strength": 0.705960988998,
    "tuning_equal_tempered_deviation": 0.106311552227,
    "tuning_frequency": 439.238189697,
    "tuning_nontempered_energy_ratio": 0.809373676777,
    "hpcp": {
        "mean": [0.166704446077, 0.149062514305, 0.1219843328, 0.105548799038, 0.0877929404378, 0.101596742868, 0.161911860108, 0.216169133782, 0.379163920879, 0.592187106609, 0.475817799568, 0.204631388187, 0.106415227056, 0.0900504514575, 0.102204747498, 0.130688071251, 0.127829626203, 0.119962543249, 0.117479749024, 0.100348800421, 0.0956502631307, 0.101256541908, 0.102010197937, 0.141415983438, 0.196445003152, 0.1890642941, 0.163181975484, 0.159223079681, 0.172809824347, 0.269127935171, 0.368929326534, 0.292901039124, 0.178347855806, 0.174036294222, 0.173482239246, 0.160890936852],
        "var": [0.0372524447739, 0.0328470803797, 0.0176575388759, 0.0158401727676, 0.0133939702064, 0.0188611093909, 0.0387664027512, 0.0573230087757, 0.0862361341715, 0.121488332748, 0.100849293172, 0.0433773286641, 0.026744293049, 0.01897700876, 0.0176077261567, 0.022370012477, 0.021752724424, 0.0240853819996, 0.0289905834943, 0.0266647171229, 0.0180697087198, 0.0143552161753, 0.0139398695901, 0.0273280460387, 0.0584040358663, 0.0585053786635, 0.0488594695926, 0.0455131456256, 0.0471544228494, 0.0674384310842, 0.0885859206319, 0.0601427070796, 0.0410446301103, 0.0551591776311, 0.0462134927511, 0.0346164777875]
    },
    "chords_histogram": [19.5473251343, 0, 0, 0, 0, 20.8847732544, 0, 41.1522636414, 0.102880656719, 9.25925922394, 0.514403283596, 0, 0, 0, 0, 0, 0.617283940315, 0, 0, 0, 0, 0, 3.29218101501, 4.62962961197],
    "thpcp": [1, 0.803492307663, 0.345551908016, 0.17969866097, 0.152064189315, 0.172588601708, 0.220687121153, 0.215860202909, 0.202575400472, 0.198382824659, 0.169454544783, 0.161520346999, 0.170987412333, 0.172260075808, 0.238802880049, 0.331727921963, 0.319264441729, 0.275558143854, 0.268872916698, 0.291816264391, 0.454464375973, 0.622994542122, 0.494608938694, 0.301168084145, 0.293887346983, 0.292951732874, 0.271689355373, 0.28150638938, 0.251715242863, 0.205989509821, 0.178235560656, 0.148252025247, 0.171561896801, 0.273413360119, 0.365035206079, 0.640277206898],
    "chords_key": "C",
    "chords_scale": "major",
    "key_key": "C",
    "key_scale": "minor"
}
}