{
"lowlevel": {
    "average_loudness": 0.879091739655,
    "barkbands_crest": {
        "mean": 12.8787651062,
        "var": 15.9937734604
    },
    "barkbands_flatness_db": {
        "mean": 0.283242970705,
        "var": 0.00731549365446
    },
    "barkbands_kurtosis": {
        "mean": 21.1206474304,
        "var": 672.540588379
    },
    "barkbands_skewness": {
        "mean": 2.70223283768,
        "var": 2.76794195175
    },
    "barkbands_spread": {
        "mean": 5.41361999512,
        "var": 70.8723373413
    },
    "dissonance": {
        "mean": 0.381764441729,
        "var": 0.0032650702633
    },
    "dynamic_complexity": 4.24295759201,
    "erbbands_crest": {
        "mean": 12.8487710953,
        "var": 33.1571846008
    },
    "erbbands_flatness_db": {
        "mean": 0.237829431891,
        "var": 0.00459439028054
    },
    "erbbands_kurtosis": {
        "mean": 7.2078499794,
        "var": 129.959259033
    },
    "erbbands_skewness": {
        "mean": 1.75679922104,
        "var": 1.73296403885
    },
    "erbbands_spread": {
        "mean": 20.7609138489,
        "var": 394.135986328
    },
    "hfc": {
        "mean": 7.4207406044,
        "var": 69.7861633301
    },
    "melbands_crest": {
        "mean": 17.1642055511,
        "var": 26.2930755615
    },
    "melbands_flatness_db": {
        "mean": 0.385449975729,
        "var": 0.00949145201594
    },
    "melbands_kurtosis": {
        "mean": 28.1846942902,
        "var": 1538.1427002
    },
    "melbands_skewness": {
        "mean": 3.1010081768,
        "var": 3.67768907547
    },
    "melbands_spread": {
        "mean": 5.36467409134,
        "var": 74.4742660522
    },
    "pitch_salience": {
        "mean": 0.487423032522,
        "var": 0.0168311856687
    },
    "silence_rate_20dB": {
        "mean": 1,
        "var": 0
    },
    "silence_rate_30dB": {
        "mean": 0.9670612216,
        "var": 0.0318534299731
    },
    "silence_rate_60dB": {
        "mean": 0.119917653501,
        "var": 0.105535387993
    },
    "spectral_centroid": {
        "mean": 403.67578125,
        "var": 209168.71875
    },
    "spectral_complexity": {
        "mean": 7.0236749649,
        "var": 10.4153671265
    },
    "spectral_decrease": {
        "mean": -7.0568497712e-009,
        "var": 6.82319251203e-017
    },
    "spectral_energy": {
        "mean": 0.0273072831333,
        "var": 0.00100705039222
    },
    "spectral_energyband_high": {
        "mean": 0.000103071106423,
        "var": 2.42192840005e-007
    },
    "spectral_energyband_low": {
        "mean": 0.00836848095059,
        "var": 0.000383702572435
    },
    "spectral_energyband_middle_high": {
        "mean": 0.000738185306545,
        "var": 2.87971215585e-006
    },
    "spectral_energyband_middle_low": {
        "mean": 0.0194733832031,
        "var": 0.000505854084622
    },
    "spectral_entropy": {
        "mean": 6.09258556366,
        "var": 0.611265957355
    },
    "spectral_flux": {
        "mean": 0.0658514797688,
        "var": 0.00340550811961
    },
    "spectral_kurtosis": {
        "mean": 26.539434433,
        "var": 783.392822266
    },
    "spectral_rms": {
        "mean": 0.00445418199524,
        "var": 6.80147149978e-006
    },
    "spectral_rolloff": {
        "mean": 497.491821289,
        "var": 1264966.875
    },
    "spectral_skewness": {
        "mean": 3.75823974609,
        "var": 3.32605457306
    },
    "spectral_spread": {
        "mean": 3251265.25,
        "var": 4.75216635494e+012
    },
    "spectral_strongpeak": {
        "mean": 0.692201673985,
        "var": 0.442213743925
    },
    "zerocrossingrate": {
        "mean": 0.0221294686198,
        "var": 0.000865145819262
    },
    "barkbands": {
        "mean": [0.000700216100086, 0.00351147144102, 0.00279446295463, 0.00487505458295, 0.00987103022635, 0.00224920129403, 0.000729155202862, 0.000869700335898, 0.000856351165567, 0.000199714602786, 0.000233338811086, 0.000106299186882, 3.87731670344e-005, 3.04793757095e-005, 3.76958232664e-005, 1.76548273885e-005, 3.05650974042e-005, 2.09117497434e-005, 2.22917715291e-005, 1.71860519913e-005, 1.74826927832e-005, 1.70567909663e-005, 1.9913779397e-005, 1.60667750606e-005, 1.51492140503e-005, 9.64562786976e-006, 4.27211915621e-007],
        "var": [1.08778940557e-005, 0.000185804252396, 2.71301105386e-005, 5.23958624399e-005, 0.000177673951839, 6.86396015226e-005, 1.32119987484e-006, 4.23536312155e-006, 6.294864761e-006, 4.81342055991e-007, 6.70117401569e-007, 6.64689423502e-007, 7.95632537631e-009, 5.26859267325e-009, 5.64418236593e-008, 1.20091137035e-009, 5.84210013699e-009, 2.96084778917e-009, 5.65594815427e-009, 4.16100398581e-009, 8.86855744398e-009, 9.59837631598e-009, 1.62141748916e-008, 1.28633077523e-008, 3.69156238911e-009, 1.33286448545e-009, 6.95215803329e-012]
    },
    "erbbands": {
        "mean": [0.142938241363, 0.64131706953, 2.81491875648, 9.42501544952, 36.1130065918, 24.415266037, 21.0367412567, 18.4981822968, 10.8922128677, 12.6943426132, 24.1487731934, 17.6618671417, 6.84918785095, 9.13041877747, 6.83918762207, 2.9536485672, 1.74298393726, 1.7529822588, 1.57889461517, 1.59229445457, 1.29337406158, 1.75445759296, 1.0327385664, 1.22450578213, 1.05480861664, 0.781096577644, 0.786648750305, 0.576582789421, 0.60508954525, 0.548998117447, 0.621883809566, 0.437177062035, 0.221378535032, 0.166614711285, 0.107238978148, 0.0550356172025, 0.0154478885233, 0.00188538443763, 6.40838261461e-005, 3.19082937494e-005],
        "var": [0.405949741602, 5.51021385193, 33.439743042, 130.86781311, 3852.55419922, 1127.91918945, 1535.8885498, 9291.75585938, 670.77935791, 574.466369629, 2393.8515625, 3223.6237793, 548.677307129, 660.909729004, 887.808044434, 286.986419678, 16.18683815, 15.5253705978, 41.1835594177, 69.4053573608, 7.15572786331, 14.2179927826, 6.76571941376, 16.9267997742, 12.8207244873, 8.11190414429, 17.3397655487, 10.4340667725, 11.8462696075, 11.1410207748, 17.0749359131, 10.9040145874, 1.89930987358, 0.685262739658, 0.133970722556, 0.0421269349754, 0.00340378051624, 7.49677055865e-005, 7.93365515506e-008, 1.29766852819e-009]
    },
    "gfcc": {
        "mean": [-125.385215759, 154.694610596, -69.1371994019, 14.8113880157, -53.6910705566, -8.26115131378, -43.8124008179, 0.497664958239, -31.3313350677, -9.07742977142, -21.4015045166, -11.0378274918, -12.5872745514],
        "cov": [[10732.6621094, -3152.37084961, -65.7124404907, 340.698181152, -1041.71899414, 414.465667725, -574.29296875, 726.797790527, -816.809753418, 543.479797363, -790.171142578, 309.715789795, -302.583404541], [-3152.37084961, 2366.35717773, -282.583465576, -450.957763672, 527.87310791, -304.706298828, 368.795349121, -266.53036499, 413.855102539, -280.266357422, 363.008453369, -188.922546387, 213.56161499], [-65.7124404907, -282.583465576, 781.593444824, 25.2606124878, -39.4910736084, 138.699295044, -24.5126895905, -94.4877090454, -142.734664917, 81.1651763916, -18.1498527527, 48.6669807434, -62.2378807068], [340.698181152, -450.957763672, 25.2606124878, 544.413879395, 26.9449634552, 58.9076538086, -49.3430252075, -7.45892381668, 78.5284576416, -23.4441566467, 11.9214143753, -5.36116123199, -19.7984828949], [-1041.71899414, 527.87310791, -39.4910736084, 26.9449634552, 368.938446045, -16.4454269409, 87.6685028076, -73.5088348389, 170.992507935, -69.2295379639, 112.804199219, -37.4971122742, 57.0306434631], [414.465667725, -304.706298828, 138.699295044, 58.9076538086, -16.4454269409, 230.217514038, 5.87399578094, 34.0150604248, -58.82970047, 96.0116043091, -19.3461513519, 45.380947113, -23.6864833832], [-574.29296875, 368.795349121, -24.5126895905, -49.3430252075, 87.6685028076, 5.87399578094, 223.591171265, -12.8336343765, 71.949836731, -13.0719766617, 69.8385238647, -23.3746547699, 39.9114494324], [726.797790527, -266.53036499, -94.4877090454, -7.45892381668, -73.5088348389, 34.0150604248, -12.8336343765, 260.794464111, 0.538449883461, 75.7042617798, -61.4316368103, 54.1443138123, -14.4428682327], [-816.809753418, 413.855102539, -142.734664917, 78.5284576416, 170.992507935, -58.82970047, 71.949836731, 0.538449883461, 252.688568115, -58.5349807739, 105.187240601, -35.88098526, 48.508392334], [543.479797363, -280.266357422, 81.1651763916, -23.4441566467, -69.2295379639, 96.0116043091, -13.0719766617, 75.7042617798, -58.5349807739, 157.616073608, -43.3801612854, 43.0048599243, -25.6275482178], [-790.171142578, 363.008453369, -18.1498527527, 11.9214143753, 112.804199219, -19.3461513519, 69.8385238647, -61.4316368103, 105.187240601, -43.3801612854, 153.342346191, -11.1304988861, 39.2716369629], [309.715789795, -188.922546387, 48.6669807434, -5.36116123199, -37.4971122742, 45.380947113, -23.3746547699, 54.1443138123, -35.88098526, 43.0048599243, -11.1304988861, 100.672027588, 2.07455539703], [-302.583404541, 213.56161499, -62.2378807068, -19.7984828949, 57.0306434631, -23.6864833832, 39.9114494324, -14.4428682327, 48.508392334, -25.6275482178, 39.2716369629, 2.07455539703, 89.3822250366]],
        "icov": [[0.000263848720351, -0.000205316609936, 0.000185102006071, -0.000435581750935, 0.000268178875558, -0.000184963209904, 0.000273380748695, -0.000381371093681, 0.000607015565038, -0.000416417518863, 0.000783150026109, -0.000381735531846, 0.000228290024097], [-0.000205316609936, 0.00327045447193, -0.000263551046373, 0.00309090269729, -0.00156862218864, 0.00132512196433, -0.00196057069115, 0.00116736884229, -0.0025544851087, 0.00192135735415, -0.00331563572399, 0.00274518574588, -0.00226164865308], [0.000185102006071, -0.000263551046373, 0.00194431783166, -0.000533654296305, 9.22095932765e-006, -0.000696174392942, 0.000116023344162, 0.000690230808686, 0.00129142904188, -0.000969317159615, 0.000420130963903, -0.00116385810543, 0.0012249549618], [-0.000435581750935, 0.00309090269729, -0.000533654296305, 0.00545077864081, -0.00133887724951, 0.000140120566357, -0.00122408522293, 0.00153652299196, -0.00434241164476, 0.00296170637012, -0.00341371982358, 0.00286098639481, -0.00169832177926], [0.000268178875558, -0.00156862218864, 9.22095932765e-006, -0.00133887724951, 0.00563749857247, -0.00179105275311, 0.000702525780071, 4.45467776444e-005, -0.00131456868257, -0.00013831446995, 0.00127847865224, -0.00106884445995, 0.000124332713312], [-0.000184963209904, 0.00132512196433, -0.000696174392942, 0.000140120566357, -0.00179105275311, 0.00786407198757, -0.00187691068277, 0.000393927213736, 0.000569810043089, -0.00287967524491, -0.00198829523288, -0.000238865890424, -0.000373227347154], [0.000273380748695, -0.00196057069115, 0.000116023344162, -0.00122408522293, 0.000702525780071, -0.00187691068277, 0.00732256006449, -0.00146512826905, 0.00109708274249, -0.00142996991053, 0.000378772849217, 2.32524234889e-006, -0.000204432260944], [-0.000381371093681, 0.00116736884229, 0.000690230808686, 0.00153652299196, 4.45467776444e-005, 0.000393927213736, -0.00146512826905, 0.00723157450557, -0.00367615232244, -0.00113203306682, 0.000878079910763, -0.00200734683312, -2.92944769171e-005], [0.000607015565038, -0.0025544851087, 0.00129142904188, -0.00434241164476, -0.00131456868257, 0.000569810043089, 0.00109708274249, -0.00367615232244, 0.0123763792217, -0.00224551837891, -0.000694645743351, -0.000757739937399, 0.000963827536907], [-0.000416417518863, 0.00192135735415, -0.000969317159615, 0.00296170637012, -0.00013831446995, -0.00287967524491, -0.00142996991053, -0.00113203306682, -0.00224551837891, 0.0126540046185, -0.0017753993161, 0.000647239095997, -0.000626760942396], [0.000783150026109, -0.00331563572399, 0.000420130963903, -0.00341371982358, 0.00127847865224, -0.00198829523288, 0.000378772849217, 0.000878079910763, -0.000694645743351, -0.0017753993161, 0.0169396121055, -0.00567125761881, 0.00129662046675], [-0.000381735531846, 0.00274518574588, -0.00116385810543, 0.00286098639481, -0.00106884445995, -0.000238865890424, 2.32524234889e-006, -0.00200734683312, -0.000757739937399, 0.000647239095997, -0.00567125761881, 0.016694156453, -0.00503367558122], [0.000228290024097, -0.00226164865308, 0.0012249549618, -0.00169832177926, 0.000124332713312, -0.000373227347154, -0.000204432260944, -2.92944769171e-005, 0.000963827536907, -0.000626760942396, 0.00129662046675, -0.00503367558122, 0.0165939424187]]
    },
    "melbands": {
        "mean": [0.00110677827615, 0.00125297682825, 0.00259929220192, 0.00227534817532, 0.000787357159425, 0.000406835984904, 0.000165965640917, 0.000153210989083, 0.000210693629924, 9.98117247946e-005, 3.27261841448e-005, 3.74306328013e-005, 2.76029004453e-005, 1.35869904625e-005, 3.83513042834e-006, 4.09526455769e-006, 3.03304682348e-006, 2.20313108912e-006, 3.3356016047e-006, 1.16141768558e-006, 1.58715738507e-006, 1.97881036001e-006, 1.23606889701e-006, 7.85599922892e-007, 1.0231789247e-006, 8.29015675663e-007, 6.99524946413e-007, 4.56663059367e-007, 4.8890439075e-007, 4.15802105636e-007, 3.10117741265e-007, 3.39617059808e-007, 3.37352332735e-007, 2.75719145293e-007, 3.48957456708e-007, 3.50341252897e-007, 2.33579129372e-007, 1.37598860306e-007, 1.70791679466e-007, 1.2700890295e-007],
        "var": [2.12508202821e-005, 8.34749062051e-006, 1.39643616421e-005, 1.00840443338e-005, 1.89483762369e-006, 3.70219049728e-006, 1.50111503672e-007, 1.02418496795e-007, 1.94358946715e-007, 1.07781360725e-007, 1.49807686256e-008, 1.08001341204e-008, 1.0868784095e-008, 1.15037366299e-008, 1.11754550058e-010, 9.55668877367e-011, 5.05391596628e-011, 4.6903845391e-011, 5.55032575456e-010, 8.34357756496e-012, 1.34167095836e-011, 2.18670689195e-011, 1.0888797676e-011, 6.61579818706e-012, 1.31842167392e-011, 8.03402570165e-012, 8.00259598172e-012, 2.94022488648e-012, 7.48069141354e-012, 4.41270240834e-012, 4.12372740122e-012, 3.55344898471e-012, 4.3473688191e-012, 2.80966179142e-012, 5.38940073125e-012, 6.40129659349e-012, 3.60853404449e-012, 9.29049155315e-013, 7.43699156078e-013, 4.47450751581e-013]
    },
    "mfcc": {
        "mean": [-782.670654297, 186.855117798, 38.314239502, 25.6692676544, 9.20647335052, -7.16681241989, -2.49008727074, -4.23966932297, -3.69150733948, -9.31332969666, -4.80991744995, -6.30231189728, -6.20469760895],
        "cov": [[7517.67041016, -1873.59057617, -541.417602539, 298.969360352, -481.342193604, -319.0753479, 69.6188049316, -138.482025146, 218.829483032, 156.654830933, 60.70470047, -379.898498535, -160.376174927], [-1873.59057617, 1640.55700684, -69.8559951782, -309.368865967, 47.6668624878, -28.4967536926, 64.7402954102, 33.6198539734, 45.0942878723, -83.2237854004, 52.8120803833, 78.2102661133, 45.1268501282], [-541.417602539, -69.8559951782, 602.425842285, 14.9248895645, -10.3953037262, 149.727935791, 37.8029289246, -48.1932144165, -90.3833236694, -66.9921417236, 4.26221942902, 47.4353942871, 46.8944091797], [298.969360352, -309.368865967, 14.9248895645, 314.092773438, 90.2741394043, 32.9079589844, -31.6454353333, 43.8256034851, -6.42750263214, 53.761013031, -24.9983654022, 14.9851646423, -16.977180481], [-481.342193604, 47.6668624878, -10.3953037262, 90.2741394043, 298.134552002, 73.6156463623, -58.4845123291, 57.7437171936, -13.7295265198, 42.580619812, -11.3581285477, 60.2342414856, 11.1303548813], [-319.0753479, -28.4967536926, 149.727935791, 32.9079589844, 73.6156463623, 246.693435669, 49.1474952698, -11.8463277817, -38.6040916443, 14.2325258255, 0.295262277126, 31.8444976807, 44.3222045898], [69.6188049316, 64.7402954102, 37.8029289246, -31.6454353333, -58.4845123291, 49.1474952698, 147.548110962, -2.28655171394, 19.8502426147, -5.3966999054, 28.0591316223, -3.83714914322, 20.2201118469], [-138.482025146, 33.6198539734, -48.1932144165, 43.8256034851, 57.7437171936, -11.8463277817, -2.28655171394, 145.812393188, 34.8531227112, 37.5036087036, 8.75185489655, 42.2704391479, 9.86594200134], [218.829483032, 45.0942878723, -90.3833236694, -6.42750263214, -13.7295265198, -38.6040916443, 19.8502426147, 34.8531227112, 131.160995483, 48.019985199, 35.409526825, -14.6877727509, -8.26463794708], [156.654830933, -83.2237854004, -66.9921417236, 53.761013031, 42.580619812, 14.2325258255, -5.3966999054, 37.5036087036, 48.019985199, 120.385414124, 32.864616394, 11.0535163879, 3.51953053474], [60.70470047, 52.8120803833, 4.26221942902, -24.9983654022, -11.3581285477, 0.295262277126, 28.0591316223, 8.75185489655, 35.409526825, 32.864616394, 115.839385986, 17.518371582, 3.68053650856], [-379.898498535, 78.2102661133, 47.4353942871, 14.9851646423, 60.2342414856, 31.8444976807, -3.83714914322, 42.2704391479, -14.6877727509, 11.0535163879, 17.518371582, 110.790016174, 23.6647911072], [-160.376174927, 45.1268501282, 46.8944091797, -16.977180481, 11.1303548813, 44.3222045898, 20.2201118469, 9.86594200134, -8.26463794708, 3.51953053474, 3.68053650856, 23.6647911072, 78.3267974854]],
        "icov": [[0.000295441161143, 0.000307631300529, 0.000215439431486, -0.000174736429472, 0.000242461261223, 0.000195738248294, -0.000236851425143, 0.000199552523554, -0.000263267051196, -2.25013809541e-005, -0.000258312298683, 0.00046372259385, -3.11224289362e-006], [0.000307631300529, 0.00121934339404, 0.000374000315787, 0.000664735853206, -0.00021984281193, 0.000313529744744, -0.000593409815338, 8.75079713296e-005, -0.000689545413479, 0.00075676193228, -0.000450032908702, -0.000133121953695, -0.000201861170353], [0.000215439431486, 0.000374000315787, 0.00258970889263, -0.000423071876867, 0.00055408210028, -0.0011056184303, -0.000188387406524, 0.000563953246456, 0.000468828919111, 0.00148128857836, -0.000863184919581, -0.000583261542488, -0.000692342058755], [-0.000174736429472, 0.000664735853206, -0.000423071876867, 0.00502664037049, -0.00129471323453, -0.000266688759439, 2.16845110117e-005, -0.00117809558287, 0.000302071304759, -0.00136281817686, 0.00119412876666, -0.000628260720987, 0.00130655046087], [0.000242461261223, -0.00021984281193, 0.00055408210028, -0.00129471323453, 0.0056608049199, -0.00188204925507, 0.00228147045709, -0.00099877116736, 0.000146168735228, -0.000948553031776, 0.000140953037771, -0.00110150431283, 0.000192379869986], [0.000195738248294, 0.000313529744744, -0.0011056184303, -0.000266688759439, -0.00188204925507, 0.00692182313651, -0.00304039544426, 0.001358283218, 0.00115207931958, -0.00175333907828, 0.000368062464986, 7.71270497353e-005, -0.00205154251307], [-0.000236851425143, -0.000593409815338, -0.000188387406524, 2.16845110117e-005, 0.00228147045709, -0.00304039544426, 0.00980507209897, -0.000981422141194, -0.00144700624514, 0.00108956848271, -0.00152651418466, 0.000237418265897, -0.00123854819685], [0.000199552523554, 8.75079713296e-005, 0.000563953246456, -0.00117809558287, -0.00099877116736, 0.001358283218, -0.000981422141194, 0.00987946148962, -0.00235136621632, -0.00117424642667, 0.000534365011845, -0.00314995017834, -0.00112130050547], [-0.000263267051196, -0.000689545413479, 0.000468828919111, 0.000302071304759, 0.000146168735228, 0.00115207931958, -0.00144700624514, -0.00235136621632, 0.0120595647022, -0.00403936672956, -0.00181284337305, 0.0019406399224, 0.000592869706452], [-2.25013809541e-005, 0.00075676193228, 0.00148128857836, -0.00136281817686, -0.000948553031776, -0.00175333907828, 0.00108956848271, -0.00117424642667, -0.00403936672956, 0.0139198619872, -0.00352108478546, -0.000631566392258, -0.00136615335941], [-0.000258312298683, -0.000450032908702, -0.000863184919581, 0.00119412876666, 0.000140953037771, 0.000368062464986, -0.00152651418466, 0.000534365011845, -0.00181284337305, -0.00352108478546, 0.0115384561941, -0.00269270548597, 0.000842746929266], [0.00046372259385, -0.000133121953695, -0.000583261542488, -0.000628260720987, -0.00110150431283, 7.71270497353e-005, 0.000237418265897, -0.00314995017834, 0.0019406399224, -0.000631566392258, -0.00269270548597, 0.0140468943864, -0.00219673709944], [-3.11224289362e-006, -0.000201861170353, -0.000692342058755, 0.00130655046087, 0.000192379869986, -0.00205154251307, -0.00123854819685, -0.00112130050547, 0.000592869706452, -0.00136615335941, 0.000842746929266, -0.00219673709944, 0.015917211771]]
    },
    "spectral_contrast_coeffs": {
        "mean": [-0.53454554081, -0.675749957561, -0.756784796715, -0.79523319006, -0.804992735386, -0.786781728268],
        "var": [0.0104114916176, 0.00682023074478, 0.0042364615947, 0.00192613317631, 0.00246847886592, 0.0019755391404]
    },
    "spectral_contrast_valleys": {
        "mean": [-7.64087677002, -7.43830633163, -8.79238033295, -9.49024963379, -9.59496974945, -12.3715324402],
        "var": [1.26438724995, 1.20752060413, 1.35421538353, 1.2361741066, 1.68325519562, 2.0743458271]
    }
},
"metadata": {
    "audio_properties": {
        "analysis_sample_rate": 44100,
        "bit_rate": 104479,
        "equal_loudness": 0,
        "length": 45.0873451233,
        "lossless": 0,
        "replay_gain": -10.5227050781,
        "sample_rate": 44100,
        "codec": "mp3",
        "downmix": "mix",
        "md5_encoded": "22b97fe6d562a31f13028d2a64e54b72"
    },
    "tags": {
        "file_name": "979.mp3"
    },
    "version": {
        "essentia": "2.1-beta2",
        "essentia_git_sha": "v2.1_beta2",
        "extractor": "music 1.0"
    }
},
"rhythm": {
    "beats_count": 53,
    "beats_loudness": {
        "mean": 0.0661848783493,
        "var": 0.00149931153283
    },
    "bpm": 71.713760376,
    "bpm_histogram_first_peak_bpm": {
        "mean": 72,
        "var": 0
    },
    "bpm_histogram_first_peak_spread": {
        "mean": 0.115384578705,
        "var": 0
    },
    "bpm_histogram_first_peak_weight": {
        "mean": 0.884615421295,
        "var": 0
    },
    "bpm_histogram_second_peak_bpm": {
        "mean": 0,
        "var": 0
    },
    "bpm_histogram_second_peak_spread": {
        "mean": 0,
        "var": 0
    },
    "bpm_histogram_second_peak_weight": {
        "mean": 0,
        "var": 0
    },
    "danceability": 1.05025959015,
    "onset_rate": 3.32559132576,
    "beats_loudness_band_ratio": {
        "mean": [0.731506764889, 0.251231491566, 0.0724057853222, 0.0146878864616, 0.00423579104245, 0.00266038952395],
        "var": [0.0601634569466, 0.0534324459732, 0.00711425067857, 0.000695442664437, 5.48483221792e-005, 2.12575923797e-005]
    },
    "beats_position": [0.835918366909, 1.68344664574, 2.54258489609, 3.40172338486, 4.27247142792, 5.14321994781, 6.00235795975, 6.84988641739, 7.6858048439, 8.52172279358, 9.35764122009, 10.2051696777, 11.0526981354, 11.8770065308, 12.7013149261, 13.5256233215, 14.3499317169, 15.1858501434, 16.0217685699, 16.8460769653, 17.6703853607, 18.5063037872, 19.3422222137, 20.1781406403, 21.0140590668, 21.8499774933, 22.6858959198, 23.5218143463, 24.3577327728, 25.1820411682, 26.0063495636, 26.8422679901, 27.6781845093, 28.5141029358, 29.3500213623, 30.1859397888, 31.0218582153, 31.8577766418, 32.6936950684, 33.5296134949, 34.3539237976, 35.1782302856, 36.0141487122, 36.8500671387, 37.6859855652, 38.4986839294, 39.3462142944, 40.1705207825, 41.006439209, 41.8423576355, 42.678276062, 43.5141944885, 44.350112915]
},
"tonal": {
    "chords_changes_rate": 0.0452674888074,
    "chords_number_rate": 0.00720164598897,
    "chords_strength": {
        "mean": 0.523135602474,
        "var": 0.00541061861441
    },
    "hpcp_entropy": {
        "mean": 1.61408114433,
        "var": 0.420993834734
    },
    "key_strength": 0.702593028545,
    "tuning_diatonic_strength": 0.450655788183,
    "tuning_equal_tempered_deviation": 0.230330005288,
    "tuning_frequency": 434.193115234,
    "tuning_nontempered_energy_ratio": 0.977008640766,
    "hpcp": {
        "mean": [0.0243177935481, 0.0201029945165, 0.0228377114981, 0.0671924352646, 0.101300567389, 0.0948331356049, 0.1777241081, 0.202266395092, 0.0847969427705, 0.0197112951428, 0.0136112226173, 0.0299714189023, 0.106394015253, 0.151466265321, 0.0828723907471, 0.0239398460835, 0.0238296873868, 0.0543681569397, 0.154454141855, 0.176151677966, 0.114372804761, 0.160383194685, 0.169772267342, 0.114384308457, 0.0971628800035, 0.0581132955849, 0.0592769086361, 0.22934114933, 0.286079585552, 0.128040939569, 0.0416098274291, 0.0375696234405, 0.0781181305647, 0.258753687143, 0.298055529594, 0.109997235239],
        "var": [0.0103775616735, 0.00859779212624, 0.0072774188593, 0.0232585351914, 0.0470291338861, 0.0267802849412, 0.0767346024513, 0.0945819094777, 0.023583509028, 0.00569541659206, 0.00307962787338, 0.0115351108834, 0.0528398416936, 0.0967132598162, 0.0373842567205, 0.00979750975966, 0.010465185158, 0.0219531003386, 0.0682244151831, 0.0698039680719, 0.0314431190491, 0.0876185148954, 0.0951436311007, 0.0440978780389, 0.0633493065834, 0.0245279464871, 0.0193957667798, 0.0970360785723, 0.141191959381, 0.0383115671575, 0.0207258816808, 0.0160952359438, 0.0303574576974, 0.116933360696, 0.155138760805, 0.0261255279183]
    },
    "chords_histogram": [14.0946502686, 2.05761313438, 27.2633743286, 0, 4.11522626877, 0, 3.18930029869, 0, 0, 0, 0, 0, 0, 0, 0, 0, 0, 0.411522626877, 0, 0.205761313438, 0, 9.67078208923, 0, 38.9917678833],
    "thpcp": [1, 0.369049459696, 0.0815881341696, 0.0674471482635, 0.0766223371029, 0.225435957313, 0.33987146616, 0.318172723055, 0.596278488636, 0.678619861603, 0.284500479698, 0.0661329627037, 0.0456667356193, 0.100556492805, 0.356960386038, 0.508181333542, 0.278043448925, 0.0803200900555, 0.0799504965544, 0.182409495115, 0.518205940723, 0.591002881527, 0.383729845285, 0.538098394871, 0.569599449635, 0.383768439293, 0.325989186764, 0.194974720478, 0.198878735304, 0.769457817078, 0.959819734097, 0.429587543011, 0.139604285359, 0.12604907155, 0.262092530727, 0.868139207363],
    "chords_key": "G#",
    "chords_scale": "minor",
    "key_key": "B",
    "key_scale": "major"
}
}