{
"lowlevel": {
    "average_loudness": 0.984280824661,
    "barkbands_crest": {
        "mean": 14.3657865524,
        "var": 23.4788131714
    },
    "barkbands_flatness_db": {
        "mean": 0.213866025209,
        "var": 0.00646564550698
    },
    "barkbands_kurtosis": {
        "mean": 23.5927467346,
        "var": 1670.2557373
    },
    "barkbands_skewness": {
        "mean": 3.53775048256,
        "var": 6.96782541275
    },
    "barkbands_spread": {
        "mean": 19.7804603577,
        "var": 265.389160156
    },
    "dissonance": {
        "mean": 0.481324821711,
        "var": 0.000183803640539
    },
    "dynamic_complexity": 2.19810652733,
    "erbbands_crest": {
        "mean": 8.1571521759,
        "var": 14.5863924026
    },
    "erbbands_flatness_db": {
        "mean": 0.158086538315,
        "var": 0.00107585999649
    },
    "erbbands_kurtosis": {
        "mean": 0.242872342467,
        "var": 30.3051967621
    },
    "erbbands_skewness": {
        "mean": -0.251080155373,
        "var": 1.22798204422
    },
    "erbbands_spread": {
        "mean": 63.9472465515,
        "var": 511.118103027
    },
    "hfc": {
        "mean": 21.131690979,
        "var": 323.822509766
    },
    "melbands_crest": {
        "mean": 19.590177536,
        "var": 29.5185108185
    },
    "melbands_flatness_db": {
        "mean": 0.279346048832,
        "var": 0.0111277531832
    },
    "melbands_kurtosis": {
        "mean": 75.1019592285,
        "var": 8425.71386719
    },
    "melbands_skewness": {
        "mean": 6.34492826462,
        "var": 12.2064599991
    },
    "melbands_spread": {
        "mean": 17.2462253571,
        "var": 633.078796387
    },
    "pitch_salience": {
        "mean": 0.419926613569,
        "var": 0.0279894135892
    },
    "silence_rate_20dB": {
        "mean": 1,
        "var": 0
    },
    "silence_rate_30dB": {
        "mean": 0.861482977867,
        "var": 0.11932810396
    },
    "silence_rate_60dB": {
        "mean": 0.042739443481,
        "var": 0.040912438184
    },
    "spectral_centroid": {
        "mean": 1541.52746582,
        "var": 784305.0625
    },
    "spectral_complexity": {
        "mean": 19.2667350769,
        "var": 160.369430542
    },
    "spectral_decrease": {
        "mean": -1.53772496958e-008,
        "var": 1.07469383061e-016
    },
    "spectral_energy": {
        "mean": 0.0599539801478,
        "var": 0.00157009495888
    },
    "spectral_energyband_high": {
        "mean": 0.00105731468648,
        "var": 4.45673185823e-006
    },
    "spectral_energyband_low": {
        "mean": 0.047574352473,
        "var": 0.00149966881145
    },
    "spectral_energyband_middle_high": {
        "mean": 0.00324523309246,
        "var": 8.57583199831e-006
    },
    "spectral_energyband_middle_low": {
        "mean": 0.0100958542898,
        "var": 0.000104984312202
    },
    "spectral_entropy": {
        "mean": 7.5220246315,
        "var": 0.225223109126
    },
    "spectral_flux": {
        "mean": 0.103508248925,
        "var": 0.00354236923158
    },
    "spectral_kurtosis": {
        "mean": 2.93303489685,
        "var": 7.51759147644
    },
    "spectral_rms": {
        "mean": 0.00706374878064,
        "var": 8.59516057972e-006
    },
    "spectral_rolloff": {
        "mean": 1016.20593262,
        "var": 2882645.75
    },
    "spectral_skewness": {
        "mean": 0.943418085575,
        "var": 0.256032913923
    },
    "spectral_spread": {
        "mean": 4078214.5,
        "var": 3.34967445914e+012
    },
    "spectral_strongpeak": {
        "mean": 0.717753827572,
        "var": 0.349050313234
    },
    "zerocrossingrate": {
        "mean": 0.043949585408,
        "var": 0.00183493841905
    },
    "barkbands": {
        "mean": [0.000284982728772, 0.0326568596065, 0.0126478429884, 0.00436807004735, 0.00311135104857, 0.000805171846878, 0.000852640834637, 0.000437391892774, 0.000464457640192, 0.000182499381481, 0.000103564256278, 0.000108592757897, 0.00013384752674, 0.000265393871814, 0.000231716679991, 0.000266736722551, 0.000457019603346, 0.000439813360572, 0.000818019616418, 0.000411639543017, 0.000312744930852, 0.000216955508222, 0.00024726317497, 9.47639346123e-005, 3.02001990349e-005, 4.50998504675e-006, 1.47199195055e-008],
        "var": [3.70183954601e-007, 0.000930206209887, 0.000166487909155, 3.62237624358e-005, 3.68278524547e-005, 1.50148764533e-006, 2.35533047999e-006, 8.8310071078e-007, 9.91320689536e-007, 9.51958938344e-008, 2.75200449096e-008, 2.7345512521e-008, 4.3261440652e-008, 1.61363772122e-007, 1.06015107804e-007, 1.05424753372e-007, 4.46756615702e-007, 3.03612864627e-007, 9.14812005703e-007, 1.86344223607e-007, 2.1047154064e-007, 1.92027769685e-007, 7.59147667395e-007, 1.38043944276e-007, 1.04091615327e-008, 2.0289106506e-010, 3.58678388504e-015]
    },
    "erbbands": {
        "mean": [0.385386556387, 8.8659954071, 19.9562931061, 11.8998527527, 11.214138031, 9.52637767792, 13.2566394806, 6.41787862778, 10.2933588028, 12.3107748032, 10.5633449554, 10.0262413025, 6.47415876389, 5.53226709366, 4.13576459885, 4.55101108551, 5.93206310272, 12.2989625931, 13.1416988373, 11.8518705368, 19.1418991089, 23.7643604279, 23.6286907196, 32.8481712341, 41.2083091736, 18.2801532745, 14.1378650665, 10.6158351898, 7.07131624222, 9.24668216705, 6.4884223938, 2.68812298775, 1.24493026733, 0.454512178898, 0.167471826077, 0.032523907721, 0.00690281298012, 0.000687832885887, 4.61317576992e-005, 6.94719856256e-005],
        "var": [0.162536039948, 70.6615066528, 339.628417969, 201.879608154, 152.446060181, 496.414672852, 1297.03869629, 83.993309021, 415.961120605, 413.385192871, 530.563354492, 460.647674561, 129.583267212, 68.9792480469, 43.3168754578, 46.7511634827, 72.854347229, 386.49420166, 244.385986328, 292.133728027, 577.233276367, 952.390197754, 914.288879395, 1102.86022949, 2768.47558594, 334.22177124, 387.878387451, 300.376922607, 167.722976685, 772.696716309, 563.754089355, 99.8217773438, 25.6230449677, 2.28233122826, 0.384774118662, 0.0150631126016, 0.000457293936051, 6.61114472678e-006, 2.80037149025e-009, 1.963762708e-009]
    },
    "gfcc": {
        "mean": [-17.8751182556, 107.839851379, -112.351585388, 80.4837493896, -40.2911109924, 10.7173976898, -25.4611797333, 11.1733608246, -13.9289979935, -1.61685168743, -9.84819793701, -12.9799289703, -9.19143295288],
        "cov": [[6636.73486328, -440.876800537, -877.80645752, 444.250366211, -807.745178223, 85.8078918457, -293.852966309, 122.879714966, 55.7820777893, 74.6758346558, 19.5747623444, 83.7995681763, -33.5230178833], [-440.876800537, 1185.87768555, -37.4827880859, -137.232192993, 495.332946777, -291.686737061, 322.692382813, -88.8732223511, 18.8529148102, -76.4484405518, 121.029098511, -161.906173706, 75.204460144], [-877.80645752, -37.4827880859, 809.815734863, 52.6129074097, 251.080993652, 237.339096069, 105.31414032, 37.2668800354, 40.4062919617, -7.24463033676, -38.5274772644, -12.7555875778, -9.05905246735], [444.250366211, -137.232192993, 52.6129074097, 316.141784668, -0.12864561379, 74.0629501343, 13.9366664886, -8.07640266418, 91.5509262085, -17.1470336914, 10.3834486008, -2.78734254837, -9.9043598175], [-807.745178223, 495.332946777, 251.080993652, -0.12864561379, 575.843322754, -113.790939331, 259.746429443, 20.6445960999, -47.4917945862, 3.77746129036, 26.2592792511, -116.669334412, 24.3854522705], [85.8078918457, -291.686737061, 237.339096069, 74.0629501343, -113.790939331, 294.869293213, -41.6468696594, 18.2818698883, 82.9669647217, -15.3095226288, -34.4843139648, 58.2988052368, -12.3405818939], [-293.852966309, 322.692382813, 105.31414032, 13.9366664886, 259.746429443, -41.6468696594, 262.967834473, 30.0693187714, -2.27661514282, 1.74317741394, 15.173869133, -81.0457229614, 25.4183712006], [122.879714966, -88.8732223511, 37.2668800354, -8.07640266418, 20.6445960999, 18.2818698883, 30.0693187714, 140.332626343, 15.4291543961, 26.4604530334, -22.2320270538, -16.3849029541, -25.5969181061], [55.7820777893, 18.8529148102, 40.4062919617, 91.5509262085, -47.4917945862, 82.9669647217, -2.27661514282, 15.4291543961, 227.574462891, -15.1319885254, 40.4218864441, 3.62325334549, -17.8342227936], [74.6758346558, -76.4484405518, -7.24463033676, -17.1470336914, 3.77746129036, -15.3095226288, 1.74317741394, 26.4604530334, -15.1319885254, 117.332038879, 14.364402771, -9.68329429626, -10.8542079926], [19.5747623444, 121.029098511, -38.5274772644, 10.3834486008, 26.2592792511, -34.4843139648, 15.173869133, -22.2320270538, 40.4218864441, 14.364402771, 90.6778564453, 13.6780452728, 19.5466461182], [83.7995681763, -161.906173706, -12.7555875778, -2.78734254837, -116.669334412, 58.2988052368, -81.0457229614, -16.3849029541, 3.62325334549, -9.68329429626, 13.6780452728, 120.047904968, 22.4124889374], [-33.5230178833, 75.204460144, -9.05905246735, -9.9043598175, 24.3854522705, -12.3405818939, 25.4183712006, -25.5969181061, -17.8342227936, -10.8542079926, 19.5466461182, 22.4124889374, 78.3829269409]],
        "icov": [[0.000334325828589, -0.000642413564492, 0.000311941083055, -0.000932174560148, 0.000634446856566, -0.000548595096916, 0.000435338937677, -0.000891498813871, 0.000620272359811, -0.000596128113102, 0.000174620814505, -0.000121893608593, 1.14445256258e-005], [-0.000642413564492, 0.00544314179569, -0.000408437423175, 0.00411813799292, -0.00288280216046, 0.00306579610333, -0.00344271725044, 0.00419354904443, -0.00312375091016, 0.00429932633415, -0.00363229261711, 0.00287657254376, -0.00119069672655], [0.000311941083055, -0.000408437423175, 0.00287063233554, -0.000587835151237, -0.00130849203561, -0.00310551933944, 0.000509519304615, -0.0006640497013, 0.00047540088417, -0.000592505792156, 0.000567043316551, -0.000160754367243, 0.000249523902312], [-0.000932174560148, 0.00411813799292, -0.000587835151237, 0.0076485639438, -0.00294914585538, 0.00171758048236, -0.00284658791497, 0.00440709572285, -0.00404901010916, 0.003632793203, -0.00236805109307, 0.00204283208586, -0.000312876858516], [0.000634446856566, -0.00288280216046, -0.00130849203561, -0.00294914585538, 0.00667280051857, 0.000458002701635, -0.00119713647291, -0.00282300054096, 0.00274773454294, -0.00193232600577, 0.000244944327278, 0.000225188559853, 0.00020797799516], [-0.000548595096916, 0.00306579610333, -0.00310551933944, 0.00171758048236, 0.000458002701635, 0.00989149231464, -0.0028861805331, 0.00248854188249, -0.00400839839131, 0.00235406705178, 0.000986963510513, -0.00143360311631, -0.000576793914661], [0.000435338937677, -0.00344271725044, 0.000509519304615, -0.00284658791497, -0.00119713647291, -0.0028861805331, 0.0104181179777, -0.0043090665713, 0.00181455817074, -0.00243354821578, 0.0013277217513, 0.00177817826625, -0.00244275201112], [-0.000891498813871, 0.00419354904443, -0.0006640497013, 0.00440709572285, -0.00282300054096, 0.00248854188249, -0.0043090665713, 0.0127552403137, -0.00408896896988, 0.00115568400361, 0.000536915555131, 0.00102567241993, 0.00171066168696], [0.000620272359811, -0.00312375091016, 0.00047540088417, -0.00404901010916, 0.00274773454294, -0.00400839839131, 0.00181455817074, -0.00408896896988, 0.00906055234373, -0.000923603831325, -0.00330282305367, 0.000233321508858, 0.00208656559698], [-0.000596128113102, 0.00429932633415, -0.000592505792156, 0.003632793203, -0.00193232600577, 0.00235406705178, -0.00243354821578, 0.00115568400361, -0.000923603831325, 0.0133374221623, -0.00644507678226, 0.00349410693161, 0.000393884198274], [0.000174620814505, -0.00363229261711, 0.000567043316551, -0.00236805109307, 0.000244944327278, 0.000986963510513, 0.0013277217513, 0.000536915555131, -0.00330282305367, -0.00644507678226, 0.0204311423004, -0.00672400090843, -0.00166637636721], [-0.000121893608593, 0.00287657254376, -0.000160754367243, 0.00204283208586, 0.000225188559853, -0.00143360311631, 0.00177817826625, 0.00102567241993, 0.000233321508858, 0.00349410693161, -0.00672400090843, 0.0166791602969, -0.00566540239379], [1.14445256258e-005, -0.00119069672655, 0.000249523902312, -0.000312876858516, 0.00020797799516, -0.000576793914661, -0.00244275201112, 0.00171066168696, 0.00208656559698, 0.000393884198274, -0.00166637636721, -0.00566540239379, 0.0176545493305]]
    },
    "melbands": {
        "mean": [0.00628236448392, 0.011768902652, 0.00224445527419, 0.000637160381302, 0.000507640186697, 0.000142562683322, 0.000164703291375, 0.000125008416944, 8.9140739874e-005, 6.11733339611e-005, 3.15241450153e-005, 2.26069732889e-005, 1.37951938086e-005, 1.21879957078e-005, 1.15357806862e-005, 1.48709050336e-005, 2.40223107539e-005, 2.17780907406e-005, 1.6807942302e-005, 1.54711251525e-005, 2.53739908658e-005, 2.61514796875e-005, 2.17194065044e-005, 2.08277360798e-005, 2.66316292254e-005, 3.26910485455e-005, 2.29573815886e-005, 9.54622009885e-006, 8.76738431543e-006, 7.70415499574e-006, 5.64188485441e-006, 3.58479155693e-006, 4.64036611447e-006, 5.38055292054e-006, 4.27217173637e-006, 2.15129671233e-006, 1.39202813898e-006, 9.46943544022e-007, 5.20360686096e-007, 3.36118688438e-007],
        "var": [3.29857502948e-005, 0.000111975728942, 5.89763612879e-006, 6.21807430434e-007, 2.00008730644e-006, 4.01959638907e-008, 9.20401461713e-008, 4.44186554205e-008, 4.59581883661e-008, 1.7059276658e-008, 3.20633875006e-009, 1.22869969754e-009, 4.97999641524e-010, 3.5906402851e-010, 4.16365386613e-010, 5.14227382897e-010, 1.5617286353e-009, 7.5614869921e-010, 7.16469772399e-010, 4.11273709533e-010, 1.22511900624e-009, 1.28064581162e-009, 1.12579989775e-009, 7.05135394519e-010, 7.77318598377e-010, 1.95032168193e-009, 8.3112189353e-010, 1.03231249937e-010, 1.72012543098e-010, 1.18751813938e-010, 1.09209030708e-010, 4.11255300647e-011, 1.07874105482e-010, 3.22242704742e-010, 2.61726945672e-010, 5.67813192298e-011, 2.94689238289e-011, 1.75342830533e-011, 3.12804101198e-012, 1.31117957203e-012]
    },
    "mfcc": {
        "mean": [-652.73059082, 116.180122375, 2.73683238029, 65.738319397, 16.16522789, 13.4489536285, 7.32981109619, 9.29462623596, 4.47377967834, 11.5017824173, 3.97206807137, 2.3056936264, -0.846929728985],
        "cov": [[5500.16503906, -1135.6685791, -172.772476196, -103.362236023, -457.134857178, -135.491226196, -491.96887207, 51.2095680237, -232.678115845, 58.2935218811, 69.3384246826, -53.0532684326, -12.0670814514], [-1135.6685791, 1519.33874512, -390.881866455, 297.527893066, 106.852554321, -56.5786857605, 390.739868164, -88.1772460938, 84.677154541, 47.8282661438, -0.307674229145, -13.6635770798, -4.21508169174], [-172.772476196, -390.881866455, 687.010681152, -152.358535767, 134.626098633, 194.053375244, -83.547744751, 137.758560181, 70.3227310181, 1.26452481747, 30.4925994873, 55.7011222839, 15.3803539276], [-103.362236023, 297.527893066, -152.358535767, 379.856506348, 74.0154571533, 18.7926502228, 152.790603638, -7.79972314835, 33.8690223694, 66.3280029297, 4.32022380829, 4.07685852051, 21.4418468475], [-457.134857178, 106.852554321, 134.626098633, 74.0154571533, 230.860046387, 67.1534423828, 68.6075668335, 41.7003173828, 57.4404716492, 21.4506130219, 12.4354763031, 31.430223465, 21.3324813843], [-135.491226196, -56.5786857605, 194.053375244, 18.7926502228, 67.1534423828, 203.321075439, 3.95436167717, 66.0698318481, 30.1953735352, 10.011343956, 3.62741661072, 24.0758113861, 14.591958046], [-491.96887207, 390.739868164, -83.547744751, 152.790603638, 68.6075668335, 3.95436167717, 334.024078369, -50.2145652771, 96.5855789185, 22.8720703125, -7.34100198746, -25.0239944458, -10.5933132172], [51.2095680237, -88.1772460938, 137.758560181, -7.79972314835, 41.7003173828, 66.0698318481, -50.2145652771, 180.36340332, 35.6647987366, 8.74346828461, 14.9174127579, 23.599729538, 22.1522579193], [-232.678115845, 84.677154541, 70.3227310181, 33.8690223694, 57.4404716492, 30.1953735352, 96.5855789185, 35.6647987366, 133.135864258, 46.712890625, 23.5227718353, 14.4438476563, -8.70536994934], [58.2935218811, 47.8282661438, 1.26452481747, 66.3280029297, 21.4506130219, 10.011343956, 22.8720703125, 8.74346828461, 46.712890625, 117.089927673, 51.9463539124, 24.0571460724, -5.98978090286], [69.3384246826, -0.307674229145, 30.4925994873, 4.32022380829, 12.4354763031, 3.62741661072, -7.34100198746, 14.9174127579, 23.5227718353, 51.9463539124, 83.5878829956, 38.5199165344, 3.02621650696], [-53.0532684326, -13.6635770798, 55.7011222839, 4.07685852051, 31.430223465, 24.0758113861, -25.0239944458, 23.599729538, 14.4438476563, 24.0571460724, 38.5199165344, 104.117843628, 29.5102806091], [-12.0670814514, -4.21508169174, 15.3803539276, 21.4418468475, 21.3324813843, 14.591958046, -10.5933132172, 22.1522579193, -8.70536994934, -5.98978090286, 3.02621650696, 29.5102806091, 59.3126144409]],
        "icov": [[0.00028880222817, 0.00018755759811, 6.14407108515e-005, -0.000163615361089, 0.000421211996581, 7.08147927071e-005, 0.000134942281875, -0.000166653931956, 0.000254491489613, -0.000242608977715, -0.000295288773486, 0.00021513691172, -4.63922478957e-005], [0.00018755759811, 0.00126666296273, 0.000685730716214, -0.00022564358369, -0.000229057870456, -1.17456920634e-005, -0.000972342386376, -0.000184366683243, 0.000203588278964, -0.000154282446601, -0.00031676114304, -0.000120861943287, 0.000102993624751], [6.14407108515e-005, 0.000685730716214, 0.00335288210772, 0.00126167922281, -0.00149578042328, -0.00215688138269, 6.84783071847e-006, -0.000793228449766, -0.000994687550701, 0.000177750480361, -0.000561628723517, -0.000333054806106, 0.000168100159499], [-0.000163615361089, -0.00022564358369, 0.00126167922281, 0.00475809024647, -0.00145166553557, -0.00102890410926, -0.00169469893444, -0.000510434154421, 0.000863510009367, -0.00275342119858, 0.00118219968863, -5.17610824318e-005, -0.00161925016437], [0.000421211996581, -0.000229057870456, -0.00149578042328, -0.00145166553557, 0.00719074858353, -0.000190832055523, -0.00023510788742, -0.000427923630923, -0.000694122514687, -9.85434089671e-005, -0.000211328428122, -0.000477995170513, -0.00130261026789], [7.08147927071e-005, -1.17456920634e-005, -0.00215688138269, -0.00102890410926, -0.000190832055523, 0.00762979034334, -0.000346029410139, -0.00134461082052, 0.000513527833391, -0.000455387198599, 0.00110188894905, -0.000584956374951, -0.000159012051881], [0.000134942281875, -0.000972342386376, 6.84783071847e-006, -0.00169469893444, -0.00023510788742, -0.000346029410139, 0.00691773556173, 0.00221736170352, -0.004852572456, 0.00145140336826, -0.000114355643746, 0.00177975487895, -0.000299025530694], [-0.000166653931956, -0.000184366683243, -0.000793228449766, -0.000510434154421, -0.000427923630923, -0.00134461082052, 0.00221736170352, 0.00819435156882, -0.00340873608366, 0.000933101749979, -0.000501902890392, 0.000607964466326, -0.00251946295612], [0.000254491489613, 0.000203588278964, -0.000994687550701, 0.000863510009367, -0.000694122514687, 0.000513527833391, -0.004852572456, -0.00340873608366, 0.0148035520688, -0.00473374081776, -0.000360593316145, -0.0012965274509, 0.00289991125464], [-0.000242608977715, -0.000154282446601, 0.000177750480361, -0.00275342119858, -9.85434089671e-005, -0.000455387198599, 0.00145140336826, 0.000933101749979, -0.00473374081776, 0.0156471785158, -0.00793308019638, -0.000601435313001, 0.00253653712571], [-0.000295288773486, -0.00031676114304, -0.000561628723517, 0.00118219968863, -0.000211328428122, 0.00110188894905, -0.000114355643746, -0.000501902890392, -0.000360593316145, -0.00793308019638, 0.0200763922185, -0.00575509155169, 0.000592617900111], [0.00021513691172, -0.000120861943287, -0.000333054806106, -5.17610824318e-005, -0.000477995170513, -0.000584956374951, 0.00177975487895, 0.000607964466326, -0.0012965274509, -0.000601435313001, -0.00575509155169, 0.0148185882717, -0.00678332243115], [-4.63922478957e-005, 0.000102993624751, 0.000168100159499, -0.00161925016437, -0.00130261026789, -0.000159012051881, -0.000299025530694, -0.00251946295612, 0.00289991125464, 0.00253653712571, 0.000592617900111, -0.00678332243115, 0.0228211712092]]
    },
    "spectral_contrast_coeffs": {
        "mean": [-0.598791897297, -0.765078127384, -0.822464764118, -0.81077259779, -0.77965015173, -0.69718003273],
        "var": [0.00699194148183, 0.00489158416167, 0.00225853221491, 0.00175186281558, 0.00215983996168, 0.00214104889892]
    },
    "spectral_contrast_valleys": {
        "mean": [-6.93124246597, -7.03559923172, -7.75897169113, -7.77926158905, -7.21802520752, -10.7061624527],
        "var": [1.21806168556, 1.30792307854, 1.23645508289, 1.16480112076, 1.31038284302, 1.72145628929]
    }
},
"metadata": {
    "audio_properties": {
        "analysis_sample_rate": 44100,
        "bit_rate": 113030,
        "equal_loudness": 0,
        "length": 45.0612258911,
        "lossless": 0,
        "replay_gain": -12.9663543701,
        "sample_rate": 44100,
        "codec": "mp3",
        "downmix": "mix",
        "md5_encoded": "5dde9f0110acccd1c8b296d1a939e752"
    },
    "tags": {
        "file_name": "980.mp3"
    },
    "version": {
        "essentia": "2.1-beta2",
        "essentia_git_sha": "v2.1_beta2",
        "extractor": "music 1.0"
    }
},
"rhythm": {
    "beats_count": 99,
    "beats_loudness": {
        "mean": 0.0611278600991,
        "var": 0.00107461691368
    },
    "bpm": 133.002319336,
    "bpm_histogram_first_peak_bpm": {
        "mean": 133,
        "var": 0
    },
    "bpm_histogram_first_peak_spread": {
        "mean": 0.343750029802,
        "var": 0
    },
    "bpm_histogram_first_peak_weight": {
        "mean": 0.642857134342,
        "var": 0
    },
    "bpm_histogram_second_peak_bpm": {
        "mean": 140,
        "var": 0
    },
    "bpm_histogram_second_peak_spread": {
        "mean": 0,
        "var": 0
    },
    "bpm_histogram_second_peak_weight": {
        "mean": 0.0204081628472,
        "var": 0
    },
    "danceability": 2.12050390244,
    "onset_rate": 4.61386156082,
    "beats_loudness_band_ratio": {
        "mean": [0.72770345211, 0.094239115715, 0.0552895963192, 0.018397115171, 0.0447972528636, 0.0733566209674],
        "var": [0.0770370066166, 0.0215706974268, 0.00562471523881, 0.000545051239897, 0.00147166417446, 0.00629007443786]
    },
    "beats_position": [0.429569154978, 0.859138309956, 1.30031740665, 1.75310659409, 2.20589566231, 2.6470746994, 3.08825397491, 3.54104304314, 3.99383211136, 4.43501138687, 4.88780021667, 5.34058952332, 5.78176879883, 6.23455762863, 6.68734693527, 7.14013576508, 7.59292507172, 8.04571437836, 8.498503685, 8.95129203796, 9.4040813446, 9.85687065125, 10.3096599579, 10.7624483109, 11.2152376175, 11.6680269241, 12.1208162308, 12.5503854752, 13.0031747818, 13.4559631348, 13.9087524414, 14.3499317169, 14.8143310547, 15.2671203613, 15.7199087143, 16.1843090057, 16.637096405, 17.0898857117, 17.5310649872, 17.9722442627, 18.4250335693, 18.877822876, 19.3306121826, 19.7834014893, 20.2361907959, 20.6889801025, 21.1301574707, 21.5829467773, 22.035736084, 22.4885253906, 22.9413146973, 23.3824939728, 23.8352832794, 24.2764625549, 24.7292518616, 25.1704311371, 25.6116104126, 26.076007843, 26.5287971497, 26.9815864563, 27.4459857941, 27.8987751007, 28.3515644073, 28.804353714, 29.2571430206, 29.7099323273, 30.1627197266, 30.6155090332, 31.0682983398, 31.5210876465, 31.9738769531, 32.4150543213, 32.8562355042, 33.3090248108, 33.7618141174, 34.2146034241, 34.6673927307, 35.1085700989, 35.5497512817, 36.0141487122, 36.4669380188, 36.9197273254, 37.3609046936, 37.8136940002, 38.2548751831, 38.7076644897, 39.1488418579, 39.613243103, 40.0776405334, 40.5420417786, 40.9832191467, 41.4243965149, 41.8771858215, 42.3299751282, 42.7943763733, 43.2587738037, 43.6999549866, 44.1527442932, 44.6055335999]
},
"tonal": {
    "chords_changes_rate": 0.0977366268635,
    "chords_number_rate": 0.00720164598897,
    "chords_strength": {
        "mean": 0.467247068882,
        "var": 0.00520577747375
    },
    "hpcp_entropy": {
        "mean": 2.72058033943,
        "var": 0.764815509319
    },
    "key_strength": 0.635583996773,
    "tuning_diatonic_strength": 0.590822994709,
    "tuning_equal_tempered_deviation": 0.217500075698,
    "tuning_frequency": 440,
    "tuning_nontempered_energy_ratio": 0.850838422775,
    "hpcp": {
        "mean": [0.0716586783528, 0.0669400691986, 0.0863944515586, 0.128415092826, 0.128972798586, 0.0857522413135, 0.0644450560212, 0.0580862425268, 0.0586402714252, 0.0719199627638, 0.079926289618, 0.0789456367493, 0.0744938254356, 0.0577830635011, 0.0466269440949, 0.05065959692, 0.0661131292582, 0.106654129922, 0.133200258017, 0.128858789802, 0.124562636018, 0.110594570637, 0.106559544802, 0.273433893919, 0.44086587429, 0.285528719425, 0.0923851951957, 0.0572422221303, 0.0555506795645, 0.0620183683932, 0.0670988634229, 0.0613950714469, 0.0617979690433, 0.0807091146708, 0.0936281606555, 0.087983943522],
        "var": [0.0279599167407, 0.0248228684068, 0.0305831301957, 0.068725451827, 0.0635383948684, 0.0330165140331, 0.0280207656324, 0.0261427126825, 0.0260809659958, 0.0351735688746, 0.0368090420961, 0.0358433648944, 0.0368990637362, 0.0228139068931, 0.0175068546087, 0.0202865879983, 0.0282598696649, 0.0557447113097, 0.0802839621902, 0.0567466877401, 0.0616596154869, 0.0514272488654, 0.0442099310458, 0.0853309631348, 0.187720149755, 0.0917989388108, 0.0361776985228, 0.0219673570246, 0.0234221071005, 0.0233242418617, 0.0276785604656, 0.0216822084039, 0.0225821305066, 0.036429181695, 0.0408425107598, 0.0379029400647]
    },
    "chords_histogram": [3.60082316399, 36.6255149841, 1.95473253727, 0.720164597034, 0.102880656719, 11.9341564178, 2.88065838814, 19.0329227448, 20.9876537323, 0, 0, 0.720164597034, 0, 0, 0, 0.308641970158, 0, 0.205761313438, 0.823045253754, 0.102880656719, 0, 0, 0, 0],
    "thpcp": [1, 0.647654414177, 0.209553971887, 0.129840448499, 0.126003578305, 0.140674009919, 0.152197912335, 0.139260202646, 0.140174075961, 0.18306954205, 0.21237334609, 0.199570775032, 0.162540763617, 0.151837721467, 0.195965379477, 0.291279286146, 0.292544305325, 0.194508686662, 0.146178379655, 0.131754904985, 0.133011594415, 0.163133427501, 0.18129388988, 0.179069504142, 0.168971627951, 0.131067216396, 0.105762198567, 0.11490932107, 0.149962007999, 0.24191968143, 0.30213329196, 0.292285710573, 0.282540887594, 0.250857621431, 0.241705134511, 0.620220124722],
    "chords_key": "C#",
    "chords_scale": "major",
    "key_key": "A#",
    "key_scale": "minor"
}
}