{
"lowlevel": {
    "average_loudness": 0.983193814754,
    "barkbands_crest": {
        "mean": 10.3857498169,
        "var": 17.4445590973
    },
    "barkbands_flatness_db": {
        "mean": 0.12086455524,
        "var": 0.00202065845951
    },
    "barkbands_kurtosis": {
        "mean": 4.79835319519,
        "var": 47.8381080627
    },
    "barkbands_skewness": {
        "mean": 1.964001894,
        "var": 1.6017280817
    },
    "barkbands_spread": {
        "mean": 30.0365543365,
        "var": 201.527709961
    },
    "dissonance": {
        "mean": 0.475344896317,
        "var": 0.000263724563411
    },
    "dynamic_complexity": 2.57355833054,
    "erbbands_crest": {
        "mean": 6.65173864365,
        "var": 6.59405136108
    },
    "erbbands_flatness_db": {
        "mean": 0.111912846565,
        "var": 0.000916045275517
    },
    "erbbands_kurtosis": {
        "mean": -0.551791787148,
        "var": 0.369703769684
    },
    "erbbands_skewness": {
        "mean": -0.272917032242,
        "var": 0.136871472001
    },
    "erbbands_spread": {
        "mean": 57.9608535767,
        "var": 348.379852295
    },
    "hfc": {
        "mean": 23.2960948944,
        "var": 553.491210938
    },
    "melbands_crest": {
        "mean": 15.6489601135,
        "var": 25.4428901672
    },
    "melbands_flatness_db": {
        "mean": 0.191288247705,
        "var": 0.00365160219371
    },
    "melbands_kurtosis": {
        "mean": 25.2669944763,
        "var": 588.977416992
    },
    "melbands_skewness": {
        "mean": 4.09570360184,
        "var": 4.10554027557
    },
    "melbands_spread": {
        "mean": 24.4654045105,
        "var": 343.537261963
    },
    "pitch_salience": {
        "mean": 0.513491749763,
        "var": 0.0114071806893
    },
    "silence_rate_20dB": {
        "mean": 1,
        "var": 0
    },
    "silence_rate_30dB": {
        "mean": 0.93618118763,
        "var": 0.0597467236221
    },
    "silence_rate_60dB": {
        "mean": 0.0211013890803,
        "var": 0.0206560604274
    },
    "spectral_centroid": {
        "mean": 1706.38684082,
        "var": 405734.6875
    },
    "spectral_complexity": {
        "mean": 20.4194545746,
        "var": 126.305007935
    },
    "spectral_decrease": {
        "mean": -9.14481912417e-009,
        "var": 8.79588592408e-017
    },
    "spectral_energy": {
        "mean": 0.0366276353598,
        "var": 0.0013387062354
    },
    "spectral_energyband_high": {
        "mean": 0.00150540936738,
        "var": 4.27611485065e-006
    },
    "spectral_energyband_low": {
        "mean": 0.024788916111,
        "var": 0.000873051118106
    },
    "spectral_energyband_middle_high": {
        "mean": 0.00368272955529,
        "var": 8.04816590971e-006
    },
    "spectral_energyband_middle_low": {
        "mean": 0.0113914571702,
        "var": 0.00015399538097
    },
    "spectral_entropy": {
        "mean": 7.7614812851,
        "var": 0.0948512926698
    },
    "spectral_flux": {
        "mean": 0.0942070260644,
        "var": 0.00480093481019
    },
    "spectral_kurtosis": {
        "mean": 2.73281097412,
        "var": 1.8462857008
    },
    "spectral_rms": {
        "mean": 0.0053697056137,
        "var": 6.90054184815e-006
    },
    "spectral_rolloff": {
        "mean": 1536.85913086,
        "var": 2870378.5
    },
    "spectral_skewness": {
        "mean": 1.24640107155,
        "var": 0.0497499667108
    },
    "spectral_spread": {
        "mean": 5562087.5,
        "var": 3.28692793344e+012
    },
    "spectral_strongpeak": {
        "mean": 0.572445750237,
        "var": 0.156099528074
    },
    "zerocrossingrate": {
        "mean": 0.0726538896561,
        "var": 0.00143711920828
    },
    "barkbands": {
        "mean": [0.000373429182218, 0.0116632049903, 0.00808088388294, 0.00631415378302, 0.00211952603422, 0.00156178115867, 0.000402574311011, 0.000549673917703, 0.000321314902976, 0.000410366425058, 0.000284281326458, 0.000566629460081, 0.000219590583583, 0.000163621574757, 0.00013763680181, 0.000248374562943, 0.000646966451313, 0.000330647540977, 0.00058481231099, 0.000242900670855, 0.000344161875546, 0.000236214429606, 0.000243476999458, 0.00029818789335, 0.000153984423378, 0.000121122822748, 8.15174553281e-006],
        "var": [1.00566273886e-006, 0.000233452767134, 0.00023990511545, 5.24061179021e-005, 1.30140842884e-005, 2.30782516155e-005, 7.0870402169e-007, 4.89108913371e-007, 2.33250446513e-007, 2.07813258157e-007, 1.3888016781e-007, 2.95691620522e-007, 8.42090770448e-008, 4.5226691725e-008, 5.85900039596e-008, 1.10028942402e-007, 2.53953174933e-007, 2.48052202778e-007, 2.22446701059e-007, 1.51982149532e-007, 1.80690065577e-007, 1.31401307613e-007, 1.40972773011e-007, 1.7370736316e-007, 8.54801243122e-008, 5.32073762827e-008, 9.18356168889e-010]
    },
    "erbbands": {
        "mean": [0.231372863054, 2.98201990128, 8.49958992004, 19.4957866669, 10.1088485718, 6.73304796219, 9.31897068024, 13.817237854, 7.86840343475, 6.91669988632, 11.9581317902, 8.11708927155, 9.76747989655, 12.6749954224, 15.698890686, 26.886346817, 11.3314008713, 9.90760040283, 8.05854892731, 8.69883918762, 23.8398971558, 26.7643928528, 18.8393325806, 24.8690013885, 28.5271339417, 11.8117179871, 14.2315912247, 11.5037212372, 9.03792190552, 7.26486253738, 7.04286575317, 6.07281589508, 4.71536111832, 1.97259652615, 0.981038689613, 0.535987973213, 0.216135323048, 0.0387933328748, 0.00111354037654, 7.25626014173e-005],
        "var": [0.151181489229, 14.916302681, 218.886947632, 586.537109375, 201.378890991, 130.062362671, 184.170181274, 2931.05639648, 473.513458252, 151.068847656, 190.185928345, 133.078720093, 171.095184326, 196.635162354, 369.583221436, 641.512695313, 159.265655518, 137.292572021, 193.882797241, 147.376312256, 395.528076172, 539.260681152, 693.508361816, 896.31817627, 525.261413574, 305.794250488, 331.778442383, 257.04208374, 204.01499939, 116.672485352, 116.126991272, 77.3788757324, 46.1162109375, 13.7628202438, 3.78805685043, 0.667554020882, 0.229227617383, 0.0113860126585, 1.23421850731e-005, 8.76636629954e-009]
    },
    "gfcc": {
        "mean": [25.1194171906, 68.2511062622, -100.784759521, 51.7666816711, -48.5124053955, 24.6473445892, -32.7941398621, 17.5069408417, -33.9991226196, -2.25789880753, -18.0508117676, 3.86355900764, -18.5227603912],
        "cov": [[5491.09472656, -387.377410889, 435.939605713, 260.21395874, -277.238616943, 83.2637939453, -187.813400269, 34.4936180115, 17.7518463135, 75.8681945801, -133.039031982, 10.9295949936, -87.1477508545], [-387.377410889, 741.491760254, -255.752700806, 97.5840682983, 129.826843262, -69.0103225708, 103.493415833, -2.50672125816, 46.430519104, -34.9447212219, 107.712371826, -37.1355628967, 102.935890198], [435.939605713, -255.752700806, 569.892333984, 69.8466339111, 63.030708313, 73.6556015015, 9.41821479797, 19.9856109619, -6.24741506577, 51.0682830811, -63.0326042175, 18.2761650085, -36.7469787598], [260.21395874, 97.5840682983, 69.8466339111, 223.82019043, 57.7068328857, 63.4315719604, 26.4994392395, 3.90837192535, 38.113697052, 4.08320093155, 31.6457443237, -29.8900699615, 45.5707015991], [-277.238616943, 129.826843262, 63.030708313, 57.7068328857, 162.532455444, 44.4834632874, 70.4054718018, 6.88960361481, 1.48052561283, -0.292803496122, 17.0585231781, -0.162835881114, 18.1813163757], [83.2637939453, -69.0103225708, 73.6556015015, 63.4315719604, 44.4834632874, 145.949493408, 38.9527664185, 22.2620258331, -9.03371334076, 1.68397784233, -8.16864967346, -6.11185216904, -9.43815803528], [-187.813400269, 103.493415833, 9.41821479797, 26.4994392395, 70.4054718018, 38.9527664185, 101.984825134, 28.2936172485, 10.8114681244, -3.90087151527, 13.1314153671, -10.1338472366, 15.0587310791], [34.4936180115, -2.50672125816, 19.9856109619, 3.90837192535, 6.88960361481, 22.2620258331, 28.2936172485, 59.0227012634, 17.7869682312, 1.82064902782, -7.41011619568, -2.26442718506, -2.77052569389], [17.7518463135, 46.430519104, -6.24741506577, 38.113697052, 1.48052561283, -9.03371334076, 10.8114681244, 17.7869682312, 71.7752075195, 12.9962759018, 15.6722269058, -10.6662569046, 15.0511674881], [75.8681945801, -34.9447212219, 51.0682830811, 4.08320093155, -0.292803496122, 1.68397784233, -3.90087151527, 1.82064902782, 12.9962759018, 55.3914375305, 13.1614789963, 10.9331989288, -2.97658467293], [-133.039031982, 107.712371826, -63.0326042175, 31.6457443237, 17.0585231781, -8.16864967346, 13.1314153671, -7.41011619568, 15.6722269058, 13.1614789963, 66.4580764771, 14.9306106567, 27.1545848846], [10.9295949936, -37.1355628967, 18.2761650085, -29.8900699615, -0.162835881114, -6.11185216904, -10.1338472366, -2.26442718506, -10.6662569046, 10.9331989288, 14.9306106567, 60.9532203674, 1.95733749866], [-87.1477508545, 102.935890198, -36.7469787598, 45.5707015991, 18.1813163757, -9.43815803528, 15.0587310791, -2.77052569389, 15.0511674881, -2.97658467293, 27.1545848846, 1.95733749866, 60.2360877991]],
        "icov": [[0.000299282110063, -0.000243041227804, -0.000110628425318, -0.00075187056791, 0.000774502696004, -0.00010739370191, 0.000255480263149, -0.000167608202901, 0.000105937193439, -0.000463781791041, 0.000945408130065, -0.000657978875097, 0.000573270022869], [-0.000243041227804, 0.00380189926364, 0.00105227762833, 1.3790237972e-005, -0.00295982905664, 0.00257520005107, -0.00201022392139, -0.000293739809422, -4.93926345371e-005, 0.00185773405246, -0.00414008414373, 0.00271041202359, -0.00254874234088], [-0.000110628425318, 0.00105227762833, 0.00343586667441, -0.00184964668006, -0.00199413718656, 0.000702021759935, -0.0008239846793, -0.000144656965858, 0.000256776402239, -0.00283410679549, 0.00355366501026, -0.00169317552354, 0.000697149487678], [-0.00075187056791, 1.3790237972e-005, -0.00184964668006, 0.0117235863581, -0.00296799908392, -0.00448879646137, 0.00241010612808, 0.00120472733397, -0.00367285171524, 0.00290365284309, -0.00735376449302, 0.0073072090745, -0.00732474774122], [0.000774502696004, -0.00295982905664, -0.00199413718656, -0.00296799908392, 0.0138870310038, -0.00247085746378, -0.00520662311465, 0.00213562324643, 0.00118066649884, -0.0012399215484, 0.00322335888632, -0.00423284806311, 0.00235666334629], [-0.00010739370191, 0.00257520005107, 0.000702021759935, -0.00448879646137, -0.00247085746378, 0.012492120266, -0.00451870216057, -0.00307094608434, 0.00351393921301, 0.000297832360957, -0.000808851094916, 0.000237978383666, 0.00245326058939], [0.000255480263149, -0.00201022392139, -0.0008239846793, 0.00241010612808, -0.00520662311465, -0.00451870216057, 0.0201425943524, -0.00756403198466, -0.000498927838635, 0.00062146759592, -0.00207252427936, 0.00313403271139, -0.00205325731076], [-0.000167608202901, -0.000293739809422, -0.000144656965858, 0.00120472733397, 0.00213562324643, -0.00307094608434, -0.00756403198466, 0.0242670997977, -0.00734141888097, 6.18962294539e-005, 0.00461182650179, -0.00263011315838, 0.000985048827715], [0.000105937193439, -4.93926345371e-005, 0.000256776402239, -0.00367285171524, 0.00118066649884, 0.00351393921301, -0.000498927838635, -0.00734141888097, 0.0203486289829, -0.00494131771848, -0.00232858862728, 0.00312957772985, -0.0012263962999], [-0.000463781791041, 0.00185773405246, -0.00283410679549, 0.00290365284309, -0.0012399215484, 0.000297832360957, 0.00062146759592, 6.18962294539e-005, -0.00494131771848, 0.0261721983552, -0.0122287832201, 0.00104089220986, 0.000504057970829], [0.000945408130065, -0.00414008414373, 0.00355366501026, -0.00735376449302, 0.00322335888632, -0.000808851094916, -0.00207252427936, 0.00461182650179, -0.00232858862728, -0.0122287832201, 0.0370006412268, -0.0148733016104, -0.000414587499108], [-0.000657978875097, 0.00271041202359, -0.00169317552354, 0.0073072090745, -0.00423284806311, 0.000237978383666, 0.00313403271139, -0.00263011315838, 0.00312957772985, 0.00104089220986, -0.0148733016104, 0.0269194245338, -0.00663469173014], [0.000573270022869, -0.00254874234088, 0.000697149487678, -0.00732474774122, 0.00235666334629, 0.00245326058939, -0.00205325731076, 0.000985048827715, -0.0012263962999, 0.000504057970829, -0.000414587499108, -0.00663469173014, 0.0287184529006]]
    },
    "melbands": {
        "mean": [0.00276003452018, 0.0044930097647, 0.00299741979688, 0.000548087817151, 0.000309898023261, 0.000298066443065, 0.000113813119242, 8.17077088868e-005, 9.33094270295e-005, 4.87138022436e-005, 4.79724913021e-005, 5.12777660333e-005, 4.13103807659e-005, 6.70450390317e-005, 4.26567821705e-005, 2.37135955103e-005, 1.68875285453e-005, 1.27049306684e-005, 9.0861976787e-006, 1.75735094672e-005, 3.42088496836e-005, 3.49601723428e-005, 1.54849331011e-005, 1.65683759406e-005, 2.04950902116e-005, 2.10055641219e-005, 1.42362114275e-005, 6.34005300526e-006, 7.48802767703e-006, 1.01556533991e-005, 5.54437929168e-006, 5.28415739609e-006, 4.05276114179e-006, 4.19040179622e-006, 4.75175329484e-006, 2.71559270004e-006, 4.20609012508e-006, 3.79036737286e-006, 2.28452972806e-006, 1.36381061111e-006],
        "var": [1.47938026203e-005, 4.42549462605e-005, 1.30041380544e-005, 8.33886758755e-007, 2.0078863372e-007, 1.22441497297e-006, 9.29281469553e-008, 1.92246858433e-008, 1.12305889033e-008, 5.42926015257e-009, 4.26776836093e-009, 3.52147133675e-009, 2.81342038555e-009, 3.89527521349e-009, 1.53664503344e-009, 9.64144653004e-010, 4.35678576549e-010, 5.39622901918e-010, 2.47741493986e-010, 5.30471166993e-010, 7.34218796872e-010, 8.09476874419e-010, 5.11847342288e-010, 6.15560491468e-010, 7.04268032781e-010, 3.1661498423e-010, 2.32279390167e-010, 1.27670735095e-010, 1.20089202471e-010, 1.39775191421e-010, 7.77594655332e-011, 7.31758334482e-011, 4.13786227504e-011, 4.07611479292e-011, 5.71383357295e-011, 1.99898066849e-011, 3.39800618199e-011, 2.88437902035e-011, 1.45479401095e-011, 8.17641614137e-012]
    },
    "mfcc": {
        "mean": [-621.524230957, 96.5668716431, 11.7776927948, 32.901184082, 12.0852193832, 10.6858634949, 13.6860923767, 16.2495555878, -1.46881127357, -0.777091324329, -5.11213493347, 8.71100902557, 0.605757713318],
        "cov": [[3170.55029297, -413.032592773, 521.123291016, 121.776817322, 86.4579849243, -37.022567749, -129.814849854, -75.9479598999, 95.3658065796, 3.40853619576, 111.430168152, -112.664634705, -93.9938583374], [-413.032592773, 578.672058105, -208.100021362, 104.485794067, -6.52405071259, -10.2237558365, 55.0405273438, 39.7364883423, -13.8656625748, 11.5793771744, -12.6679849625, 37.1227493286, -3.6228158474], [521.123291016, -208.100021362, 379.808044434, 54.0060119629, 80.7954025269, 50.9200820923, 22.3375530243, -12.482254982, 56.6328277588, 6.9765381813, 28.1993083954, -10.5559387207, -6.32813978195], [121.776817322, 104.485794067, 54.0060119629, 163.88319397, 65.4627761841, 27.3422660828, 28.8972263336, 2.922093153, 29.9615116119, 6.63545894623, 12.8837900162, 23.4286575317, 3.65760087967], [86.4579849243, -6.52405071259, 80.7954025269, 65.4627761841, 105.599822998, 53.7003822327, 37.4139785767, 7.90056657791, 28.1100521088, 3.46069979668, 9.67396450043, 6.55167102814, 8.92024993896], [-37.022567749, -10.2237558365, 50.9200820923, 27.3422660828, 53.7003822327, 117.491165161, 64.4686508179, 21.2513370514, 14.6577272415, 15.0501909256, -3.66831064224, 17.0325012207, 19.6139812469], [-129.814849854, 55.0405273438, 22.3375530243, 28.8972263336, 37.4139785767, 64.4686508179, 117.310447693, 35.0525016785, 31.1383056641, 2.58863043785, -2.91090202332, 23.8915615082, 20.9238777161], [-75.9479598999, 39.7364883423, -12.482254982, 2.922093153, 7.90056657791, 21.2513370514, 35.0525016785, 85.4956283569, 17.5517883301, 9.09951972961, -0.568629324436, 6.78940057755, 6.48098754883], [95.3658065796, -13.8656625748, 56.6328277588, 29.9615116119, 28.1100521088, 14.6577272415, 31.1383056641, 17.5517883301, 76.5883026123, 24.071685791, 10.1766710281, -0.548768699169, 0.324584364891], [3.40853619576, 11.5793771744, 6.9765381813, 6.63545894623, 3.46069979668, 15.0501909256, 2.58863043785, 9.09951972961, 24.071685791, 58.946434021, 13.5389690399, -1.56109631062, -4.40573215485], [111.430168152, -12.6679849625, 28.1993083954, 12.8837900162, 9.67396450043, -3.66831064224, -2.91090202332, -0.568629324436, 10.1766710281, 13.5389690399, 52.7124252319, 8.59615325928, -8.79551315308], [-112.664634705, 37.1227493286, -10.5559387207, 23.4286575317, 6.55167102814, 17.0325012207, 23.8915615082, 6.78940057755, -0.548768699169, -1.56109631062, 8.59615325928, 61.6811180115, 21.7392597198], [-93.9938583374, -3.6228158474, -6.32813978195, 3.65760087967, 8.92024993896, 19.6139812469, 20.9238777161, 6.48098754883, 0.324584364891, -4.40573215485, -8.79551315308, 21.7392597198, 53.1917266846]],
        "icov": [[0.000529588432983, 0.000140679927426, -0.000502600101754, -0.000478708534501, 0.000192348641576, -9.4704933872e-005, 0.000571751676034, 6.72251044307e-005, -0.000394563394366, 0.00042394202319, -0.000824792776257, 0.000782550196163, 0.000269406940788], [0.000140679927426, 0.00337109481916, 0.0017403406091, -0.00298352446407, 0.000317332189297, 0.00122503913008, -0.00201880931854, -0.000790531397797, 0.00125927804038, -0.00121797330212, 0.00060580286663, -0.000461040588561, 0.00145593984053], [-0.000502600101754, 0.0017403406091, 0.00522971805185, -0.00120584573597, -0.00169357098639, -0.000713405082934, -0.00106951245107, 0.000530708755832, -0.001385233365, 0.000174938002601, -0.000431472581113, -0.000123800491565, 0.000840803375468], [-0.000478708534501, -0.00298352446407, -0.00120584573597, 0.0118225608021, -0.0058292048052, 1.67016678461e-005, 0.00107328651939, 0.00123313814402, -0.0024294515606, 0.000378226162866, 0.000177612862899, -0.00374999945052, 1.56125076956e-006], [0.000192348641576, 0.000317332189297, -0.00169357098639, -0.0058292048052, 0.0184037238359, -0.00639519980177, -0.000349784677383, 7.41603580536e-005, -0.0025995390024, 0.00302473665215, -0.00284772901796, 0.00298979599029, -0.00146512500942], [-9.4704933872e-005, 0.00122503913008, -0.000713405082934, 1.67016678461e-005, -0.00639519980177, 0.0173639655113, -0.00816567149013, -0.00118030689191, 0.00509961647913, -0.00674238102511, 0.00365398963913, -0.00203907350078, -0.00129635864869], [0.000571751676034, -0.00201880931854, -0.00106951245107, 0.00107328651939, -0.000349784677383, -0.00816567149013, 0.0179683882743, -0.00283701857552, -0.00714756920934, 0.00504949968308, -0.000865101523232, -0.00182704266626, -0.001915527042], [6.72251044307e-005, -0.000790531397797, 0.000530708755832, 0.00123313814402, 7.41603580536e-005, -0.00118030689191, -0.00283701857552, 0.0142487008125, -0.00276028853841, -0.000626140623353, -0.000413279165514, 0.000207320510526, -0.000342102459399], [-0.000394563394366, 0.00125927804038, -0.001385233365, -0.0024294515606, -0.0025995390024, 0.00509961647913, -0.00714756920934, -0.00276028853841, 0.0221187602729, -0.00940236169845, 0.000840207096189, 0.00102408439852, -9.91103224806e-005], [0.00042394202319, -0.00121797330212, 0.000174938002601, 0.000378226162866, 0.00302473665215, -0.00674238102511, 0.00504949968308, -0.000626140623353, -0.00940236169845, 0.0240347646177, -0.00672658858821, 0.00224575516768, 0.000747921643779], [-0.000824792776257, 0.00060580286663, -0.000431472581113, 0.000177612862899, -0.00284772901796, 0.00365398963913, -0.000865101523232, -0.000413279165514, 0.000840207096189, -0.00672658858821, 0.0254106558859, -0.00775134889409, 0.00484853936359], [0.000782550196163, -0.000461040588561, -0.000123800491565, -0.00374999945052, 0.00298979599029, -0.00203907350078, -0.00182704266626, 0.000207320510526, 0.00102408439852, 0.00224575516768, -0.00775134889409, 0.0244086422026, -0.00853918679059], [0.000269406940788, 0.00145593984053, 0.000840803375468, 1.56125076956e-006, -0.00146512500942, -0.00129635864869, -0.001915527042, -0.000342102459399, -9.91103224806e-005, 0.000747921643779, 0.00484853936359, -0.00853918679059, 0.0253481902182]]
    },
    "spectral_contrast_coeffs": {
        "mean": [-0.630725204945, -0.76723253727, -0.773922383785, -0.788546562195, -0.752376377583, -0.728510320187],
        "var": [0.00401854794472, 0.0025165041443, 0.00248954351991, 0.00169299717527, 0.00194592028856, 0.00109493569471]
    },
    "spectral_contrast_valleys": {
        "mean": [-6.94838380814, -6.90989685059, -7.38092279434, -7.86179256439, -7.47337341309, -9.91420555115],
        "var": [1.32211530209, 1.1425434351, 1.1121070385, 1.09187746048, 1.27323913574, 1.33020675182]
    }
},
"metadata": {
    "audio_properties": {
        "analysis_sample_rate": 44100,
        "bit_rate": 113116,
        "equal_loudness": 0,
        "length": 45.0873451233,
        "lossless": 0,
        "replay_gain": -11.6166534424,
        "sample_rate": 44100,
        "codec": "mp3",
        "downmix": "mix",
        "md5_encoded": "78e9e2529903fce64c017addf94bdec3"
    },
    "tags": {
        "file_name": "983.mp3"
    },
    "version": {
        "essentia": "2.1-beta2",
        "essentia_git_sha": "v2.1_beta2",
        "extractor": "music 1.0"
    }
},
"rhythm": {
    "beats_count": 90,
    "beats_loudness": {
        "mean": 0.0929461196065,
        "var": 0.00118058861699
    },
    "bpm": 120.053764343,
    "bpm_histogram_first_peak_bpm": {
        "mean": 120,
        "var": 0
    },
    "bpm_histogram_first_peak_spread": {
        "mean": 0.42045456171,
        "var": 0
    },
    "bpm_histogram_first_peak_weight": {
        "mean": 0.573033690453,
        "var": 0
    },
    "bpm_histogram_second_peak_bpm": {
        "mean": 133,
        "var": 0
    },
    "bpm_histogram_second_peak_spread": {
        "mean": 0,
        "var": 0
    },
    "bpm_histogram_second_peak_weight": {
        "mean": 0.0112359551713,
        "var": 0
    },
    "danceability": 2.24071836472,
    "onset_rate": 4.70016908646,
    "beats_loudness_band_ratio": {
        "mean": [0.821050524712, 0.0528728105128, 0.025955138728, 0.0250059757382, 0.0393365323544, 0.046239528805],
        "var": [0.0109647316858, 0.00201535900123, 0.000262782821665, 0.000233416387346, 0.000891650619451, 0.00120227166917]
    },
    "beats_position": [0.429569154978, 0.882358253002, 1.369977355, 1.88081634045, 2.36843538284, 2.87927436829, 3.3785033226, 3.87773227692, 4.37696123123, 4.87619018555, 5.3754196167, 5.87464857101, 6.37387752533, 6.87310647964, 7.37233543396, 7.87156438828, 8.37079334259, 8.87002277374, 9.36925125122, 9.86848068237, 10.379319191, 10.8901586533, 11.3777770996, 11.8886165619, 12.3762359619, 12.8638544083, 13.3746938705, 13.8855323792, 14.3731517792, 14.8839902878, 15.3716096878, 15.8824491501, 16.3816776276, 16.8809070587, 17.3801364899, 17.8793640137, 18.3669834137, 18.877822876, 19.3770523071, 19.8762817383, 20.3755092621, 20.8747386932, 21.3739681244, 21.8731975555, 22.3724250793, 22.8716545105, 23.3708839417, 23.8701133728, 24.369342804, 24.8685703278, 25.3677997589, 25.8670291901, 26.3778686523, 26.8887062073, 27.3763256073, 27.8871650696, 28.3747844696, 28.8624038696, 29.3732414246, 29.8840808868, 30.3717002869, 30.8825397491, 31.3701572418, 31.8809967041, 32.3686180115, 32.8794555664, 33.3786849976, 33.8779144287, 34.3771438599, 34.8763694763, 35.3755989075, 35.8748283386, 36.3740577698, 36.8732872009, 37.3725166321, 37.8717460632, 38.3709754944, 38.8702049255, 39.369430542, 39.8686599731, 40.3795013428, 40.8787307739, 41.3779602051, 41.8771858215, 42.3764152527, 42.8872566223, 43.374874115, 43.8857116699, 44.3733329773, 44.8725624084]
},
"tonal": {
    "chords_changes_rate": 0.0751028805971,
    "chords_number_rate": 0.00514403311536,
    "chords_strength": {
        "mean": 0.47883784771,
        "var": 0.00365759478882
    },
    "hpcp_entropy": {
        "mean": 1.93312871456,
        "var": 0.723562657833
    },
    "key_strength": 0.593878567219,
    "tuning_diatonic_strength": 0.512790858746,
    "tuning_equal_tempered_deviation": 0.128138378263,
    "tuning_frequency": 440,
    "tuning_nontempered_energy_ratio": 0.834651887417,
    "hpcp": {
        "mean": [0.123429842293, 0.115445695817, 0.0602674633265, 0.0565825812519, 0.0707935541868, 0.0765870735049, 0.0643953084946, 0.0513822287321, 0.0640972107649, 0.106526456773, 0.105730101466, 0.0717590004206, 0.081341445446, 0.133125290275, 0.327057629824, 0.647541463375, 0.550609529018, 0.183990940452, 0.0595891922712, 0.0397371016443, 0.0435410812497, 0.0514384396374, 0.0625238493085, 0.120711840689, 0.159899190068, 0.105414658785, 0.0515288710594, 0.0414190925658, 0.0358777530491, 0.056820128113, 0.0912418961525, 0.0687299743295, 0.0278484784067, 0.0183078013361, 0.023870497942, 0.058122754097],
        "var": [0.0308074578643, 0.0261962208897, 0.0155689194798, 0.0218914747238, 0.0276794712991, 0.0385873839259, 0.0298539306968, 0.0228684935719, 0.0171327330172, 0.0398950465024, 0.0454145558178, 0.0302564110607, 0.0404906198382, 0.064843967557, 0.0890143960714, 0.15087723732, 0.1185259372, 0.052160654217, 0.0229594949633, 0.0143873337656, 0.0146013703197, 0.0155583685264, 0.0167188551277, 0.0469981692731, 0.0776790902019, 0.0403162948787, 0.0110471919179, 0.008749444969, 0.00958105828613, 0.0206959024072, 0.0438531450927, 0.0199430007488, 0.00340927881189, 0.00157304911409, 0.0028118994087, 0.00915425363928]
    },
    "chords_histogram": [14.0946502686, 6.99588489532, 57.9218101501, 0, 0.514403283596, 0, 0, 12.0370368958, 0.308641970158, 0, 0, 0, 0, 0, 0, 0, 0, 0, 0, 0, 0, 0, 8.12757205963, 0],
    "thpcp": [1, 0.850307762623, 0.284137696028, 0.0920237451792, 0.0613661110401, 0.0672406107187, 0.0794365182519, 0.0965557470918, 0.186415612698, 0.24693274498, 0.162792131305, 0.0795761719346, 0.0639636144042, 0.0554061084986, 0.087747476995, 0.140905097127, 0.106139883399, 0.0430064797401, 0.028272787109, 0.0368632748723, 0.0897591263056, 0.190613031387, 0.17828309536, 0.0930711999536, 0.0873806327581, 0.109326675534, 0.118273623288, 0.0994458422065, 0.0793497115374, 0.0989854931831, 0.164509087801, 0.163279280066, 0.110817611217, 0.125615805387, 0.205585733056, 0.505075991154],
    "chords_key": "D",
    "chords_scale": "minor",
    "key_key": "G",
    "key_scale": "minor"
}
}