{
"lowlevel": {
    "average_loudness": 0.983675837517,
    "barkbands_crest": {
        "mean": 11.2851381302,
        "var": 36.2825012207
    },
    "barkbands_flatness_db": {
        "mean": 0.148057118058,
        "var": 0.0107042435557
    },
    "barkbands_kurtosis": {
        "mean": 17.8842315674,
        "var": 1481.84570313
    },
    "barkbands_skewness": {
        "mean": 2.55567598343,
        "var": 7.46004867554
    },
    "barkbands_spread": {
        "mean": 31.2670612335,
        "var": 482.410644531
    },
    "dissonance": {
        "mean": 0.478399813175,
        "var": 0.000502079317812
    },
    "dynamic_complexity": 3.30441761017,
    "erbbands_crest": {
        "mean": 5.98578214645,
        "var": 9.4723482132
    },
    "erbbands_flatness_db": {
        "mean": 0.122509434819,
        "var": 0.00219490472227
    },
    "erbbands_kurtosis": {
        "mean": 0.326155811548,
        "var": 14.8759698868
    },
    "erbbands_skewness": {
        "mean": 0.080484777689,
        "var": 0.883564531803
    },
    "erbbands_spread": {
        "mean": 58.1302833557,
        "var": 820.719970703
    },
    "hfc": {
        "mean": 30.1830615997,
        "var": 1325.15136719
    },
    "melbands_crest": {
        "mean": 15.3987321854,
        "var": 43.7941360474
    },
    "melbands_flatness_db": {
        "mean": 0.208206877112,
        "var": 0.0183251798153
    },
    "melbands_kurtosis": {
        "mean": 52.9405517578,
        "var": 7268.38134766
    },
    "melbands_skewness": {
        "mean": 4.63005924225,
        "var": 13.0903806686
    },
    "melbands_spread": {
        "mean": 30.1937980652,
        "var": 815.774963379
    },
    "pitch_salience": {
        "mean": 0.525161087513,
        "var": 0.0332911275327
    },
    "silence_rate_20dB": {
        "mean": 1,
        "var": 0
    },
    "silence_rate_30dB": {
        "mean": 0.977354586124,
        "var": 0.0221324004233
    },
    "silence_rate_60dB": {
        "mean": 0.0663921758533,
        "var": 0.0619854144752
    },
    "spectral_centroid": {
        "mean": 1649.27490234,
        "var": 793069.25
    },
    "spectral_complexity": {
        "mean": 18.9686050415,
        "var": 270.687835693
    },
    "spectral_decrease": {
        "mean": -7.31053573233e-009,
        "var": 4.92301835517e-017
    },
    "spectral_energy": {
        "mean": 0.0303293224424,
        "var": 0.000774805725086
    },
    "spectral_energyband_high": {
        "mean": 0.00241748476401,
        "var": 1.35221016535e-005
    },
    "spectral_energyband_low": {
        "mean": 0.0176199097186,
        "var": 0.000545600079931
    },
    "spectral_energyband_middle_high": {
        "mean": 0.00478699989617,
        "var": 3.45284061041e-005
    },
    "spectral_energyband_middle_low": {
        "mean": 0.00684415409341,
        "var": 8.95521807251e-005
    },
    "spectral_entropy": {
        "mean": 7.88363599777,
        "var": 0.442434072495
    },
    "spectral_flux": {
        "mean": 0.110583283007,
        "var": 0.00459062494338
    },
    "spectral_kurtosis": {
        "mean": 3.50715780258,
        "var": 44.0400810242
    },
    "spectral_rms": {
        "mean": 0.00487483618781,
        "var": 5.82558277529e-006
    },
    "spectral_rolloff": {
        "mean": 2349.06445313,
        "var": 6975354.5
    },
    "spectral_skewness": {
        "mean": 1.36594223976,
        "var": 0.466859459877
    },
    "spectral_spread": {
        "mean": 6204496.5,
        "var": 5.9663277097e+012
    },
    "spectral_strongpeak": {
        "mean": 0.354622840881,
        "var": 0.122500702739
    },
    "zerocrossingrate": {
        "mean": 0.0809745192528,
        "var": 0.00332547305152
    },
    "barkbands": {
        "mean": [0.000505855598021, 0.010355935432, 0.00548358028755, 0.00220941868611, 0.00210678041913, 0.000777962559368, 0.00109004962724, 0.000275061378488, 0.000292074371828, 0.000608825823292, 0.000400642078603, 0.0003315108479, 0.000758968759328, 0.000334083219059, 0.000420995114837, 0.000700191536453, 0.000353066017851, 0.000457207701402, 0.00028527181712, 0.000388438493246, 0.000321725558024, 0.000368997221813, 0.000506432494149, 0.000533442245796, 0.000341505918186, 0.000118030839076, 3.29864610649e-006],
        "var": [6.58034764456e-007, 0.00018636288587, 0.000176047353307, 1.9074359443e-005, 2.11412661884e-005, 1.20430672723e-006, 2.78067773252e-006, 1.28337362071e-007, 2.68514128265e-007, 8.85289978214e-007, 3.89386002553e-007, 2.35346831801e-007, 1.28046531245e-006, 2.9359134146e-007, 3.97019988441e-007, 9.49047432641e-007, 2.47856775104e-007, 3.91743952832e-007, 1.75883073439e-007, 2.85949511181e-007, 3.53752255933e-007, 4.49543250625e-007, 8.14961708784e-007, 9.28966926494e-007, 2.48366177402e-007, 4.51389858824e-008, 1.7222011317e-010]
    },
    "erbbands": {
        "mean": [0.267490714788, 2.46115350723, 5.57548284531, 8.46190357208, 6.20398807526, 6.75678396225, 8.49301815033, 5.81857347488, 15.4874362946, 9.41550159454, 6.39273500443, 6.63883924484, 11.0273571014, 23.4634571075, 15.6060714722, 16.3473052979, 34.7129211426, 20.0555152893, 20.6756324768, 25.9971084595, 37.0830230713, 20.0150222778, 23.180059433, 20.3396987915, 14.5955104828, 19.270772934, 13.3189592361, 13.6392784119, 12.1321563721, 14.9018573761, 14.8077754974, 12.716799736, 7.65469646454, 4.3493885994, 2.0156121254, 0.716322302818, 0.179964363575, 0.0202262420207, 0.000559987965971, 6.13747833995e-005],
        "var": [0.109945781529, 12.0927276611, 161.857803345, 258.366271973, 195.614074707, 238.317001343, 215.41557312, 69.7123794556, 571.752441406, 187.644134521, 67.5199584961, 129.732879639, 244.030380249, 1292.62353516, 594.820800781, 520.515869141, 2699.70361328, 745.000671387, 978.931030273, 1239.7355957, 2513.47509766, 703.490722656, 967.795349121, 793.377868652, 521.242919922, 703.597961426, 512.384460449, 679.134094238, 475.255004883, 725.64666748, 733.51348877, 579.978759766, 158.219161987, 37.8639411926, 10.668170929, 1.51563608646, 0.130980461836, 0.00247649149969, 2.29906390814e-006, 3.85391496494e-009]
    },
    "gfcc": {
        "mean": [-12.3145914078, 65.7843475342, -99.9524383545, 49.2948684692, -51.2451591492, 28.7574653625, -42.7688674927, 13.6150884628, -23.5544223785, 5.40210914612, -12.4519004822, 3.5294175148, -8.40015125275],
        "cov": [[13852.3193359, -2012.45996094, -1218.24609375, -488.776763916, -1095.17004395, 559.374816895, -607.141418457, 410.669281006, -539.344665527, 263.274353027, -378.343780518, 270.814147949, -472.842071533], [-2012.45996094, 2267.65576172, 208.57220459, 441.434753418, 928.742431641, -218.248840332, 458.116973877, -196.793304443, 262.252471924, -129.796936035, 253.086639404, -269.048522949, 231.146789551], [-1218.24609375, 208.57220459, 1922.92602539, 606.12097168, 474.780548096, 301.572631836, 135.456253052, 101.524513245, 128.636291504, 35.1987266541, -23.8831768036, 56.8928985596, -37.2511940002], [-488.776763916, 441.434753418, 606.12097168, 507.960357666, 309.826446533, 166.191421509, 170.159973145, -9.51959228516, 107.092910767, -54.9435501099, 38.5233001709, -45.8883094788, 53.6148071289], [-1095.17004395, 928.742431641, 474.780548096, 309.826446533, 690.656005859, 4.38072872162, 302.058013916, 34.7201347351, 144.075164795, -4.617208004, 118.715270996, -44.2429389954, 101.193534851], [559.374816895, -218.248840332, 301.572631836, 166.191421509, 4.38072872162, 290.224853516, 32.086139679, 108.590965271, 16.5870037079, 14.0581254959, -36.7149276733, 42.3002548218, -24.1149311066], [-607.141418457, 458.116973877, 135.456253052, 170.159973145, 302.058013916, 32.086139679, 245.541870117, 31.1056690216, 103.926040649, -9.60677337646, 68.9507904053, -31.8244552612, 68.4073104858], [410.669281006, -196.793304443, 101.524513245, -9.51959228516, 34.7201347351, 108.590965271, 31.1056690216, 165.098815918, 9.87383365631, 81.8975830078, -8.59906291962, 65.5182723999, -20.322019577], [-539.344665527, 262.252471924, 128.636291504, 107.092910767, 144.075164795, 16.5870037079, 103.926040649, 9.87383365631, 116.390609741, 13.1405982971, 46.1512947083, -26.5334072113, 42.9511604309], [263.274353027, -129.796936035, 35.1987266541, -54.9435501099, -4.617208004, 14.0581254959, -9.60677337646, 81.8975830078, 13.1405982971, 118.804115295, 5.44750165939, 41.1441116333, -20.4181194305], [-378.343780518, 253.086639404, -23.8831768036, 38.5233001709, 118.715270996, -36.7149276733, 68.9507904053, -8.59906291962, 46.1512947083, 5.44750165939, 93.7921981812, -2.7504093647, 52.2749557495], [270.814147949, -269.048522949, 56.8928985596, -45.8883094788, -44.2429389954, 42.3002548218, -31.8244552612, 65.5182723999, -26.5334072113, 41.1441116333, -2.7504093647, 104.475982666, -14.8892126083], [-472.842071533, 231.146789551, -37.2511940002, 53.6148071289, 101.193534851, -24.1149311066, 68.4073104858, -20.322019577, 42.9511604309, -20.4181194305, 52.2749557495, -14.8892126083, 81.0449142456]],
        "icov": [[0.000155454094056, -0.000195250380784, 0.000212589613511, -0.000225421885261, 0.000132798872073, -0.000351651775418, 0.000170238679857, -0.000206082317163, 0.000491594022606, -0.00034107879037, 0.000243242277065, -0.000379526027245, 0.000671785965096], [-0.000195250380784, 0.00299865240231, -9.61803816608e-005, 0.000111358764116, -0.00296445377171, 0.00101451564115, -0.000462817464722, 0.00175186956767, -0.00127952650655, 0.000751671439502, -0.00273714121431, 0.00451509840786, -0.00151372293476], [0.000212589613511, -9.61803816608e-005, 0.00162571505643, -0.00170242111199, -0.00101329444442, -0.000717824732419, 0.00122841342818, 0.000201276241569, -0.000453684158856, -0.000840376422275, 0.00125776580535, -0.00173833477311, 0.00235140742734], [-0.000225421885261, 0.000111358764116, -0.00170242111199, 0.00675845472142, -0.000834978418425, -0.00306988484226, -0.0014225068735, 0.00259063066915, -0.0013769720681, 0.00168957060669, -0.00120235281065, 0.00218438706361, -0.00257463939488], [0.000132798872073, -0.00296445377171, -0.00101329444442, -0.000834978418425, 0.00779275130481, 0.00109175150283, -0.00376799399965, -0.0035872256849, 0.0022070875857, -0.000470210448839, 0.000447478203569, -0.00306865177117, 5.14314961038e-005], [-0.000351651775418, 0.00101451564115, -0.000717824732419, -0.00306988484226, 0.00109175150283, 0.00952281616628, -0.00111899059266, -0.00577595736831, -0.00169686193112, 0.00326763652265, 0.000733499065973, 0.000626075896434, -0.000913260388188], [0.000170238679857, -0.000462817464722, 0.00122841342818, -0.0014225068735, -0.00376799399965, -0.00111899059266, 0.0133436098695, -0.00372696109116, -0.00479380367324, 0.00209979177453, -0.000377122167265, 0.000183964963071, -0.000660117424559], [-0.000206082317163, 0.00175186956767, 0.000201276241569, 0.00259063066915, -0.0035872256849, -0.00577595736831, -0.00372696109116, 0.0196192711592, -0.000776132917963, -0.00858482159674, 0.00104958284646, -0.00333924335428, -3.63464423572e-005], [0.000491594022606, -0.00127952650655, -0.000453684158856, -0.0013769720681, 0.0022070875857, -0.00169686193112, -0.00479380367324, -0.000776132917963, 0.0206722524017, -0.00621834862977, -0.00237617641687, 0.00298253051005, -0.00263083283789], [-0.00034107879037, 0.000751671439502, -0.000840376422275, 0.00168957060669, -0.000470210448839, 0.00326763652265, 0.00209979177453, -0.00858482159674, -0.00621834862977, 0.0179812721908, -0.00415629241616, 0.000110383691208, 0.00252338824794], [0.000243242277065, -0.00273714121431, 0.00125776580535, -0.00120235281065, 0.000447478203569, 0.000733499065973, -0.000377122167265, 0.00104958284646, -0.00237617641687, -0.00415629241616, 0.024741705507, -0.009023623541, -0.00656404672191], [-0.000379526027245, 0.00451509840786, -0.00173833477311, 0.00218438706361, -0.00306865177117, 0.000626075896434, 0.000183964963071, -0.00333924335428, 0.00298253051005, 0.000110383691208, -0.009023623541, 0.0243691168725, -0.00556603632867], [0.000671785965096, -0.00151372293476, 0.00235140742734, -0.00257463939488, 5.14314961038e-005, -0.000913260388188, -0.000660117424559, -3.63464423572e-005, -0.00263083283789, 0.00252338824794, -0.00656404672191, -0.00556603632867, 0.0288129672408]]
    },
    "melbands": {
        "mean": [0.00276099122129, 0.00316266831942, 0.00139767932706, 0.000453254004242, 0.000303204200463, 0.000134312882437, 0.0002365361579, 8.91967792995e-005, 4.9150607083e-005, 4.23720666731e-005, 5.66157941648e-005, 9.7563068266e-005, 5.46152841707e-005, 3.69524059352e-005, 6.48483983241e-005, 6.77531061228e-005, 3.32992713084e-005, 3.04210479953e-005, 3.46860433638e-005, 4.36588015873e-005, 4.088773494e-005, 1.9110064386e-005, 2.27627333516e-005, 1.85840035556e-005, 1.66366080521e-005, 9.74379145191e-006, 1.11222288979e-005, 1.35985146699e-005, 8.18743319542e-006, 8.07850301499e-006, 7.78573757998e-006, 6.708910405e-006, 7.35526145945e-006, 8.53259189171e-006, 8.75175737747e-006, 7.58566693548e-006, 8.0266590885e-006, 5.41624422112e-006, 4.81106053485e-006, 3.21149218507e-006],
        "var": [1.14455770017e-005, 3.10321156576e-005, 6.57849250274e-006, 1.16284536489e-006, 2.95116564075e-007, 3.64770720296e-008, 1.29442483399e-007, 1.58455808474e-008, 4.23335633215e-009, 5.90247362098e-009, 6.47799236475e-009, 2.32317809434e-008, 7.37870697876e-009, 3.21162385575e-009, 9.20560161433e-009, 9.75343095178e-009, 2.29899876913e-009, 2.5023565442e-009, 2.78543033083e-009, 3.85279097515e-009, 3.18230286567e-009, 7.74184549801e-010, 8.91175522266e-010, 6.71858679802e-010, 5.49618850432e-010, 2.35844288543e-010, 2.95350938151e-010, 3.56189022721e-010, 1.82801204729e-010, 2.22412852025e-010, 2.36597991199e-010, 1.58141139073e-010, 1.66978583738e-010, 2.48640052991e-010, 2.76684897216e-010, 1.8006891811e-010, 2.49887638359e-010, 8.85981496501e-011, 4.98693968065e-011, 2.25191931075e-011]
    },
    "mfcc": {
        "mean": [-655.041320801, 90.9389266968, 15.688583374, 24.4119625092, 19.9521522522, 12.770781517, 4.75002098083, 6.61463737488, 0.866133213043, 1.99163198471, -2.21034169197, 3.92929697037, 3.79683232307],
        "cov": [[12969.8984375, -1687.20019531, -1108.43334961, -1176.66662598, -801.346191406, -369.352783203, -248.989547729, -105.349449158, -277.260406494, -99.6286315918, -119.984855652, -51.9874153137, -69.6059417725], [-1687.20019531, 1708.25561523, -164.999801636, 623.569091797, 386.052886963, 192.281677246, 250.729827881, 13.6037759781, 124.632698059, 106.768188477, 56.1425666809, 62.1969108582, 68.4297714233], [-1108.43334961, -164.999801636, 1352.140625, 329.531738281, 394.430175781, 291.859802246, 79.2710494995, 171.321548462, 90.9632034302, 58.5646934509, 82.6451568604, -26.5719051361, 10.0935726166], [-1176.66662598, 623.569091797, 329.531738281, 532.311950684, 327.984191895, 216.184661865, 175.587188721, 91.1286315918, 109.335647583, 63.7544021606, 49.8511314392, 29.8279266357, 38.3685569763], [-801.346191406, 386.052886963, 394.430175781, 327.984191895, 366.435577393, 183.363052368, 154.665588379, 109.126113892, 99.1424484253, 52.3968009949, 44.4285507202, 36.411403656, 51.3493652344], [-369.352783203, 192.281677246, 291.859802246, 216.184661865, 183.363052368, 212.690246582, 103.166595459, 103.738037109, 76.9057235718, 54.5791816711, 30.0499572754, 7.53606319427, 0.582422018051], [-248.989547729, 250.729827881, 79.2710494995, 175.587188721, 154.665588379, 103.166595459, 172.655792236, 94.8703384399, 82.796081543, 38.6537094116, 32.2752685547, 39.2248649597, 34.906627655], [-105.349449158, 13.6037759781, 171.321548462, 91.1286315918, 109.126113892, 103.738037109, 94.8703384399, 148.308898926, 74.4750213623, 17.5114517212, 16.854642868, 32.038356781, 15.7850799561], [-277.260406494, 124.632698059, 90.9632034302, 109.335647583, 99.1424484253, 76.9057235718, 82.796081543, 74.4750213623, 114.16960144, 54.6582069397, 45.7152290344, 23.2307186127, 21.5202236176], [-99.6286315918, 106.768188477, 58.5646934509, 63.7544021606, 52.3968009949, 54.5791816711, 38.6537094116, 17.5114517212, 54.6582069397, 91.1027145386, 46.891002655, 6.88564586639, 11.6697721481], [-119.984855652, 56.1425666809, 82.6451568604, 49.8511314392, 44.4285507202, 30.0499572754, 32.2752685547, 16.854642868, 45.7152290344, 46.891002655, 70.0429077148, 18.5834236145, 25.358707428], [-51.9874153137, 62.1969108582, -26.5719051361, 29.8279266357, 36.411403656, 7.53606319427, 39.2248649597, 32.038356781, 23.2307186127, 6.88564586639, 18.5834236145, 59.1188697815, 32.8239479065], [-69.6059417725, 68.4297714233, 10.0935726166, 38.3685569763, 51.3493652344, 0.582422018051, 34.906627655, 15.7850799561, 21.5202236176, 11.6697721481, 25.358707428, 32.8239479065, 71.4257049561]],
        "icov": [[0.000108371248643, 8.59109204612e-005, 0.000102607264125, 0.000158138383995, 7.27403767087e-006, -0.000145193407661, -0.000146695048898, -8.10222845757e-005, 0.000264634320047, -0.000123238321976, -6.15895114606e-005, 9.6618598036e-005, -7.27270089556e-005], [8.59109204612e-005, 0.0017659541918, 0.0010264479788, -0.00155431579333, -0.00128725019749, -0.000368636567146, -0.000620424514636, 0.00115399167407, 0.000416208553361, -0.000680125958752, -0.000257095089182, 1.4265556274e-005, 0.000128791463794], [0.000102607264125, 0.0010264479788, 0.00235305912793, -0.000726752157789, -0.00262941373512, -0.00129357795231, 0.00138228014112, -0.00126476993319, 0.00145561702084, 0.000198040055693, -0.00273815821856, 0.0021447034087, 0.000194947351702], [0.000158138383995, -0.00155431579333, -0.000726752157789, 0.00717658689246, -0.00179826526437, -0.00296482257545, -0.00171846116427, 0.00155700871255, -0.000994043773971, 0.00134341325611, -8.29052005429e-005, -3.66581734852e-005, -0.000170188359334], [7.27403767087e-006, -0.00128725019749, -0.00262941373512, -0.00179826526437, 0.0113408397883, -0.00167909951415, -0.00297507061623, 0.000377565156668, -0.00180401606485, 0.000215898035094, 0.00322161638178, -0.00210041576065, -0.00386130367406], [-0.000145193407661, -0.000368636567146, -0.00129357795231, -0.00296482257545, -0.00167909951415, 0.0154816508293, -0.000948745408095, -0.00649498123676, 0.000711172237061, -0.00510737486184, 0.000965460960288, 0.00199325568974, 0.00432848744094], [-0.000146695048898, -0.000620424514636, 0.00138228014112, -0.00171846116427, -0.00297507061623, -0.000948745408095, 0.0163794010878, -0.00634807534516, -0.00256385141984, -7.78946050559e-005, -0.00130773126148, -0.00122068147175, -0.00146562373266], [-8.10222845757e-005, 0.00115399167407, -0.00126476993319, 0.00155700871255, 0.000377565156668, -0.00649498123676, -0.00634807534516, 0.0205930303782, -0.00923885405064, 0.00422736117616, 0.00493406224996, -0.0075800595805, 0.000315252429573], [0.000264634320047, 0.000416208553361, 0.00145561702084, -0.000994043773971, -0.00180401606485, 0.000711172237061, -0.00256385141984, -0.00923885405064, 0.0239130016416, -0.0073600676842, -0.0081679802388, 0.00238897232339, 0.000573044701014], [-0.000123238321976, -0.000680125958752, 0.000198040055693, 0.00134341325611, 0.000215898035094, -0.00510737486184, -7.78946050559e-005, 0.00422736117616, -0.0073600676842, 0.0223992653191, -0.0105343824252, 0.00174224213697, 0.000269430049229], [-6.15895114606e-005, -0.000257095089182, -0.00273815821856, -8.29052005429e-005, 0.00322161638178, 0.000965460960288, -0.00130773126148, 0.00493406224996, -0.0081679802388, -0.0105343824252, 0.0309436116368, -0.00698230043054, -0.00575275206938], [9.6618598036e-005, 1.4265556274e-005, 0.0021447034087, -3.66581734852e-005, -0.00210041576065, 0.00199325568974, -0.00122068147175, -0.0075800595805, 0.00238897232339, 0.00174224213697, -0.00698230043054, 0.0297796241939, -0.00864817295223], [-7.27270089556e-005, 0.000128791463794, 0.000194947351702, -0.000170188359334, -0.00386130367406, 0.00432848744094, -0.00146562373266, 0.000315252429573, 0.000573044701014, 0.000269430049229, -0.00575275206938, -0.00864817295223, 0.0230574999005]]
    },
    "spectral_contrast_coeffs": {
        "mean": [-0.650666952133, -0.780507802963, -0.827255129814, -0.811596393585, -0.806390464306, -0.777683973312],
        "var": [0.00805039424449, 0.00308154174127, 0.00227597379126, 0.00193234940525, 0.00165625824593, 0.00192009401508]
    },
    "spectral_contrast_valleys": {
        "mean": [-7.42184352875, -7.10451412201, -7.54177951813, -7.64635801315, -7.59283924103, -9.77687263489],
        "var": [2.07147336006, 1.6047410965, 1.8410692215, 1.82641792297, 1.75095546246, 2.60233998299]
    }
},
"metadata": {
    "audio_properties": {
        "analysis_sample_rate": 44100,
        "bit_rate": 120914,
        "equal_loudness": 0,
        "length": 45.0873451233,
        "lossless": 0,
        "replay_gain": -14.8018627167,
        "sample_rate": 44100,
        "codec": "mp3",
        "downmix": "mix",
        "md5_encoded": "c8cf3619c5446f71f1ecba8b5a4adf83"
    },
    "tags": {
        "file_name": "989.mp3"
    },
    "version": {
        "essentia": "2.1-beta2",
        "essentia_git_sha": "v2.1_beta2",
        "extractor": "music 1.0"
    }
},
"rhythm": {
    "beats_count": 90,
    "beats_loudness": {
        "mean": 0.0720953419805,
        "var": 0.0012706448324
    },
    "bpm": 118.55594635,
    "bpm_histogram_first_peak_bpm": {
        "mean": 117,
        "var": 0
    },
    "bpm_histogram_first_peak_spread": {
        "mean": 0.403508752584,
        "var": 0
    },
    "bpm_histogram_first_peak_weight": {
        "mean": 0.382022470236,
        "var": 0
    },
    "bpm_histogram_second_peak_bpm": {
        "mean": 123,
        "var": 0
    },
    "bpm_histogram_second_peak_spread": {
        "mean": 0.0344827473164,
        "var": 0
    },
    "bpm_histogram_second_peak_weight": {
        "mean": 0.314606755972,
        "var": 0
    },
    "danceability": 2.19472265244,
    "onset_rate": 6.98374176025,
    "beats_loudness_band_ratio": {
        "mean": [0.597304463387, 0.0779989957809, 0.0390187501907, 0.0754544511437, 0.084687076509, 0.152551785111],
        "var": [0.110158525407, 0.00413457350805, 0.0011235543061, 0.00459951208904, 0.00489566940814, 0.0217412151396]
    },
    "beats_position": [0.429569154978, 0.882358253002, 1.34675729275, 1.78793644905, 2.26394557953, 2.76317453384, 3.25079369545, 3.76163268089, 4.2492518425, 4.76009082794, 5.24770975113, 5.75854873657, 6.24616765976, 6.7570066452, 7.24462556839, 7.75546455383, 8.25469398499, 8.76553249359, 9.26476192474, 9.76399040222, 10.2632198334, 10.774058342, 11.2732877731, 11.7725172043, 12.2601356506, 12.7709751129, 13.2585935593, 13.7694330215, 14.2570514679, 14.7678909302, 15.2555103302, 15.7663488388, 16.2539672852, 16.7648067474, 17.2524261475, 17.7632656097, 18.2508831024, 18.7617225647, 19.2493419647, 19.760181427, 20.247800827, 20.758638382, 21.2578678131, 21.7687072754, 22.2679367065, 22.7787742615, 23.2663936615, 23.7656230927, 24.2648525238, 24.7756919861, 25.2633094788, 25.7625389099, 26.2617683411, 26.7726078033, 27.2718353271, 27.7710647583, 28.2586841583, 28.7695236206, 29.2571430206, 29.7679805756, 30.2555999756, 30.7664394379, 31.2540588379, 31.7648983002, 32.2525177002, 32.7633552551, 33.2509727478, 33.7618141174, 34.2494316101, 34.7602729797, 35.2478904724, 35.7587280273, 36.2463493347, 36.7571868896, 37.2564163208, 37.755645752, 38.2432632446, 38.7541046143, 39.2533340454, 39.7641716003, 40.2634010315, 40.7742385864, 41.2618598938, 41.7726974487, 42.2603149414, 42.7595443726, 43.2587738037, 43.7580032349, 44.257232666, 44.7680702209]
},
"tonal": {
    "chords_changes_rate": 0.0493827164173,
    "chords_number_rate": 0.00411522621289,
    "chords_strength": {
        "mean": 0.494275867939,
        "var": 0.00706656882539
    },
    "hpcp_entropy": {
        "mean": 3.07916402817,
        "var": 0.578580856323
    },
    "key_strength": 0.310418248177,
    "tuning_diatonic_strength": 0.425558567047,
    "tuning_equal_tempered_deviation": 0.157615199685,
    "tuning_frequency": 434.193115234,
    "tuning_nontempered_energy_ratio": 0.891374707222,
    "hpcp": {
        "mean": [0.197662249207, 0.220280230045, 0.159947618842, 0.116334117949, 0.153596356511, 0.208373919129, 0.188174962997, 0.199614688754, 0.308512419462, 0.354005396366, 0.269764393568, 0.214908286929, 0.213501900434, 0.199953213334, 0.197899058461, 0.209614232183, 0.205439850688, 0.165438786149, 0.125810161233, 0.0961259752512, 0.0765208899975, 0.10457162559, 0.118570663035, 0.10153657943, 0.122905209661, 0.135294139385, 0.114654660225, 0.103052482009, 0.0804329067469, 0.070225790143, 0.0837762728333, 0.0829290896654, 0.10621766001, 0.132439360023, 0.135036721826, 0.14372651279],
        "var": [0.0725747719407, 0.0928950980306, 0.0532925017178, 0.0332082659006, 0.0379071645439, 0.055483981967, 0.0531608872116, 0.0779335126281, 0.107512995601, 0.127577468753, 0.0804984718561, 0.0740137249231, 0.0845669284463, 0.070809520781, 0.0800294131041, 0.0755256190896, 0.0843736454844, 0.0595554374158, 0.0478053800762, 0.0373915284872, 0.0209699925035, 0.0316595770419, 0.0358589552343, 0.0280879810452, 0.0468519516289, 0.0501085408032, 0.0428035333753, 0.0343058146536, 0.0236252173781, 0.0140690980479, 0.0166396163404, 0.0189829356968, 0.0363311655819, 0.0580641254783, 0.0524973347783, 0.0542359426618]
    },
    "chords_histogram": [6.68724298477, 86.5226364136, 0, 0, 0, 0, 0, 0, 4.83539104462, 0, 0, 0, 0, 0, 0, 1.64609050751, 0.308641970158, 0, 0, 0, 0, 0, 0, 0],
    "thpcp": [1, 0.762034714222, 0.60707628727, 0.603103518486, 0.564830958843, 0.55902838707, 0.592121601105, 0.580329716206, 0.467334091663, 0.355390518904, 0.271538168192, 0.216157406569, 0.295395582914, 0.334940284491, 0.286822110415, 0.347184568644, 0.382181018591, 0.323878288269, 0.291104257107, 0.227208137512, 0.198374912143, 0.236652523279, 0.234259396791, 0.300045311451, 0.374116778374, 0.381453841925, 0.406000912189, 0.558359444141, 0.622251033783, 0.451822549105, 0.328622430563, 0.433881402016, 0.588617920876, 0.531559586525, 0.563874721527, 0.871490716934],
    "chords_key": "A",
    "chords_scale": "minor",
    "key_key": "F",
    "key_scale": "major"
}
}