{
"lowlevel": {
    "average_loudness": 0.961239516735,
    "barkbands_crest": {
        "mean": 12.7602901459,
        "var": 13.0895223618
    },
    "barkbands_flatness_db": {
        "mean": 0.290061473846,
        "var": 0.00786209106445
    },
    "barkbands_kurtosis": {
        "mean": 36.6106910706,
        "var": 675.567260742
    },
    "barkbands_skewness": {
        "mean": 4.26084184647,
        "var": 3.04960608482
    },
    "barkbands_spread": {
        "mean": 4.37987852097,
        "var": 13.4495515823
    },
    "dissonance": {
        "mean": 0.447325199842,
        "var": 0.00340761989355
    },
    "dynamic_complexity": 1.98464381695,
    "erbbands_crest": {
        "mean": 11.0181798935,
        "var": 16.4231033325
    },
    "erbbands_flatness_db": {
        "mean": 0.210177078843,
        "var": 0.00764452340081
    },
    "erbbands_kurtosis": {
        "mean": 5.05935239792,
        "var": 46.0577125549
    },
    "erbbands_skewness": {
        "mean": 1.91713643074,
        "var": 1.19515776634
    },
    "erbbands_spread": {
        "mean": 38.9887695313,
        "var": 454.912139893
    },
    "hfc": {
        "mean": 10.1544456482,
        "var": 34.4554405212
    },
    "melbands_crest": {
        "mean": 17.8331813812,
        "var": 19.6097755432
    },
    "melbands_flatness_db": {
        "mean": 0.377167850733,
        "var": 0.0101446490735
    },
    "melbands_kurtosis": {
        "mean": 68.4532623291,
        "var": 2331.52539063
    },
    "melbands_skewness": {
        "mean": 5.06777143478,
        "var": 5.71999883652
    },
    "melbands_spread": {
        "mean": 3.53269910812,
        "var": 42.5979652405
    },
    "pitch_salience": {
        "mean": 0.484140008688,
        "var": 0.0161132700741
    },
    "silence_rate_20dB": {
        "mean": 1,
        "var": 0
    },
    "silence_rate_30dB": {
        "mean": 0.859423279762,
        "var": 0.120813459158
    },
    "silence_rate_60dB": {
        "mean": 0.00463439757004,
        "var": 0.00461334129795
    },
    "spectral_centroid": {
        "mean": 434.903137207,
        "var": 230178.671875
    },
    "spectral_complexity": {
        "mean": 7.02162742615,
        "var": 8.89343357086
    },
    "spectral_decrease": {
        "mean": -1.49775551961e-008,
        "var": 1.45395309744e-016
    },
    "spectral_energy": {
        "mean": 0.0574497655034,
        "var": 0.00211741938256
    },
    "spectral_energyband_high": {
        "mean": 0.000148017817992,
        "var": 1.17393907928e-008
    },
    "spectral_energyband_low": {
        "mean": 0.0427556596696,
        "var": 0.00189979095012
    },
    "spectral_energyband_middle_high": {
        "mean": 0.000453344138805,
        "var": 2.11822182905e-007
    },
    "spectral_energyband_middle_low": {
        "mean": 0.0205341540277,
        "var": 0.000212923056097
    },
    "spectral_entropy": {
        "mean": 6.64512872696,
        "var": 0.654610514641
    },
    "spectral_flux": {
        "mean": 0.112003862858,
        "var": 0.00341880461201
    },
    "spectral_kurtosis": {
        "mean": 21.4152774811,
        "var": 5139.46240234
    },
    "spectral_rms": {
        "mean": 0.00693233916536,
        "var": 7.99125700723e-006
    },
    "spectral_rolloff": {
        "mean": 299.324066162,
        "var": 732930.3125
    },
    "spectral_skewness": {
        "mean": 2.37734413147,
        "var": 10.1256160736
    },
    "spectral_spread": {
        "mean": 3907989.5,
        "var": 3.11747621683e+012
    },
    "spectral_strongpeak": {
        "mean": 0.708840489388,
        "var": 0.199218511581
    },
    "zerocrossingrate": {
        "mean": 0.0187492966652,
        "var": 0.00054924574215
    },
    "barkbands": {
        "mean": [5.96974532527e-005, 0.0132354423404, 0.0230245459825, 0.0101121105254, 0.00683752959594, 0.00254728831351, 0.000704078644048, 0.000289223593427, 3.48068388121e-005, 3.10750983772e-005, 2.47499447141e-005, 3.05804278469e-005, 3.65961204807e-005, 8.35551400087e-005, 3.7558398617e-005, 2.98044051306e-005, 6.02590080234e-005, 6.88130894559e-005, 3.84026825486e-005, 3.24526590703e-005, 7.55939472583e-005, 3.75180716219e-005, 1.03912107079e-005, 5.03200817548e-006, 2.10636108022e-006, 5.90621141328e-007, 3.60105225639e-008],
        "var": [5.85793848984e-008, 0.000254476530245, 0.000837118772324, 0.000156088019139, 3.3911648643e-005, 4.95754602525e-006, 4.4616135142e-007, 1.63834229738e-007, 1.86187354423e-009, 1.15905718356e-009, 1.34396982432e-009, 2.47622877758e-009, 1.81491355278e-009, 1.2800578375e-008, 3.15165427089e-009, 2.12363637786e-009, 5.53640466805e-009, 7.74133290804e-009, 1.64969204963e-009, 1.11815545711e-009, 3.84282783372e-009, 7.64235785766e-010, 9.88038678651e-011, 2.40936767065e-011, 1.58046561949e-011, 1.57999481554e-012, 1.31379392567e-014]
    },
    "erbbands": {
        "mean": [0.150241985917, 3.92463040352, 20.9615497589, 37.2705955505, 19.4315814972, 23.4778747559, 36.4563102722, 16.1679534912, 12.8336019516, 8.82656097412, 2.8157453537, 0.87727701664, 0.989123761654, 0.930487930775, 1.16217923164, 1.21340584755, 1.77650439739, 3.35418510437, 3.19310474396, 2.01362371445, 1.78789579868, 3.39896798134, 4.35215616226, 2.3588206768, 1.66173756123, 1.52084302902, 3.17424917221, 2.3745033741, 1.7552189827, 0.523493885994, 0.280638694763, 0.0917598605156, 0.10045017302, 0.0315003022552, 0.0129429204389, 0.0028385182377, 0.00105700246058, 0.000214303785469, 3.10804316541e-005, 6.29866044619e-005],
        "var": [0.0265685543418, 21.0540809631, 594.748352051, 2018.03100586, 473.299163818, 536.840393066, 928.645935059, 212.267913818, 182.339126587, 81.164390564, 10.7194471359, 1.06179249287, 1.24868261814, 1.21296143532, 2.65561509132, 3.6218187809, 4.0440788269, 17.8984165192, 20.6871356964, 8.62066459656, 6.32353544235, 17.1630191803, 31.9488658905, 5.71615886688, 3.96205186844, 2.22869849205, 7.12808275223, 4.14459371567, 1.6978802681, 0.160674467683, 0.0907592102885, 0.00636011129245, 0.0114926677197, 0.00226979143918, 0.000904046173673, 3.10679897666e-005, 5.4242382248e-006, 3.01889542698e-007, 6.8072220083e-010, 2.49237519512e-009]
    },
    "gfcc": {
        "mean": [-73.545211792, 143.001403809, -73.70362854, 73.2447052002, -49.8727760315, -7.06019449234, -37.0416908264, -18.7269763947, -15.5272397995, -1.14963567257, -6.50006818771, -7.16288614273, -6.06080055237],
        "cov": [[8332.05078125, -1198.78759766, -1673.97119141, 1877.10339355, 492.152618408, 1049.88684082, 394.169128418, 321.792236328, -123.074951172, 48.1808891296, -360.268554688, -108.389419556, -301.897705078], [-1198.78759766, 711.945556641, 441.095214844, -487.676025391, -113.431175232, -256.85925293, -15.7328615189, -120.153007507, 29.0034580231, -106.167961121, 104.446205139, -26.0316925049, 99.9464874268], [-1673.97119141, 441.095214844, 896.421936035, -466.087127686, -157.461257935, -235.557403564, -51.1217155457, -55.7622451782, 5.26473140717, -51.3203277588, 53.4986381531, 9.88774204254, 69.7323303223], [1877.10339355, -487.676025391, -466.087127686, 879.155212402, 161.87890625, 296.652404785, 153.919158936, 39.3108291626, 56.3465232849, 18.5919818878, -41.5631332397, -60.413318634, -63.8375015259], [492.152618408, -113.431175232, -157.461257935, 161.87890625, 262.639862061, 159.386169434, 92.5723190308, 31.4302940369, -5.81650733948, -20.1989154816, -31.5577373505, -14.7703514099, -25.3216018677], [1049.88684082, -256.85925293, -235.557403564, 296.652404785, 159.386169434, 281.680145264, 143.439880371, 89.4686431885, -10.4165735245, -14.3119668961, -70.8834609985, -34.4473419189, -49.5443687439], [394.169128418, -15.7328615189, -51.1217155457, 153.919158936, 92.5723190308, 143.439880371, 176.912750244, 47.7551116943, 17.0402088165, -56.989238739, -31.6420173645, -53.913860321, -15.5148715973], [321.792236328, -120.153007507, -55.7622451782, 39.3108291626, 31.4302940369, 89.4686431885, 47.7551116943, 93.306640625, -0.0113626597449, 18.8839664459, -46.778301239, -5.10148763657, -31.8172721863], [-123.074951172, 29.0034580231, 5.26473140717, 56.3465232849, -5.81650733948, -10.4165735245, 17.0402088165, -0.0113626597449, 73.3058013916, 10.3861465454, 27.9592418671, -22.8378658295, 0.221820890903], [48.1808891296, -106.167961121, -51.3203277588, 18.5919818878, -20.1989154816, -14.3119668961, -56.989238739, 18.8839664459, 10.3861465454, 92.1239624023, 12.6505327225, 38.023273468, -16.8493251801], [-360.268554688, 104.446205139, 53.4986381531, -41.5631332397, -31.5577373505, -70.8834609985, -31.6420173645, -46.778301239, 27.9592418671, 12.6505327225, 78.9974899292, 18.1651420593, 30.8240451813], [-108.389419556, -26.0316925049, 9.88774204254, -60.413318634, -14.7703514099, -34.4473419189, -53.913860321, -5.10148763657, -22.8378658295, 38.023273468, 18.1651420593, 71.0147857666, 22.1498203278], [-301.897705078, 99.9464874268, 69.7323303223, -63.8375015259, -25.3216018677, -49.5443687439, -15.5148715973, -31.8172721863, 0.221820890903, -16.8493251801, 30.8240451813, 22.1498203278, 62.532749176]],
        "icov": [[0.000984564307146, -0.00293118227273, 0.000887353380676, -0.00279044173658, 0.000596590456553, -0.00248179608025, 0.002145500388, -0.00225993664935, 0.00267828931101, -0.000719681382179, 0.00244351266883, -0.00184120726772, 0.00250204885378], [-0.00293118227273, 0.0156913287938, -0.00317137455568, 0.0114699965343, -0.00202555768192, 0.0100403707474, -0.0104122040793, 0.0102052306756, -0.00956075452268, 0.005041513592, -0.0112775769085, 0.00914988666773, -0.0105307362974], [0.000887353380676, -0.00317137455568, 0.00265687308274, -0.00205671275035, 0.000931912101805, -0.00146243884228, 0.00135041761678, -0.00239684712142, 0.00214576977305, -0.000315496581607, 0.00250903726555, -0.00199779146351, 0.00200286787003], [-0.00279044173658, 0.0114699965343, -0.00205671275035, 0.0120676178485, -0.00133930332959, 0.00526535697281, -0.00891400128603, 0.0115093113855, -0.0107722189277, 0.00161878811195, -0.00757495686412, 0.00699277827516, -0.00818627141416], [0.000596590456553, -0.00202555768192, 0.000931912101805, -0.00133930332959, 0.00671507837251, -0.00546536641195, 8.79427316249e-005, 0.00115779519547, 0.000552136509214, 0.000367284810636, 0.00192214513663, -0.00370611273684, 0.00317341950722], [-0.00248179608025, 0.0100403707474, -0.00146243884228, 0.00526535697281, -0.00546536641195, 0.0232554376125, -0.0128759173676, -0.00142791750841, -0.00204308656976, 0.0029363357462, -0.00668363226578, 0.00648537138477, -0.00693657435477], [0.002145500388, -0.0104122040793, 0.00135041761678, -0.00891400128603, 8.79427316249e-005, -0.0128759173676, 0.0245713498443, -0.0141498493031, 0.00417881319299, 0.00624993862584, 0.00359557266347, -0.00156438385602, 0.00557595631108], [-0.00225993664935, 0.0102052306756, -0.00239684712142, 0.0115093113855, 0.00115779519547, -0.00142791750841, -0.0141498493031, 0.0376379750669, -0.0151929566637, -0.00706029962748, 0.00750873470679, -5.47837662452e-005, -0.00335238617845], [0.00267828931101, -0.00956075452268, 0.00214576977305, -0.0107722189277, 0.000552136509214, -0.00204308656976, 0.00417881319299, -0.0151929566637, 0.0353087335825, -0.0100817391649, -0.00553555972874, 0.00947653595358, 0.00326304417104], [-0.000719681382179, 0.005041513592, -0.000315496581607, 0.00161878811195, 0.000367284810636, 0.0029363357462, 0.00624993862584, -0.00706029962748, -0.0100817391649, 0.031609095633, -0.00980235263705, -0.0124653875828, 0.00870547257364], [0.00244351266883, -0.0112775769085, 0.00250903726555, -0.00757495686412, 0.00192214513663, -0.00668363226578, 0.00359557266347, 0.00750873470679, -0.00553555972874, -0.00980235263705, 0.0395375192165, -0.0141624547541, 0.00239234534092], [-0.00184120726772, 0.00914988666773, -0.00199779146351, 0.00699277827516, -0.00370611273684, 0.00648537138477, -0.00156438385602, -5.47837662452e-005, 0.00947653595358, -0.0124653875828, -0.0141624547541, 0.0423472933471, -0.0223365332931], [0.00250204885378, -0.0105307362974, 0.00200286787003, -0.00818627141416, 0.00317341950722, -0.00693657435477, 0.00557595631108, -0.00335238617845, 0.00326304417104, 0.00870547257364, 0.00239234534092, -0.0223365332931, 0.0388455241919]]
    },
    "melbands": {
        "mean": [0.00252921786159, 0.00957602262497, 0.0060863904655, 0.00123966101091, 0.00140198576264, 0.000390468601836, 0.000177717534825, 9.10901217139e-005, 1.67181151483e-005, 4.83816802443e-006, 4.92533854413e-006, 3.76814250558e-006, 3.77659921469e-006, 3.27986799675e-006, 3.468888508e-006, 3.98804832002e-006, 6.67956464895e-006, 5.94070388615e-006, 2.55740678767e-006, 2.31843932852e-006, 2.05353035199e-006, 3.21842298945e-006, 4.32310389442e-006, 3.30078046318e-006, 1.73768034983e-006, 1.49882976075e-006, 1.0135482853e-006, 9.31632541779e-007, 1.80629604074e-006, 1.89462025446e-006, 1.19741980598e-006, 1.06741129002e-006, 5.34357013748e-007, 2.1833299968e-007, 1.74649287032e-007, 8.40105727207e-008, 4.57503865903e-008, 7.5521676024e-008, 4.82915041289e-008, 2.05204049308e-008],
        "var": [8.74370198289e-006, 0.000107905259938, 4.73200379929e-005, 1.08711992652e-006, 1.4717012391e-006, 1.21656825058e-007, 3.48786528548e-008, 1.09846745033e-008, 3.88732684931e-010, 3.61461555132e-011, 3.19962840944e-011, 1.94344696586e-011, 2.86452007947e-011, 2.72831653103e-011, 2.70130046803e-011, 2.13414511757e-011, 7.86375339845e-011, 7.81281705997e-011, 1.451802914e-011, 1.26144745691e-011, 8.80150813343e-012, 1.61525168241e-011, 3.09695047385e-011, 1.95726837515e-011, 3.04622538132e-012, 2.87173540156e-012, 1.83086250154e-012, 8.21972372979e-013, 2.36407790045e-012, 2.46857547424e-012, 1.26808654723e-012, 6.37403161936e-013, 1.98963539871e-013, 3.46321922691e-014, 4.51166271768e-014, 5.74300323755e-015, 1.76760963603e-015, 6.12049490543e-015, 3.36241015127e-015, 1.72392560584e-015]
    },
    "mfcc": {
        "mean": [-716.762573242, 148.627258301, 39.6127700806, 72.2704696655, 12.935751915, 20.7080688477, -7.57567024231, -9.53683376312, -7.65361404419, -10.7424020767, 1.92199969292, 3.93146061897, -6.66258764267],
        "cov": [[5752.58642578, -910.195922852, -1618.0592041, 607.849304199, 366.522949219, 861.117004395, 525.266052246, 540.938537598, 474.273590088, 245.479217529, 239.197113037, 110.620132446, -190.012756348], [-910.195922852, 573.248474121, 362.230834961, -187.190704346, -95.4253921509, -162.958053589, -16.2958393097, -32.3546524048, -60.1328392029, -48.9992790222, -69.2033615112, -54.7921562195, 18.7328491211], [-1618.0592041, 362.230834961, 871.225097656, -106.277778625, -140.90927124, -251.490341187, -134.018417358, -129.667297363, -110.554344177, -51.652721405, -74.9643478394, -30.4288768768, 68.9389724731], [607.849304199, -187.190704346, -106.277778625, 296.173797607, 77.907951355, 157.175186157, 25.0775794983, 41.1545562744, 31.732011795, 33.813205719, 51.1627502441, 31.5560150146, -32.8823165894], [366.522949219, -95.4253921509, -140.90927124, 77.907951355, 140.542022705, 104.173225403, 44.6094741821, 37.3463172913, 30.6708526611, 18.3223800659, 17.8310317993, 11.4062147141, -5.97649049759], [861.117004395, -162.958053589, -251.490341187, 157.175186157, 104.173225403, 223.751068115, 120.253791809, 117.327339172, 88.2588195801, 51.8467521667, 43.4645042419, 22.1935272217, -33.6299934387], [525.266052246, -16.2958393097, -134.018417358, 25.0775794983, 44.6094741821, 120.253791809, 150.086135864, 121.652793884, 87.3533096313, 39.4481048584, 14.6690130234, -2.40840268135, -23.7410411835], [540.938537598, -32.3546524048, -129.667297363, 41.1545562744, 37.3463172913, 117.327339172, 121.652793884, 148.828842163, 100.352684021, 52.4725608826, 17.9088001251, 0.219353228807, -30.8117370605], [474.273590088, -60.1328392029, -110.554344177, 31.732011795, 30.6708526611, 88.2588195801, 87.3533096313, 100.352684021, 118.885520935, 52.5567169189, 20.4588432312, 8.23069000244, -19.1971511841], [245.479217529, -48.9992790222, -51.652721405, 33.813205719, 18.3223800659, 51.8467521667, 39.4481048584, 52.4725608826, 52.5567169189, 63.4905319214, 31.4767818451, 14.0936985016, -10.3646383286], [239.197113037, -69.2033615112, -74.9643478394, 51.1627502441, 17.8310317993, 43.4645042419, 14.6690130234, 17.9088001251, 20.4588432312, 31.4767818451, 58.2124443054, 28.7139701843, -2.74759435654], [110.620132446, -54.7921562195, -30.4288768768, 31.5560150146, 11.4062147141, 22.1935272217, -2.40840268135, 0.219353228807, 8.23069000244, 14.0936985016, 28.7139701843, 45.5280952454, 15.6001596451], [-190.012756348, 18.7328491211, 68.9389724731, -32.8823165894, -5.97649049759, -33.6299934387, -23.7410411835, -30.8117370605, -19.1971511841, -10.3646383286, -2.74759435654, 15.6001596451, 52.1999092102]],
        "icov": [[0.000727707054466, 0.000144932448165, 0.000798842462245, -0.000571102136746, 0.000323420157656, -0.000742761651054, -0.000503339746501, -0.000265522452537, -0.00090849888511, 0.000287599978037, -0.000400033895858, -0.000111687993922, 9.03146647033e-005], [0.000144932448165, 0.00338132865727, -0.00098815409001, 0.000986300990917, 0.000121120108815, 0.0009910534136, -0.00182730122469, -0.00125072582159, 0.00119806895964, 0.000959614408202, -0.000105606355646, 0.00111056282185, 0.00061715929769], [0.000798842462245, -0.00098815409001, 0.00343734561466, -0.00245222169906, 0.00112452323083, 0.00162681995425, -0.0006578163011, -0.0001595622889, -0.000762785144616, -0.0015141175827, 0.00163272884674, 0.000226236676099, -0.00260121980682], [-0.000571102136746, 0.000986300990917, -0.00245222169906, 0.00921886134893, -0.000805840536486, -0.00799785926938, 0.00473534222692, 0.000266675720923, 0.00136010709684, 0.00107140187174, -0.00292745279148, -0.00143452477641, 0.00466673495248], [0.000323420157656, 0.000121120108815, 0.00112452323083, -0.000805840536486, 0.0119292121381, -0.00628050137311, -0.000228152581258, 0.00180262560025, -0.00024729888537, -0.000641844701022, 0.00114764319733, 0.00131425552536, -0.00312986294739], [-0.000742761651054, 0.0009910534136, 0.00162681995425, -0.00799785926938, -0.00628050137311, 0.0262451265007, -0.0106563400477, -0.00463135773316, 0.00142260827124, -0.00124235032126, 0.00122130243108, -0.00259835529141, -0.000519534689374], [-0.000503339746501, -0.00182730122469, -0.0006578163011, 0.00473534222692, -0.000228152581258, -0.0106563400477, 0.027287248522, -0.013313815929, -0.00297522591427, 0.00281697907485, -0.00216973829083, 0.00356860412285, -0.00137995986734], [-0.000265522452537, -0.00125072582159, -0.0001595622889, 0.000266675720923, 0.00180262560025, -0.00463135773316, -0.013313815929, 0.0309743080288, -0.00996931176633, -0.00698088807985, 0.00328562082723, 0.000193223298993, 0.00437417766079], [-0.00090849888511, 0.00119806895964, -0.000762785144616, 0.00136010709684, -0.00024729888537, 0.00142260827124, -0.00297522591427, -0.00996931176633, 0.0251052994281, -0.00992948096246, 0.00337543920614, -0.00208265660331, -0.00016099838831], [0.000287599978037, 0.000959614408202, -0.0015141175827, 0.00107140187174, -0.000641844701022, -0.00124235032126, 0.00281697907485, -0.00698088807985, -0.00992948096246, 0.0352242253721, -0.0156252421439, -0.000392125686631, 0.00230088061653], [-0.000400033895858, -0.000105606355646, 0.00163272884674, -0.00292745279148, 0.00114764319733, 0.00122130243108, -0.00216973829083, 0.00328562082723, 0.00337543920614, -0.0156252421439, 0.037326965481, -0.0169151816517, 0.00161091296468], [-0.000111687993922, 0.00111056282185, 0.000226236676099, -0.00143452477641, 0.00131425552536, -0.00259835529141, 0.00356860412285, 0.000193223298993, -0.00208265660331, -0.000392125686631, -0.0169151816517, 0.0425781272352, -0.0162527542561], [9.03146647033e-005, 0.00061715929769, -0.00260121980682, 0.00466673495248, -0.00312986294739, -0.000519534689374, -0.00137995986734, 0.00437417766079, -0.00016099838831, 0.00230088061653, 0.00161091296468, -0.0162527542561, 0.03224035725]]
    },
    "spectral_contrast_coeffs": {
        "mean": [-0.57355517149, -0.658084928989, -0.846566438675, -0.845225572586, -0.833374321461, -0.706772744656],
        "var": [0.0053521883674, 0.00517439935356, 0.000999403302558, 0.000870014599059, 0.0007436175365, 0.00325534516014]
    },
    "spectral_contrast_valleys": {
        "mean": [-6.58683252335, -7.25572443008, -8.48441028595, -8.51841449738, -8.26089382172, -11.4764051437],
        "var": [1.47617769241, 0.961729466915, 1.23199987411, 1.54376506805, 1.98032820225, 1.17566716671]
    }
},
"metadata": {
    "audio_properties": {
        "analysis_sample_rate": 44100,
        "bit_rate": 112467,
        "equal_loudness": 0,
        "length": 45.0612258911,
        "lossless": 0,
        "replay_gain": -12.6163902283,
        "sample_rate": 44100,
        "codec": "mp3",
        "downmix": "mix",
        "md5_encoded": "b93a5b755711f2177532d3d0d69810c9"
    },
    "tags": {
        "file_name": "993.mp3"
    },
    "version": {
        "essentia": "2.1-beta2",
        "essentia_git_sha": "v2.1_beta2",
        "extractor": "music 1.0"
    }
},
"rhythm": {
    "beats_count": 110,
    "beats_loudness": {
        "mean": 0.0845537781715,
        "var": 0.00371213187464
    },
    "bpm": 147.77684021,
    "bpm_histogram_first_peak_bpm": {
        "mean": 148,
        "var": 0
    },
    "bpm_histogram_first_peak_spread": {
        "mean": 0.551282048225,
        "var": 0
    },
    "bpm_histogram_first_peak_weight": {
        "mean": 0.321100920439,
        "var": 0
    },
    "bpm_histogram_second_peak_bpm": {
        "mean": 157,
        "var": 0
    },
    "bpm_histogram_second_peak_spread": {
        "mean": 0.277777791023,
        "var": 0
    },
    "bpm_histogram_second_peak_weight": {
        "mean": 0.119266055524,
        "var": 0
    },
    "danceability": 1.31747484207,
    "onset_rate": 2.6396613121,
    "beats_loudness_band_ratio": {
        "mean": [0.763222873211, 0.212874874473, 0.0335924997926, 0.00324833765626, 0.00598707189783, 0.00430371332914],
        "var": [0.0723205059767, 0.0579445660114, 0.00262764329091, 6.79117365507e-005, 0.000240880341153, 2.61993900494e-005]
    },
    "beats_position": [0.429569154978, 0.870748281479, 1.30031740665, 1.72988653183, 2.15945577621, 2.58902478218, 3.01859402657, 3.45977306366, 3.85451245308, 4.26086139679, 4.66721057892, 5.06195020676, 5.46829938889, 5.87464857101, 6.28099775314, 6.6989569664, 7.10530614853, 7.52326536179, 7.94122457504, 8.35918331146, 8.76553249359, 9.17188167572, 9.57823085785, 9.99619007111, 10.4141492844, 10.8204984665, 11.2384576797, 11.656416893, 12.0743761063, 12.4923353195, 12.9102945328, 13.3514738083, 13.7926530838, 14.2454423904, 14.6982307434, 15.1045799255, 15.5109291077, 15.9288883209, 16.3468475342, 16.7764167786, 17.1827659607, 17.5891151428, 17.9838542938, 18.3785934448, 18.784942627, 19.2029018402, 19.6092510223, 20.0156002045, 20.4335594177, 20.851518631, 21.2578678131, 21.6758270264, 22.0821762085, 22.4885253906, 22.8948745728, 23.312833786, 23.7191829681, 24.1255321503, 24.5434913635, 24.9498405457, 25.3561897278, 25.774148941, 26.168888092, 26.563627243, 26.9467563629, 27.3182754517, 27.6781845093, 28.0729255676, 28.4676647186, 28.8740139008, 29.291973114, 29.6751022339, 30.0698413849, 30.4529705048, 30.8360996246, 31.2192287445, 31.6023578644, 31.9970970154, 32.391834259, 32.7865753174, 33.1813163757, 33.5760536194, 33.9824028015, 34.3655319214, 34.7602729797, 35.1550102234, 35.5381393433, 35.9212684631, 36.2927894592, 36.6643066406, 37.059047699, 37.4653968811, 37.8717460632, 38.2780952454, 38.6844444275, 39.0791816711, 39.4739227295, 39.8802719116, 40.2634010315, 40.6349182129, 41.006439209, 41.3895683289, 41.7843093872, 42.1906585693, 42.5970077515, 42.9801368713, 43.374874115, 43.7580032349, 44.164352417, 44.5590934753]
},
"tonal": {
    "chords_changes_rate": 0.0257201641798,
    "chords_number_rate": 0.00514403311536,
    "chords_strength": {
        "mean": 0.565494000912,
        "var": 0.00311303907074
    },
    "hpcp_entropy": {
        "mean": 2.05447292328,
        "var": 0.852943062782
    },
    "key_strength": 0.693746745586,
    "tuning_diatonic_strength": 0.599019289017,
    "tuning_equal_tempered_deviation": 0.130696833134,
    "tuning_frequency": 437.465789795,
    "tuning_nontempered_energy_ratio": 0.818686962128,
    "hpcp": {
        "mean": [0.0356767214835, 0.0326760224998, 0.0297001637518, 0.0448500812054, 0.0776321217418, 0.127903848886, 0.14610914886, 0.159112602472, 0.323470473289, 0.503785669804, 0.373582035303, 0.13577015698, 0.0545127131045, 0.035337433219, 0.0409300737083, 0.0730446949601, 0.0931383520365, 0.0707976743579, 0.0451095178723, 0.0575339905918, 0.148683860898, 0.258472889662, 0.235578641295, 0.166107147932, 0.15423630178, 0.148794785142, 0.119487509131, 0.0755735561252, 0.051832549274, 0.069833047688, 0.109002299607, 0.0850608795881, 0.0313514061272, 0.0178997796029, 0.0187387354672, 0.0262184496969],
        "var": [0.0106344018131, 0.00957382190973, 0.0123361926526, 0.0220236610621, 0.0381870083511, 0.0672558620572, 0.0728310719132, 0.0618649199605, 0.10705216974, 0.152008250356, 0.10531450063, 0.0488939471543, 0.0230442713946, 0.0168805234134, 0.0154531067237, 0.0239267293364, 0.0343728885055, 0.0258498024195, 0.0162895191461, 0.0187147539109, 0.0507251061499, 0.111657053232, 0.0973937436938, 0.077330224216, 0.0733308941126, 0.0784198641777, 0.0644843578339, 0.0370681397617, 0.0226479582489, 0.020705293864, 0.0338105298579, 0.0237495005131, 0.00647754501551, 0.00617442978546, 0.00566741311923, 0.00706295995042]
    },
    "chords_histogram": [1.33744859695, 6.06995868683, 48.148147583, 0, 0, 0, 0, 0, 0, 0, 0, 0, 0, 0, 0, 0, 0, 41.563785553, 0, 2.88065838814, 0, 0, 0, 0],
    "thpcp": [1, 0.741549551487, 0.269499838352, 0.108206160367, 0.0701437816024, 0.0812450125813, 0.144991606474, 0.184876933694, 0.140531331301, 0.089541092515, 0.114203311503, 0.295133173466, 0.513061225414, 0.467616796494, 0.329717904329, 0.306154608727, 0.295353353024, 0.237179249525, 0.150011330843, 0.102886110544, 0.138616576791, 0.216366410255, 0.168843388557, 0.0622316338122, 0.0355305448174, 0.0371958501637, 0.0520428642631, 0.0708172619343, 0.0648609623313, 0.0589539669454, 0.0890261158347, 0.154097512364, 0.253885447979, 0.290022432804, 0.315833926201, 0.642079532146],
    "chords_key": "C",
    "chords_scale": "major",
    "key_key": "F",
    "key_scale": "major"
}
}