{
"lowlevel": {
    "average_loudness": 0.963824272156,
    "barkbands_crest": {
        "mean": 11.3344554901,
        "var": 28.3851928711
    },
    "barkbands_flatness_db": {
        "mean": 0.143546268344,
        "var": 0.00558982137591
    },
    "barkbands_kurtosis": {
        "mean": 12.2842531204,
        "var": 536.000610352
    },
    "barkbands_skewness": {
        "mean": 2.25435471535,
        "var": 4.40424633026
    },
    "barkbands_spread": {
        "mean": 23.6536407471,
        "var": 352.78237915
    },
    "dissonance": {
        "mean": 0.465955972672,
        "var": 0.000737423019018
    },
    "dynamic_complexity": 1.87541031837,
    "erbbands_crest": {
        "mean": 8.16811752319,
        "var": 9.99371051788
    },
    "erbbands_flatness_db": {
        "mean": 0.130890935659,
        "var": 0.00147841102444
    },
    "erbbands_kurtosis": {
        "mean": 1.66980791092,
        "var": 14.5727920532
    },
    "erbbands_skewness": {
        "mean": 0.66786134243,
        "var": 0.831797599792
    },
    "erbbands_spread": {
        "mean": 43.4273910522,
        "var": 835.225280762
    },
    "hfc": {
        "mean": 29.020324707,
        "var": 629.945678711
    },
    "melbands_crest": {
        "mean": 15.009645462,
        "var": 37.1979789734
    },
    "melbands_flatness_db": {
        "mean": 0.227188646793,
        "var": 0.0101453932002
    },
    "melbands_kurtosis": {
        "mean": 32.5208511353,
        "var": 3284.6081543
    },
    "melbands_skewness": {
        "mean": 3.49264812469,
        "var": 7.78651475906
    },
    "melbands_spread": {
        "mean": 21.1531486511,
        "var": 406.86315918
    },
    "pitch_salience": {
        "mean": 0.517225325108,
        "var": 0.0236996356398
    },
    "silence_rate_20dB": {
        "mean": 1,
        "var": 0
    },
    "silence_rate_30dB": {
        "mean": 0.833247542381,
        "var": 0.138944625854
    },
    "silence_rate_60dB": {
        "mean": 0.0164693780243,
        "var": 0.0161980353296
    },
    "spectral_centroid": {
        "mean": 1076.5625,
        "var": 585223.8125
    },
    "spectral_complexity": {
        "mean": 19.092124939,
        "var": 107.035766602
    },
    "spectral_decrease": {
        "mean": -1.32588358071e-008,
        "var": 2.05710156872e-016
    },
    "spectral_energy": {
        "mean": 0.0526741556823,
        "var": 0.00297852070071
    },
    "spectral_energyband_high": {
        "mean": 0.00142342213076,
        "var": 3.85661633118e-006
    },
    "spectral_energyband_low": {
        "mean": 0.0334247872233,
        "var": 0.0025327950716
    },
    "spectral_energyband_middle_high": {
        "mean": 0.00530847208574,
        "var": 2.3547663659e-005
    },
    "spectral_energyband_middle_low": {
        "mean": 0.0150489127263,
        "var": 0.000450247753179
    },
    "spectral_entropy": {
        "mean": 7.58013820648,
        "var": 0.326204061508
    },
    "spectral_flux": {
        "mean": 0.148985981941,
        "var": 0.0120773855597
    },
    "spectral_kurtosis": {
        "mean": 5.00874423981,
        "var": 12.4603490829
    },
    "spectral_rms": {
        "mean": 0.00638496875763,
        "var": 1.06215275082e-005
    },
    "spectral_rolloff": {
        "mean": 1724.4765625,
        "var": 6803173
    },
    "spectral_skewness": {
        "mean": 1.89721536636,
        "var": 0.302678912878
    },
    "spectral_spread": {
        "mean": 6294475.5,
        "var": 9.93777627955e+012
    },
    "spectral_strongpeak": {
        "mean": 0.663912236691,
        "var": 0.375185519457
    },
    "zerocrossingrate": {
        "mean": 0.0666731372476,
        "var": 0.00216878368519
    },
    "barkbands": {
        "mean": [0.000358543853508, 0.0208161920309, 0.00982986576855, 0.00438639195636, 0.00396143086255, 0.0040433043614, 0.00101608328987, 0.000434114626842, 0.000928285066038, 0.000729098974261, 0.000653641589452, 0.00102514505852, 0.00067982764449, 0.000668508815579, 0.00054770661518, 0.000474118511193, 0.000285967602395, 0.000194327629288, 0.000144852660014, 0.000166483878274, 8.81701344042e-005, 0.000117759729619, 0.000162067182828, 0.000233507511439, 0.000335479300702, 0.000350952002918, 4.23198871431e-005],
        "var": [2.9431674875e-007, 0.00117718789261, 0.000458732829429, 0.000162277414347, 7.75409134803e-005, 1.42694698297e-005, 1.99354667529e-006, 3.33164393851e-007, 1.78189645794e-006, 1.02783201328e-006, 1.12148268272e-006, 2.11153633245e-006, 8.24754238238e-007, 8.94619120118e-007, 6.51565699172e-007, 6.71338000302e-007, 2.20795868699e-007, 1.049957703e-007, 4.01784312487e-008, 6.87865764348e-008, 1.58003548023e-008, 2.60013983677e-008, 5.16611748935e-008, 1.3931726528e-007, 3.09032486712e-007, 4.58807221548e-007, 1.01449479928e-008]
    },
    "erbbands": {
        "mean": [0.462103694677, 5.10833024979, 12.0794448853, 13.5094680786, 14.6450586319, 12.3679456711, 25.1008548737, 28.7649154663, 14.8260288239, 11.896821022, 14.8040475845, 15.6188697815, 26.7090682983, 30.0205783844, 24.0098304749, 34.1564903259, 33.3487854004, 33.2198600769, 36.3908081055, 24.6821899414, 23.3356513977, 16.850692749, 11.9058427811, 8.26949119568, 7.75427150726, 6.91534900665, 4.91025733948, 3.29891014099, 4.06135082245, 4.41114807129, 4.65059232712, 4.73183202744, 3.98570585251, 3.43494772911, 2.59346222878, 1.55819892883, 0.614321112633, 0.137166053057, 0.00466127879918, 0.000161127944011],
        "var": [0.513019323349, 78.4039077759, 553.488586426, 1149.20202637, 1734.14855957, 600.393127441, 505.014007568, 796.739318848, 297.275543213, 263.614074707, 505.19821167, 416.535980225, 1577.21325684, 1975.32250977, 886.492675781, 2125.2565918, 1665.08435059, 2056.00830078, 2534.07275391, 1445.04919434, 1529.54504395, 776.776367188, 401.655426025, 159.292831421, 94.0401306152, 130.498397827, 53.5620002747, 20.9679775238, 30.9651126862, 41.2035903931, 42.3217697144, 54.1635246277, 43.3980102539, 30.4892444611, 20.0609207153, 8.75372886658, 1.48925101757, 0.0874869674444, 0.000111376044515, 4.82161368609e-008]
    },
    "gfcc": {
        "mean": [23.3451976776, 75.5360183716, -85.3599472046, 21.1863059998, -47.0251998901, 26.4723377228, -45.8205375671, 9.69225788116, -26.9740390778, 10.6669139862, -12.0497646332, 8.90833759308, -8.94558525085],
        "cov": [[6052.92285156, -741.095703125, -339.745025635, -161.172348022, -224.518096924, 280.826324463, 51.9404220581, 211.028808594, -187.31892395, 87.9101104736, -172.182662964, -52.0040550232, -191.743606567], [-741.095703125, 1655.59204102, 96.0650482178, 116.840110779, 25.923204422, 24.0420207977, 336.57232666, 3.41770219803, 89.9343261719, -73.7292327881, 157.837173462, -113.167800903, 90.3689804077], [-339.745025635, 96.0650482178, 1684.19274902, 141.664840698, 164.051467896, -16.2005672455, 29.866815567, 18.8864746094, -0.29883608222, 13.9694404602, -47.0015945435, 21.8679847717, -70.2671432495], [-161.172348022, 116.840110779, 141.664840698, 506.858642578, 189.377593994, 159.960525513, 61.4250221252, 38.8860321045, 116.570571899, -6.26886081696, 48.6608848572, 0.467039465904, 27.3729629517], [-224.518096924, 25.923204422, 164.051467896, 189.377593994, 355.271850586, 117.184707642, 36.6397705078, 34.7098579407, 85.0958633423, 21.2852516174, -1.14051151276, 13.2116136551, 3.76103186607], [280.826324463, 24.0420207977, -16.2005672455, 159.960525513, 117.184707642, 225.825515747, 96.1649551392, 69.8892745972, 60.5255355835, 26.9895973206, 37.4787635803, -1.92898333073, 7.63831663132], [51.9404220581, 336.57232666, 29.866815567, 61.4250221252, 36.6397705078, 96.1649551392, 279.208099365, 78.2801208496, 38.3964614868, 34.0992698669, 87.1704177856, -12.0529661179, 19.8643550873], [211.028808594, 3.41770219803, 18.8864746094, 38.8860321045, 34.7098579407, 69.8892745972, 78.2801208496, 107.991828918, 36.7020072937, 36.9350852966, 28.8418941498, 5.6756529808, 3.82838845253], [-187.31892395, 89.9343261719, -0.29883608222, 116.570571899, 85.0958633423, 60.5255355835, 38.3964614868, 36.7020072937, 132.858261108, 32.3265647888, 37.2383270264, 10.9775257111, 30.456905365], [87.9101104736, -73.7292327881, 13.9694404602, -6.26886081696, 21.2852516174, 26.9895973206, 34.0992698669, 36.9350852966, 32.3265647888, 83.0503005981, 38.0514564514, 33.1823120117, 12.6584329605], [-172.182662964, 157.837173462, -47.0015945435, 48.6608848572, -1.14051151276, 37.4787635803, 87.1704177856, 28.8418941498, 37.2383270264, 38.0514564514, 110.861312866, 35.4257049561, 42.8708496094], [-52.0040550232, -113.167800903, 21.8679847717, 0.467039465904, 13.2116136551, -1.92898333073, -12.0529661179, 5.6756529808, 10.9775257111, 33.1823120117, 35.4257049561, 81.5089416504, 28.5694599152], [-191.743606567, 90.3689804077, -70.2671432495, 27.3729629517, 3.76103186607, 7.63831663132, 19.8643550873, 3.82838845253, 30.456905365, 12.6584329605, 42.8708496094, 28.5694599152, 70.5947723389]],
        "icov": [[0.000272534380201, -4.43893222837e-005, 8.55405523907e-005, -6.19954662398e-005, 0.000317483616527, -0.000501235714182, -2.76046539511e-005, -0.000462618336314, 0.000442918244516, -0.000540694862138, 0.000799814879429, -0.000316595804179, 0.000524691131432], [-4.43893222837e-005, 0.00155955750961, -0.000275795639027, 0.000316370802466, -0.000348626985215, 0.000672056339681, -0.00140344118699, 0.000825376075227, -0.000938562210649, 0.0022037581075, -0.00256983703002, 0.00301786884665, -0.001869092579], [8.55405523907e-005, -0.000275795639027, 0.000787707103882, -0.000393002148485, -0.000129342501168, 0.000208827405004, -0.000101211022411, -0.000353208044544, 0.000433171371697, -0.000731240026653, 0.00111666053999, -0.00120635260828, 0.00130806874949], [-6.19954662398e-005, 0.000316370802466, -0.000393002148485, 0.00361894792877, -0.00103329913691, -0.00155988615006, 0.000209380421438, 0.000459393428173, -0.00223027938046, 0.00279128900729, -0.00231063179672, 0.00105975277256, -0.000791763013694], [0.000317483616527, -0.000348626985215, -0.000129342501168, -0.00103329913691, 0.00484885601327, -0.00218035234138, -0.000169134975295, -0.000203854448046, -0.00110857363325, -0.00154223642312, 0.0035448782146, -0.00224838592112, 0.00112874386832], [-0.000501235714182, 0.000672056339681, 0.000208827405004, -0.00155988615006, -0.00218035234138, 0.0092093180865, -0.00178387248889, -0.00183151953388, -0.00109713478014, 0.00095916952705, -0.00259976787493, 0.00212220312096, -0.000666729873046], [-2.76046539511e-005, -0.00140344118699, -0.000101211022411, 0.000209380421438, -0.000169134975295, -0.00178387248889, 0.00800391659141, -0.00355109851807, 0.00141806667671, -0.00181488425005, -0.00361303589307, 0.00120811443776, 0.00110090326052], [-0.000462618336314, 0.000825376075227, -0.000353208044544, 0.000459393428173, -0.000203854448046, -0.00183151953388, -0.00355109851807, 0.0160430297256, -0.0030908184126, -0.00235751224682, -0.00145108392462, 0.00145722739398, -0.000456867244793], [0.000442918244516, -0.000938562210649, 0.000433171371697, -0.00223027938046, -0.00110857363325, -0.00109713478014, 0.00141806667671, -0.0030908184126, 0.0139388917014, -0.00589238340035, 0.00138270878233, 0.000150137682795, -0.00221078959294], [-0.000540694862138, 0.0022037581075, -0.000731240026653, 0.00279128900729, -0.00154223642312, 0.00095916952705, -0.00181488425005, -0.00235751224682, -0.00589238340035, 0.0240766145289, -0.00918940640986, -0.00158800906502, -0.00103471451439], [0.000799814879429, -0.00256983703002, 0.00111666053999, -0.00231063179672, 0.0035448782146, -0.00259976787493, -0.00361303589307, -0.00145108392462, 0.00138270878233, -0.00918940640986, 0.0266765151173, -0.0118597531691, -0.00169205106795], [-0.000316595804179, 0.00301786884665, -0.00120635260828, 0.00105975277256, -0.00224838592112, 0.00212220312096, 0.00120811443776, 0.00145722739398, 0.000150137682795, -0.00158800906502, -0.0118597531691, 0.0263951830566, -0.0101234549657], [0.000524691131432, -0.001869092579, 0.00130806874949, -0.000791763013694, 0.00112874386832, -0.000666729873046, 0.00110090326052, -0.000456867244793, -0.00221078959294, -0.00103471451439, -0.00169205106795, -0.0101234549657, 0.0255829431117]]
    },
    "melbands": {
        "mean": [0.00505813024938, 0.00673767272383, 0.00244962982833, 0.000957634125371, 0.000796086911578, 0.00068155216286, 0.000229049124755, 0.000115532951895, 0.000137193259434, 0.000106238061562, 0.000133672059746, 0.000117639552627, 7.68180470914e-005, 0.000101881472801, 8.11970312498e-005, 7.47495068936e-005, 5.92692158534e-005, 6.02611980867e-005, 3.91304311051e-005, 3.40190163115e-005, 2.40383815253e-005, 1.79026355909e-005, 1.27575485749e-005, 8.57596114656e-006, 6.47047954772e-006, 5.58732745048e-006, 5.40970086149e-006, 4.68599137093e-006, 3.58961460734e-006, 2.03541071642e-006, 1.85431201771e-006, 2.24998393605e-006, 2.36674532061e-006, 2.53695998254e-006, 2.67165455625e-006, 2.76252421827e-006, 2.94215760732e-006, 2.72331749329e-006, 2.73068530987e-006, 2.97170208796e-006],
        "var": [6.62077218294e-005, 0.000137286086101, 3.67708344129e-005, 5.71524196857e-006, 4.69704019679e-007, 4.10174095578e-007, 7.9661205632e-008, 2.34612347327e-008, 5.30127195475e-008, 2.12932711463e-008, 4.08874250013e-008, 2.895780149e-008, 8.99402063936e-009, 2.97206561584e-008, 1.63296611788e-008, 1.33023849713e-008, 8.20477641383e-009, 7.13498815585e-009, 3.52974294238e-009, 3.30674443383e-009, 1.64455216112e-009, 8.82076911513e-010, 4.94009499974e-010, 2.22894369628e-010, 1.08034380053e-010, 5.53567018613e-011, 5.23164185584e-011, 9.3636660925e-011, 3.62946721288e-011, 8.90249766267e-012, 7.69082453972e-012, 1.06529906424e-011, 1.1036459073e-011, 1.56511834742e-011, 1.50077606592e-011, 1.92487224077e-011, 2.21850246507e-011, 2.14505097712e-011, 2.1284236526e-011, 2.38875308423e-011]
    },
    "mfcc": {
        "mean": [-632.380065918, 119.816818237, 18.5890235901, 8.3751335144, 19.4236907959, 11.6105394363, 3.19693017006, 0.818258225918, -4.69519662857, 1.38883459568, -2.16567420959, -1.62564110756, 2.97915482521],
        "cov": [[4052.27050781, -728.987182617, -543.365600586, -375.0730896, -271.063537598, -12.5781822205, 176.383331299, 82.4852218628, 97.3074798584, 129.59046936, 31.9018535614, 102.629234314, -10.9534711838], [-728.987182617, 1352.60766602, 283.65032959, 110.956665039, -151.818634033, 5.8658246994, 151.202072144, 71.5422821045, 10.8513879776, 75.055770874, 19.6678123474, -13.5837106705, 27.9558830261], [-543.365600586, 283.65032959, 1167.58007813, 239.642059326, 155.173156738, 33.3930778503, 80.7915649414, 30.9836902618, 27.459280014, 1.89322471619, 53.0812263489, -38.401184082, -20.8941307068], [-375.0730896, 110.956665039, 239.642059326, 323.096221924, 161.411270142, 114.933250427, 48.2456169128, 73.0200881958, 40.3369979858, 29.7891712189, 44.1118621826, 14.328874588, 9.33812427521], [-271.063537598, -151.818634033, 155.173156738, 161.411270142, 408.485229492, 138.876998901, -29.2064571381, 38.9274635315, 70.8339004517, 6.89075565338, 25.5951023102, 8.26383876801, -3.5072593689], [-12.5781822205, 5.8658246994, 33.3930778503, 114.933250427, 138.876998901, 186.497116089, 66.3491287231, 77.4446640015, 52.5116157532, 50.6314239502, 37.1857910156, 35.5400657654, 21.5347919464], [176.383331299, 151.202072144, 80.7915649414, 48.2456169128, -29.2064571381, 66.3491287231, 189.812255859, 84.2774047852, 35.4804382324, 53.643573761, 39.112197876, 36.9926071167, 36.2843437195], [82.4852218628, 71.5422821045, 30.9836902618, 73.0200881958, 38.9274635315, 77.4446640015, 84.2774047852, 116.592048645, 44.1410865784, 50.0692825317, 38.6447181702, 34.2460289001, 19.1928768158], [97.3074798584, 10.8513879776, 27.459280014, 40.3369979858, 70.8339004517, 52.5116157532, 35.4804382324, 44.1410865784, 90.6508178711, 45.1093940735, 33.1290664673, 23.0084552765, 11.595541954], [129.59046936, 75.055770874, 1.89322471619, 29.7891712189, 6.89075565338, 50.6314239502, 53.643573761, 50.0692825317, 45.1093940735, 95.8420791626, 39.2432479858, 37.1560554504, 22.6753559113], [31.9018535614, 19.6678123474, 53.0812263489, 44.1118621826, 25.5951023102, 37.1857910156, 39.112197876, 38.6447181702, 33.1290664673, 39.2432479858, 75.319152832, 33.4342308044, 16.3593826294], [102.629234314, -13.5837106705, -38.401184082, 14.328874588, 8.26383876801, 35.5400657654, 36.9926071167, 34.2460289001, 23.0084552765, 37.1560554504, 33.4342308044, 68.5718994141, 33.6005401611], [-10.9534711838, 27.9558830261, -20.8941307068, 9.33812427521, -3.5072593689, 21.5347919464, 36.2843437195, 19.1928768158, 11.595541954, 22.6753559113, 16.3593826294, 33.6005401611, 64.9418563843]],
        "icov": [[0.000419244373916, 0.000291233562166, 5.34342725587e-005, 0.000390686036553, 0.000269064243184, 2.63589881797e-005, -0.000513531966135, -0.000172344211023, -0.000451712578069, -0.000461553048808, 0.000161781281349, -0.000271560187684, 0.000591564981733], [0.000291233562166, 0.0011798638152, -0.000152031701873, -0.000108356704004, 0.000691724708304, 0.000149141502334, -0.000759041751735, -0.000354156800313, -0.000293203018373, -0.00108161917888, 0.000412905705161, 0.000632853363641, 2.3112326744e-005], [5.34342725587e-005, -0.000152031701873, 0.00123493163846, -0.000686707673594, -0.000511081016157, 0.00064194528386, -0.000885975197889, 0.000457232090412, 5.44710092072e-005, 0.000106028892333, -0.000927270681132, 0.000871076772455, 0.000426084152423], [0.000390686036553, -0.000108356704004, -0.000686707673594, 0.00575915630907, -0.0010083479574, -0.00175558915362, -5.1269758842e-005, -0.00194970727898, 0.000338712328812, -1.85176049854e-005, -0.00103546818718, 5.68660216231e-005, 0.00037344818702], [0.000269064243184, 0.000691724708304, -0.000511081016157, -0.0010083479574, 0.00530580850318, -0.00330958422273, 0.0019061564235, -0.000193226151168, -0.00343546969816, 0.00121580809355, 0.000436854141299, -7.89299701864e-006, 0.00018720877415], [2.63589881797e-005, 0.000149141502334, 0.00064194528386, -0.00175558915362, -0.00330958422273, 0.0115983886644, -0.00247719557956, -0.00277557526715, 8.60525033204e-005, -0.00243456987664, 0.000328211637679, -0.000958227785304, -0.000173402440851], [-0.000513531966135, -0.000759041751735, -0.000885975197889, -5.1269758842e-005, 0.0019061564235, -0.00247719557956, 0.0109110828489, -0.00490345340222, -0.000431352003943, 0.000335479533533, -0.000606824003626, -0.000273642421234, -0.00350591400638], [-0.000172344211023, -0.000354156800313, 0.000457232090412, -0.00194970727898, -0.000193226151168, -0.00277557526715, -0.00490345340222, 0.018086688593, -0.0022600707598, -0.00185210513882, -0.0016928067198, -0.00221003778279, 0.00147524964996], [-0.000451712578069, -0.000293203018373, 5.44710092072e-005, 0.000338712328812, -0.00343546969816, 8.60525033204e-005, -0.000431352003943, -0.0022600707598, 0.019064348191, -0.00546216685325, -0.00318920332938, 0.000557935389224, -0.000268361764029], [-0.000461553048808, -0.00108161917888, 0.000106028892333, -1.85176049854e-005, 0.00121580809355, -0.00243456987664, 0.000335479533533, -0.00185210513882, -0.00546216685325, 0.0199309997261, -0.00394097389653, -0.00403608428314, -0.00124545604922], [0.000161781281349, 0.000412905705161, -0.000927270681132, -0.00103546818718, 0.000436854141299, 0.000328211637679, -0.000606824003626, -0.0016928067198, -0.00318920332938, -0.00394097389653, 0.0217607170343, -0.00724412268028, 0.000666042789817], [-0.000271560187684, 0.000632853363641, 0.000871076772455, 5.68660216231e-005, -7.89299701864e-006, -0.000958227785304, -0.000273642421234, -0.00221003778279, 0.000557935389224, -0.00403608428314, -0.00724412268028, 0.0278750378639, -0.0102106807753], [0.000591564981733, 2.3112326744e-005, 0.000426084152423, 0.00037344818702, 0.00018720877415, -0.000173402440851, -0.00350591400638, 0.00147524964996, -0.000268361764029, -0.00124545604922, 0.000666042789817, -0.0102106807753, 0.0227599982172]]
    },
    "spectral_contrast_coeffs": {
        "mean": [-0.657884299755, -0.711662232876, -0.795909702778, -0.804076075554, -0.79881721735, -0.793035387993],
        "var": [0.00858499482274, 0.00684777041897, 0.0029168066103, 0.00156984012574, 0.00134881958365, 0.00190955540165]
    },
    "spectral_contrast_valleys": {
        "mean": [-6.93583345413, -6.65075206757, -7.11488437653, -7.25158643723, -7.79667758942, -9.84834098816],
        "var": [1.5942786932, 1.25021648407, 1.3107521534, 1.29247868061, 1.27472734451, 1.54543733597]
    }
},
"metadata": {
    "audio_properties": {
        "analysis_sample_rate": 44100,
        "bit_rate": 121606,
        "equal_loudness": 0,
        "length": 45.0873451233,
        "lossless": 0,
        "replay_gain": -13.5874958038,
        "sample_rate": 44100,
        "codec": "mp3",
        "downmix": "mix",
        "md5_encoded": "21441aa77fe2c136328efd3a60d55a20"
    },
    "tags": {
        "file_name": "994.mp3"
    },
    "version": {
        "essentia": "2.1-beta2",
        "essentia_git_sha": "v2.1_beta2",
        "extractor": "music 1.0"
    }
},
"rhythm": {
    "beats_count": 100,
    "beats_loudness": {
        "mean": 0.0779053047299,
        "var": 0.00235700746998
    },
    "bpm": 134.886276245,
    "bpm_histogram_first_peak_bpm": {
        "mean": 136,
        "var": 0
    },
    "bpm_histogram_first_peak_spread": {
        "mean": 0.319148957729,
        "var": 0
    },
    "bpm_histogram_first_peak_weight": {
        "mean": 0.646464645863,
        "var": 0
    },
    "bpm_histogram_second_peak_bpm": {
        "mean": 120,
        "var": 0
    },
    "bpm_histogram_second_peak_spread": {
        "mean": 0,
        "var": 0
    },
    "bpm_histogram_second_peak_weight": {
        "mean": 0.0202020201832,
        "var": 0
    },
    "danceability": 1.4018548727,
    "onset_rate": 8.33614826202,
    "beats_loudness_band_ratio": {
        "mean": [0.683955073357, 0.0999758988619, 0.0451194904745, 0.0679904893041, 0.0751891806722, 0.037493608892],
        "var": [0.0810436978936, 0.00940531957895, 0.00420273048803, 0.00672252476215, 0.0157796088606, 0.00252293329686]
    },
    "beats_position": [0.441179126501, 0.882358253002, 1.33514738083, 1.78793644905, 2.26394557953, 2.76317453384, 3.21596360207, 3.66875267029, 4.14476203918, 4.6439909935, 5.10838985443, 5.54956912994, 6.00235795975, 6.45514726639, 6.8963265419, 7.33750534058, 7.77868461609, 8.2198638916, 8.66104316711, 9.11383247375, 9.56662082672, 10.0078001022, 10.4489793777, 10.8901586533, 11.3313379288, 11.7725172043, 12.2136955261, 12.6664848328, 13.1192741394, 13.5604534149, 14.0016326904, 14.4428119659, 14.8839902878, 15.3367795944, 15.7895689011, 16.2307472229, 16.6719264984, 17.1131057739, 17.5542850494, 17.995464325, 18.4366436005, 18.8894329071, 19.3422222137, 19.7834014893, 20.2245807648, 20.6657600403, 21.1069393158, 21.5597267151, 22.0125160217, 22.4536952972, 22.8948745728, 23.3360538483, 23.7772331238, 24.2184123993, 24.6595916748, 25.1123809814, 25.5651702881, 26.0063495636, 26.4475269318, 26.8887062073, 27.3298854828, 27.7710647583, 28.2122440338, 28.6650333405, 29.1178226471, 29.5590019226, 30.0001811981, 30.4413604736, 30.8825397491, 31.3353290558, 31.7881164551, 32.2292976379, 32.6704750061, 33.111656189, 33.5528335571, 33.99401474, 34.4468002319, 34.8995895386, 35.3407707214, 35.7819480896, 36.2231292725, 36.6643066406, 37.1054878235, 37.5466651917, 37.9994544983, 38.4522438049, 38.8934249878, 39.334602356, 39.7757797241, 40.216960907, 40.6581382751, 41.1109275818, 41.5637168884, 42.0048980713, 42.4460754395, 42.8872566223, 43.3284339905, 43.7812232971, 44.2340126038, 44.6751937866]
},
"tonal": {
    "chords_changes_rate": 0.0956790149212,
    "chords_number_rate": 0.0154320988804,
    "chords_strength": {
        "mean": 0.509757339954,
        "var": 0.0086080301553
    },
    "hpcp_entropy": {
        "mean": 2.57456302643,
        "var": 0.610094189644
    },
    "key_strength": 0.468984901905,
    "tuning_diatonic_strength": 0.457256406546,
    "tuning_equal_tempered_deviation": 0.214591488242,
    "tuning_frequency": 434.946166992,
    "tuning_nontempered_energy_ratio": 0.910146772861,
    "hpcp": {
        "mean": [0.175854146481, 0.165521889925, 0.142621666193, 0.19658870995, 0.218421146274, 0.150161251426, 0.0966134592891, 0.0705834105611, 0.0747366175056, 0.0829641148448, 0.0983740463853, 0.14811694622, 0.153354749084, 0.105360016227, 0.0881083086133, 0.101705104113, 0.110671229661, 0.11995343864, 0.208920091391, 0.271622061729, 0.264740526676, 0.228706583381, 0.174378588796, 0.178253099322, 0.202032893896, 0.156294509768, 0.113351754844, 0.155300632119, 0.16097150743, 0.157591640949, 0.186817929149, 0.155124619603, 0.126183867455, 0.156391143799, 0.168185204268, 0.16409894824],
        "var": [0.078709423542, 0.0748820304871, 0.0479150339961, 0.0674807876348, 0.0772715806961, 0.0515333116055, 0.035103302449, 0.0199906062335, 0.022177932784, 0.024658953771, 0.0290413796902, 0.0465197265148, 0.0412445627153, 0.0307201594114, 0.0280098542571, 0.0401966311038, 0.0499224849045, 0.0402559936047, 0.0728778243065, 0.0950895696878, 0.092476785183, 0.0878718197346, 0.0734605118632, 0.0714667662978, 0.0797998383641, 0.0555204115808, 0.0395201556385, 0.060673289001, 0.062920987606, 0.0439224950969, 0.0599831230938, 0.050058722496, 0.0419698655605, 0.0670575350523, 0.0639209672809, 0.0578716769814]
    },
    "chords_histogram": [0, 0, 29.3209877014, 2.05761313438, 4.11522626877, 5.24691343307, 2.26337456703, 11.6255140305, 14.5061731339, 7.61316871643, 0, 3.70370364189, 1.02880656719, 3.70370364189, 0.102880656719, 6.48148155212, 0, 0, 0, 0, 3.29218101501, 2.57201647758, 2.36625504494, 0],
    "thpcp": [1, 0.974665045738, 0.842002987862, 0.641989767551, 0.65625411272, 0.743801474571, 0.575411677361, 0.417314231396, 0.571752667427, 0.592630445957, 0.5801872015, 0.687786281109, 0.571104645729, 0.464556783438, 0.575767457485, 0.619188308716, 0.604144394398, 0.647422194481, 0.609383106232, 0.525073945522, 0.723758280277, 0.804136276245, 0.552831590176, 0.355690777302, 0.259858906269, 0.275149285793, 0.305439531803, 0.3621725142, 0.54530531168, 0.564588725567, 0.387891978025, 0.324378311634, 0.374436080456, 0.407445669174, 0.441618919373, 0.769157290459],
    "chords_key": "D#",
    "chords_scale": "minor",
    "key_key": "G#",
    "key_scale": "minor"
}
}