{
"lowlevel": {
    "average_loudness": 0.980305552483,
    "barkbands_crest": {
        "mean": 6.87492704391,
        "var": 6.98073720932
    },
    "barkbands_flatness_db": {
        "mean": 0.0796655490994,
        "var": 0.000936060620006
    },
    "barkbands_kurtosis": {
        "mean": 0.654943645,
        "var": 2.33919382095
    },
    "barkbands_skewness": {
        "mean": 0.98050224781,
        "var": 0.302915513515
    },
    "barkbands_spread": {
        "mean": 26.6822280884,
        "var": 91.1799926758
    },
    "dissonance": {
        "mean": 0.476857483387,
        "var": 0.00028707072488
    },
    "dynamic_complexity": 1.77447104454,
    "erbbands_crest": {
        "mean": 7.37810659409,
        "var": 8.28191375732
    },
    "erbbands_flatness_db": {
        "mean": 0.137736871839,
        "var": 0.000853393925354
    },
    "erbbands_kurtosis": {
        "mean": -0.250407785177,
        "var": 0.457657128572
    },
    "erbbands_skewness": {
        "mean": 0.173100650311,
        "var": 0.21076785028
    },
    "erbbands_spread": {
        "mean": 37.9462585449,
        "var": 118.169158936
    },
    "hfc": {
        "mean": 29.0040569305,
        "var": 240.588562012
    },
    "melbands_crest": {
        "mean": 9.64454174042,
        "var": 12.404250145
    },
    "melbands_flatness_db": {
        "mean": 0.136433273554,
        "var": 0.00162988016382
    },
    "melbands_kurtosis": {
        "mean": 4.58419275284,
        "var": 12.240893364
    },
    "melbands_skewness": {
        "mean": 1.81779253483,
        "var": 0.426114469767
    },
    "melbands_spread": {
        "mean": 31.4348621368,
        "var": 188.423065186
    },
    "pitch_salience": {
        "mean": 0.628541350365,
        "var": 0.0048448019661
    },
    "silence_rate_20dB": {
        "mean": 1,
        "var": 0
    },
    "silence_rate_30dB": {
        "mean": 1,
        "var": 0
    },
    "silence_rate_60dB": {
        "mean": 0.00205973233096,
        "var": 0.00205553858541
    },
    "spectral_centroid": {
        "mean": 1523.98352051,
        "var": 320059.84375
    },
    "spectral_complexity": {
        "mean": 29.1297626495,
        "var": 38.9975776672
    },
    "spectral_decrease": {
        "mean": -6.93798352103e-009,
        "var": 1.4487267718e-017
    },
    "spectral_energy": {
        "mean": 0.0288162790239,
        "var": 0.000234828912653
    },
    "spectral_energyband_high": {
        "mean": 0.00148143433034,
        "var": 2.01106104214e-006
    },
    "spectral_energyband_low": {
        "mean": 0.0028937831521,
        "var": 2.73519090115e-005
    },
    "spectral_energyband_middle_high": {
        "mean": 0.00765201402828,
        "var": 1.13831183626e-005
    },
    "spectral_energyband_middle_low": {
        "mean": 0.0176411289722,
        "var": 0.000128765881527
    },
    "spectral_entropy": {
        "mean": 7.7522482872,
        "var": 0.0642397031188
    },
    "spectral_flux": {
        "mean": 0.0778799802065,
        "var": 0.00101543730125
    },
    "spectral_kurtosis": {
        "mean": 3.81399202347,
        "var": 3.7429997921
    },
    "spectral_rms": {
        "mean": 0.00511539448053,
        "var": 1.94619019567e-006
    },
    "spectral_rolloff": {
        "mean": 2007.60754395,
        "var": 1616570.375
    },
    "spectral_skewness": {
        "mean": 1.45836222172,
        "var": 0.0809476077557
    },
    "spectral_spread": {
        "mean": 4623002.5,
        "var": 2.53671794278e+012
    },
    "spectral_strongpeak": {
        "mean": 1.2266279459,
        "var": 1.24498236179
    },
    "zerocrossingrate": {
        "mean": 0.0791676864028,
        "var": 0.00119551678654
    },
    "barkbands": {
        "mean": [0.000164669851074, 0.00136363331694, 0.00108342338353, 0.00179427710827, 0.00591405527666, 0.00320658343844, 0.00194412341807, 0.0024369393941, 0.00149931921624, 0.00154829444364, 0.00110655394383, 0.000969516579062, 0.000545739836525, 0.00061978015583, 0.000772040104493, 0.000905200373381, 0.000607621797826, 0.000390423374483, 0.000352535018465, 0.000275129714282, 0.000410653708968, 0.000340388680343, 0.000196000037249, 0.000155755260494, 0.000116786264698, 7.58147652959e-005, 2.1037816623e-005],
        "var": [1.51742497678e-007, 4.36282516603e-006, 7.40819359635e-006, 4.99111320096e-006, 2.39471228269e-005, 1.45780222738e-005, 6.19149432168e-006, 1.29169375214e-005, 4.04767160944e-006, 2.46165291173e-006, 1.78975551535e-006, 1.5697831941e-006, 4.22306584369e-007, 3.88592525269e-007, 4.64630375063e-007, 7.84322367053e-007, 3.25300106852e-007, 2.69305218126e-007, 1.12551077791e-007, 4.72264289897e-008, 2.07460431056e-007, 1.18502256896e-007, 5.26541406032e-008, 5.16117708571e-008, 3.0747880686e-008, 1.91068032507e-008, 3.26496274461e-009]
    },
    "erbbands": {
        "mean": [0.0335451439023, 0.327800571918, 1.25820457935, 3.2880012989, 21.5060501099, 14.611330986, 7.36819553375, 30.9856548309, 37.8481445313, 26.9524402618, 60.0472221375, 33.8521537781, 60.7058639526, 38.7082214355, 39.0498695374, 41.6532859802, 29.9353504181, 31.6262245178, 28.9429073334, 55.453540802, 48.5364723206, 34.3525505066, 24.5422992706, 17.1825695038, 17.0180835724, 14.6790113449, 18.2207202911, 13.3258209229, 11.6292619705, 7.74134540558, 6.18306970596, 3.93459367752, 2.09609174728, 1.40482807159, 0.714566290379, 0.231365218759, 0.157106474042, 0.057300336659, 0.00210053101182, 7.4928822869e-005],
        "var": [0.00183858722448, 0.312004178762, 8.34025096893, 17.8861865997, 390.290740967, 265.475372314, 39.364025116, 1578.94848633, 2310.23999023, 1144.98803711, 8231.13574219, 2177.06079102, 3268.3269043, 1720.0916748, 1814.96069336, 2730.18237305, 1036.765625, 891.895385742, 706.034484863, 2484.96630859, 2977.31445313, 1081.31079102, 876.33203125, 242.144851685, 407.483978271, 133.939559937, 452.716033936, 167.038604736, 114.525489807, 63.7941665649, 73.6529541016, 34.2647628784, 7.72787237167, 4.36294174194, 1.22748935223, 0.0983086079359, 0.0940338596702, 0.0188784394413, 3.26942972606e-005, 1.0114234783e-008]
    },
    "gfcc": {
        "mean": [51.2211799622, 77.9799499512, -127.353981018, 23.0506629944, -65.0502090454, 8.45347118378, -40.2182197571, 4.4511179924, -24.6816711426, 2.06026768684, -26.0569972992, 3.8088092804, -11.3697423935],
        "cov": [[4069.87524414, -522.740112305, 167.335174561, -15.8492155075, -253.956817627, 38.3436126709, -142.670501709, 64.2065048218, -131.879364014, 70.8596038818, -98.8583297729, 20.9549102783, -181.857788086], [-522.740112305, 980.647521973, -275.157775879, 14.2286806107, 102.689720154, -21.1274929047, 64.9895324707, -29.1575965881, 73.317489624, -93.8034896851, 52.8943634033, -72.1446533203, 59.8065948486], [167.335174561, -275.157775879, 324.724456787, -22.273765564, 14.4144515991, 31.1089305878, -6.63036489487, 35.0729484558, -8.97420406342, 26.150642395, -12.6130285263, 12.6240034103, -48.4309692383], [-15.8492155075, 14.2286806107, -22.273765564, 165.370727539, 4.08185768127, 42.7088012695, -16.3470211029, 10.7033185959, 12.8580827713, 1.73152220249, 10.9387645721, -6.94144010544, 22.7494316101], [-253.956817627, 102.689720154, 14.4144515991, 4.08185768127, 146.550765991, -7.80857801437, 19.7483234406, 8.16763877869, 23.716802597, -5.65534734726, 7.68455123901, 1.03099882603, 3.97790622711], [38.3436126709, -21.1274929047, 31.1089305878, 42.7088012695, -7.80857801437, 100.618965149, 10.4468841553, 26.8531303406, 4.34580659866, 3.11835670471, 10.7490978241, -14.9747915268, 2.31095814705], [-142.670501709, 64.9895324707, -6.63036489487, -16.3470211029, 19.7483234406, 10.4468841553, 68.5020217896, 16.1547489166, 6.66671514511, -9.62006855011, 7.56356477737, -1.86154174805, -1.81788814068], [64.2065048218, -29.1575965881, 35.0729484558, 10.7033185959, 8.16763877869, 26.8531303406, 16.1547489166, 70.310333252, 2.62688994408, 4.91219854355, 10.5451889038, 4.33735895157, -3.73523736], [-131.879364014, 73.317489624, -8.97420406342, 12.8580827713, 23.716802597, 4.34580659866, 6.66671514511, 2.62688994408, 57.9421195984, 6.78773164749, 15.1562490463, -4.61563396454, 12.0167570114], [70.8596038818, -93.8034896851, 26.150642395, 1.73152220249, -5.65534734726, 3.11835670471, -9.62006855011, 4.91219854355, 6.78773164749, 54.3671607971, 4.36019468307, 13.7473936081, -6.22685480118], [-98.8583297729, 52.8943634033, -12.6130285263, 10.9387645721, 7.68455123901, 10.7490978241, 7.56356477737, 10.5451889038, 15.1562490463, 4.36019468307, 58.113948822, -0.432921409607, 8.89348983765], [20.9549102783, -72.1446533203, 12.6240034103, -6.94144010544, 1.03099882603, -14.9747915268, -1.86154174805, 4.33735895157, -4.61563396454, 13.7473936081, -0.432921409607, 56.16664505, 11.9036979675], [-181.857788086, 59.8065948486, -48.4309692383, 22.7494316101, 3.97790622711, 2.31095814705, -1.81788814068, -3.73523736, 12.0167570114, -6.22685480118, 8.89348983765, 11.9036979675, 57.7399368286]],
        "icov": [[0.000389001972508, -9.62242702371e-005, 4.11822766182e-005, -3.96110590373e-005, 0.000524232978933, -0.000214798536035, 0.000803876318969, -0.000543162284885, 0.000370565452613, -0.000258892658167, 0.000457442016341, -0.000449796585599, 0.00125490210485], [-9.62242702371e-005, 0.00227823364548, 0.00136810645927, 0.000196983586648, -0.00124581030104, 0.000396008661482, -0.00126903492492, 0.000501218426507, -0.00189509859774, 0.00264684250578, -0.00133375811856, 0.00214329338633, -0.00108705018647], [4.11822766182e-005, 0.00136810645927, 0.00504636764526, 0.000782746414188, -0.00138153496664, -0.00157335528638, 0.00067072006641, -0.00133266788907, -0.00116928690113, 0.000649733701721, 0.000176936388016, -0.000478430883959, 0.0031148691196], [-3.96110590373e-005, 0.000196983586648, 0.000782746414188, 0.00780474022031, -0.000750019331463, -0.00338717014529, 0.00270689884201, -0.00078233901877, -0.00102745334152, 0.00014412283781, -0.000404290825827, 0.00069837027695, -0.00237777433358], [0.000524232978933, -0.00124581030104, -0.00138153496664, -0.000750019331463, 0.00913828331977, 0.00109783664811, -0.000511218968313, -0.00139941286761, -0.00169901619665, -0.000427509774454, 0.000958858057857, -0.00177607068326, 0.00182405870873], [-0.000214798536035, 0.000396008661482, -0.00157335528638, -0.00338717014529, 0.00109783664811, 0.0144217247143, -0.00336368964054, -0.00339064840227, 9.05171837076e-005, -0.000735921086743, -0.00166125223041, 0.00530671328306, -0.0029863177333], [0.000803876318969, -0.00126903492492, 0.00067072006641, 0.00270689884201, -0.000511218968313, -0.00336368964054, 0.0203296523541, -0.00506801204756, -0.000208351339097, 0.00184535630979, 0.000305046472931, -0.00301872449927, 0.00464219925925], [-0.000543162284885, 0.000501218426507, -0.00133266788907, -0.00078233901877, -0.00139941286761, -0.00339064840227, -0.00506801204756, 0.0188620593399, -0.000468225422082, 0.000266749790171, -0.0032544885762, -0.00140667916276, -0.000829226861242], [0.000370565452613, -0.00189509859774, -0.00116928690113, -0.00102745334152, -0.00169901619665, 9.05171837076e-005, -0.000208351339097, -0.000468225422082, 0.0235230717808, -0.00688913464546, -0.00252890004776, 0.00188498548232, -0.00300694303587], [-0.000258892658167, 0.00264684250578, 0.000649733701721, 0.00014412283781, -0.000427509774454, -0.000735921086743, 0.00184535630979, 0.000266749790171, -0.00688913464546, 0.02579799667, -0.00341293145902, -0.00425530737266, 0.00268432451412], [0.000457442016341, -0.00133375811856, 0.000176936388016, -0.000404290825827, 0.000958858057857, -0.00166125223041, 0.000305046472931, -0.0032544885762, -0.00252890004776, -0.00341293145902, 0.0209266208112, -0.00141701160464, 0.000156580252224], [-0.000449796585599, 0.00214329338633, -0.000478430883959, 0.00069837027695, -0.00177607068326, 0.00530671328306, -0.00301872449927, -0.00140667916276, 0.00188498548232, -0.00425530737266, -0.00141701160464, 0.025794133544, -0.0105398977175], [0.00125490210485, -0.00108705018647, 0.0031148691196, -0.00237777433358, 0.00182405870873, -0.0029863177333, 0.00464219925925, -0.000829226861242, -0.00300694303587, 0.00268432451412, 0.000156580252224, -0.0105398977175, 0.0290974061936]]
    },
    "melbands": {
        "mean": [0.000335822551278, 0.000586848356761, 0.00116068590432, 0.00143864471465, 0.000292074342724, 0.000720572657883, 0.000543024681974, 0.000323314976413, 0.000455005647382, 0.000207943056012, 0.000301890395349, 0.000149736442836, 0.000149181942106, 0.000112272944534, 7.56788358558e-005, 6.25300817774e-005, 5.62802233617e-005, 4.28266939707e-005, 6.09540984442e-005, 6.66447449476e-005, 5.4261789046e-005, 3.70187735825e-005, 2.54474798567e-005, 1.80938841368e-005, 1.33764469865e-005, 1.26854083646e-005, 1.06077222881e-005, 9.11101051315e-006, 1.2237910596e-005, 8.80522657098e-006, 7.3746596172e-006, 6.1482160163e-006, 7.25603013052e-006, 3.14940848511e-006, 3.96938594349e-006, 2.71153271569e-006, 2.25514804697e-006, 1.5756133962e-006, 1.12883742531e-006, 1.22149981507e-006],
        "var": [2.21261117872e-007, 1.5452566231e-006, 1.29033696794e-006, 1.46011973357e-006, 1.17172461955e-007, 7.77829370691e-007, 4.27697102623e-007, 1.67692448372e-007, 4.6877113391e-007, 8.88675870669e-008, 8.33442754811e-008, 2.72950781977e-008, 2.87739805316e-008, 2.42395170602e-008, 5.94870375181e-009, 5.36823030473e-009, 3.34411054403e-009, 2.35858554909e-009, 2.76729150706e-009, 2.86797163795e-009, 4.49296910787e-009, 1.82892045952e-009, 9.13791597945e-010, 6.69609534487e-010, 1.48804607525e-010, 1.76947179131e-010, 1.7051264567e-010, 5.16269804685e-011, 2.73714106935e-010, 8.78126182879e-011, 4.99640086249e-011, 3.3328124982e-011, 7.53673165543e-011, 1.04416093827e-011, 3.44055790802e-011, 1.64156709059e-011, 1.1780547024e-011, 4.69953850141e-012, 3.08694432863e-012, 3.68688499869e-012]
    },
    "mfcc": {
        "mean": [-587.405212402, 112.312789917, -9.3275642395, 15.1931257248, -6.85238170624, 3.98722934723, -9.8712387085, 0.382358133793, 1.83635520935, -3.22238636017, -7.21242761612, -3.28805470467, -2.07214069366],
        "cov": [[1631.82568359, -384.418670654, 309.860839844, -47.7799911499, -20.3803100586, -49.4724693298, 12.4217100143, -30.1367988586, -39.6430130005, 21.5566806793, 27.8787727356, 33.2907562256, -17.8898868561], [-384.418670654, 764.708618164, -202.835952759, 35.5238609314, 4.88503885269, 7.89412736893, -2.36379528046, 51.2861633301, 15.7950057983, -6.90230178833, 5.46979093552, 2.49543118477, 6.65095329285], [309.860839844, -202.835952759, 250.202804565, -32.8499832153, 18.46484375, -4.69540405273, 14.5130586624, 2.49075508118, 1.5341989994, 19.2666625977, 3.65599822998, 10.3930025101, 6.81747102737], [-47.7799911499, 35.5238609314, -32.8499832153, 105.997161865, 26.9791259766, 15.2747869492, -12.9288005829, 6.05904006958, 2.66955256462, 2.9581952095, -4.55171203613, -7.03499937057, -2.88769078255], [-20.3803100586, 4.88503885269, 18.46484375, 26.9791259766, 113.969100952, 11.6988916397, 14.3476018906, 7.10823917389, 14.1698360443, 12.9139156342, 11.1082611084, 7.27894496918, 1.85129034519], [-49.4724693298, 7.89412736893, -4.69540405273, 15.2747869492, 11.6988916397, 70.5519561768, -5.20308208466, -0.7320073843, 4.0433807373, 11.3932027817, -1.31115400791, -7.36060905457, -2.95739769936], [12.4217100143, -2.36379528046, 14.5130586624, -12.9288005829, 14.3476018906, -5.20308208466, 74.2404632568, 24.9264373779, 4.84551382065, 7.15332365036, 12.612947464, 11.7912368774, -8.04422473907], [-30.1367988586, 51.2861633301, 2.49075508118, 6.05904006958, 7.10823917389, -0.7320073843, 24.9264373779, 60.9202880859, 15.4994039536, 0.404263854027, 2.07683110237, 10.7977867126, -0.292173922062], [-39.6430130005, 15.7950057983, 1.5341989994, 2.66955256462, 14.1698360443, 4.0433807373, 4.84551382065, 15.4994039536, 47.4940605164, 7.29826068878, -0.429669052362, -4.58873224258, 7.11926984787], [21.5566806793, -6.90230178833, 19.2666625977, 2.9581952095, 12.9139156342, 11.3932027817, 7.15332365036, 0.404263854027, 7.29826068878, 48.4962234497, 11.0716438293, 2.34337925911, -1.3088773489], [27.8787727356, 5.46979093552, 3.65599822998, -4.55171203613, 11.1082611084, -1.31115400791, 12.612947464, 2.07683110237, -0.429669052362, 11.0716438293, 51.0642204285, 22.7953071594, -8.06007289886], [33.2907562256, 2.49543118477, 10.3930025101, -7.03499937057, 7.27894496918, -7.36060905457, 11.7912368774, 10.7977867126, -4.58873224258, 2.34337925911, 22.7953071594, 49.9431037903, 1.23409128189], [-17.8898868561, 6.65095329285, 6.81747102737, -2.88769078255, 1.85129034519, -2.95739769936, -8.04422473907, -0.292173922062, 7.11926984787, -1.3088773489, -8.06007289886, 1.23409128189, 44.0829200745]],
        "icov": [[0.000883838452864, 0.000151733373059, -0.000991995912045, -0.000140077972901, 0.000271851953585, 0.000508227851242, 3.82971884392e-005, 0.000270265794825, 0.000445715209935, -0.000145905723912, -0.000288171431748, -0.000272529956419, 0.000390112429159], [0.000151733373059, 0.00186694331933, 0.00137594062835, 3.71818714484e-005, -0.000174334534677, 4.31374719483e-005, 0.00042273546569, -0.00174410024192, 0.000152420456288, -0.000308345450321, -0.000403188838391, 5.7479901443e-005, -0.000463752949145], [-0.000991995912045, 0.00137594062835, 0.006878296379, 0.00177723588422, -0.00143272057176, -0.000315206765663, 1.83577958524e-005, -0.00192256481387, -3.11408912239e-005, -0.00192469346803, 0.000726790050976, -0.000223512382945, -0.00144083064515], [-0.000140077972901, 3.71818714484e-005, 0.00177723588422, 0.0116130160168, -0.00330568780191, -0.00149259413593, 0.00289936549962, -0.00262664933689, 0.000961613492109, -0.000895594712347, 0.000853296020068, 0.00122099393047, 0.000913713825867], [0.000271851953585, -0.000174334534677, -0.00143272057176, -0.00330568780191, 0.0108392750844, -0.00101246242411, -0.002286426723, 0.0013096507173, -0.00273545947857, -0.00088728038827, -0.00154089194257, -0.00130339793395, -0.000619836966507], [0.000508227851242, 4.31374719483e-005, -0.000315206765663, -0.00149259413593, -0.00101246242411, 0.0159452501684, 0.00126916135196, -9.79655305855e-005, -0.00010681355343, -0.00373459141701, 0.00015248201089, 0.00179530202877, 0.00137788883876], [3.82971884392e-005, 0.00042273546569, 1.83577958524e-005, 0.00289936549962, -0.002286426723, 0.00126916135196, 0.0180331747979, -0.00770164793357, 0.000743508979212, -0.00191230047494, -0.00226092687808, -0.000597987906076, 0.00298615265638], [0.000270265794825, -0.00174410024192, -0.00192256481387, -0.00262664933689, 0.0013096507173, -9.79655305855e-005, -0.00770164793357, 0.0241762306541, -0.0074743879959, 0.00194859318435, 0.00285115209408, -0.00578453345224, 0.00113954418339], [0.000445715209935, 0.000152420456288, -3.11408912239e-005, 0.000961613492109, -0.00273545947857, -0.00010681355343, 0.000743508979212, -0.0074743879959, 0.0261607281864, -0.00349548598751, -0.00137470080517, 0.00496191484854, -0.00429938687012], [-0.000145905723912, -0.000308345450321, -0.00192469346803, -0.000895594712347, -0.00088728038827, -0.00373459141701, -0.00191230047494, 0.00194859318435, -0.00349548598751, 0.0244774669409, -0.00504107587039, 0.000826765783131, 2.34048875427e-005], [-0.000288171431748, -0.000403188838391, 0.000726790050976, 0.000853296020068, -0.00154089194257, 0.00015248201089, -0.00226092687808, 0.00285115209408, -0.00137470080517, -0.00504107587039, 0.0280459430069, -0.0124715231359, 0.00511800730601], [-0.000272529956419, 5.7479901443e-005, -0.000223512382945, 0.00122099393047, -0.00130339793395, 0.00179530202877, -0.000597987906076, -0.00578453345224, 0.00496191484854, 0.000826765783131, -0.0124715231359, 0.0284705292434, -0.00383109669201], [0.000390112429159, -0.000463752949145, -0.00144083064515, 0.000913713825867, -0.000619836966507, 0.00137788883876, 0.00298615265638, 0.00113954418339, -0.00429938687012, 2.34048875427e-005, 0.00511800730601, -0.00383109669201, 0.0256044752896]]
    },
    "spectral_contrast_coeffs": {
        "mean": [-0.592802882195, -0.736847341061, -0.770740330219, -0.767035484314, -0.769113123417, -0.716912567616],
        "var": [0.00495651550591, 0.00451732194051, 0.00202860147692, 0.00124839378987, 0.00108045933302, 0.00144474278204]
    },
    "spectral_contrast_valleys": {
        "mean": [-7.32052850723, -6.13976287842, -6.52823448181, -7.09737586975, -7.15986919403, -9.90789413452],
        "var": [0.919617831707, 0.767567396164, 0.713159680367, 0.681717038155, 0.740602612495, 0.979298949242]
    }
},
"metadata": {
    "audio_properties": {
        "analysis_sample_rate": 44100,
        "bit_rate": 108691,
        "equal_loudness": 0,
        "length": 45.0612258911,
        "lossless": 0,
        "replay_gain": -4.5562915802,
        "sample_rate": 44100,
        "codec": "mp3",
        "downmix": "mix",
        "md5_encoded": "166644f35bc72b46d5cf63f8e50a4bb1"
    },
    "tags": {
        "file_name": "995.mp3"
    },
    "version": {
        "essentia": "2.1-beta2",
        "essentia_git_sha": "v2.1_beta2",
        "extractor": "music 1.0"
    }
},
"rhythm": {
    "beats_count": 89,
    "beats_loudness": {
        "mean": 0.0384299755096,
        "var": 0.000200423572096
    },
    "bpm": 119.883338928,
    "bpm_histogram_first_peak_bpm": {
        "mean": 120,
        "var": 0
    },
    "bpm_histogram_first_peak_spread": {
        "mean": 0.47619047761,
        "var": 0
    },
    "bpm_histogram_first_peak_weight": {
        "mean": 0.5,
        "var": 0
    },
    "bpm_histogram_second_peak_bpm": {
        "mean": 115,
        "var": 0
    },
    "bpm_histogram_second_peak_spread": {
        "mean": 0,
        "var": 0
    },
    "bpm_histogram_second_peak_weight": {
        "mean": 0.0340909101069,
        "var": 0
    },
    "danceability": 1.34931647778,
    "onset_rate": 2.32911276817,
    "beats_loudness_band_ratio": {
        "mean": [0.240724161267, 0.272046327591, 0.260944485664, 0.14388884604, 0.116955533624, 0.104423455894],
        "var": [0.0197642445564, 0.0182360596955, 0.0151194576174, 0.00569769646972, 0.00549074262381, 0.00428165961057]
    },
    "beats_position": [0.46439909935, 0.952018141747, 1.43963718414, 1.95047616959, 2.4497051239, 2.93732428551, 3.43655323982, 3.93578219414, 4.43501138687, 4.93424034119, 5.4334692955, 5.92108821869, 6.43192720413, 6.93115615845, 7.4303855896, 7.92961454391, 8.42884349823, 8.92807197571, 9.42730140686, 9.93814086914, 10.4257593155, 10.9249887466, 11.4242172241, 11.9350566864, 12.4575052261, 12.9567346573, 13.4675731659, 13.9784126282, 14.4892511368, 14.9768705368, 15.4760990143, 15.9753284454, 16.4861679077, 16.99700737, 17.5078449249, 18.0070743561, 18.5063037872, 19.0055332184, 19.5047607422, 20.0156002045, 20.5264396667, 21.037279129, 21.548116684, 22.035736084, 22.5349655151, 23.0341949463, 23.5450344086, 24.0442619324, 24.5434913635, 25.0427207947, 25.5419502258, 26.0295696259, 26.5287971497, 27.0164165497, 27.5156459808, 28.0264854431, 28.537322998, 29.0249423981, 29.5241718292, 30.0001811981, 30.4994106293, 30.9986381531, 31.5094776154, 32.0203170776, 32.5311546326, 33.0419960022, 33.5528335571, 34.0520629883, 34.5512924194, 35.0389099121, 35.5381393433, 36.0373687744, 36.5249862671, 37.0242156982, 37.5234451294, 38.0226745605, 38.5219039917, 39.0095214844, 39.520362854, 40.0428123474, 40.5652618408, 41.0760993958, 41.5753288269, 42.0745582581, 42.5621757507, 43.0497932434, 43.5490226746, 44.0482521057, 44.5590934753]
},
"tonal": {
    "chords_changes_rate": 0.0349794253707,
    "chords_number_rate": 0.00308641977608,
    "chords_strength": {
        "mean": 0.585479557514,
        "var": 0.00750143360347
    },
    "hpcp_entropy": {
        "mean": 2.0750272274,
        "var": 0.578681707382
    },
    "key_strength": 0.685800433159,
    "tuning_diatonic_strength": 0.617550253868,
    "tuning_equal_tempered_deviation": 0.172653093934,
    "tuning_frequency": 439.238189697,
    "tuning_nontempered_energy_ratio": 0.854622006416,
    "hpcp": {
        "mean": [0.0962747558951, 0.0690141916275, 0.0782445892692, 0.0962551608682, 0.088535360992, 0.199136003852, 0.397198736668, 0.304022490978, 0.0852316319942, 0.0426787771285, 0.0463932417333, 0.0773774310946, 0.147263765335, 0.154844254255, 0.136097162962, 0.169284850359, 0.146237939596, 0.130534484982, 0.136973202229, 0.0805757567286, 0.0642776861787, 0.107593439519, 0.122362032533, 0.115124844015, 0.103819638491, 0.0853544026613, 0.115347199142, 0.241668745875, 0.303913027048, 0.336048364639, 0.459553748369, 0.417740881443, 0.214538052678, 0.105336815119, 0.0845118612051, 0.0941833779216],
        "var": [0.0195200424641, 0.0138346292078, 0.0223108828068, 0.0287154857069, 0.02308922261, 0.039701551199, 0.11572689563, 0.0673176348209, 0.0127043556422, 0.00662068184465, 0.00524514960125, 0.0107915801927, 0.0443772785366, 0.0427645966411, 0.0287040565163, 0.0400535278022, 0.0327104963362, 0.0229031555355, 0.029954912141, 0.00908598303795, 0.00887628830969, 0.0285492055118, 0.0244959760457, 0.0213201530278, 0.0300216786563, 0.032223302871, 0.0422456339002, 0.0744563043118, 0.088578209281, 0.106217220426, 0.135509505868, 0.0989833027124, 0.0607424005866, 0.0370824225247, 0.0220185890794, 0.0208890996873]
    },
    "chords_histogram": [0.617283940315, 0, 0, 0, 0.205761313438, 0, 0.205761313438, 0, 0, 7.09876537323, 0, 0, 0, 0, 0, 0, 0, 0, 0, 0, 0, 0, 15.4320983887, 76.4403305054],
    "thpcp": [1, 0.909014225006, 0.466839969158, 0.229215443134, 0.183899834752, 0.204945296049, 0.209496185184, 0.150176540017, 0.170262113214, 0.20945353806, 0.192655071616, 0.433324724436, 0.86431401968, 0.661560237408, 0.185466080904, 0.092870041728, 0.100952811539, 0.168375149369, 0.320449501276, 0.336944818497, 0.296150684357, 0.368367910385, 0.318217277527, 0.284046173096, 0.298056989908, 0.175334781408, 0.13986979425, 0.234125912189, 0.266262710094, 0.250514417887, 0.225914031267, 0.185733228922, 0.250998288393, 0.525876998901, 0.661322057247, 0.731249332428],
    "chords_key": "G",
    "chords_scale": "major",
    "key_key": "B",
    "key_scale": "minor"
}
}