{
"lowlevel": {
    "average_loudness": 0.949503302574,
    "barkbands_crest": {
        "mean": 8.68854904175,
        "var": 12.8124370575
    },
    "barkbands_flatness_db": {
        "mean": 0.160754308105,
        "var": 0.00385927385651
    },
    "barkbands_kurtosis": {
        "mean": 3.9875805378,
        "var": 68.7346038818
    },
    "barkbands_skewness": {
        "mean": 0.987001121044,
        "var": 2.51186752319
    },
    "barkbands_spread": {
        "mean": 21.1875267029,
        "var": 178.469345093
    },
    "dissonance": {
        "mean": 0.471522659063,
        "var": 0.000724401150364
    },
    "dynamic_complexity": 3.23713135719,
    "erbbands_crest": {
        "mean": 8.01475524902,
        "var": 10.1249027252
    },
    "erbbands_flatness_db": {
        "mean": 0.200377672911,
        "var": 0.00638469215482
    },
    "erbbands_kurtosis": {
        "mean": 0.852599799633,
        "var": 5.22069692612
    },
    "erbbands_skewness": {
        "mean": -0.188398644328,
        "var": 0.919664919376
    },
    "erbbands_spread": {
        "mean": 31.6007270813,
        "var": 345.877380371
    },
    "hfc": {
        "mean": 21.5672340393,
        "var": 339.526794434
    },
    "melbands_crest": {
        "mean": 11.8718118668,
        "var": 28.4575862885
    },
    "melbands_flatness_db": {
        "mean": 0.214417889714,
        "var": 0.00633631274104
    },
    "melbands_kurtosis": {
        "mean": 11.1890630722,
        "var": 368.733459473
    },
    "melbands_skewness": {
        "mean": 2.02965807915,
        "var": 3.6428592205
    },
    "melbands_spread": {
        "mean": 30.4594573975,
        "var": 536.329345703
    },
    "pitch_salience": {
        "mean": 0.619294345379,
        "var": 0.012538574636
    },
    "silence_rate_20dB": {
        "mean": 1,
        "var": 0
    },
    "silence_rate_30dB": {
        "mean": 0.995368003845,
        "var": 0.00461049797013
    },
    "silence_rate_60dB": {
        "mean": 0.12146165967,
        "var": 0.106710255146
    },
    "spectral_centroid": {
        "mean": 1608.80871582,
        "var": 787126.5625
    },
    "spectral_complexity": {
        "mean": 22.2418937683,
        "var": 193.152908325
    },
    "spectral_decrease": {
        "mean": -6.05725913871e-009,
        "var": 3.04844345303e-017
    },
    "spectral_energy": {
        "mean": 0.0248177014291,
        "var": 0.00046696717618
    },
    "spectral_energyband_high": {
        "mean": 0.000511355232447,
        "var": 4.31451752547e-007
    },
    "spectral_energyband_low": {
        "mean": 0.00981805473566,
        "var": 0.000248339201789
    },
    "spectral_energyband_middle_high": {
        "mean": 0.007785145659,
        "var": 5.7767440012e-005
    },
    "spectral_energyband_middle_low": {
        "mean": 0.00779004953802,
        "var": 9.20291422517e-005
    },
    "spectral_entropy": {
        "mean": 7.41644144058,
        "var": 0.217026427388
    },
    "spectral_flux": {
        "mean": 0.0737101659179,
        "var": 0.00267997034825
    },
    "spectral_kurtosis": {
        "mean": 7.43381309509,
        "var": 85.0052337646
    },
    "spectral_rms": {
        "mean": 0.00444643525407,
        "var": 4.44158558821e-006
    },
    "spectral_rolloff": {
        "mean": 1876.18139648,
        "var": 2850210
    },
    "spectral_skewness": {
        "mean": 1.49266695976,
        "var": 0.657798886299
    },
    "spectral_spread": {
        "mean": 3449560.25,
        "var": 5.40349929882e+012
    },
    "spectral_strongpeak": {
        "mean": 1.19860339165,
        "var": 3.12468981743
    },
    "zerocrossingrate": {
        "mean": 0.0652276426554,
        "var": 0.00180251873098
    },
    "barkbands": {
        "mean": [0.00021742748504, 0.00596487242728, 0.00278040324338, 0.00171261944342, 0.00239175232127, 0.00135908147786, 0.000551967008505, 0.000608657835983, 0.000735478708521, 0.000830281118397, 0.000546186114661, 0.000551333127078, 0.000750853738282, 0.000399476586608, 0.000894124095794, 0.00127389386762, 0.00154627487063, 0.000769228558056, 0.000264094240265, 0.000348481495166, 0.000112029032607, 7.34140339773e-005, 5.629939551e-005, 3.15395991493e-005, 2.99199509755e-005, 1.59438441187e-005, 2.07367816074e-006],
        "var": [3.76076457087e-007, 9.89408072201e-005, 3.01508080156e-005, 1.44588057083e-005, 1.00726956589e-005, 4.63971264253e-006, 1.09886525479e-006, 3.99639384341e-006, 1.37476308737e-006, 1.08404537968e-006, 6.50738400054e-007, 4.85921589188e-007, 1.04882769847e-006, 2.51072066249e-007, 1.64794357715e-006, 3.22610662806e-006, 4.35373476648e-006, 1.20665470149e-006, 1.11535996439e-007, 2.49168635946e-007, 2.82092766923e-008, 2.04236751955e-008, 1.33423885273e-008, 5.75101077871e-009, 7.29482252382e-009, 2.25128293785e-009, 4.02387602405e-011]
    },
    "erbbands": {
        "mean": [0.146784126759, 1.40187895298, 3.38798570633, 4.6895647049, 6.79577445984, 7.93592739105, 9.93081855774, 10.6834363937, 7.21872758865, 12.7791166306, 12.5376329422, 16.3594436646, 29.8137054443, 21.3722572327, 21.9350509644, 24.8492050171, 34.8796730042, 24.9167728424, 30.9677448273, 58.8554992676, 75.8568878174, 77.9509963989, 52.7984352112, 21.4652748108, 12.4909696579, 16.9868583679, 8.64693069458, 2.44433188438, 3.25841999054, 2.47046399117, 1.21130096912, 0.688502371311, 0.50103366375, 0.349282056093, 0.19522048533, 0.0760922878981, 0.0289658028632, 0.00695473933592, 0.000200684269657, 3.46946289937e-005],
        "var": [0.0873950645328, 5.22348642349, 33.0205841064, 117.411712646, 109.498077393, 135.328109741, 182.497528076, 360.958465576, 202.537368774, 886.362121582, 1118.78588867, 547.991638184, 1673.27478027, 844.953308105, 805.691833496, 784.223632813, 2263.7734375, 998.499694824, 1831.64379883, 6820.80371094, 9690.77539063, 10080.8222656, 5020.85644531, 797.035644531, 243.820053101, 588.511962891, 156.804748535, 16.6076374054, 42.2448387146, 31.4117050171, 5.06474113464, 2.39037013054, 1.63914239407, 1.09338390827, 0.301024228334, 0.0465301573277, 0.00798765383661, 0.000434332439909, 3.57405752993e-007, 1.09990783148e-009]
    },
    "gfcc": {
        "mean": [-44.614982605, 117.86000061, -148.11541748, 32.110294342, -39.9426879883, -2.93335914612, -28.2168731689, -3.50638461113, -18.6839790344, -8.70756435394, -18.2369251251, 0.752381682396, -7.32917308807],
        "cov": [[11014.2832031, -1098.70812988, 369.075012207, 665.987731934, -13.6765871048, 722.255065918, -102.632659912, 740.262695313, -134.065368652, 504.327423096, -46.683052063, 106.145011902, -178.065460205], [-1098.70812988, 2391.4140625, -951.199035645, -247.694885254, 639.30291748, -547.069885254, 421.461151123, -235.744918823, 148.562911987, -375.568206787, 152.335494995, -259.744537354, 277.784057617], [369.075012207, -951.199035645, 3782.98681641, 398.770904541, -645.742126465, 1241.01318359, -508.864837646, 637.847351074, -170.904312134, 603.619018555, -166.460083008, 157.330383301, -240.341506958], [665.987731934, -247.694885254, 398.770904541, 339.797851563, -18.3532867432, 241.396850586, -12.234744072, 136.153320313, 2.84072709084, 118.674835205, 7.67801141739, 2.81079268456, -12.1135511398], [-13.6765871048, 639.30291748, -645.742126465, -18.3532867432, 546.91973877, -194.024688721, 198.950820923, 2.4629817009, 24.1000080109, -99.0433349609, 49.9708175659, -66.9922103882, 143.803894043], [722.255065918, -547.069885254, 1241.01318359, 241.396850586, -194.024688721, 629.9375, -170.230865479, 290.101470947, -39.2839736938, 238.335922241, -58.6636619568, 83.0269088745, -109.82673645], [-102.632659912, 421.461151123, -508.864837646, -12.234744072, 198.950820923, -170.230865479, 241.481185913, -81.1003646851, 61.5810890198, -116.683776855, 38.4620399475, -63.0177650452, 62.1527366638], [740.262695313, -235.744918823, 637.847351074, 136.153320313, 2.4629817009, 290.101470947, -81.1003646851, 309.451660156, -56.4871864319, 195.511734009, -15.8584480286, 19.8981208801, -13.8151750565], [-134.065368652, 148.562911987, -170.904312134, 2.84072709084, 24.1000080109, -39.2839736938, 61.5810890198, -56.4871864319, 120.584915161, -71.4538192749, 18.9938602448, 7.32223367691, -13.1228590012], [504.327423096, -375.568206787, 603.619018555, 118.674835205, -99.0433349609, 238.335922241, -116.683776855, 195.511734009, -71.4538192749, 254.825500488, -2.73057627678, 20.8026599884, -18.8935832977], [-46.683052063, 152.335494995, -166.460083008, 7.67801141739, 49.9708175659, -58.6636619568, 38.4620399475, -15.8584480286, 18.9938602448, -2.73057627678, 81.0836257935, -5.79748153687, 33.4144821167], [106.145011902, -259.744537354, 157.330383301, 2.81079268456, -66.9922103882, 83.0269088745, -63.0177650452, 19.8981208801, 7.32223367691, 20.8026599884, -5.79748153687, 118.85295105, -45.9264564514], [-178.065460205, 277.784057617, -240.341506958, -12.1135511398, 143.803894043, -109.82673645, 62.1527366638, -13.8151750565, -13.1228590012, -18.8935832977, 33.4144821167, -45.9264564514, 127.24055481]],
        "icov": [[0.000148013714352, -0.000129119391204, 0.000219533554628, -0.000273628451396, 0.000146713806316, -0.000144003235619, -2.51426263276e-005, -0.000387949025026, 0.000237242871663, -0.000278997526038, 0.00031320398557, -0.000275334256003, 0.000359106372343], [-0.000129119391204, 0.00194381538313, -0.00107450236101, 0.00134074874222, -0.00145967467688, 0.000652874703519, -0.000574200821575, 0.000417975359596, -0.00155582022853, 0.00244150892831, -0.00295695359819, 0.00295141176321, -0.00174332270399], [0.000219533554628, -0.00107450236101, 0.00173522834666, -0.000740321178455, 0.00135887647048, -0.00192183617037, 0.000582100648899, -0.000994036789052, 0.00109899917152, -0.00190270016901, 0.00224877288565, -0.00148789747618, 0.000976540206466], [-0.000273628451396, 0.00134074874222, -0.000740321178455, 0.00593081628904, -0.00102129811421, -0.00165427778848, -0.00122683041263, 0.000628833193332, -0.00211866432801, 0.000599231861997, -0.00306360027753, 0.00293595669791, -0.00201510149054], [0.000146713806316, -0.00145967467688, 0.00135887647048, -0.00102129811421, 0.00514490855858, -0.000671750807669, -0.00149910897017, -0.00275898375548, 0.00137684040237, -0.000625992950518, 0.00235599279404, -0.00253170798533, -0.0015836940147], [-0.000144003235619, 0.000652874703519, -0.00192183617037, -0.00165427778848, -0.000671750807669, 0.00743153551593, -5.68412397115e-005, -0.00197790004313, -0.00150136614684, 0.000574944540858, 0.000151494357851, -0.000657679338474, 0.00122560514137], [-2.51426263276e-005, -0.000574200821575, 0.000582100648899, -0.00122683041263, -0.00149910897017, -5.68412397115e-005, 0.00925398617983, 0.000124216196127, -0.00214361888357, 0.0012467969209, -0.000488314137328, 0.00206506578252, 0.000177168098162], [-0.000387949025026, 0.000417975359596, -0.000994036789052, 0.000628833193332, -0.00275898375548, -0.00197790004313, 0.000124216196127, 0.0105174863711, -5.10823474542e-006, -0.00394371477887, -0.000548352720216, 0.00102696940303, -0.000852410739753], [0.000237242871663, -0.00155582022853, 0.00109899917152, -0.00211866432801, 0.00137684040237, -0.00150136614684, -0.00214361888357, -5.10823474542e-006, 0.0138200428337, 0.0010695689125, -0.000593595323153, -0.00378305278718, 0.00417188042775], [-0.000278997526038, 0.00244150892831, -0.00190270016901, 0.000599231861997, -0.000625992950518, 0.000574944540858, 0.0012467969209, -0.00394371477887, 0.0010695689125, 0.0147384731099, -0.00736211845651, 0.00438576424494, -0.0032758358866], [0.00031320398557, -0.00295695359819, 0.00224877288565, -0.00306360027753, 0.00235599279404, 0.000151494357851, -0.000488314137328, -0.000548352720216, -0.000593595323153, -0.00736211845651, 0.0214421413839, -0.00645976839587, -0.000620080158114], [-0.000275334256003, 0.00295141176321, -0.00148789747618, 0.00293595669791, -0.00253170798533, -0.000657679338474, 0.00206506578252, 0.00102696940303, -0.00378305278718, 0.00438576424494, -0.00645976839587, 0.0160308144987, -0.000219566369196], [0.000359106372343, -0.00174332270399, 0.000976540206466, -0.00201510149054, -0.0015836940147, 0.00122560514137, 0.000177168098162, -0.000852410739753, 0.00417188042775, -0.0032758358866, -0.000620080158114, -0.000219566369196, 0.0165163781494]]
    },
    "melbands": {
        "mean": [0.00149146688636, 0.00187368073966, 0.000894396740478, 0.000525427574757, 0.000361422775313, 0.00024499851861, 0.00011007568537, 0.000140900272527, 9.83179634204e-005, 0.00010758604185, 0.000147524900967, 8.32899895613e-005, 7.22393888282e-005, 6.53826136841e-005, 7.44363569538e-005, 6.9027832069e-005, 4.21139593527e-005, 4.07646984968e-005, 6.92717730999e-005, 9.19613739825e-005, 8.82942113094e-005, 8.21711291792e-005, 6.77342541167e-005, 3.61376623914e-005, 1.51268086483e-005, 8.24359176477e-006, 1.01594105217e-005, 1.17461604532e-005, 6.6109864747e-006, 2.20246715799e-006, 1.02053320461e-006, 2.1361815925e-006, 1.16278420137e-006, 1.39713142744e-006, 6.94039385962e-007, 4.20858327743e-007, 4.224095278e-007, 3.32320723828e-007, 3.66813623032e-007, 2.65415138756e-007],
        "var": [7.17119746696e-006, 8.62543856783e-006, 3.17872400046e-006, 5.67612914892e-007, 2.17229938926e-007, 1.84171241813e-007, 4.49122303792e-008, 1.37535124622e-007, 5.53342260901e-008, 2.51225618086e-008, 4.16079366516e-008, 1.30794637343e-008, 9.72632019369e-009, 7.01082880639e-009, 1.03360839887e-008, 7.22918258589e-009, 3.10326431219e-009, 3.30557758943e-009, 1.04282591451e-008, 1.88603763718e-008, 1.36075444246e-008, 1.10527995645e-008, 9.78610881219e-009, 2.84325873956e-009, 4.43009073869e-010, 1.05284655993e-010, 2.24717897068e-010, 3.05981406878e-010, 1.02723746176e-010, 1.25933439024e-011, 4.90905710179e-012, 1.84849149876e-011, 6.66605312616e-012, 1.06010842466e-011, 1.63259932916e-012, 7.01420475521e-013, 1.11567688681e-012, 6.87393447284e-013, 1.098233917e-012, 6.9840568875e-013]
    },
    "mfcc": {
        "mean": [-675.637451172, 142.713821411, -36.508895874, 31.6057891846, 4.04583835602, 6.26891469955, -4.66136264801, 7.21229696274, -0.775857746601, -2.48519015312, -9.7151517868, -1.59799933434, 0.301643133163],
        "cov": [[8371.48535156, -149.192718506, -1184.1763916, 675.654907227, -88.5177001953, 157.274490356, 252.046844482, 194.701431274, 136.4480896, 273.192749023, 142.469161987, 296.050048828, 12.9975337982], [-149.192718506, 1649.63781738, -690.167907715, 128.850708008, 77.2373886108, -128.856750488, 152.573074341, 32.7708702087, 96.6703186035, -49.4117889404, -68.5147628784, -34.2172851563, -56.9055709839], [-1184.1763916, -690.167907715, 3705.34301758, -330.667724609, 430.641448975, 355.913208008, 90.1680908203, -16.3196182251, 153.200897217, 83.8201599121, 454.774078369, 64.0268096924, 17.6369457245], [675.654907227, 128.850708008, -330.667724609, 329.488616943, -5.52531862259, 32.9606361389, 88.2293777466, 3.89405465126, 52.1508903503, 38.5238304138, 3.21102762222, 26.5214080811, 18.570558548], [-88.5177001953, 77.2373886108, 430.641448975, -5.52531862259, 320.654632568, 50.3614311218, 139.547775269, 9.47546386719, 125.538124084, -2.76078391075, 88.197845459, 41.574596405, 8.86955356598], [157.274490356, -128.856750488, 355.913208008, 32.9606361389, 50.3614311218, 201.46987915, 7.01775550842, 76.4355697632, 11.6071891785, 49.422794342, 65.306350708, 1.43173420429, 14.3575925827], [252.046844482, 152.573074341, 90.1680908203, 88.2293777466, 139.547775269, 7.01775550842, 247.808959961, -44.2372589111, 128.961868286, 12.0878562927, 68.2236938477, 37.0333938599, -3.90916872025], [194.701431274, 32.7708702087, -16.3196182251, 3.89405465126, 9.47546386719, 76.4355697632, -44.2372589111, 194.938110352, -9.12523937225, 16.7724952698, -0.0605265460908, 6.31918859482, 8.10462284088], [136.4480896, 96.6703186035, 153.200897217, 52.1508903503, 125.538124084, 11.6071891785, 128.961868286, -9.12523937225, 152.746673584, 23.929983139, 61.2654266357, 20.6831607819, 0.52687484026], [273.192749023, -49.4117889404, 83.8201599121, 38.5238304138, -2.76078391075, 49.422794342, 12.0878562927, 16.7724952698, 23.929983139, 95.6619186401, 29.2236633301, 1.45739245415, -0.559757828712], [142.469161987, -68.5147628784, 454.774078369, 3.21102762222, 88.197845459, 65.306350708, 68.2236938477, -0.0605265460908, 61.2654266357, 29.2236633301, 157.360198975, 43.8282852173, 10.6554536819], [296.050048828, -34.2172851563, 64.0268096924, 26.5214080811, 41.574596405, 1.43173420429, 37.0333938599, 6.31918859482, 20.6831607819, 1.45739245415, 43.8282852173, 81.8657226563, 19.5905284882], [12.9975337982, -56.9055709839, 17.6369457245, 18.570558548, 8.86955356598, 14.3575925827, -3.90916872025, 8.10462284088, 0.52687484026, -0.559757828712, 10.6554536819, 19.5905284882, 56.6546325684]],
        "icov": [[0.00019828119548, 5.36352708878e-005, 9.01863604668e-005, -0.000213136314414, 0.000101789431938, -8.80972802406e-005, -9.34490526561e-005, -0.000146871243487, -2.69502397714e-005, -0.000382832571631, -0.000143526762258, -0.000681189354509, 0.000330133683747], [5.36352708878e-005, 0.000840407621581, 0.000135464637424, -0.00030640073237, -0.000218881832552, 0.000512888247613, -0.000434916699305, -0.000539811793715, -0.000189651414985, 0.000241677684244, -0.000106342602521, 0.000419283140218, 0.000720758456737], [9.01863604668e-005, 0.000135464637424, 0.000673053960782, 0.000502034032252, -0.000434335583122, -0.000783551600762, 0.000224353483645, 0.000314548233291, -0.000161355303135, -0.000202313385671, -0.0013892428251, -0.00012989458628, 0.000284042529529], [-0.000213136314414, -0.00030640073237, 0.000502034032252, 0.00500930612907, 0.000683087215293, -0.0018514416879, -0.00112891860772, 0.000752763298806, -0.00113872229122, -0.000820387213025, 0.000280760083115, -0.000676675641444, -0.00169678090606], [0.000101789431938, -0.000218881832552, -0.000434335583122, 0.000683087215293, 0.00630279863253, -0.00112029374577, -0.00172553805169, -0.000596295343712, -0.00356746581383, 0.00158337212633, 0.000396087067202, -0.00193282961845, -0.000425807113061], [-8.80972802406e-005, 0.000512888247613, -0.000783551600762, -0.0018514416879, -0.00112029374577, 0.0099941380322, -0.000801675545517, -0.00379452854395, 0.00249282317236, -0.00256513059139, -0.00197070580907, 0.00360297109, -0.00140743155498], [-9.34490526561e-005, -0.000434916699305, 0.000224353483645, -0.00112891860772, -0.00172553805169, -0.000801675545517, 0.00944317504764, 0.0024253395386, -0.00522286584601, 0.000781636044849, -0.00129622383974, -0.0015841643326, 0.0015105974162], [-0.000146871243487, -0.000539811793715, 0.000314548233291, 0.000752763298806, -0.000596295343712, -0.00379452854395, 0.0024253395386, 0.00746610434726, -0.000975003000349, -4.90770798933e-005, 0.000668317661621, -0.00153060792945, -0.000286747002974], [-2.69502397714e-005, -0.000189651414985, -0.000161355303135, -0.00113872229122, -0.00356746581383, 0.00249282317236, -0.00522286584601, -0.000975003000349, 0.0154769988731, -0.00316606648266, -0.0023714271374, 0.00227132788859, -0.00056955817854], [-0.000382832571631, 0.000241677684244, -0.000202313385671, -0.000820387213025, 0.00158337212633, -0.00256513059139, 0.000781636044849, -4.90770798933e-005, -0.00316606648266, 0.0145747074857, -0.00112471182365, 0.00172417331487, 0.000914378731977], [-0.000143526762258, -0.000106342602521, -0.0013892428251, 0.000280760083115, 0.000396087067202, -0.00197070580907, -0.00129622383974, 0.000668317661621, -0.0023714271374, -0.00112471182365, 0.0141662852839, -0.00503240339458, -0.000394334754674], [-0.000681189354509, 0.000419283140218, -0.00012989458628, -0.000676675641444, -0.00193282961845, 0.00360297109, -0.0015841643326, -0.00153060792945, 0.00227132788859, 0.00172417331487, -0.00503240339458, 0.0203988905996, -0.00577248446643], [0.000330133683747, 0.000720758456737, 0.000284042529529, -0.00169678090606, -0.000425807113061, -0.00140743155498, 0.0015105974162, -0.000286747002974, -0.00056955817854, 0.000914378731977, -0.000394334754674, -0.00577248446643, 0.0214199200273]]
    },
    "spectral_contrast_coeffs": {
        "mean": [-0.643514692783, -0.751322627068, -0.770636975765, -0.766899824142, -0.773278295994, -0.706926941872],
        "var": [0.00638721976429, 0.00393267488107, 0.00369412195869, 0.00439941044897, 0.00289850356057, 0.00491418037564]
    },
    "spectral_contrast_valleys": {
        "mean": [-7.67063426971, -7.07602834702, -7.35634946823, -7.62697505951, -7.60828304291, -11.7597150803],
        "var": [2.61991810799, 1.52825164795, 1.52987706661, 1.67044627666, 2.12558913231, 2.93800091743]
    }
},
"metadata": {
    "audio_properties": {
        "analysis_sample_rate": 44100,
        "bit_rate": 119353,
        "equal_loudness": 0,
        "length": 45.0873451233,
        "lossless": 0,
        "replay_gain": -12.975812912,
        "sample_rate": 44100,
        "codec": "mp3",
        "downmix": "mix",
        "md5_encoded": "9f672f8ceb328da2557e3e5b405f44f1"
    },
    "tags": {
        "file_name": "996.mp3"
    },
    "version": {
        "essentia": "2.1-beta2",
        "essentia_git_sha": "v2.1_beta2",
        "extractor": "music 1.0"
    }
},
"rhythm": {
    "beats_count": 78,
    "beats_loudness": {
        "mean": 0.0445810444653,
        "var": 0.000454889144748
    },
    "bpm": 104.772659302,
    "bpm_histogram_first_peak_bpm": {
        "mean": 105,
        "var": 0
    },
    "bpm_histogram_first_peak_spread": {
        "mean": 0.333333343267,
        "var": 0
    },
    "bpm_histogram_first_peak_weight": {
        "mean": 0.623376607895,
        "var": 0
    },
    "bpm_histogram_second_peak_bpm": {
        "mean": 98,
        "var": 0
    },
    "bpm_histogram_second_peak_spread": {
        "mean": 0,
        "var": 0
    },
    "bpm_histogram_second_peak_weight": {
        "mean": 0.0649350658059,
        "var": 0
    },
    "danceability": 1.5598243475,
    "onset_rate": 4.23458623886,
    "beats_loudness_band_ratio": {
        "mean": [0.425196915865, 0.168336495757, 0.0931234508753, 0.109246537089, 0.202400103211, 0.0473946742713],
        "var": [0.0644094794989, 0.018561122939, 0.004476363305, 0.00621324405074, 0.0336688049138, 0.000958682154305]
    },
    "beats_position": [0.568888902664, 1.16099774837, 1.75310659409, 2.35682535172, 2.97215414047, 3.56426286697, 4.17959165573, 4.79492044449, 5.39863920212, 5.99074840546, 6.5596370697, 7.12852573395, 7.6858048439, 8.26630401611, 8.83519268036, 9.4040813446, 9.98458003998, 10.5534696579, 11.1223583221, 11.7028570175, 12.2717456818, 12.840634346, 13.4211339951, 13.9900226593, 14.5705213547, 15.1394100189, 15.7082986832, 16.2771873474, 16.8344669342, 17.4149665833, 17.995464325, 18.5643539429, 19.1332416534, 19.7021312714, 20.2710208893, 20.8399085999, 21.4087982178, 21.9892959595, 22.5581855774, 23.1270751953, 23.707572937, 24.2764625549, 24.8453502655, 25.4142398834, 25.9831295013, 26.563627243, 27.132516861, 27.7014045715, 28.2819042206, 28.8507938385, 29.4196815491, 29.988571167, 30.5574588776, 31.1263484955, 31.6952381134, 32.2757377625, 32.8446235657, 33.4135131836, 33.99401474, 34.5629005432, 35.1317901611, 35.7006797791, 36.269569397, 36.8500671387, 37.4189567566, 37.9878463745, 38.5683441162, 39.1372337341, 39.7061233521, 40.2750091553, 40.8438987732, 41.4127883911, 41.981678009, 42.5621757507, 43.1426734924, 43.7115631104, 44.2804527283, 44.86095047]
},
"tonal": {
    "chords_changes_rate": 0.0730452686548,
    "chords_number_rate": 0.0113168722019,
    "chords_strength": {
        "mean": 0.462614744902,
        "var": 0.00549064064398
    },
    "hpcp_entropy": {
        "mean": 2.11120152473,
        "var": 0.715828418732
    },
    "key_strength": 0.747843027115,
    "tuning_diatonic_strength": 0.54265922308,
    "tuning_equal_tempered_deviation": 0.0634131357074,
    "tuning_frequency": 441.782684326,
    "tuning_nontempered_energy_ratio": 0.702098011971,
    "hpcp": {
        "mean": [0.175806134939, 0.126347869635, 0.116086423397, 0.113120406866, 0.0841566100717, 0.165580078959, 0.249538555741, 0.20074878633, 0.199473693967, 0.225268110633, 0.175578162074, 0.152331992984, 0.144612297416, 0.126421034336, 0.177929013968, 0.23266890645, 0.167746111751, 0.110046289861, 0.114724569023, 0.131498098373, 0.248078227043, 0.324633151293, 0.23691470921, 0.196688145399, 0.173650279641, 0.117032080889, 0.153837308288, 0.174260959029, 0.140003889799, 0.251947462559, 0.326665639877, 0.178203552961, 0.0863110944629, 0.0873819738626, 0.0864626169205, 0.143395811319],
        "var": [0.0754309147596, 0.0338612012565, 0.0346025824547, 0.0393476933241, 0.021574197337, 0.0375417582691, 0.0800402238965, 0.0518784336746, 0.0592131428421, 0.0895382240415, 0.0519204288721, 0.0530002228916, 0.05157019943, 0.0403011851013, 0.0456245355308, 0.0689644441009, 0.0366218872368, 0.030185719952, 0.0387582033873, 0.0371770784259, 0.0732355937362, 0.126576572657, 0.0611474514008, 0.0721295103431, 0.0620611459017, 0.030716214329, 0.0505859106779, 0.0664645135403, 0.0406026430428, 0.0870924815536, 0.139646187425, 0.0434208996594, 0.0217631105334, 0.0262199267745, 0.022352039814, 0.0540980249643]
    },
    "chords_histogram": [40.8436203003, 10.8024692535, 21.1934146881, 4.21810722351, 3.70370364189, 3.08641982079, 2.88065838814, 0.102880656719, 0, 0, 0, 0.720164597034, 0, 0, 0, 0, 0, 0.823045253754, 1.74897122383, 0, 0, 1.33744859695, 1.44032919407, 7.09876537323],
    "thpcp": [1, 0.545522809029, 0.264218479395, 0.267496675253, 0.264682322741, 0.438968151808, 0.538183748722, 0.386780411005, 0.355367720127, 0.346288055182, 0.257623076439, 0.506879389286, 0.76389592886, 0.614539027214, 0.610635697842, 0.689598441124, 0.537485837936, 0.466323882341, 0.442692101002, 0.387004375458, 0.544682383537, 0.712253987789, 0.513510107994, 0.336877465248, 0.351198762655, 0.402546465397, 0.759425520897, 0.993778049946, 0.725251376629, 0.602108478546, 0.531584143639, 0.358262598515, 0.470932006836, 0.533453583717, 0.428584694862, 0.771270155907],
    "chords_key": "C",
    "chords_scale": "major",
    "key_key": "C",
    "key_scale": "major"
}
}