{
"lowlevel": {
    "average_loudness": 0.975254774094,
    "barkbands_crest": {
        "mean": 10.998044014,
        "var": 14.5822963715
    },
    "barkbands_flatness_db": {
        "mean": 0.171129986644,
        "var": 0.00152398343198
    },
    "barkbands_kurtosis": {
        "mean": 6.25087118149,
        "var": 87.8960418701
    },
    "barkbands_skewness": {
        "mean": 1.96389186382,
        "var": 2.82489728928
    },
    "barkbands_spread": {
        "mean": 25.445318222,
        "var": 211.067459106
    },
    "dissonance": {
        "mean": 0.484958529472,
        "var": 0.000104606682726
    },
    "dynamic_complexity": 2.14290237427,
    "erbbands_crest": {
        "mean": 7.66393756866,
        "var": 11.2927646637
    },
    "erbbands_flatness_db": {
        "mean": 0.184650957584,
        "var": 0.00118962884881
    },
    "erbbands_kurtosis": {
        "mean": 0.420292645693,
        "var": 11.5885925293
    },
    "erbbands_skewness": {
        "mean": -0.61802893877,
        "var": 0.762040495872
    },
    "erbbands_spread": {
        "mean": 54.0544319153,
        "var": 414.636688232
    },
    "hfc": {
        "mean": 15.8208494186,
        "var": 315.392181396
    },
    "melbands_crest": {
        "mean": 18.4283466339,
        "var": 25.1070766449
    },
    "melbands_flatness_db": {
        "mean": 0.233437597752,
        "var": 0.0036182620097
    },
    "melbands_kurtosis": {
        "mean": 26.649269104,
        "var": 765.192138672
    },
    "melbands_skewness": {
        "mean": 4.14519023895,
        "var": 5.21649026871
    },
    "melbands_spread": {
        "mean": 27.1001796722,
        "var": 702.177368164
    },
    "pitch_salience": {
        "mean": 0.484299093485,
        "var": 0.0112956799567
    },
    "silence_rate_20dB": {
        "mean": 1,
        "var": 0
    },
    "silence_rate_30dB": {
        "mean": 0.998456001282,
        "var": 0.00154162035324
    },
    "silence_rate_60dB": {
        "mean": 0.00823468901217,
        "var": 0.00816678069532
    },
    "spectral_centroid": {
        "mean": 1717.98632813,
        "var": 784920.375
    },
    "spectral_complexity": {
        "mean": 16.8955230713,
        "var": 95.560256958
    },
    "spectral_decrease": {
        "mean": -5.47782086358e-009,
        "var": 2.75683647907e-017
    },
    "spectral_energy": {
        "mean": 0.0221095606685,
        "var": 0.000420754746301
    },
    "spectral_energyband_high": {
        "mean": 0.000890143448487,
        "var": 2.24325049203e-006
    },
    "spectral_energyband_low": {
        "mean": 0.0121270203963,
        "var": 0.000234534309129
    },
    "spectral_energyband_middle_high": {
        "mean": 0.00331925437786,
        "var": 1.71687224793e-005
    },
    "spectral_energyband_middle_low": {
        "mean": 0.00874226540327,
        "var": 9.26975699258e-005
    },
    "spectral_entropy": {
        "mean": 7.43021249771,
        "var": 0.0925067663193
    },
    "spectral_flux": {
        "mean": 0.0882853642106,
        "var": 0.00225975527428
    },
    "spectral_kurtosis": {
        "mean": 2.87267112732,
        "var": 7.03970813751
    },
    "spectral_rms": {
        "mean": 0.00427930848673,
        "var": 3.25784731103e-006
    },
    "spectral_rolloff": {
        "mean": 1524.36828613,
        "var": 2427030
    },
    "spectral_skewness": {
        "mean": 0.763685703278,
        "var": 0.132961079478
    },
    "spectral_spread": {
        "mean": 3355877.25,
        "var": 2.56184759091e+012
    },
    "spectral_strongpeak": {
        "mean": 0.859565258026,
        "var": 4.64127254486
    },
    "zerocrossingrate": {
        "mean": 0.0582866594195,
        "var": 0.00130661914591
    },
    "barkbands": {
        "mean": [5.20301509823e-005, 0.00157548848074, 0.00755751784891, 0.00548062194139, 0.0021141085308, 0.000307129870635, 0.000402724865125, 0.000214479485294, 0.00018027209444, 0.000116984301712, 0.00015315618657, 0.000104016311525, 0.000103932172351, 0.000113279333164, 0.000303402368445, 0.000295386184007, 0.000711536908057, 0.000433645356679, 0.000521000882145, 0.000624839914963, 0.000568549323361, 0.000133585883304, 2.30710502365e-005, 1.12728912427e-005, 5.74926616537e-006, 1.7600556248e-006, 5.42126343817e-008],
        "var": [1.7690112486e-008, 3.76046750716e-006, 0.000140747681144, 4.83591320517e-005, 9.23845436773e-006, 9.78115153316e-008, 2.77778127611e-007, 1.00036743333e-007, 4.09929334921e-008, 2.44589610787e-008, 2.63237645015e-008, 1.5272622278e-008, 1.57597916939e-008, 2.85561387869e-008, 2.20287546426e-007, 2.47240166118e-007, 1.48585615989e-006, 1.77402705503e-006, 7.93441870428e-007, 2.72459237749e-006, 1.24630980736e-006, 6.70382362955e-008, 6.42392272709e-009, 1.3884723371e-009, 6.97183533127e-010, 1.7244369821e-010, 7.31925967317e-013]
    },
    "erbbands": {
        "mean": [0.0174897816032, 0.579862356186, 7.07656383514, 14.8588476181, 13.6048593521, 5.37944936752, 2.38393592834, 2.79229974747, 5.16836977005, 5.40021753311, 4.6365571022, 3.88341617584, 4.51134824753, 4.93047380447, 5.04106855392, 4.50308895111, 4.19532871246, 5.56284570694, 7.37725639343, 22.0146198273, 21.9777870178, 36.3046836853, 28.4090995789, 28.956237793, 29.4032669067, 23.7115707397, 16.3560123444, 23.7908344269, 5.98273849487, 1.48454463482, 0.637808024883, 0.315415740013, 0.154555037618, 0.0801603719592, 0.0325629301369, 0.011783471331, 0.00218196469359, 0.000290372146992, 2.00008380489e-005, 2.69202810159e-005],
        "var": [0.000501595495734, 0.525407552719, 110.177581787, 338.062469482, 351.106506348, 51.3359794617, 5.72382116318, 10.9488449097, 52.6511955261, 42.9984970093, 42.9533042908, 22.7587280273, 21.6622009277, 26.7001590729, 24.1134548187, 25.276927948, 21.5377388, 66.8349609375, 73.7447433472, 1122.19055176, 1110.0045166, 3818.26611328, 7162.07666016, 3460.26489258, 3878.87158203, 2350.75634766, 725.245605469, 2484.82275391, 121.761711121, 11.97240448, 7.5863237381, 0.925648212433, 0.362172335386, 0.126193359494, 0.0248947944492, 0.00797514151782, 0.000162354146596, 6.84057158651e-006, 4.62650184829e-009, 5.93604498889e-010]
    },
    "gfcc": {
        "mean": [-47.2462844849, 123.357406616, -145.522094727, 72.803314209, -42.119430542, -9.56232643127, -17.5041313171, -7.32299613953, -21.1494045258, -8.69236946106, -27.7050743103, -13.1808900833, -10.2485351563],
        "cov": [[5056.02880859, -667.594726563, -215.256439209, 483.045715332, -334.760162354, 266.41104126, -283.19241333, 231.35357666, -151.157531738, 68.7597503662, -48.6851806641, -46.7193946838, -117.155151367], [-667.594726563, 841.176574707, 148.241760254, -101.369491577, 88.5681610107, -92.7496185303, 173.654388428, -215.12322998, 69.6557922363, -37.1851501465, 20.0464324951, -15.669878006, 98.491104126], [-215.256439209, 148.241760254, 553.88873291, -18.1990737915, 2.41113877296, 171.322525024, 18.9053268433, -10.9400243759, -18.9310512543, 21.5623474121, 9.04117965698, -31.1588916779, 26.9826812744], [483.045715332, -101.369491577, -18.1990737915, 159.326065063, -3.27691411972, 34.3638420105, -11.8299388885, 22.2289562225, -11.5676250458, -0.412900209427, 14.67137146, -29.9661254883, -4.45995664597], [-334.760162354, 88.5681610107, 2.41113877296, -3.27691411972, 120.276664734, -33.1204032898, 39.7565155029, -19.532371521, -5.76383733749, -7.72711038589, -0.387832343578, -12.2601890564, 4.24335479736], [266.41104126, -92.7496185303, 171.322525024, 34.3638420105, -33.1204032898, 168.195846558, -17.3449802399, 51.8282928467, -2.05450057983, 4.9810385704, 8.61194324493, -14.6594905853, -3.50527596474], [-283.19241333, 173.654388428, 18.9053268433, -11.8299388885, 39.7565155029, -17.3449802399, 102.558868408, -38.1429214478, 24.5902748108, -11.2469024658, 4.53672218323, -2.62933421135, 16.3950328827], [231.35357666, -215.12322998, -10.9400243759, 22.2289562225, -19.532371521, 51.8282928467, -38.1429214478, 116.875694275, -10.8850517273, 8.06066513062, 4.48650217056, -1.17502450943, -31.3802604675], [-151.157531738, 69.6557922363, -18.9310512543, -11.5676250458, -5.76383733749, -2.05450057983, 24.5902748108, -10.8850517273, 90.5674743652, -1.91155874729, -3.94800972939, 17.8397445679, 12.2617444992], [68.7597503662, -37.1851501465, 21.5623474121, -0.412900209427, -7.72711038589, 4.9810385704, -11.2469024658, 8.06066513062, -1.91155874729, 63.2918205261, 2.06938266754, 14.4030036926, 10.4089622498], [-48.6851806641, 20.0464324951, 9.04117965698, 14.67137146, -0.387832343578, 8.61194324493, 4.53672218323, 4.48650217056, -3.94800972939, 2.06938266754, 64.681892395, -3.21602582932, -2.31098937988], [-46.7193946838, -15.669878006, -31.1588916779, -29.9661254883, -12.2601890564, -14.6594905853, -2.62933421135, -1.17502450943, 17.8397445679, 14.4030036926, -3.21602582932, 71.4791030884, 11.3606243134], [-117.155151367, 98.491104126, 26.9826812744, -4.45995664597, 4.24335479736, -3.50527596474, 16.3950328827, -31.3802604675, 12.2617444992, 10.4089622498, -2.31098937988, 11.3606243134, 68.8008499146]],
        "icov": [[0.000729960680474, -0.00119784043636, 0.00083326472668, -0.00240801461041, 0.00164633069653, -0.00139401073102, 0.00147352274507, -0.00118967297021, 0.00152265350334, -0.00116458535194, 0.00167318456806, -0.000706935417838, 0.00148629769683], [-0.00119784043636, 0.00650652078912, -0.0026363930665, 0.00571189634502, -0.00321720447391, 0.00386052555405, -0.00610054563731, 0.00688062468544, -0.00446432316676, 0.00361970043741, -0.00485727796331, 0.00303874886595, -0.00537960790098], [0.00083326472668, -0.0026363930665, 0.00473529333249, -0.00192506588064, 0.00135829881765, -0.00635847542435, 0.0021750931628, -0.00102209241595, 0.00320652872324, -0.00314633361995, 0.00234695593826, -0.000134724978125, 0.0018244900275], [-0.00240801461041, 0.00571189634502, -0.00192506588064, 0.0164249129593, -0.00595082389191, 0.00270271860063, -0.00590814556926, 0.00559439510107, -0.00534830056131, 0.00379889039323, -0.00778342131525, 0.00645568454638, -0.00694224564359], [0.00164633069653, -0.00321720447391, 0.00135829881765, -0.00595082389191, 0.0142952464521, -0.000597375794314, -0.000282330031041, -0.00395119283348, 0.00498285284266, -0.002416360192, 0.00434305844828, -0.000400649791118, 0.0035330739338], [-0.00139401073102, 0.00386052555405, -0.00635847542435, 0.00270271860063, -0.000597375794314, 0.0163235310465, -0.00387441413477, -0.00162465090398, -0.0050287717022, 0.00433052983135, -0.00425427081063, 0.00227208714932, -0.0044575962238], [0.00147352274507, -0.00610054563731, 0.0021750931628, -0.00590814556926, -0.000282330031041, -0.00387441413477, 0.0199068784714, -0.00347845396027, 0.000952235364821, -0.00193090201356, 0.00354255060665, -0.00241757091135, 0.00413662474602], [-0.00118967297021, 0.00688062468544, -0.00102209241595, 0.00559439510107, -0.00395119283348, -0.00162465090398, -0.00347845396027, 0.0208791308105, -0.00419021164998, 0.00170318142045, -0.00538088893518, 0.00240481900983, -0.000688045925926], [0.00152265350334, -0.00446432316676, 0.00320652872324, -0.00534830056131, 0.00498285284266, -0.0050287717022, 0.000952235364821, -0.00419021164998, 0.0171959213912, -0.00270116748288, 0.00521183991805, -0.00503258872777, 0.00302784028463], [-0.00116458535194, 0.00361970043741, -0.00314633361995, 0.00379889039323, -0.002416360192, 0.00433052983135, -0.00193090201356, 0.00170318142045, -0.00270116748288, 0.0206667613238, -0.00415092101321, -0.00195341743529, -0.00654016062617], [0.00167318456806, -0.00485727796331, 0.00234695593826, -0.00778342131525, 0.00434305844828, -0.00425427081063, 0.00354255060665, -0.00538088893518, 0.00521183991805, -0.00415092101321, 0.0208913851529, -0.00268572964706, 0.00543883396313], [-0.000706935417838, 0.00303874886595, -0.000134724978125, 0.00645568454638, -0.000400649791118, 0.00227208714932, -0.00241757091135, 0.00240481900983, -0.00503258872777, -0.00195341743529, -0.00268572964706, 0.0195767302066, -0.00539947347715], [0.00148629769683, -0.00537960790098, 0.0018244900275, -0.00694224564359, 0.0035330739338, -0.0044575962238, 0.00413662474602, -0.000688045925926, 0.00302784028463, -0.00654016062617, 0.00543883396313, -0.00539947347715, 0.0233806855977]]
    },
    "melbands": {
        "mean": [0.000269705691608, 0.00268066162243, 0.00265559973195, 0.000655785552226, 9.65614526649e-005, 6.35673932265e-005, 8.03355142125e-005, 5.69790136069e-005, 3.39420657838e-005, 2.54183287325e-005, 2.22838407353e-005, 1.91397357412e-005, 1.8997468942e-005, 1.24087164295e-005, 1.20523218357e-005, 9.25307813304e-006, 9.96965627564e-006, 8.77927413967e-006, 2.87235779979e-005, 2.18866989599e-005, 2.98841205222e-005, 4.40632684331e-005, 2.21161317313e-005, 2.57690626313e-005, 2.38781540247e-005, 1.59227438417e-005, 3.12670272251e-005, 1.10945629785e-005, 8.42617373564e-006, 1.60489089467e-005, 1.14176646093e-005, 3.68197493117e-006, 1.31223760036e-006, 5.74747843984e-007, 3.83710556662e-007, 2.50443292771e-007, 1.67570064491e-007, 1.12535381902e-007, 8.36908711221e-008, 6.1852347244e-008],
        "var": [1.04562445813e-007, 1.52411248564e-005, 1.00934221337e-005, 8.05066235898e-007, 9.83376224895e-009, 4.88847629043e-009, 1.14128990703e-008, 4.56730031573e-009, 2.32388064347e-009, 9.34519461815e-010, 5.49090217739e-010, 4.59127513786e-010, 3.83033466056e-010, 2.80633460914e-010, 3.14232806442e-010, 1.23216853387e-010, 2.29766330961e-010, 1.61710908553e-010, 2.21522045152e-009, 9.81532743971e-010, 2.6730486713e-009, 6.1496239212e-009, 2.10261430489e-009, 8.10317057898e-009, 2.87028556478e-009, 7.73689168287e-010, 1.10442579526e-008, 3.82377435271e-010, 2.24401927595e-010, 1.45333756141e-009, 4.78129147385e-010, 5.33597784014e-011, 1.11219887466e-011, 2.04034684113e-012, 3.89845317486e-012, 6.37051446751e-013, 2.64150761811e-013, 2.08441892761e-013, 1.23611868354e-013, 8.52221938852e-014]
    },
    "mfcc": {
        "mean": [-674.832519531, 132.761917114, -30.7586193085, 72.4516601563, -5.5028758049, 15.983962059, 0.230143785477, 2.28559875488, 10.9778652191, -3.5178103447, -7.95325899124, -1.21660327911, -5.36961364746],
        "cov": [[3228.94506836, -1012.91821289, 173.067382813, 35.3694038391, 93.7958602905, -50.5370597839, -17.3919181824, 79.4242477417, -69.7858581543, 45.9237480164, 79.0366439819, 132.260147095, -117.834449768], [-1012.91821289, 889.436645508, 45.7953605652, 55.7044372559, -68.3868560791, 126.401168823, 20.1163539886, -77.1272888184, 50.7689094543, -17.0046005249, -89.5784454346, -45.5608596802, 36.5577278137], [173.067382813, 45.7953605652, 494.352142334, -91.8320007324, 77.1986083984, 99.2823944092, 70.6208953857, 5.22480869293, 0.306517541409, 75.9896469116, -25.2188644409, -8.53560161591, -8.39854431152], [35.3694038391, 55.7044372559, -91.8320007324, 145.971786499, -9.86141300201, 8.10874652863, 8.1459274292, -19.2655982971, 2.16719937325, -13.2487154007, -5.92635917664, 15.93932724, -18.3920974731], [93.7958602905, -68.3868560791, 77.1986083984, -9.86141300201, 100.541213989, 4.86037111282, 32.509803772, 8.93288516998, -5.1976556778, 18.531578064, 3.0756649971, 9.78960323334, -6.36772298813], [-50.5370597839, 126.401168823, 99.2823944092, 8.10874652863, 4.86037111282, 108.82624054, 16.0973205566, -5.02837610245, 20.6592788696, 13.9413881302, -21.6125068665, -1.09526383877, 1.20549964905], [-17.3919181824, 20.1163539886, 70.6208953857, 8.1459274292, 32.509803772, 16.0973205566, 106.66960907, -2.92048120499, -16.94597435, 30.2674694061, -5.01376724243, -7.61749744415, -4.85674285889], [79.4242477417, -77.1272888184, 5.22480869293, -19.2655982971, 8.93288516998, -5.02837610245, -2.92048120499, 92.0637283325, -3.7218568325, 15.082690239, 23.4532489777, -0.22743704915, 16.2583904266], [-69.7858581543, 50.7689094543, 0.306517541409, 2.16719937325, -5.1976556778, 20.6592788696, -16.94597435, -3.7218568325, 85.4899215698, -1.55660688877, -15.8518695831, -3.68528532982, 7.51306056976], [45.9237480164, -17.0046005249, 75.9896469116, -13.2487154007, 18.531578064, 13.9413881302, 30.2674694061, 15.082690239, -1.55660688877, 72.0649871826, 7.08869075775, -5.76104593277, 2.79231929779], [79.0366439819, -89.5784454346, -25.2188644409, -5.92635917664, 3.0756649971, -21.6125068665, -5.01376724243, 23.4532489777, -15.8518695831, 7.08869075775, 62.1871910095, 11.6220178604, -1.2264868021], [132.260147095, -45.5608596802, -8.53560161591, 15.93932724, 9.78960323334, -1.09526383877, -7.61749744415, -0.22743704915, -3.68528532982, -5.76104593277, 11.6220178604, 61.3982276917, -10.3524808884], [-117.834449768, 36.5577278137, -8.39854431152, -18.3920974731, -6.36772298813, 1.20549964905, -4.85674285889, 16.2583904266, 7.51306056976, 2.79231929779, -1.2264868021, -10.3524808884, 69.3272857666]],
        "icov": [[0.00060168642085, 0.000734082248528, -0.000386258587241, -0.000551649543922, 0.00022796606936, -0.000214153638808, 0.000250776181929, -0.000141120312037, 0.000160684372531, -8.63176319399e-005, 0.000251268269494, -0.000648083339911, 0.000411495158914], [0.000734082248528, 0.00270679523237, -0.000518612388987, -0.0012144788634, 0.00134161463939, -0.00196608202532, -8.10712081147e-005, 0.000844634952955, -6.2326900661e-005, 0.000265292037511, 0.00149754714221, 5.43832684343e-005, -0.000580324209295], [-0.000386258587241, -0.000518612388987, 0.00428223004565, 0.00301071349531, -0.00203688256443, -0.00301055284217, -0.00110483996104, 0.000319588725688, 0.000376710464479, -0.00244113383815, 0.0009768755408, 0.000129782813019, 0.000741517986171], [-0.000551649543922, -0.0012144788634, 0.00301071349531, 0.0100982142612, -0.000585679663345, -0.00185857329052, -0.00209477450699, 0.000846791372169, -0.000157561691594, -0.000317273981636, 0.000417466129875, -0.00187022553291, 0.00213766167872], [0.00022796606936, 0.00134161463939, -0.00203688256443, -0.000585679663345, 0.013425083831, 0.000500213238411, -0.00319266249426, -0.000634486845229, -0.00056616961956, -0.000118796982861, 0.000551022472791, -0.00227866973728, 0.000163030650583], [-0.000214153638808, -0.00196608202532, -0.00301055284217, -0.00185857329052, 0.000500213238411, 0.0149928852916, -0.000275902653811, -0.00129666109569, -0.00246544461697, -0.000420165888499, 0.00134334410541, -0.00122500641737, 9.93033972918e-006], [0.000250776181929, -8.10712081147e-005, -0.00110483996104, -0.00209477450699, -0.00319266249426, -0.000275902653811, 0.0131346331909, 0.000586936017498, 0.00290883053094, -0.00405506649986, 0.000719715491869, 0.00164773769211, 0.000380351499189], [-0.000141120312037, 0.000844634952955, 0.000319588725688, 0.000846791372169, -0.000634486845229, -0.00129666109569, 0.000586936017498, 0.0138305397704, -7.94778461568e-005, -0.0020156565588, -0.00401562219486, 0.000933194882236, -0.00350188231096], [0.000160684372531, -6.2326900661e-005, 0.000376710464479, -0.000157561691594, -0.00056616961956, -0.00246544461697, 0.00290883053094, -7.94778461568e-005, 0.0135857770219, -0.00106551591307, 0.00281968549825, 0.000148865030496, -0.000834173057228], [-8.63176319399e-005, 0.000265292037511, -0.00244113383815, -0.000317273981636, -0.000118796982861, -0.000420165888499, -0.00405506649986, -0.0020156565588, -0.00106551591307, 0.0192019212991, -0.00304755195975, 0.00178506004158, -0.000926772190724], [0.000251268269494, 0.00149754714221, 0.0009768755408, 0.000417466129875, 0.000551022472791, 0.00134334410541, 0.000719715491869, -0.00401562219486, 0.00281968549825, -0.00304755195975, 0.0221164878458, -0.0036013298668, 0.000556549755856], [-0.000648083339911, 5.43832684343e-005, 0.000129782813019, -0.00187022553291, -0.00227866973728, -0.00122500641737, 0.00164773769211, 0.000933194882236, 0.000148865030496, 0.00178506004158, -0.0036013298668, 0.0197864677757, 0.000900861632545], [0.000411495158914, -0.000580324209295, 0.000741517986171, 0.00213766167872, 0.000163030650583, 9.93033972918e-006, 0.000380351499189, -0.00350188231096, -0.000834173057228, -0.000926772190724, 0.000556549755856, 0.000900861632545, 0.0172214955091]]
    },
    "spectral_contrast_coeffs": {
        "mean": [-0.566381692886, -0.788686811924, -0.817451655865, -0.794779419899, -0.769452512264, -0.621088624001],
        "var": [0.00435632141307, 0.00281285122037, 0.00187950686086, 0.00216283532791, 0.00294917100109, 0.00271175964735]
    },
    "spectral_contrast_valleys": {
        "mean": [-7.52618169785, -7.07492876053, -7.60078811646, -7.8533987999, -7.39513874054, -11.7525110245],
        "var": [1.10929703712, 0.963303506374, 0.861795842648, 0.865504145622, 1.06481838226, 1.43652546406]
    }
},
"metadata": {
    "audio_properties": {
        "analysis_sample_rate": 44100,
        "bit_rate": 123234,
        "equal_loudness": 0,
        "length": 45.0873451233,
        "lossless": 0,
        "replay_gain": -14.6712379456,
        "sample_rate": 44100,
        "codec": "mp3",
        "downmix": "mix",
        "md5_encoded": "da5975a970b51002d1bfeb24edd81ac1"
    },
    "tags": {
        "file_name": "997.mp3"
    },
    "version": {
        "essentia": "2.1-beta2",
        "essentia_git_sha": "v2.1_beta2",
        "extractor": "music 1.0"
    }
},
"rhythm": {
    "beats_count": 84,
    "beats_loudness": {
        "mean": 0.0443988330662,
        "var": 0.000499932386447
    },
    "bpm": 112.619438171,
    "bpm_histogram_first_peak_bpm": {
        "mean": 112,
        "var": 0
    },
    "bpm_histogram_first_peak_spread": {
        "mean": 0.333333313465,
        "var": 0
    },
    "bpm_histogram_first_peak_weight": {
        "mean": 0.62650603056,
        "var": 0
    },
    "bpm_histogram_second_peak_bpm": {
        "mean": 117,
        "var": 0
    },
    "bpm_histogram_second_peak_spread": {
        "mean": 0,
        "var": 0
    },
    "bpm_histogram_second_peak_weight": {
        "mean": 0.0361445769668,
        "var": 0
    },
    "danceability": 1.56887483597,
    "onset_rate": 6.16342926025,
    "beats_loudness_band_ratio": {
        "mean": [0.701396942139, 0.068916708231, 0.0295606963336, 0.0219777021557, 0.112452097237, 0.0994258597493],
        "var": [0.0560835078359, 0.00305505236611, 0.000559841224458, 0.000482631701743, 0.0230291355401, 0.00950820557773]
    },
    "beats_position": [0.53405892849, 1.09133780003, 1.66022670269, 2.22911548615, 2.7863945961, 3.32045340538, 3.85451245308, 4.3653512001, 4.8994102478, 5.4334692955, 5.9675283432, 6.5015873909, 7.01242637634, 7.5464849472, 8.08054447174, 8.6146030426, 9.14866161346, 9.682721138, 10.2167797089, 10.7392292023, 11.2732877731, 11.807346344, 12.3297958374, 12.8522443771, 13.3746938705, 13.9087524414, 14.4428119659, 14.9768705368, 15.5109291077, 16.0449886322, 16.5790481567, 17.1131057739, 17.6471652985, 18.181224823, 18.7152824402, 19.2493419647, 19.7834014893, 20.3174591064, 20.8399085999, 21.3623580933, 21.8964176178, 22.430475235, 22.9529247284, 23.4753742218, 23.9978218079, 24.5202713013, 25.0543308258, 25.5883903503, 26.1224479675, 26.6448974609, 27.1673469543, 27.6897945404, 28.2122440338, 28.7463035583, 29.2803630829, 29.8028106689, 30.3252601624, 30.8593196869, 31.3701572418, 31.8926067352, 32.4150543213, 32.9491157532, 33.4831733704, 34.028842926, 34.5745124817, 35.1085700989, 35.6426315308, 36.1766891479, 36.7107467651, 37.244808197, 37.7788658142, 38.3129234314, 38.8469848633, 39.3810424805, 39.9267120361, 40.4607696533, 41.006439209, 41.5404968262, 42.0745582581, 42.6086158752, 43.1542854309, 43.6883430481, 44.22240448, 44.7680702209]
},
"tonal": {
    "chords_changes_rate": 0.0781892985106,
    "chords_number_rate": 0.0113168722019,
    "chords_strength": {
        "mean": 0.473971575499,
        "var": 0.00857775472105
    },
    "hpcp_entropy": {
        "mean": 2.64882349968,
        "var": 0.514717817307
    },
    "key_strength": 0.667076706886,
    "tuning_diatonic_strength": 0.47549289465,
    "tuning_equal_tempered_deviation": 0.253397375345,
    "tuning_frequency": 454.727905273,
    "tuning_nontempered_energy_ratio": 0.933165311813,
    "hpcp": {
        "mean": [0.136208727956, 0.202934786677, 0.258997261524, 0.189730256796, 0.0993075147271, 0.080468043685, 0.0758337676525, 0.0688265860081, 0.05951692909, 0.0714837685227, 0.122715309262, 0.144228190184, 0.105685710907, 0.0946014001966, 0.152784824371, 0.215643540025, 0.216561853886, 0.202977284789, 0.200139254332, 0.168723300099, 0.133307754993, 0.125856429338, 0.105134420097, 0.0947399139404, 0.108214840293, 0.102943986654, 0.0999957919121, 0.106281287968, 0.137636840343, 0.155126973987, 0.128980904818, 0.139708280563, 0.194938242435, 0.200989827514, 0.155216321349, 0.125912040472],
        "var": [0.0623250380158, 0.0787685886025, 0.101229853928, 0.0692000687122, 0.0318481996655, 0.0249773897231, 0.0286141429096, 0.0262546241283, 0.0188219062984, 0.0241407100111, 0.0521686971188, 0.0623837076128, 0.0368752256036, 0.0326001085341, 0.0539277456701, 0.0894699916244, 0.0846199914813, 0.0777645483613, 0.086452126503, 0.0775645896792, 0.0547257848084, 0.0515496768057, 0.0315548144281, 0.025712011382, 0.0434293486178, 0.041810605675, 0.0375423654914, 0.0389134027064, 0.0479599237442, 0.0586055628955, 0.0442821867764, 0.0566853135824, 0.0784505680203, 0.0821858048439, 0.06962171942, 0.0596152432263]
    },
    "chords_histogram": [26.440328598, 10.6995887756, 3.90946507454, 22.0164604187, 4.11522626877, 0, 0, 0.720164597034, 1.02880656719, 10.2880659103, 14.9176950455, 2.26337456703, 0, 0, 0, 0, 0, 2.05761313438, 0, 0, 0, 0, 1.54320991039, 0],
    "thpcp": [1, 0.73255699873, 0.383430749178, 0.310690701008, 0.29279756546, 0.265742510557, 0.229797527194, 0.276002019644, 0.473809301853, 0.556871473789, 0.408057242632, 0.365260243416, 0.589909017086, 0.83260935545, 0.836154997349, 0.783704340458, 0.772746622562, 0.651448190212, 0.51470720768, 0.485937297344, 0.405928701162, 0.365795046091, 0.41782233119, 0.397471338511, 0.386088222265, 0.410356789827, 0.531422019005, 0.598952174187, 0.498001039028, 0.53941988945, 0.752665281296, 0.77603071928, 0.599297165871, 0.486152023077, 0.525907993317, 0.783540308475],
    "chords_key": "G",
    "chords_scale": "minor",
    "key_key": "G",
    "key_scale": "minor"
}
}